3,-0.871154,0.349498,3.43473,-8.06081
22,-0.874429,0.408122,3.25604,-7.7868
28,-0.844841,0.36587,3.21296,-7.65643
21,-0.826902,0.411727,3.32279,-7.6399
45,-0.805775,0.409683,3.39174,-7.75457
9,-0.860101,0.381318,3.36024,-7.80476
31,-0.848282,0.37993,3.19237,-7.50169
39,-0.751309,0.462806,3.12039,-7.04419
49,-0.716348,0.366314,2.79846,-6.53923
30,-1.42443,0.817179,4.59836,-9.42893
40,-1.30997,0.90842,4.54154,-9.52113
8,-0.689181,1.06298,4.3653,-9.72234
11,-0.713661,1.02729,4.31025,-9.79793
41,-1.01123,0.944682,4.23291,-8.39237
43,-1.07688,0.925789,4.26901,-8.47223
35,-1.06613,0.916636,4.23356,-8.3988
16,-0.2627,0.866635,3.78845,-8.48027
10,-0.227963,0.792361,3.54245,-7.98026
7,-0.205081,0.705265,3.12672,-7.11388
32,-0.2346,0.828267,3.67197,-8.28033
38,-0.252823,0.719055,3.30304,-7.47824
23,-0.355398,0.791166,3.55294,-7.97451
27,-0.214699,0.685961,3.08829,-7.15181
13,-0.87872,0.633289,4.84827,-9.07429
6,-0.803326,0.574782,4.79483,-9.15809
19,-0.885936,1.15992,3.78147,-9.04703
26,-0.888002,1.08449,3.88057,-9.12587
44,-0.861716,1.14397,3.39963,-8.4205
12,-0.809821,0.994351,3.58557,-8.37419
25,-0.877077,0.459167,4.6478,-8.81099
17,-0.866548,0.49203,4.59387,-8.80901
33,-0.367976,0.610589,5.04331,-9.78113
34,-0.46097,0.561526,4.95503,-9.71305
20,-1.53883,0.769639,4.60495,-9.88082
37,-1.58981,0.807756,4.59394,-9.87817
18,-0.557654,0.335669,4.62548,-9.69598
0,-0.483398,0.220405,4.5699,-9.65789
36,-0.457783,1.06184,4.63586,-8.61334
4,-0.500268,1.06273,4.62395,-8.64783

