20,-2.27382,-5.41168,-3.16962,3.55525
8,-2.17122,-5.54219,-3.22424,3.50943
6,-2.19721,-5.38293,-3.07563,3.53466
30,-2.37517,-5.45122,-3.08878,3.56296
38,-2.19816,-5.21727,-3.09309,3.37428
24,-2.53302,-4.69374,-2.91741,3.40454
36,-2.53394,-4.69172,-2.80807,3.26919
42,-2.09132,-4.34741,-2.39721,3.2243
43,-2.52734,-4.78755,-2.79605,3.42821
12,-2.20149,-4.96359,-2.91133,3.22009
26,-2.00371,-5.07203,-3.03727,3.2854
22,-2.24719,-5.4453,-3.08401,3.58246
3,-2.29449,-5.13665,-3.01122,3.41995
7,-2.28262,-5.09948,-2.97434,3.40086
32,-2.39637,-4.64898,-2.83891,3.24924
49,-2.32875,-4.51131,-2.63612,3.23567
10,-2.42325,-4.56577,-2.75968,3.15047
27,-2.62957,-5.05928,-2.76172,3.60917
11,-2.63677,-4.74829,-2.62537,3.42313
5,-2.47976,-4.61876,-2.57126,3.31665
25,-2.64903,-5.10471,-2.73225,3.6945
2,-2.57551,-4.71065,-2.85504,3.36729
18,-2.23154,-5.03482,-2.44507,3.52637
47,-2.48313,-4.99284,-2.60099,3.60108
34,-2.34211,-5.00464,-2.41188,3.53583
1,-2.30381,-4.99338,-2.4967,3.56581
19,-2.34573,-4.98557,-2.40198,3.41501
44,-2.18092,-4.94146,-2.39434,3.44898
29,-1.99387,-4.95182,-2.2488,3.30678
15,-2.12708,-5.48858,-2.69075,3.54285
39,-2.05698,-5.63091,-2.70238,3.55711
40,-2.01852,-5.4638,-2.72403,3.40879
23,-2.15542,-5.43324,-2.61293,3.35885
33,-2.02001,-5.4634,-2.6914,3.46223
0,-2.41821,-5.11584,-2.47936,3.60348
45,-2.2851,-4.9204,-2.3216,3.49091
46,-2.45677,-4.89817,-2.45819,3.46685
31,-2.40545,-4.60527,-2.40269,3.34893
16,-2.39924,-5.04715,-2.51808,3.49173
13,-2.26165,-5.60842,-2.82626,3.61332
14,-2.88435,-6.31188,-3.28003,3.8068
21,-2.80213,-6.15807,-3.36207,3.77373
9,-2.83181,-6.19181,-3.31568,3.65888
41,-2.89237,-6.10374,-3.18279,3.72521
48,-2.79859,-6.16883,-3.20455,3.68351
17,-2.95446,-6.16287,-3.27508,3.53187
37,-2.25827,-5.32982,-2.56045,3.51153
28,-2.07165,-5.34943,-2.58324,3.4563
35,-2.19656,-5.32015,-2.57745,3.43479
4,-2.07431,-5.40521,-2.73565,3.50589

