47,-0.026654,0.268003,8.06112,1.86516
9,-0.0196946,0.35425,8.67063,1.98369
23,-0.0426806,0.316479,8.22201,1.85338
43,-0.00628062,0.274118,8.77422,1.9599
14,-0.662364,0.243217,9.63206,2.11466
8,-0.609519,0.225242,9.65198,2.10291
29,-0.139865,-0.586199,9.55784,2.0891
22,-0.106005,-0.564971,9.52338,2.10459
32,-0.247777,-0.559973,9.70589,2.23319
48,-0.239666,-0.555516,9.65697,2.21855
21,-0.129489,-0.356279,8.06405,1.26256
7,-0.132525,-0.326396,7.81701,1.24601
42,-0.162602,-0.351754,8.06247,1.1593
10,-0.160186,-0.403547,8.07609,1.13081
3,-0.144398,-0.319892,7.21096,1.02304
35,-0.106586,-0.327672,6.39791,0.903573
11,0.163358,-0.188026,8.83952,1.82752
38,0.219937,-0.22463,9.96455,2.054
37,0.174088,-0.191745,8.85921,1.82431
24,0.210256,0.0759323,8.97048,1.63997
18,0.16866,-0.00951561,10.0688,1.92824
46,0.144453,-0.0257755,8.69805,1.66551
6,0.141192,0.148377,8.88098,2.20796
33,0.00127131,0.0383229,8.90514,2.13302
40,0.106472,0.117796,8.90865,2.20975
13,0.0721279,0.0560658,8.93063,2.11163
36,-0.404307,-0.142122,10.3382,1.64478
39,-0.474051,-0.191011,10.197,1.66531
4,0.0746093,-0.416451,8.84703,2.37049
41,0.135544,-0.45645,8.80906,2.41489
45,0.0711269,-0.791617,9.39091,2.52191
25,0.0745261,-0.791718,9.5091,2.52388
26,-0.0844403,0.289794,9.53246,2.04321
12,-0.064314,0.242848,9.35618,2.00861
19,-0.0809084,0.331492,9.54329,1.94655

