25,0.10076,-0.0702316,0.0980971,-0.186693
42,0.026751,0.00897724,-0.0221566,-0.146653
0,0.561852,-0.271959,-1.42157,5.17818
44,0.271106,-0.217567,0.480116,-0.514948
46,0.196703,-0.0276657,0.327991,-0.171404
34,0.384854,-0.207928,0.423792,-0.472385
49,0.1174,-0.170691,0.421457,-0.242131
40,0.228877,-0.411185,0.561811,-0.655928
43,-0.0458055,-0.351901,0.635233,-0.377433
27,0.0746529,-0.0242082,0.0849407,-0.315866
45,0.427721,-0.326954,0.482143,-0.434191
48,0.141534,-0.235848,0.434439,-0.0658908
29,0.27894,-0.41184,0.260377,-0.59377
37,0.244376,-0.263747,0.479446,-0.674096
13,0.286346,-0.255713,0.368248,-0.312476
20,0.552663,-0.439796,0.626316,-0.539498
32,0.56656,-0.538639,0.00283991,-0.39302
4,0.325031,-0.211354,0.279228,-0.0649801
22,0.0936443,-0.234549,0.489776,-0.653906
9,0.239714,-0.107619,0.307783,-0.273674
3,-0.0109271,0.00775785,0.119395,-0.164377
15,-0.0517313,0.0853024,0.441981,-0.55975
24,0.0332833,-0.0869737,0.166527,-0.0686672
10,0.188935,-0.163157,0.121256,-0.202113
47,0.200376,-0.240295,0.273372,-0.485074
14,0.287669,-0.335027,0.226159,-0.482153
19,0.268518,-0.414321,0.0083964,-0.672823
33,0.520113,-0.471919,0.201514,-0.562525
39,0.0118647,-0.124848,-0.00534576,-0.0668089
7,0.124818,-0.117471,0.052807,-0.422279
21,0.0882866,-0.195381,0.0194364,-0.640669
31,0.0719085,-0.116087,-0.010795,-0.415982
5,-0.0487423,-0.108381,0.241257,-0.193923
8,0.0056876,0.0417816,0.0782269,-0.32231
17,-0.0869911,0.112034,0.033892,0.20872
30,0.188815,-0.141498,0.151404,-0.0824256
28,0.325049,-0.192001,0.116813,-0.376872
41,0.326282,-0.364317,0.33051,-0.488459
18,0.350881,-0.340675,0.333094,-0.309292
36,0.407263,-0.467441,0.310998,-0.449843
11,-0.0302754,-0.0945616,0.223507,-0.30318
6,0.317803,-0.161948,0.0390568,-0.185861
23,0.478051,-0.302407,0.563423,-0.508237
16,0.298673,-0.366482,0.268809,-0.424619
12,0.0229203,-0.0585268,0.019198,-0.416233
35,0.377143,-0.443307,0.484172,-0.26422
2,0.367489,-0.322082,0.00112572,-0.363748
1,0.0564008,0.0338564,-0.0126964,-0.0955492
26,0.100265,0.0154905,0.216132,-0.208278
38,0.534878,-0.431228,0.595045,-0.487727

