49,0.00834805,0.65344,4.73619,-7.47589
39,0.0654638,0.647231,5.02536,-7.9511
12,0.0348737,0.597356,4.92914,-7.84585
46,0.0411207,0.535625,4.13339,-6.48271
43,0.0535658,0.574867,4.15191,-6.5434
23,-0.248922,1.50032,5.29777,-7.82465
44,-0.14307,1.30147,5.32353,-7.84711
30,-0.158651,1.35754,5.2825,-7.79795
1,-0.0707587,1.12867,5.62885,-7.95298
5,-0.0739189,0.957492,5.41163,-7.32747
6,-0.0667458,1.02688,5.32766,-7.41436
20,-0.0666914,0.842701,4.71441,-6.36258
22,-0.181068,1.25855,5.34281,-9.35092
11,-0.251955,1.2574,5.31501,-9.34705
17,-0.470172,1.23277,5.63607,-8.4636
21,-0.456039,1.25122,5.72115,-8.56009
8,0.333384,1.43092,5.63989,-8.586
38,0.343625,1.15549,4.51179,-6.86368
33,0.300828,1.30947,5.18654,-7.78722
7,0.345121,1.35369,5.21079,-7.86987
10,0.431991,0.977539,6.15991,-8.67572
13,0.462954,0.940235,6.16072,-8.71593
40,-0.251048,0.902224,4.7948,-7.46044
36,-0.180767,0.939467,4.78988,-7.46286
41,-0.213565,0.903711,4.82724,-7.52523
27,-0.236252,0.838046,4.99869,-8.52861
28,-0.206416,0.871844,4.93201,-8.60555
35,0.14941,1.33923,6.28495,-8.75861
3,0.180927,1.2492,6.35329,-8.75668
25,0.495244,1.25168,5.63093,-8.29571
45,0.460296,1.28938,5.66871,-8.36927
47,0.431737,1.25999,5.58342,-8.26753
9,-0.696034,0.910044,5.52747,-8.72814
14,-0.516039,0.968406,5.40029,-8.5443
24,0.594497,0.774519,5.07566,-8.79856
42,0.643143,0.782915,5.00409,-8.77038
18,-0.193248,0.773514,4.93048,-8.88559
37,-0.193602,0.735993,4.86482,-8.89025
16,0.264447,1.20401,5.00317,-8.4468
0,0.463466,1.30442,4.96948,-8.48627

