43,0.866638,-4.01154,-6.16214,-1.36598
41,0.703599,-3.90552,-5.95415,-1.19769
37,0.932396,-4.01464,-5.84944,-1.28138
24,0.8283,-3.89906,-5.91933,-1.29193
34,0.737556,-3.98452,-5.93337,-1.2695
21,0.482894,-1.99183,-4.54144,-1.64367
30,0.767902,-1.9279,-4.1315,-1.9572
4,0.820981,-2.28686,-4.95448,-1.70587
42,0.876866,-2.43867,-5.45221,-1.61119
45,0.79062,-2.43058,-5.50349,-1.3645
10,0.997805,-2.32065,-5.32988,-1.51856
9,0.980508,-2.53524,-5.45293,-1.60834
18,0.50911,-2.5547,-5.05331,-1.26875
29,0.267386,-2.45919,-5.44899,-0.928764
28,0.476049,-2.5485,-5.38503,-0.999437
23,0.617183,-2.35964,-5.41765,-1.16017
44,0.630894,-2.32431,-5.33899,-1.0354
35,0.671696,-2.39484,-5.4124,-1.18042
49,0.822847,-2.48772,-5.33991,-1.14533
38,0.525286,-2.37577,-5.51005,-0.976663
20,1.01225,-2.45427,-5.43893,-1.27846
12,1.02721,-2.16856,-5.43762,-1.48548
16,0.94837,-2.30594,-5.40734,-1.62836
48,0.850327,-2.45999,-5.45726,-1.32329
39,0.751338,-2.31801,-5.37512,-1.26305
36,0.224138,-2.57886,-5.38709,-0.972708
0,0.317152,-2.45574,-5.36828,-0.972749
25,0.243634,-2.58439,-5.4737,-0.903465
7,0.290822,-2.35288,-4.32907,-1.69719
22,0.28385,-2.39364,-4.34237,-1.58468
15,0.22624,-2.4318,-4.6222,-1.89207
1,0.339547,-2.43041,-4.46169,-1.71929
33,0.411452,-2.50057,-4.33253,-1.7764
40,0.41257,-2.58291,-4.45165,-1.73146
5,0.177514,-2.39539,-4.4374,-1.62549
2,0.431259,-2.44833,-4.5102,-1.69725
17,0.177012,-2.43726,-4.43291,-1.67123
32,0.0887874,-2.32214,-4.61185,-1.59196
6,0.0157429,-2.57505,-4.50143,-1.62922
13,0.139063,-2.36874,-4.49456,-1.65944
26,0.278755,-2.4093,-4.3558,-1.67441
19,0.371516,-2.40881,-4.28187,-1.78347
8,0.576819,-2.48261,-4.37752,-1.85527
3,-0.359789,-2.60542,-4.95743,-1.59193
47,-0.125917,-2.64545,-4.9901,-1.48219
14,0.262418,-2.18335,-5.18326,-1.0798
27,0.149602,-2.13632,-4.99884,-1.17009
31,0.413574,-2.2917,-5.07922,-1.00436
46,-0.267998,-2.61145,-4.91157,-1.50307
11,0.669321,-1.88035,-4.11303,-1.92402

