27,4.53477,-0.0609356,6.95279,2.51852
49,4.82417,-0.0775475,7.35343,2.65954
46,4.59389,0.00832613,7.04085,2.49957
1,4.40313,-0.0844425,7.12985,2.47953
34,4.17236,-0.10966,6.81954,2.39104
40,4.28591,-0.0906082,6.78256,2.5449
17,3.97132,-0.191751,6.35973,2.47759
2,4.04048,-0.0339922,6.59452,2.59649
18,3.94188,-0.072852,6.26112,2.53449
14,4.27229,-0.153142,6.68262,2.73401
29,4.31473,-0.176848,6.69326,2.74761
13,4.03257,-0.209395,6.23336,2.49434
7,3.95032,-0.333432,6.11695,2.49128
39,5.36435,-0.791284,7.4585,3.20088
19,5.46751,-0.76804,7.54764,3.2396
12,5.57714,-0.663711,7.55699,3.28512
45,3.23164,-0.220288,5.12228,2.06398
37,5.09536,-0.65445,6.86715,2.63335
28,5.42173,-0.662708,7.26368,2.7786
24,5.47887,-0.722182,7.26063,2.77904
9,5.35343,-0.903158,7.20212,2.57537
31,5.08748,-0.736009,6.73242,2.5017
4,5.66654,-0.203203,8.63992,3.12668
10,5.02501,-0.196504,7.64457,2.80107
47,4.80517,-0.0302717,7.30085,2.70819
25,6.08711,-0.462667,7.82931,3.11898
21,6.01207,-0.433646,7.8509,3.06326
35,5.84826,-0.33567,8.18946,2.82988
43,4.99584,-0.328351,7.00694,2.4237
26,5.88828,-0.343855,8.2386,2.59852
33,5.1964,-0.301328,7.26186,2.33251
30,6.24546,-0.0781529,8.23341,3.43249
36,6.23701,-0.0727603,8.2587,3.44761
22,5.4069,-0.42697,8.18312,3.42159
23,5.43685,-0.43891,8.20762,3.58688
32,5.05495,-0.694063,7.38386,2.86111
5,5.87788,-0.826751,8.55431,3.21223
3,4.94052,-0.80464,7.47731,2.69602
41,5.98377,-0.187199,8.8339,3.20684
0,5.89917,-0.202465,8.90357,3.26001

