39,0.423629,2.21776,-9.49874,-2.23257
6,0.375036,2.174,-9.39734,-2.23083
41,0.450076,2.0819,-9.37007,-2.21417
12,0.0892364,3.31871,-9.94571,-2.14287
25,0.106305,3.27154,-10.0473,-2.17667
43,-0.164668,2.74487,-10.1396,-2.16655
23,-0.213004,2.40406,-8.73242,-1.81346
18,-0.116685,2.44657,-8.92197,-1.90512
48,0.421226,2.47934,-8.90095,-1.70975
31,0.452295,2.13998,-7.62217,-1.37358
17,0.448991,2.19688,-7.72585,-1.40945
7,0.398251,2.31503,-8.05818,-1.51578
9,0.458806,2.336,-8.30263,-1.55579
35,0.365294,1.99709,-6.95404,-1.28163
33,0.623888,2.58246,-9.34644,-2.00727
4,0.699338,2.59362,-9.20236,-2.04038
3,0.721174,2.47161,-8.69038,-1.94093
27,0.644512,2.42283,-8.5891,-1.92818
26,0.568622,2.36022,-10.6709,-2.06038
42,0.523003,2.38822,-10.7681,-2.0368
37,-0.276655,2.6276,-10.6177,-2.50683
44,-0.186326,2.58703,-10.5544,-2.5406
36,0.22663,2.42772,-8.72733,-2.36517
10,0.194251,2.39254,-8.62577,-2.40393
14,0.177786,2.38855,-8.71628,-2.2684
20,-0.0162188,2.01861,-9.36264,-1.98787
49,-0.0187251,2.09952,-9.90956,-2.11303
22,-0.0582706,2.01279,-9.38905,-1.98253
24,-0.0132866,1.68516,-7.9365,-1.66704
30,0.0383898,2.70849,-10.9813,-1.86012
0,0.0525509,2.6847,-10.9138,-1.79604
1,0.417665,3.24272,-9.98934,-2.62762
45,0.381755,3.25126,-10.0613,-2.6378

