38,-2.67112,2.15618,7.74067,-0.537985
20,-2.82794,2.23271,7.71966,-0.578683
30,-2.9768,2.31536,8.37126,-0.594207
22,-2.47473,1.90435,6.85218,-0.508012
28,-3.0043,2.06302,8.6605,-0.443479
43,-2.95442,2.0365,8.64327,-0.467557
33,-2.82565,1.44724,7.91063,-0.585832
19,-2.84796,1.35272,7.84377,-0.615014
16,-2.66674,1.28805,7.4875,-0.595963
37,-2.81937,1.38533,7.77453,-0.594015
13,-2.14584,1.0876,6.42321,-0.484179
40,-1.93738,1.25572,7.5984,-0.286514
27,-2.1319,1.38774,8.10195,-0.337963
48,-2.16236,1.37526,8.17646,-0.319866
7,-2.04815,1.29242,7.68421,-0.301107
11,-1.99007,1.6609,7.19511,-0.773267
29,-2.11164,1.76986,7.73264,-0.834362
45,-2.13959,1.74637,7.61788,-0.799437
41,-1.75164,1.42166,6.35888,-0.721022
3,-2.12171,1.76919,7.73718,-0.851176
32,-1.94679,1.63682,7.24441,-0.821451
36,-2.4804,2.8603,9.31704,-0.354291
23,-2.48485,2.86964,9.22883,-0.338741
44,-2.46568,1.97086,7.68251,-0.100532
25,-2.45194,2.02625,7.74968,-0.0985179
42,-2.50886,2.02106,7.86778,-0.108465
6,-2.25065,2.43535,8.8033,-0.222552
12,-1.93255,2.19023,7.90283,-0.188423
9,-1.82412,2.25914,7.92961,-0.171494
15,-2.4215,2.48304,7.92504,-0.550964
10,-2.40562,2.27342,7.81632,-0.458206
14,-2.50936,2.39996,8.18807,-0.492742
24,-2.05537,2.15431,6.77132,-0.508217
26,-2.69764,2.10415,8.60936,0.313936
34,-2.72123,2.09039,8.67786,0.295213
18,-2.39979,1.3844,9.25716,-0.236627
17,-2.41074,1.4088,9.25389,-0.221613

