11,1.59563,0.507214,2.43164,-7.3326
34,1.58855,0.625175,2.23877,-7.41224
4,1.47186,0.708465,2.38084,-7.40846
31,1.66352,0.515408,2.34796,-7.41582
45,1.33881,0.646134,2.55741,-7.26315
16,1.20973,0.832931,2.30153,-6.80147
37,1.24246,0.746792,1.65261,-6.72488
29,1.51939,0.840323,1.70214,-7.20187
6,1.64706,0.824822,1.97308,-7.60778
24,1.59397,0.693212,2.35677,-7.6905
20,1.51482,0.724074,2.36076,-7.35541
22,1.70053,0.50373,2.44821,-7.31145
0,1.68847,0.84489,1.86508,-7.6713
28,1.64328,0.871916,2.00897,-7.71122
41,1.28523,0.657616,1.7519,-6.81162
26,1.22606,0.823126,2.41356,-7.41988
7,1.24299,0.749276,2.5008,-7.04687
2,1.21255,0.879642,2.49192,-7.36312
36,1.35603,1.00371,2.56633,-8.13932
27,1.29203,0.845283,2.3037,-7.64745
5,1.25349,0.80768,2.44336,-7.57515
18,1.23249,0.930531,2.46439,-7.86576
8,1.29061,0.933064,2.27313,-7.6624
19,1.02577,0.66073,1.80865,-5.97279
9,0.847875,0.507557,1.70206,-5.89222
39,0.875812,0.610102,2.02419,-6.24592
46,0.967996,0.577703,1.84021,-6.35877
40,1.03339,0.45487,1.82275,-6.36554
33,1.08055,0.618358,1.95634,-6.35058
15,1.62006,0.91911,1.9015,-7.62973
12,1.61648,0.751255,2.01209,-7.23443
43,0.930945,0.781348,2.09149,-6.31189
32,0.964687,0.582206,1.92699,-6.332
17,1.25904,0.738907,1.69869,-6.44879
25,1.03757,0.552641,1.96289,-6.52152
23,1.04674,0.42934,1.98715,-6.61178
48,1.07518,0.29118,2.21788,-6.78818
38,1.1683,0.273222,2.33871,-7.04982
13,1.14423,0.314928,2.22173,-6.97647
30,1.02298,0.410439,1.99688,-6.52337
3,1.15552,0.236048,2.27541,-7.03444
10,1.12631,0.742574,1.71244,-6.52962
49,1.10971,0.548881,1.71858,-6.49645
1,1.06281,0.366487,1.82965,-6.48111
47,1.05607,0.354925,1.77306,-6.32495
21,1.20484,0.837574,1.71352,-6.74042
44,0.935253,0.457006,1.9797,-6.40178
35,1.23233,0.6018,1.80049,-6.62843
42,1.20692,0.709533,1.6455,-6.52985
14,1.15175,0.6303,1.69169,-6.48766

