4,-0.174245,0.470582,-4.19222,6.68837
26,-0.279143,0.51589,-4.02133,6.55956
14,-0.297434,0.461186,-3.98382,6.69345
3,-0.17016,0.434544,-3.99295,6.71002
35,-0.24134,0.473952,-4.21591,7.05115
19,-0.222322,0.176848,-3.42519,5.1543
38,-0.360232,0.389886,-3.68665,5.46133
27,-0.234267,0.358316,-3.86945,5.83389
31,-0.19967,0.705842,-4.32048,5.6675
36,-0.178947,0.664944,-3.95967,5.53761
42,-0.207953,0.275991,-3.57665,5.42215
16,-0.204791,0.329965,-3.4841,5.60819
12,-0.167479,0.357321,-3.90131,6.10671
5,-0.21733,0.701375,-3.45218,5.5551
49,-0.216112,0.34027,-4.19601,6.739
11,-0.208606,0.572976,-3.33741,4.89321
48,-0.317868,0.273698,-3.44726,5.1412
1,-0.274256,0.2533,-3.86456,5.46926
39,-0.352575,0.106437,-3.39952,5.11863
2,-0.489225,0.323578,-3.94237,6.01254
24,-0.746076,0.237338,-4.12486,6.2575
21,-0.500796,0.310685,-3.99147,5.94395
17,-0.388236,0.237714,-3.66492,5.44741
29,-0.216175,0.190842,-3.42273,5.25245
34,-0.161179,0.291905,-3.69416,5.412
18,-0.155872,0.732537,-3.98127,5.70293
15,-0.380123,0.194673,-3.48957,5.1142
30,-0.187446,0.808321,-3.98421,5.84994
22,-0.0941084,0.971769,-4.38135,5.79318
47,-0.349882,0.189554,-3.82377,5.4477
46,-0.253816,0.1591,-3.90749,5.70216
7,-0.194466,0.829867,-4.5213,5.9214
9,-0.206447,0.974418,-4.32235,5.54581
10,-0.272555,0.211795,-3.43987,5.17382
6,-0.518972,0.26483,-3.77436,5.66164
40,-0.646982,0.362184,-4.02823,6.04514
8,-0.488145,0.371544,-3.46835,5.07889
20,-0.380349,0.131983,-3.78677,5.49926
23,-0.603144,0.427926,-4.11724,6.17441
43,-0.486013,0.65893,-4.04574,5.71427
33,-0.500124,0.528648,-4.00226,5.97517
0,-0.463461,0.209588,-4.16563,6.26622
44,-0.422258,0.126672,-4.14682,5.95752
32,-0.345414,0.142602,-3.67633,4.67751
25,-0.600073,0.517301,-4.15524,6.08623
13,-0.286129,0.107408,-4.0659,5.77955
37,-0.395621,0.0518822,-4.13153,5.81589
41,-0.384369,0.0545741,-3.92678,5.70593
45,-0.244797,0.322983,-4.11131,5.4865
28,-0.135755,0.855755,-3.30357,4.58935

