36,-0.315328,-0.186809,-4.00011,5.70983
24,-0.310728,-0.221476,-4.1827,5.60923
10,-0.145093,-0.0753012,-3.90549,5.80834
14,0.0584228,-0.112981,-3.92642,5.53495
30,0.158953,0.000338781,-4.03884,5.88453
2,0.0391217,0.0354419,-3.90667,5.82759
18,0.234043,-0.0545352,-4.11179,5.84629
19,0.043923,-0.184566,-4.0494,5.74723
32,0.317652,-0.13777,-4.13312,5.78408
44,0.154799,-0.360833,-3.90746,5.53291
45,-0.0038213,-0.0853951,-3.88792,5.70102
8,-0.221277,0.0224005,-3.66132,5.50025
20,-0.432918,-0.268081,-4.01885,5.47943
7,-0.319261,-0.0685698,-3.74196,5.23926
21,-0.203264,0.0334872,-3.54667,5.69764
1,-0.214671,0.0695445,-3.94793,6.58446
47,-0.0928688,-0.109537,-3.65523,5.9817
33,-0.181904,-0.129764,-3.91092,6.09085
28,-0.16632,-0.172291,-3.81566,6.22398
22,-0.174877,-0.219141,-3.88037,6.26953
11,-0.11476,-0.155755,-4.11542,6.54297
13,-0.123433,-0.223902,-4.01217,6.39573
9,-0.0885315,0.13485,-3.82759,5.94597
49,-0.222481,0.129691,-3.44832,5.25581
15,-0.259854,0.0848135,-3.67753,5.6357
38,-0.0451793,0.32601,-4.27472,6.61682
3,-0.0932347,0.17976,-4.20668,6.59347
37,-0.0611602,0.235658,-4.47293,6.62716
12,0.0297458,0.191553,-4.32798,6.57356
35,0.00253751,0.331595,-4.37439,6.65238
26,0.306322,0.143311,-4.05942,5.65462
46,-0.190949,-0.208857,-4.02518,6.28373
23,0.0169632,-0.303603,-4.03844,6.41956
0,0.0227193,-0.462564,-3.82801,5.95937
16,0.0447661,-0.437195,-3.87634,6.12023
34,-0.16969,-0.246477,-3.9175,6.28026
5,0.102032,-0.168786,-4.1744,5.87039
42,0.0831469,-0.0721716,-3.84381,5.66487
17,-0.592851,-0.11588,-4.24892,5.95921
4,0.424327,0.113167,-4.07648,5.78278
25,-0.370823,-0.300372,-3.98379,5.73457
31,-0.306738,-0.266736,-3.92095,5.63157
40,0.23131,0.208768,-3.57477,5.1242
29,-0.499523,-0.248942,-4.4597,6.58745
39,-0.361728,-0.168545,-4.26188,6.283
41,-0.49571,-0.27126,-4.51642,6.60956
27,-0.0612018,-0.281418,-3.81333,5.7006
43,-0.0136034,-0.387499,-4.08851,6.53042
48,0.336672,-0.257456,-3.76176,5.46804
6,-0.259492,-0.22025,-3.57492,5.16854

