29,0.355505,0.687064,-2.62354,-7.23568
32,0.371533,0.621386,-2.5694,-7.12196
17,0.393683,0.580709,-2.64816,-7.37912
26,0.451955,0.627447,-2.57343,-7.26512
31,0.362987,0.814424,-2.61927,-7.3099
4,0.463978,0.612225,-2.72219,-7.50137
36,0.377422,0.593805,-2.61919,-7.21233
46,0.367847,0.667831,-2.62389,-7.3485
22,0.390189,0.63397,-2.62542,-7.11884
11,0.406882,0.47659,-2.4718,-6.50734
7,0.389282,0.626562,-2.63291,-7.24247
24,0.356315,0.736479,-2.60335,-7.29361
35,0.295207,1.12304,-2.83298,-7.73404
33,0.37102,0.684532,-2.59581,-6.97244
28,0.472002,0.748392,-2.78302,-6.58531
2,0.745713,0.981486,-3.0172,-7.2043
41,0.867835,0.737339,-3.10814,-7.40054
6,0.798816,0.661341,-3.19856,-7.53543
3,0.848326,0.721089,-3.20603,-7.54796
20,0.887471,0.586603,-2.96827,-7.0886
38,0.89046,0.628774,-2.52955,-6.94328
12,0.928944,0.730472,-2.69844,-7.15481
19,1.03067,0.796764,-2.50744,-7.26243
43,0.794373,0.820212,-2.60997,-7.40285
0,0.877695,0.83743,-2.60874,-7.47877
47,0.913972,0.786539,-2.55601,-7.18403
45,0.944236,0.817243,-2.62719,-7.29335
34,0.634863,0.823621,-2.32023,-6.84283
8,0.729243,1.16643,-3.19897,-8.77134
1,0.640758,1.27817,-3.34512,-9.02642
39,0.601428,1.14705,-3.3092,-8.75577
16,0.526982,1.30473,-3.30297,-8.89714
30,0.611791,1.35584,-3.23604,-8.81799
49,0.748732,0.804089,-2.9305,-7.16638
18,0.893167,0.582433,-2.8089,-7.14192
44,0.753444,0.632831,-3.11747,-7.51434
21,0.954054,0.603605,-2.80411,-7.18057
9,0.809748,0.697291,-3.14787,-7.2125
14,0.800097,0.580828,-3.25864,-7.56486
10,1.00349,0.775457,-2.61063,-7.38261
13,0.882273,0.794383,-2.41956,-7.2285
37,0.890295,0.5915,-2.32467,-6.90222
5,0.803964,0.602939,-2.23035,-6.71805
48,0.817012,0.853452,-2.59778,-6.56696
25,0.836908,0.751801,-2.53717,-6.83662
15,0.553335,1.08124,-2.83759,-7.35608
27,0.643594,1.22995,-3.02885,-8.14195
42,0.369675,0.464296,-2.06709,-5.68714
40,1.0385,0.101588,-3.62431,-10.2969
23,0.985137,0.166707,-3.60071,-10.2058

