27,0.768332,0.465163,0.691281,7.5136
47,0.781254,0.681465,0.350965,8.18438
14,0.449939,0.686038,0.432162,7.47963
6,0.712166,0.657576,0.462286,8.08072
17,0.685295,0.559528,0.515597,7.37804
37,0.739809,0.490349,0.635265,7.02685
44,0.547106,0.308924,0.793792,6.66157
40,0.754096,0.538003,0.522115,7.71751
7,0.727565,0.515075,0.592181,7.02325
28,0.687868,0.398585,0.576971,6.64384
13,0.781388,0.685171,0.446577,8.08986
16,0.424655,0.0611586,0.678279,5.96439
2,0.382875,-0.0508858,0.423231,6.20944
35,0.390832,0.0799752,0.422752,6.74527
21,0.403531,0.0806539,0.429763,6.43076
23,0.427631,0.202853,0.366097,8.03345
1,0.460199,-0.036122,0.454839,6.7389
12,0.540949,0.254156,0.850329,6.59015
11,0.650288,0.364424,0.731983,7.03705
22,0.4261,0.03376,0.611016,6.02371
41,0.309034,0.0573166,0.56927,5.73684
46,0.569183,0.29861,0.839441,6.84129
25,0.624178,0.0348242,0.433065,8.0763
26,0.638569,0.0770542,0.399095,7.48495
9,0.546878,0.183176,0.423802,7.61076
20,0.680889,0.0881275,0.446271,8.59758
29,0.65536,0.0604349,0.502689,8.08267
32,0.495967,0.0831224,0.498641,6.90282
48,0.424949,0.0417702,0.404436,6.80272
45,0.427079,0.0323268,0.55588,6.07457
10,0.401459,0.112942,0.503352,6.53434
19,0.278287,0.343771,0.464824,7.90259
42,0.349465,0.334157,0.436218,8.36265
49,0.389389,0.311256,0.594188,7.87028
4,0.326211,0.0979339,0.653959,6.14546
38,0.453307,0.0571141,0.30638,7.01653
24,0.364373,0.357951,0.721712,6.94343
31,0.434337,0.151726,0.917149,6.55497
0,0.432172,0.397022,0.87416,7.2905
43,0.437805,0.308258,0.93872,7.03028
39,0.687971,0.371754,0.972962,7.4883
30,0.66712,0.375181,0.878726,6.87722
8,0.513463,0.276533,0.988836,7.29412
18,0.474134,0.276994,1.0165,6.90076
5,0.362521,0.317893,0.740865,6.93094
34,0.322589,0.338615,0.444376,7.9888
3,0.508907,-0.014272,0.344294,6.49676
15,0.530908,0.058651,0.457689,7.35457
33,0.293202,0.393166,0.310472,7.81708
36,0.391805,0.340074,0.414513,8.37302

