31,0.124006,0.340595,0.290379,0.0546375
35,0.21043,0.129657,0.0929159,0.144619
38,0.263349,-0.0645936,-0.0646605,0.302564
48,0.224064,0.199848,0.282334,0.115942
0,-8.33598,-4.23811,-0.0794338,-3.74168
24,0.106588,0.119228,0.0459779,-0.072265
37,-0.0848393,0.156482,0.1,-0.0766318
45,-0.113502,0.159802,0.0427358,0.168442
27,-0.00453346,-0.0548167,-0.199788,-0.109103
40,-0.051262,0.0259969,-0.0501253,0.00195315
41,-0.0646745,0.0459286,0.056243,-0.174001
46,-0.122345,-0.0919013,-0.106059,-0.184325
39,-0.19926,0.0421036,0.090207,0.135269
25,0.185696,0.186647,-0.0528631,0.291848
43,0.860855,-0.0532105,0.433455,0.232179
44,0.747775,-0.191366,0.444108,0.302826
47,0.722708,-0.308224,0.541976,0.1208
28,0.129891,-0.064358,0.0917416,0.24369
30,0.380529,-0.132934,0.00777151,0.101859
34,0.275633,0.25916,0.188857,0.0835069
42,0.041872,0.251048,0.152427,-0.278557
49,0.161085,-0.191503,0.125486,-0.164707
22,0.0810696,-0.0338533,0.00389995,-0.154662
5,-0.037819,0.0109503,-0.0775342,0.325414
23,0.0209041,-0.0252501,0.459373,0.16781
17,0.0528638,-0.066459,0.0433132,-0.071554
18,0.0280315,0.130713,0.322697,-0.027599
8,0.0198978,0.020582,-0.0527752,-0.00197893
32,-0.0403027,-0.107155,-0.160744,-0.0863551
3,-0.11312,0.0235002,-0.288841,-0.193284
7,0.0497588,0.104596,0.191765,-0.0113762
19,0.0927317,0.102383,0.312035,0.226748
29,0.332345,-0.436258,0.39466,-0.382351
1,0.0488902,0.0757797,0.239989,0.176122
26,0.144656,0.158878,0.111351,-0.120737
11,0.187709,0.209264,0.1083,-0.26479
12,-0.1782,-0.217076,0.165057,-0.29436
33,0.060374,-0.101845,-0.225692,0.258118
6,0.243254,0.017017,0.338198,-0.0802187
36,0.205125,0.326467,0.0434556,-0.319748
9,0.146663,-0.0961033,0.0938161,0.283115
4,0.173416,-0.117964,-0.127528,0.421337
13,0.0747966,-0.0313701,-0.0437499,-0.0627377
14,0.180119,0.124812,-0.0863133,0.170681
10,-0.0384932,-0.0482165,0.171271,0.163176
21,0.191644,0.130065,0.0451526,-0.25992
16,-0.165409,-0.339185,0.292053,0.159071
20,0.00292442,-0.216806,0.115868,-0.264173
15,0.0449385,0.115493,-5.55825e-05,-0.216295
2,-0.166674,0.132214,0.0507431,-0.11328

