42,-0.0206881,-0.0179033,0.0307051,-0.0557154
0,0.982271,-0.645665,-9.82222,-1.76774
40,0.0748128,0.15569,0.357519,0.0540855
45,-0.240551,0.434248,0.507523,0.318888
47,-0.0059742,0.49635,0.625052,0.189237
48,0.216237,0.12609,-0.0773443,-0.0358598
37,0.079319,0.0871583,0.00952753,0.00331321
30,0.0549143,-0.0662288,-0.287885,-0.0860341
39,0.11317,0.0481631,0.238051,0.241974
41,0.247236,0.343679,0.0803527,0.161296
43,0.205609,0.395941,-0.0224197,0.0649057
20,-0.0570428,0.0163431,0.357619,0.171038
36,-0.114529,0.0124474,-0.0501851,0.212973
13,-0.12653,-0.0242462,0.331095,0.0193814
49,0.125489,0.0311204,0.127457,0.104534
5,0.19498,0.0840324,-0.0199308,0.000325089
16,0.0956804,0.367155,0.135396,0.0936986
38,-0.134526,0.192655,-0.0177204,0.188752
46,-0.054201,0.302411,0.0854796,0.12234
10,-0.257928,0.0852657,0.152144,0.0488262
35,-0.0243772,-0.137454,0.406438,0.206044
44,-0.102951,0.130201,0.217661,0.20699
9,0.0304592,-0.106832,-0.202195,-0.0879634
34,0.0140994,-0.0756226,-0.107435,-0.0381632
22,0.29135,-0.0535604,0.19209,0.00188405
25,0.114124,0.073036,-0.14831,0.0214684
21,-0.0387223,0.0239055,0.458232,0.271871
26,-0.141425,0.0375866,0.24572,0.199086
2,0.143895,-0.107276,-0.131779,-0.0893135
17,-0.117737,0.124731,0.471024,0.0892744
14,0.0287094,-0.157766,0.296107,-0.0360499
19,0.128041,-0.038335,0.101196,-0.0641121
1,0.15693,-0.223439,0.15254,-0.0486405
18,0.0801259,0.0465446,0.0137079,0.0886289
4,0.0468004,-0.162078,0.170191,0.0635384
33,0.15108,-0.117623,0.293439,0.0921103
15,0.143357,0.152158,0.101196,-0.0129534
24,0.102833,0.14949,-0.105177,-0.0227089
23,0.0375213,0.155585,0.0235245,0.124561
32,-0.2924,0.079568,0.497113,0.34488
27,-0.366707,-0.0859385,0.537196,0.151752
8,0.116007,0.196105,0.158513,0.0649877
7,-0.0756925,0.106478,0.147469,-0.0158143
12,-0.158253,0.0684539,0.0280425,0.0195958
28,0.0980196,-0.00511483,0.0127959,0.0437206
29,-0.043967,0.151988,0.0801738,0.11026
3,-0.0316868,-0.0674637,0.266576,0.168191
31,-0.288687,0.123961,0.261208,0.177339
11,-0.0829993,-0.0638851,-0.0906485,-0.0405119
6,-0.0527928,0.142865,0.384453,0.0962304

