33,-0.485418,4.07914,-2.81343,6.36143
29,-0.337603,3.8381,-2.52589,5.85389
48,-0.404036,3.9757,-2.4979,5.95973
5,-1.10141,1.24895,-3.07798,5.60552
43,-1.14517,1.19318,-2.96869,5.40242
30,-1.07141,1.17422,-2.93222,5.51526
27,-1.01942,1.0614,-2.71866,5.0305
40,-2.37429,2.22539,-3.89172,3.18212
4,-2.37939,2.41111,-3.75923,3.54455
26,-2.29217,2.21323,-3.51951,3.33669
7,-1.82445,2.16665,-2.8679,3.38195
8,-1.75776,2.19354,-2.75049,3.56166
37,-1.67805,2.22113,-2.70911,3.66194
31,-1.69072,2.19057,-2.67739,3.44678
2,-1.64634,2.20683,-2.70599,3.56173
1,-0.81245,1.32354,-4.01675,3.22939
36,-0.646822,1.42058,-3.71121,2.9966
41,-0.7657,1.15022,-3.74124,2.92163
9,-0.75344,0.886108,-3.8275,2.89173
19,-0.553446,1.39039,-3.07922,2.66927
28,-0.559233,1.80994,-2.8999,3.20301
39,-0.38439,2.25064,-3.10476,3.28309
10,-0.522408,1.72644,-2.9931,2.97333
34,-0.622764,2.03104,-3.14532,3.3382
20,-0.755946,1.09608,-3.99814,3.1684
24,-2.44115,0.679089,-5.66115,3.97572
17,-2.47841,0.766833,-5.65905,3.98169
45,-3.68359,1.52547,-5.3208,4.61551
12,-3.43971,1.34164,-4.8014,3.99099
25,-3.60087,1.42922,-4.94284,4.21508
0,0.401402,1.49859,-3.9689,5.66766
38,-0.0626089,1.67984,-4.28746,6.12291
6,0.159644,1.61075,-3.89056,5.71901
3,-1.41668,0.186754,-5.32831,5.20634
11,-1.42309,0.0927007,-5.37155,5.24083
46,-2.78484,0.432169,-4.85661,5.03515
13,-2.94022,0.267979,-4.80829,5.07181
32,-3.52115,1.90269,-3.89603,5.5184
15,-3.40562,1.99956,-4.04311,5.52487

