38,-2.61141,-0.435731,-0.556212,10.5022
41,-2.64962,-0.464635,-0.553379,10.535
40,-2.43158,-0.72343,-0.183915,9.34783
25,-2.17085,-0.524266,-0.247337,7.56722
8,-2.41798,-0.784147,-0.131935,9.45038
7,-2.06409,-0.636684,-0.128366,7.76281
9,-2.25157,-0.75998,-0.126428,8.89609
23,-2.7953,-0.280277,-0.378637,8.69309
24,-2.90821,-0.243841,-0.328841,8.82019
35,-2.85508,-0.274169,-0.370678,8.78069
49,-3.31738,-0.701814,-0.865253,9.61242
27,-2.9417,-0.615957,-0.771691,8.50314
45,-2.89314,-0.698605,-0.75294,8.45064
31,-2.37609,-0.310335,-0.262257,8.92505
14,-2.26522,-0.282145,-0.251003,8.46649
15,-2.29967,-0.27372,-0.260741,8.58008
0,-2.09951,-0.135591,-0.226375,7.91944
17,-2.06875,-0.122872,-0.206114,7.74
3,-1.83942,-0.218715,-0.237448,6.76135
46,-2.424,-0.666921,-0.761208,8.49856
19,-2.48445,-0.716438,-0.740991,8.74437
2,-2.30877,-0.704263,-0.750906,8.17558
18,-2.08933,-0.596725,-0.722542,7.43746
22,-2.17372,-0.574357,-0.631765,7.6304
33,-2.12683,-0.582864,-0.767364,7.3815
28,-2.77992,-0.402307,0.267431,9.93337
43,-2.82448,-0.364515,0.344912,9.94872
26,-2.97387,-0.314465,-0.77512,8.669
29,-3.31577,-0.394486,-0.8435,9.82621
13,-2.97155,-0.328779,-0.79361,8.56034
20,-3.03354,-0.751759,-0.469834,9.83227
6,-2.71516,-0.757305,-0.325626,8.58092
30,-2.67971,-0.723616,-0.375468,8.53237
5,-3.00374,-0.583581,-0.105309,9.11225
12,-2.96435,-0.609652,-0.102729,8.98773
48,-2.91561,-0.632507,-0.155984,9.06119

