37,-0.0824595,-0.25281,0.265006,-0.32082
44,-0.557534,-0.401018,-0.327802,0.102237
45,-0.641558,-0.47857,-0.317105,0.109075
0,10.6626,3.64461,1.30395,2.48281
49,-1.15284,-1.0488,-0.781456,0.0513298
40,-0.393327,-0.258138,-0.256861,-0.0409411
29,-0.555852,-0.211346,0.112816,0.463107
28,-0.115244,0.0705307,-0.219008,0.0073295
42,-0.960491,-0.929997,-0.318209,0.148203
48,-0.746724,-0.811093,-0.283237,-0.0653064
43,0.15773,0.156913,0.0907298,0.208439
16,-0.525316,0.0944643,0.0552917,0.491653
38,-0.304874,-0.0430198,-0.204543,-0.0456113
19,-0.387515,0.377493,-0.23472,0.0408275
6,-0.257692,0.0951028,-0.147248,-0.187222
32,-0.358734,-0.481238,-0.0720619,0.400234
3,-0.436165,0.152996,-0.321402,0.0189385
30,-0.780267,-0.188807,-0.418865,0.0856632
35,-0.820888,-0.515608,-0.306013,0.075563
47,-0.324482,-0.396411,-0.232703,0.178765
22,0.127161,-0.0931962,0.20767,-0.0354936
11,-0.107401,0.0696043,-0.0433758,-0.331755
2,-0.640711,0.115663,-0.0776083,0.191216
15,0.0092616,0.155566,-0.0547572,-0.0409804
9,-0.338172,0.0579898,0.151279,0.130894
13,-0.490915,-0.153031,0.0131799,-0.0441462
18,-0.322185,-0.172524,-0.268739,0.0186473
5,-0.00141351,-0.469106,-0.0728669,-0.0474122
34,0.274407,0.00676903,0.100743,0.162742
23,-0.0518437,0.0414105,0.0952814,0.122021
1,-0.107349,-0.0245983,-0.0902311,-0.276995
24,-0.0892315,-0.144079,-0.126913,-0.15268
4,-0.265605,0.0336756,0.00385377,-0.17303
46,0.290652,-0.057627,0.102304,0.249484
12,-0.156117,0.248409,-0.18953,0.160976
17,0.0911993,0.0201801,0.111827,-0.0737936
8,-0.469561,0.0152286,-0.0615212,-0.0337452
39,-0.453481,0.0779763,-0.149086,0.370236
41,-0.0568053,-0.233698,0.120951,0.0364712
31,0.0500975,0.0626361,0.00927515,0.0387379
36,-0.110549,-0.035094,0.144069,0.199709
14,-0.096756,-0.053686,-0.0211935,0.192216
33,-0.182203,-0.163828,0.0271745,0.0224013
20,-0.132207,0.0290749,0.0637964,0.340101
26,-0.254889,-0.332628,0.0699966,0.26945
7,-0.33784,0.137465,-0.142574,-0.318027
27,-0.039164,-0.112609,0.098775,0.0472182
25,-0.418759,-0.0564819,-0.0853495,0.404162
10,-0.179374,0.0496212,0.0987306,0.226799
21,0.143579,0.194632,-0.069003,0.0487827

