0,-0.7565086367210885,-0.2745191884996475
2,-0.4667596765290434,0.07970772959175668
3,-0.6009885860011862,-0.34713644839893276
4,-0.7643903972865653,0.1455989710319462
7,-0.3606242642518839,-0.05591295743536739
8,-0.6491691895269269,-0.5505682132007216
16,-0.1734707551415088,-0.6752688639820087
18,-0.13612222537418006,-0.5119372110356201
19,-0.12144810586361214,-0.3613267044325551
1,-1.0,-0.27155537527991463
5,-0.6788987132761691,-0.024665216040416084
9,-0.3879644196582096,-0.3717835389455704
12,-0.40389714442741836,-0.44768067598719946
13,-0.2577756902303797,-0.25070779910107416
6,-0.5461029907254441,-0.17441336113755912
32,0.6633174946246967,0.4072008670139652
39,0.6334160036726428,0.270414429960767
46,-0.3663311304481893,0.46608079312380324
11,0.09486234322050939,-0.8306032261066918
27,0.5174001363371161,0.20304650901018756
31,0.13133342075691146,0.22738723752359233
42,-0.4659559381414957,0.5915809956415063
10,-0.20507678740549645,-0.13348552455589682
14,0.11678218024934556,-0.35701678214072
37,0.17588005751961985,-0.0072804349304739285
49,-0.19917809218687332,0.28570450172321826
15,0.0008280900092745147,-0.1689549322951093
17,0.1615729959728601,-0.4823438346247865
25,0.27096436692675385,0.16067840180228943
45,-0.3767008372143871,0.3137157292768981
22,0.7770595746199465,-0.11246633559768704
23,0.2556012670747117,0.27674952266118097
43,-0.20852431238665672,0.8022794169210257
48,-0.031715816160410755,0.5688773314107242
33,0.38595138631565346,-0.1129331442924549
47,-0.6345301949726522,0.5120319296172267
26,0.24595903931360216,-0.22500110867843992
41,-0.15946110387504964,0.1262788591106175
20,0.5197331728405956,-0.142416431832734
28,0.5666233860854005,-0.2664177097195961
30,0.7884526210806864,0.24131099071764636
40,-0.5771951519448371,0.2692842249500602
21,0.8940017889845324,0.04722068269475451
35,0.3510218489524467,0.13615403177449667
36,0.4396298841053165,0.49387071178593045
38,0.5967134778999545,0.014539875006339619
44,-0.15847506376526022,0.4884875252399379
24,0.5164210929445757,-0.3968160771512551
29,0.8845066459168237,-0.2643881856546556
34,0.6992329480909301,0.6893980134672062
