0,0.20824402101262712,0.1615383728796997
1,-0.0308686625300482,0.07594968251336835
2,0.40645864405477916,0.08565566515921874
3,0.4657800256101912,-0.3199814434402203
4,-0.006001898887670693,-0.27324585404714824
5,0.11699519398082353,-0.2833770998074434
6,0.46140718972478556,-0.4753606578170905
8,0.6638279101957066,-0.20252493000311958
20,-0.4970785692447961,0.13969078505821908
28,-0.1499603165512897,-0.07114415860999009
34,-0.3928377074548903,0.6701759030617899
30,-0.22820937565944063,0.49621463542685107
31,-0.03279817593057356,0.7132803095126636
7,0.12176577896662621,-0.14054840405423774
9,0.14928647501303555,0.006841482450607572
10,0.24340362747665872,-0.30856354080993
14,-0.12072809624296169,-0.4588397882243209
21,-0.4592991451141016,-0.02852785005153952
43,0.5719595572255045,-0.0402272068099427
45,0.33147373414068887,-0.13702156504713872
49,0.10955818291811911,0.1880384978537588
17,-0.2616826763470274,-0.6764595658997309
24,-0.13968977131855922,-0.22901898927105088
47,0.45917795977698317,0.24690074833711717
13,0.36511379192216004,-0.6273850121440583
19,0.023005972281308285,-0.6892246175334149
42,0.25246863065793046,0.46347034814421917
48,0.2768704944107173,0.31384841462418195
12,0.12761129768535523,-0.5744663165416407
18,-0.1982289693924472,-0.883796873748493
38,-0.47341738587583687,0.5162492511466094
16,0.2355017593374325,-0.8161025392761986
22,-0.18432409610991468,0.029702132189897434
41,-0.018287197387327724,0.17361512833323292
44,-0.013812090364069579,0.3419994895663255
35,-0.2602599601397338,0.18966766949649005
27,-0.5665905792343776,-0.23055166521904624
29,-0.7037987842195568,-0.023249663707166825
46,0.6827046889839258,0.09917560684622939
11,-0.31783658712368246,-0.4708594140195627
15,-0.10087600319235138,-0.5715191392921506
39,0.07025267312335017,0.49609848056032646
23,-0.25446513166082696,-0.2242674023773597
40,0.6220367635971686,0.2982161361563482
25,-0.6313410113154075,0.26316409995287054
26,-0.6773457513983567,-0.3536933111300425
37,-0.2421593678875141,0.7535169644822823
36,-0.016358611529713896,1.0
32,0.1122246513763597,0.8482068053283162
33,-0.09887310135976128,0.5387403998014085
