0,0.4226261546482907,-0.05064492116715768
1,0.714558064479318,0.0600212464951775
2,0.6881230053281956,-0.42040673520380056
3,0.33855449930470244,-0.5746299514329917
4,0.4797723945395358,-0.5509479348288879
5,0.5880910710649693,-0.22485400059284108
6,1.0,-0.35153260074465764
7,0.5553354895015655,-0.031180369099493566
8,0.7658957568379192,-0.13377747723797834
14,0.12042108792556969,0.09622959462024419
20,-0.011200590278956219,-0.05653388486408485
26,0.13471627412118334,-0.38623914946485427
33,-0.43446805550454287,0.3524642166137883
30,-0.07122232190701121,0.31803536681661515
9,0.3490688753564198,-0.24077872389285263
29,0.14081243914636674,-0.25374724141906135
22,-0.010292160360315007,-0.26260875261038075
12,0.4305727509010176,0.16922837147801567
27,-0.06662372207293146,-0.5558785059500404
28,-0.1594710310950665,-0.3567004669963196
32,-0.22385445098258488,0.15243702551813118
45,-0.44239657004970584,-0.5238203696769513
47,-0.5673830786865133,-0.4000295365116122
49,-0.61813734372328,-0.6176458599677913
11,0.245448470086867,0.04095267049837493
23,-0.17558335202245295,0.02149927688491792
21,0.16162484919952397,-0.05566614985219283
37,-0.22937288988581073,0.42454617355318996
34,-0.09051329798047401,0.6760232015182934
25,-0.33463731814075054,-0.21530680488708442
44,-0.636494238335704,-0.03336432350973706
10,0.4665322866787927,0.29386856468808176
13,0.23212425564290767,0.6518808155788514
15,0.05929346173966834,0.4364088677977249
16,0.5061083566994272,0.41663509650288916
17,0.7251526589336496,0.3632625261529078
18,0.24949700556325283,0.2660897804561839
19,0.5942385543591814,0.5312633619683131
38,-0.31487975823918457,0.25846794285712943
24,-0.17843080883790924,-0.14442239604787943
39,-0.3083371975188733,0.6062397441641089
31,0.08110265733597762,0.6861807379348225
41,-0.9229933940897185,-0.031339180707917025
35,0.18975211309622994,0.5299847670637019
42,-0.9685023872552,-0.38403394327729623
48,-0.8410177592391485,-0.1989523872322828
36,-0.41462023175272106,0.8994061187542772
43,-0.8665477036612711,-0.5833839738067917
46,-0.7645528712809638,-0.36307098739216953
40,-0.5878899995894415,-0.24962883954062895
