0,-0.2774929923896457,-1.0
1,-0.15083347733746727,-0.5481435774564546
2,-0.3916227349483329,-0.8023867011702129
3,0.29567318526534064,-0.5517199729037662
4,0.19600715583572356,-0.861680605918985
5,-0.08938429544598674,-0.9252102893839611
6,0.3670711508557862,-0.7554222677818906
7,0.028461857858976595,-0.45348470048731454
8,-0.0009052372975290114,-0.759155781249621
49,-0.34229574935837065,-0.08916132877799103
9,-0.37563552028879504,-0.6400074066126755
18,-0.2768776652259933,0.3760287275647298
10,-0.3770611549180857,0.2271729892023403
21,0.025686853476026693,-0.11706739488171326
26,0.2364524044838924,0.25002132349167755
48,-0.22622404335842353,-0.3676724598339925
23,0.3688209500621368,-0.15448486261311073
46,-0.4168666562085785,-0.3287278778726175
20,0.1314140969884127,-0.18203307658665205
42,-0.5640194205787492,-0.40388788456912555
44,-0.7426073503921814,-0.02870205015935193
16,-0.2584441009515421,0.8181786429524861
29,0.12256108246774226,0.48353320579048187
41,-0.570998729305368,0.2906223492122759
47,-0.3320009201852217,-0.22516068292442784
13,-0.03411787152499547,0.4257945860781136
11,0.051398812038700344,0.6779862211201094
12,-0.2488666960991486,0.040038412246811754
14,0.12071320473023729,0.327167386266588
15,0.1577691656812557,0.8528597113010883
17,-0.44279532970647983,0.5937737462366913
19,-0.26636484722386433,0.5869283172443583
22,-0.13641322259946784,0.3191614004583816
45,-0.5988275668681301,-0.1799834218098739
32,0.3809611948390053,0.39389923013476097
38,0.751448151184304,0.5184067155909807
27,0.5591719676306864,-0.1508880739709758
24,0.2378119356370454,0.05338249462605852
25,0.47179333455330535,0.5714424012126992
40,-0.958340041730177,0.20647033834503062
28,-0.022248984980388235,0.16069158087348698
39,0.3507114448956443,0.6969946843262566
34,0.47592012103458925,-0.3434204113277762
31,0.8589006103524899,0.39061302738808745
33,0.5185715365790351,0.25217256476227023
37,0.705409994991714,0.30009045815106805
35,0.21468810288964169,-0.06271364882997119
30,0.582328633419637,-0.015057382436725008
36,0.4521652851293226,0.056192334249223805
43,-0.5606676239577235,0.0765490107331142
