0,-0.9018442514925015,0.11344126078601811
1,-0.7781842906170259,0.46442714176142885
2,-0.8499695470955845,-0.0735815796923309
3,-0.40214046512732343,0.39858286366917894
4,-0.4961594981230662,0.20646418304096323
5,-0.7684124126022558,0.6793939652371778
6,-1.0,0.2827751083471648
7,-0.5862685016197907,0.575123714888308
8,-0.6754969290327915,0.31288678015844923
9,-0.6072077548862246,0.1619520824694773
21,-0.35497210479483254,0.7624472252732765
23,-0.12859286939054554,0.4315676773132521
13,-0.49298324764618584,-0.36733306195043247
27,-0.12419437805802397,0.6814965334079277
11,-0.18569836836705977,0.04576265858990705
16,0.18502537566916852,-0.02146617138619227
17,-0.0939769283513193,-0.4267818967334415
20,-0.033609824968574904,0.14152232563244277
28,0.20100878286453572,0.46710658449763165
19,-0.495849237802632,-0.07728864817491937
22,0.2588238044122923,0.6949973576105425
10,-0.23479996276966092,-0.49348605190216804
41,0.2884430079107615,-0.1202385932133765
24,-0.20296858033179793,0.8881676222327706
29,-0.17820006392895757,0.26168334711918173
14,-0.3572428072866198,-0.3042816481482301
15,-0.2457427087498198,-0.08974578498053466
18,-0.1775879572173469,-0.7108632619149652
35,0.5650963032932463,0.2255503047080026
43,0.03764426655449122,-0.7953006113076948
25,0.10614468608418745,0.8475352934217346
33,0.42873370605037575,0.11913820312368699
45,-0.00567747489419159,-0.17510421990477382
12,-0.16195126013182468,-0.2882781373316746
30,0.9330065109450225,0.10266568161736597
31,0.7375872743793527,-0.17345544616692943
26,0.07177473156586396,0.3790036418794549
32,0.6700304861970942,-0.40752979328948596
40,0.13665943999330304,-0.24232635309654693
46,0.21025814164524934,-0.6812015063574505
47,0.0912378016186131,-0.4581348469501524
34,0.9086405066200257,-0.2750180465936031
44,0.35878994847372175,-0.5608844515583341
37,0.6968724105956764,0.07560169896002071
38,0.44547977194625027,-0.15352356275848225
39,0.9954190090840622,-0.07812867034465992
42,0.24128442955407992,-0.3811121596262821
48,0.5574000697479059,-0.803062451677331
49,0.4869716211659653,-0.5810034639490435
36,0.9273993389147099,-0.5801628367363241
