0,0.20880441143835302,-0.5239736333947633
1,0.6477132782002823,-0.35226112882830385
2,0.9990285501034243,-0.14208573607621092
3,0.3268433304251198,-0.4859023771344092
4,0.6588323565064694,-0.16452481492146276
5,0.7056122468234309,-0.6460845848813151
6,0.838038692751044,-0.5874334259186768
7,0.48624485625822106,-0.6497849642002159
8,1.0,-0.37683672843353166
10,0.06920771560635598,0.4156526083086308
12,0.27934719404190833,0.13945557307023354
14,0.5698588884961874,0.2226690156403734
26,-0.21397444020422612,-0.5925423016815559
35,-0.4583035793364445,0.09614842562607556
36,-0.631955035492499,0.47836686819959096
43,-0.5826311797753895,-0.4621298633771049
47,-0.49106975523611973,-0.24710761799195988
38,-0.14662208641044255,0.36025674512872047
31,-0.19448831515444467,0.11744109741366511
41,-0.5574937234055503,0.17761425878883505
9,0.5021600360183078,-0.8156776688837364
11,0.5233761012062735,0.6100836263509395
15,0.21782336424814608,0.3054336658797071
19,0.4514454959970635,0.141663775776999
17,0.35457522237747097,0.4102192192529043
33,-0.2632120907179988,-0.14420897910422315
40,-0.30982618284195407,0.23899475494619926
44,-0.8286377875434959,-0.1828198022456068
28,-0.0033566000469795712,-0.22034521289992054
23,-0.03219884754139328,-0.46402700775547406
45,-0.2537662115007434,0.004212397217362293
42,-0.6881982012455206,-0.09448902317345777
16,0.31353280558714497,0.6154343524126799
20,0.28536267252524466,-0.08562186380214575
22,0.04723513543837032,-0.06352812597065587
13,0.1342362726864405,0.7648223664716622
18,0.6965405469751013,0.4108982709718768
37,-0.9458318517369498,0.5159366379130835
39,-0.3981021341918257,0.6689775005775985
49,-0.21085307341423631,0.571164990972185
24,0.4079001060602168,-0.27024089751895164
27,0.15502498860007502,-0.2555059515748768
32,-0.9114828595164045,0.22602747113395255
29,0.05966455296637203,0.09847886725297154
30,-0.546512539171704,-0.054654671697451015
21,-0.12944692796818036,-0.3492275837156451
25,-0.37896144399015846,-0.3753096439592917
34,-0.4719327713011064,0.522619341958718
46,-0.5221461190817366,0.3246132285036055
48,-0.7674050645115086,0.1691385493723906
