0,0.5380018502100232,0.5134092978051712
1,0.29204761452809513,0.547067188870868
4,0.055273519671371306,0.36620878760465037
5,0.09226450180140434,0.7586195588738831
6,-0.06454724574845447,0.5712240647795832
7,0.36940999160738236,0.6766022910736719
37,0.22914705058149296,-0.009240552425960571
2,-0.14552191639762313,0.7674836803765781
3,0.33013050506269975,0.354713901219724
9,0.034129816416523656,0.5050944592002805
34,0.06745986189313699,-0.05532623360366226
39,-0.03530024048615602,0.045470586929538044
40,0.6294926625382703,-0.09939817829467441
8,0.10713521853576519,1.0
10,-0.3326174182599072,-0.16502508747919437
13,-0.13403400747235353,-0.07709910646638747
36,0.06892284842447369,0.14137083992812643
16,0.03248127449699725,-0.35008578295405784
18,-0.1078442307170785,-0.3034152619661408
33,0.1708676598279638,-0.2588163195820543
31,-0.04737775552935761,-0.10995154892581825
38,-0.22301375981454127,-0.3158056523265711
30,-0.22556913462156278,-0.08586052546556162
42,0.3306494381763772,-0.40161386225816603
45,0.3491688976688591,0.08348617992975874
12,0.14719964809824418,-0.03485900040770183
17,-0.12540801009483907,0.10234727845155799
14,0.14034356517309113,-0.5471274239030658
15,-0.1220144029560083,-0.540048058725545
19,-0.2833930017550012,-0.5092625291135913
26,-0.5024147960387052,-0.32982422544604423
27,-0.4981484659656742,-0.1208480232199645
11,-0.07226422011716714,-0.4243821472241027
24,-0.7412638757781638,0.0857298988137967
47,0.4127549925495561,-0.14902357228738106
46,0.46421323779241425,0.08622645003025305
20,-0.40507355126331773,-0.007887123210940102
32,0.010770514218375854,-0.5824349053044647
35,0.13482283944523926,-0.39240534221777684
21,-0.3310337544208508,0.06696632818211345
23,-0.6780372581735435,0.20887161351755484
28,-0.6778540018403217,-0.24993775852098424
25,-0.5568757367087808,0.13093666707345353
29,-0.5009712084385035,0.37750646599955423
22,-0.7577800013361752,-0.0713608564739225
41,0.5611485453642563,0.020566701746979672
44,0.6299340131828212,-0.2140005282046867
48,0.5947898751979647,-0.4952963685879854
43,0.2560825333416617,-0.22192103727254386
49,0.5197155181296359,-0.2876452285381615
