0,-0.18070177648522082,-0.036952544034663526
1,0.08167632744711299,-0.07353596815045639
2,-0.3341325419839897,-0.25609371370631373
3,0.35046855734799626,-0.21811708633868934
4,-0.17315351344402638,-0.45928074622295245
5,0.09562391904893681,0.1429560725906256
8,0.03307795424185452,0.4706668000492914
9,0.24013119654667367,0.006372975020506033
24,-0.006008970633736301,-0.5985910108916821
27,0.25646032146660347,-0.30087816316616117
28,-0.03188256811156467,-0.22329497446475546
6,0.13106162635615817,-0.5208727323423742
21,0.5468016520702087,-0.31398948628599505
7,-0.057529589901804463,-0.744163798583705
10,-0.49386225686840846,-0.11437845705514056
11,-0.14788966018233626,0.25939850818112725
25,0.2554213852238167,-0.548544403202911
20,0.6247763509034795,-0.16232576382843478
23,0.7576219776294615,-0.4555929918740637
46,0.6845301891624469,0.18449484765408378
47,0.29530995013059935,0.5101568686194773
49,0.8044223864785522,0.05983762849892607
17,-0.1766436638963413,-0.27488611541552527
22,0.45032142293179833,-0.5872361304906772
40,0.582680822353091,0.3536647578851754
41,0.6670808959970492,0.6044710045497395
13,-0.12316065772029239,0.633829515875385
14,-0.24099311856706493,0.4724225374760975
16,-0.06036546926006932,0.11926658290791137
18,-0.06035741996823869,0.3819103798782137
19,-0.37852970657840407,0.2778768987342046
33,-1.0,-0.02870467562549909
34,-0.40321981772711446,0.06575541652210347
35,-0.8008306002367358,0.01205619826519852
44,0.5434543995434734,0.1261512086059139
48,0.3008967674286615,0.32252950203882835
12,0.1543160872243153,-0.1591829378724412
15,-0.4235921713789569,-0.37366612073848615
37,-0.6122972779422714,0.007183243543502107
39,-0.8086304072630676,0.3585592567985908
43,0.4781377440144353,0.6839437030512765
45,0.42203930393455835,0.0787007122017693
30,-0.6584141768420076,0.16449683034044557
42,0.27057547783553665,0.6745246495921157
38,-0.6771713901420818,0.4627712592252096
32,-0.8279871936033552,-0.3729649863630398
31,-0.4769158612566645,0.44841073991949754
26,0.4585134274732554,-0.07385825068198729
29,0.33439076726700806,-0.6978109441044856
36,-0.6655211000633219,-0.2874860965847815
