0,-0.529256565230685,0.5160076329819371
1,-0.7272677281434733,0.31738335540601137
2,-0.39057692052247356,0.192305807534921
4,-0.9330131166805342,0.015294179992413842
6,-0.29620358356391374,0.6523141746408633
7,-0.7234631026571082,0.6156718284784929
8,-1.0,0.48979255569290936
11,-0.19812565356534712,0.38861773455339815
12,0.40569534055608947,0.5179714454918042
14,0.05825242735339076,0.33866183540087774
18,-0.01566099249605031,0.4947279098956478
41,0.07837689965896934,0.20863117176294785
48,0.6654332053960708,0.24401055028604976
5,-0.4253964901738995,0.5765301339458266
9,-0.6184506267140465,0.013193811816976661
27,-0.2401936036980118,-0.19581666384900445
40,0.057878709152912586,-0.00815130636606226
44,0.32755182825116425,0.32922862975689143
3,-0.9843389803684017,0.26961289811770733
13,-0.06497409094641977,0.1641496063116078
31,0.22346543345423325,-0.41829170734593996
46,0.22770008992608404,-0.03088650847889486
39,0.05481394537835106,-0.5019656210730301
23,-0.1637718181452856,-0.5370229888253044
47,-0.07867724528473612,-0.05950874090891906
15,0.45120899207623144,0.7016171923747339
17,0.32159267025098504,0.19467650986861645
16,0.24442106186182416,0.4104614427793231
49,0.6442636704481821,0.40067309459477846
43,0.34232608002481574,0.02934860286461694
26,-0.3792584827004861,-0.2673447101662754
10,0.44749376491941445,0.15485349986535643
25,-0.2997063782744384,-0.6292638806783225
28,-0.1752266045176601,-0.29613357758317566
19,0.14676045482895214,0.4770781727204711
42,0.3495272003593598,-0.20323217572231472
33,0.609734789206486,-0.017504115847590023
45,0.5344746519152949,-0.1811141431777936
29,-0.04385856601837491,-0.35767614261484637
32,0.7152909950029269,-0.15834076814297654
30,0.44318620599458386,-0.34440561344805315
20,-0.24489195479612924,-0.0017230253674501048
21,-0.3360752703334455,-0.4662792534158105
22,-0.04189465605668816,-0.8154286781517938
24,-0.5792209420654487,-0.40882143268580867
36,0.16874398731544615,-0.25103715192679443
38,0.33615414149441225,-0.6883617776616973
34,0.6015839705117155,-0.39048954883063836
37,0.5045356007226708,-0.8629638551640452
35,0.5290372568924837,-0.6210503897026375
