0,-0.5342192848929043,0.45687491951952813
1,-0.7495568740483141,-0.14032924944420583
2,-0.4625859811384067,-0.033589262620012134
3,-0.35671871084153683,0.1467503875605993
4,-0.6160182018076159,0.16185506219269616
5,-0.4060642794252635,0.6129662735582763
6,-0.9134689343103971,0.3237473781913004
7,-0.925877222174431,0.09776909625429599
8,-0.27153640746049207,0.3281801597205294
9,-0.7401246718071668,0.4605834839364619
10,0.1907586900305782,0.16450947025746354
11,0.47769491920861495,-0.0021191243494323884
23,-0.14478238207369498,0.8415561531447686
24,0.022661972363525656,0.7509122943319222
27,0.6184303688532984,0.7817485688996951
34,0.2951841897287278,0.24743687031078107
25,0.5368109230284577,0.2511465219436633
33,-0.2131065281246169,-0.17344653120609405
30,-0.03169518520165292,0.22325466654369455
43,-0.16820123634722767,-0.5546999100560219
16,0.09221836527319967,-0.06326640189690266
18,0.8157801747290354,-0.4881312191883098
45,-0.4787225303037562,-0.5256413145021573
47,-0.1799172615614528,-0.7107065045298809
17,0.16980174457571295,-0.6498680358535975
21,0.20697172170986228,0.48504061542731863
41,-0.284187691795827,-0.41958376363939426
48,-0.8164999986050431,-0.35629314681815344
12,0.7080928213453225,-0.22080627329665595
29,0.2225707656052074,0.9344188191621681
40,-0.48022552573546223,-0.28181780773908244
28,0.439450109928731,0.9971864660146743
44,-0.6593859535764199,-0.6252323021758679
13,0.20871845109959974,-0.3717283290341261
19,-0.03882482626880122,0.039603131849322494
42,-0.10201417731736037,-0.8757554871975481
37,-0.02101952502367379,-0.2371647110726931
14,0.12727005886306975,-0.28872472553298795
15,0.4646815595922333,-0.5777856098175124
32,0.48661877618789556,-0.18264869593637256
46,0.0979429938976105,-1.0
26,0.8288043299848612,0.7783618145636475
20,0.6683941933356188,0.4624101273481499
31,0.5269923623387992,-0.29493456700404497
22,0.3335696166119895,0.6477752448398932
38,0.2860907398192503,-0.05220545542109852
35,0.6974553025391865,0.019185879575069495
39,0.010510521689158312,0.4355575528449858
36,0.4941541259696505,-0.755201504672117
49,-0.4328764084676748,-0.7671510249866468
