0,-0.16137308301656905,-0.0599782462971667
1,0.07165678236002247,-0.11621855659511357
2,0.10263841825803498,-0.5266105605836668
3,0.12132717828207971,-0.4077310295864994
4,-0.3334392817889544,-0.6367164998640137
5,-0.02008942013223986,0.07535484015803694
6,-0.4448359057595175,-0.12436991994306576
7,0.2799843570797064,-0.15594963073085963
8,0.003531082332826169,-0.2551153915071814
9,0.2212945459814291,-0.02576575295642373
10,-0.23564421400804605,0.10677583003327755
13,-0.14396774392620823,-0.6207683871431317
28,0.09519526765025496,0.2818138274031967
29,0.22623161735380765,0.37930905877045823
38,-0.33277360677261425,0.8096069986519303
40,0.5009396822014737,-0.16619145629065293
41,0.4674019918484557,-0.5625431328978907
14,-0.7911792006489189,-0.6197249018415845
15,-0.42420329021387093,-0.4137547797703517
19,-0.30308544986500063,-0.0965519115953958
21,0.37980276779121086,0.7784623827477527
22,0.06535963006032174,0.6523005789506885
34,-0.5102400222457295,0.7893117428628744
43,0.614651463861018,-0.7964795516791092
47,0.9816815212707307,-0.8626809939162864
49,0.8768136566302837,-0.222827172881844
17,-0.6918033741663331,-0.2836390048852501
31,-0.5530172699428006,0.2913581857821743
42,0.26674175591903476,-0.9712756849362705
16,-0.5966721486764317,-0.5634898462720785
18,-0.26428187009138193,-0.28769451539269375
23,0.5073255874617887,0.540293364697835
25,0.5521985377820648,0.34954941589246746
27,0.5407593961752056,0.12544817592641022
48,0.4613174415061423,-0.389414260937555
26,0.27956650568561603,0.5658620018350294
39,-0.9137665854438669,0.3815640916384174
11,-0.18098902658114996,-0.498102924980558
30,-0.5716249848760337,0.5130815633113461
46,0.4886644115547592,-0.9179080742827684
44,0.8081232997574264,-0.35352758666299594
32,-0.3618046632084204,0.5506531786698204
24,0.09186830812329938,0.46820441085038295
33,-0.12607800365417085,0.8172688635484698
36,-0.6893870741240192,0.822379393665081
12,-0.6165975050291356,0.043343759232053705
35,-0.3402247535481234,1.0
45,0.7729717238965494,-0.7033121959466065
37,-0.3105466460950858,0.425989101627352
20,0.13957819299107488,0.8704112041219695
