0,0.6639476702732349,0.26078278950261724
1,-0.1908878148718941,0.7001027532424984
2,0.2549020442669792,0.5857799619016754
3,0.543188991099209,0.5058572092280917
4,0.4747553822571096,0.7090832665944212
5,0.23454816950527224,0.9447654062178903
6,0.5549846578098627,0.9717710128038186
7,0.8309268913193008,0.49630611124136254
8,0.06076217889763925,0.849831212691394
9,-0.26374797111025755,0.9972257226535339
12,0.2608584777752277,-0.2791765769560734
17,0.09148934857412823,-0.03534980882679671
18,0.05108638440673948,0.33065420895736664
29,-0.15928641128528107,0.2912149189602899
35,-0.4070669201334852,-0.8913386713345984
36,0.6140790885938642,-0.5301592974440409
39,0.1911711103456741,-0.8028530314281077
44,0.34209907006208934,-0.6582781421742582
47,-0.34153164352588095,-0.2676231464826065
21,-0.6766127623177447,0.01029433836990173
30,-0.5609285972301585,-0.33677610933867574
31,-0.2004515580723664,-0.5965576582556723
41,-0.08554660459558068,-0.7544165486219678
23,-0.4419541680075867,0.5650762610740276
27,-0.6481919140446871,0.3776577276961037
33,0.10882811838221716,-0.5477238268176486
40,-0.01657441297748026,-1.0
25,-0.10968525987632693,0.5196613673433563
26,-0.43564295470793446,0.27781821806118207
28,0.23828045766119474,0.2718762440929676
42,0.4586563986945106,-0.4374351528782016
48,-0.5190475810929612,-0.13860399306065357
13,0.5074794804282357,-0.08263963619803427
37,0.4325660261017703,-0.8151895734307413
38,-0.4000877059293729,-0.5015315449822646
49,0.0034833286520488307,-0.22060657525103258
20,-0.8240213721100745,0.17567724748616245
22,-0.12119955093062065,0.9334335257296225
46,-0.17945624848219352,-0.13128890148371838
10,0.7650680230850656,-0.23479743581177265
14,0.4866231223815381,0.30255504829749863
24,-0.625600511552006,0.7549331455877563
34,0.002237798717436698,-0.41000892256422455
15,0.30575267497919223,0.06381895201165619
16,-0.14364478745475834,0.04513398216815089
43,-0.741238032174237,-0.4925689170610658
11,0.7631390544468964,-0.04158022929447446
19,-0.3275386484853477,0.06942992310833793
32,-0.17393244518755413,-0.9481884315469183
45,-0.6470380725606376,-0.8560484237781406
