0,-0.1543649479901564,-0.2503942581192329
1,-0.2048549451234843,0.007091004906925057
2,0.32203381789755514,-0.29725711678015154
3,0.3490407162752787,-0.13092667923267073
4,0.1434530202802032,-0.315412492672761
8,-0.2595917697158808,-0.3636725662903243
9,0.14184598961940054,0.044904120046076454
21,0.17549368581213406,-0.6553332480283794
22,-0.2069175184466014,-0.7506594589731896
23,-0.04889247454557206,-0.3345845236262889
26,-0.5364518229282245,-0.7119078597241869
28,0.09625351926967726,-0.496525124545474
34,0.21484659798429762,0.7192721619128873
5,0.15698883359947152,-0.11381482349464618
7,-0.26187199930853766,-0.6231964467921224
36,-0.15025715922522043,0.3563949345167093
31,-0.20113531439540897,0.8207550526431631
6,0.3426390024601821,-0.5276511636729154
29,-0.05966358267649075,-0.5308246274867207
32,0.4656340724350563,0.6145546854665618
40,0.27641806728446344,0.1881026762692732
49,0.4839768239848668,-0.261768189578397
24,-0.05132123209383748,-0.131960480353005
35,-0.24573430407089997,0.5946216676165132
39,-0.033299457832765514,0.2999286999862426
43,0.662790541441053,0.0672426340267986
48,0.31994039276527325,0.3559792434733551
41,0.7986435086681806,-0.28467533026375963
10,-0.5586385136449481,0.4540629396849688
11,-0.7406352729045058,-0.21073497426021545
12,-0.3725112223337298,-0.18217556509562083
13,-0.33093512111931817,0.10756523546491939
14,-0.3252427799667554,0.25113895748786297
15,-0.8387828169973441,0.17135208094499688
16,-0.6413120285319129,0.01799701496063663
17,-0.6810420128843762,0.28279030441263064
18,-0.5416299111193483,0.17257780565480046
19,-0.09786764541924654,0.0009157613927362855
30,0.04912521325911046,0.42423245035206997
46,0.47847305848540544,0.039951236129873405
42,0.5338940717317273,0.22718426647516268
37,-0.02858908681391121,0.636530230966785
33,-0.09711389941376658,0.7942950193617137
38,0.30865430168497915,0.5777958197581387
45,0.5431502661363338,0.3884815658920009
20,-0.49271526935630294,-0.3085080077949126
25,0.019804785665249885,-0.7922025526864886
27,-0.486391578031846,-0.45223132535151483
44,0.7646634001504737,-0.07262141980994818
47,1.0,0.18332066482911621
