0,-0.5052719864990541,-0.35118800684414714
1,0.1542869970730499,-0.3736175340839888
2,-0.33468990719142605,-0.7435318927376098
3,0.04825061594760411,-0.3869646348025631
4,0.145525222014598,-0.5279574571655133
5,0.003866467465355057,-0.24639709481687666
6,-0.2666937004066874,-0.3895573152864575
7,0.05645639290360194,-0.7503226261985418
8,-0.1421376279306211,-0.43445571185428955
9,-0.1311648203932167,-0.6846743719873584
13,-0.4740007142877272,0.0562877541844926
38,-0.19730616560625472,-0.09019424721931238
30,-0.4599195169795361,-0.5352247241059083
33,-0.5640875081709472,-0.1956599492003464
35,-0.4004820479262042,-0.26300970600281226
36,-0.6512058837497905,0.078608445320682
10,-0.007733398137445108,-0.007734729671720513
14,0.20783317681637786,0.1275232191941352
39,-0.7526538988406956,-0.1286722990655567
31,-0.37044942061305,-0.05535377427159614
48,0.47744515356660083,0.07412830188809404
32,-0.21194056495065555,-0.24374500477702418
29,-0.07008964560680521,0.5471209655119549
34,-0.7011014124912613,-0.5502309393159222
37,-0.30980356613516685,0.08202552382940248
20,-0.09009526836348432,0.7232932010191165
41,0.2999631323686896,-0.225652209467879
11,-0.17869491393950454,0.4010154244766591
12,0.17323178757484647,0.2785350383175219
16,-0.057175689073190254,0.29838702108556786
17,0.03147711338199362,0.1468085259573564
18,-0.11258574086832876,0.15901113442888198
19,0.2235988309588562,-0.07432056689526692
26,-0.2985789680757072,0.6258183833141612
15,-0.3043695885028915,0.28051179055312414
21,0.32540790938032005,0.6026588383436999
23,0.12501137051059957,0.7590924876009025
25,0.13513414343440278,0.5493113038732818
27,0.35937425893466046,0.7357789159746562
49,0.5717426098819239,0.18355035414941784
28,-0.31983731906763513,0.5313071349033546
40,0.8433276901891217,0.051975880430052544
24,0.1709754911008293,1.0
22,-0.2558254670668313,0.7709239777496897
45,0.8230855080137925,-0.16915604071746818
42,0.4115038620960969,-0.06478796319586212
44,0.6163109033471388,-0.24113236803714694
47,0.5066781944194689,-0.3933984605606812
43,0.8751987252214802,-0.4271199264142509
46,0.5822091842727084,-0.5096140674101036
