0,-0.5597426620172429,-0.5040498535114241
2,-0.5458090293292076,-0.377710872383687
3,-0.8545314189587051,-0.22067419260785223
4,-0.6867359105618033,-0.21270467232639614
6,-0.5456408631439764,-0.032590394314709684
7,-1.0,-0.03478886674976758
8,-0.6610995375757726,0.1475308237949444
9,-0.807880036504302,-0.4539122129169429
15,0.07340359509562344,-0.923833568933413
44,-0.31162723268397696,0.3613903709820925
45,-0.04072163841587987,0.14455257617843928
1,-0.7572942200742633,0.009580000292528038
5,-0.35557420399328715,-0.2326500610729371
48,-0.5049589972512832,0.3458849532768899
18,0.05275542124675344,-0.7109855882415812
19,-0.20846033003625478,-0.5427741844217556
41,-0.14275004031371472,0.3527474739181126
32,0.5731945022115352,0.38812671564297385
30,0.49141954107227515,0.30995211634571096
17,-0.15757784399198915,-0.40366505185021656
29,0.26592318929500125,-0.12187491284670002
46,-0.4067787026304153,0.6811430640736855
42,-0.2459829327139624,0.021097339286051786
47,-0.03897964152838958,0.3239296711814889
37,0.12816956990357767,0.7507892959296671
40,-0.12144586030782978,-0.04728840081799461
43,-0.30189352015450266,0.14021785141422252
12,0.024144685698031253,-0.19843853094336436
10,0.1749167419906505,-0.7409673355208355
11,0.31105095131952626,-0.3028614895173254
25,0.14278114022459035,-0.39854078772707713
13,0.2772178774496291,-0.6018562612273997
14,0.03917864344213918,-0.5656514311668543
16,0.33457238788999666,-0.4777367013419303
21,0.4761974795421635,-0.03604220396592791
27,0.7574176677007697,-0.07032580923506565
28,0.6464362971228764,-0.20427925439792885
33,0.3078209007137141,0.47267612048330515
35,0.21072307658999184,0.300230468608322
31,0.5360644292362826,0.631710521211643
24,0.10469939831091742,0.03730439943676979
26,0.23569792690367958,0.14092835494861394
20,0.5428904317695223,-0.3034167997525427
22,0.31907412681823194,0.0219536094642951
23,0.642606632484045,0.13385686858378898
34,0.1927058236554822,0.5554321687625041
36,0.4791178796798557,0.5127036583032034
38,0.3187540902829992,0.7570218787303896
49,-0.2064273623784634,0.5205807325895943
39,0.8029775769153652,0.65827840435239
