0,0.03681532454059447,-0.6659385651585307
2,-0.11971920756777181,-0.41025874631308634
3,-0.46702294630720104,-0.6696744563551995
4,-0.2789501671500662,-0.870696658765327
5,-0.11962262479727669,-0.9999999999999999
6,-0.4252624390213041,-0.4775542563961039
7,-0.05817966009257641,-0.5707949706016495
8,-0.23390432940948247,-0.598846192779731
9,-0.5012063015462496,-0.8304459653770676
11,-0.5534308702362635,-0.34061352615131796
19,-0.23721092442065658,0.020381267460350055
22,0.6048152537552759,0.2527950816195151
43,0.38162271758712213,-0.28731391093784514
49,0.20490322345771939,-0.08737604092186801
1,0.015298255937948696,-0.873815606987687
41,0.303527947733923,-0.4054349141662698
44,0.3768667006846896,-0.465870095451341
12,-0.4164694779822427,-0.08029050941175073
15,-0.7000774375612425,0.15617613437766942
16,-0.30300148167424323,-0.2929156837957448
38,0.19006505266727738,0.6313574651034027
40,0.5560698142914077,-0.23176580900063648
42,0.32662857563023295,-0.07218544663012055
47,0.06632953047128047,0.05503727326299583
48,0.09106702253944429,-0.23518830990807885
14,-0.5372117034341806,0.08254556290870284
45,-0.021687461771215236,-0.13499116587250964
10,-0.9006018094998844,0.02277779598311914
36,-0.12531343168345171,0.4509975051347391
23,0.312823020397058,0.13726332175786052
34,-0.24484358708447967,0.5652058165978775
46,0.17443675481219806,0.031334093042758
27,0.6249951914060785,-0.02879207253152228
30,0.06586032752157271,0.3121869830855061
18,-0.7608496200697976,-0.09523338841093475
13,-0.4676804608876227,0.29090608813052976
17,-0.31714854280906624,-0.18434165185449997
33,-0.07525887314419157,0.9240595819250245
39,-0.2297293959930129,0.79409553520832
24,0.4468276046170213,0.1688877021520693
37,0.01431282076592903,0.6309360868909463
28,0.14382695772754245,0.4347120769299629
35,0.23506722486489443,0.7936932897041041
20,0.3496230598506289,0.34076137046757526
21,0.3873336015765032,0.4710308267869013
25,0.6592686091163078,0.12709752352200915
26,0.17415843573268436,0.2403198703533917
29,0.7267392309945672,0.3367209976889121
32,0.19108729751576656,0.9473825473671071
31,0.4340131979478233,0.6916761463174662
