0,-0.05306886110568238,-0.3170027561338071
1,0.33404935215835063,-0.5806604035237384
3,0.4890734656478263,-0.710129096017266
4,-0.28893320553462665,-0.7923226745969492
5,-0.15789403671607183,-0.5873170483126314
6,-0.27038974051634024,-0.4829485349512035
7,0.1683756731256057,-0.7904768872303243
8,0.12578351635461282,-0.5169517353896819
9,0.03376408857203616,-0.4330096387768376
20,0.5987232215991647,0.24351466415695938
23,0.14853577047287886,-0.23304524346763397
24,0.512481071203707,-0.06747509968199851
26,0.37564960169409994,-0.08179371036038152
33,-0.7739010794398701,0.11916653093821315
35,-0.5923744342553406,-0.3151858346531138
37,-0.5542202873925374,-0.5035971276230753
40,0.014034680215986141,0.41165791724839734
42,-0.06589074474860382,0.2389993028803479
2,-0.06976308271699046,-0.16033627568042358
27,0.6925331628214778,-0.48913362199487176
43,-0.30408560772173365,0.41782782358791865
22,0.37103779537993836,-0.24417133339055835
25,0.42340720264080706,-0.423453491239229
36,-0.6945303190382807,0.2722174957417993
45,-0.37502618253224934,0.24514939760451435
46,0.08447680332916073,0.5233035464316999
49,-0.21452786514153296,0.5645704762960033
28,0.7693964200668276,-0.23147988422903368
29,0.6362572387017341,-0.3017689311683832
34,-1.0,0.1373638615407355
30,-0.6942657544750689,-0.21286373405795142
31,-0.47615035044080006,0.0029254608643565568
44,-0.22518635217510952,0.2505535617642383
47,-0.19580505325788783,0.02031956199090629
38,-0.7241566768208068,-0.04257632282333181
21,0.6835775537568243,0.07137025157886168
41,0.09128748570907169,-0.035192678250487934
18,0.3385000240904238,0.147257907904895
39,-0.8842836919657447,-0.18113626334482433
48,-0.07244532399665411,0.07059922960181685
10,0.7081814261973579,0.4065664124855545
11,0.2290501400709011,0.24655962951832677
12,0.3855380660123781,0.3203961156504851
13,0.10112236545673631,0.18346713326040243
14,-0.07892229751216771,0.7561543566158004
15,0.4759947208480154,0.5043186428665729
16,0.21546454952237623,0.8207673857462813
17,0.09364643603896067,0.6403185359706175
19,0.3867057495822895,0.6569156418594934
32,-0.720826633765456,0.46176748279253876
