0,-0.26120051778349057,0.038820514546540105
2,-0.5249721365797861,0.10250433917826701
3,-0.20456489969410865,-0.07009514945522868
4,-0.3593682706518972,0.33726616387836833
5,-0.07447135025663536,0.5441105975393172
7,0.09467721888031343,0.2994776499425413
8,-0.07506313323170301,0.05764164763307139
9,-0.1377862567178641,0.2960574362015587
11,-0.5901526118424193,-0.08122895176130618
12,-0.8198231911894126,-0.36661691498421206
15,-0.8848249282328724,-0.13411291903714867
18,-0.7260393799951541,-0.6888969901090596
27,0.5126613668767211,0.4727168026364067
37,0.24120269676580802,-0.4945381333921997
39,0.0686716764667298,-0.3916786695273048
47,0.650347000062114,-0.3189142317008984
1,-0.5320539209693314,0.21475303495578404
6,-0.4910413581793871,0.46353704882159213
16,-0.44082165874232543,-0.7581456341740437
25,0.1772918414402687,0.8362324433512897
14,-0.6149239712690516,-0.2599467344387927
19,-0.48415714322774794,-0.3600942170270254
30,-0.07173837061506401,-0.13849833521776184
10,-0.4896614708955998,-0.5809122692048939
13,-0.8317216102149367,-0.5546383433161667
20,0.16165569322869325,0.624132629159173
26,-0.17768490025881534,0.6322535350372751
21,0.4642333083105866,0.6460956573937021
24,0.22635913535981766,1.0
36,0.331622656865915,-0.26956856327114587
28,-0.16679857221875205,0.9318542305483358
31,-0.02928940778207367,-0.6736475259489824
32,0.15487867166739797,-0.14364532342737327
34,0.36092033898530657,-0.6726064872358627
29,0.3559335518664778,0.44665691363071464
46,0.349778732787658,0.02045031526337237
17,-0.9441776044107226,-0.7766227202401311
35,0.198880390634577,-0.7996469553541308
45,0.4620585929411812,-0.18792024665042492
48,0.2973831481398577,0.15377878646963133
33,0.027648576362402855,-0.5575122447569812
38,-0.19098373495059967,-0.5574068513205587
44,0.6697452889179691,-0.07398968168430596
22,0.5686200257661168,0.8596240945684135
23,-0.06356533527734509,0.7609105515666948
42,0.9255847067380183,-0.10102925366117278
49,0.7243071570109765,0.3081460347155464
43,0.9405761042689929,-0.3159105190587461
41,0.7407706365256786,0.13495729508008428
40,0.4810772183175139,0.14584614383816485
