0,-0.15245543814703627,-0.4536846564091484
1,-0.23607621497480955,0.1001915220418274
3,0.26494048457044483,-0.061977688997849834
4,-0.08771845577548748,0.11517418645230232
5,0.053654966151274394,0.08860739455602744
6,0.11072401438278245,-0.18728903404953023
7,-0.042945146107302386,-0.09122026628529604
10,-0.039325412677756154,-0.5339560055072531
14,-0.4265749902903171,-0.4738904139805049
15,-0.11114535369069005,-0.23553715082184964
22,0.5677102315107166,-0.711193880121612
26,0.7733965731954807,0.1340693033087331
29,0.44367965140887217,-0.5351168216397597
31,-1.0,0.039167334539763336
43,0.45677211609680834,0.4148397140313533
2,0.12598069283639574,-0.3590791786699522
12,-0.38480600117766917,-0.3549293855938217
17,-0.5071543973836569,-0.2702832826162281
24,0.4991189794465715,-0.09204696919203546
32,-0.7411836460790002,0.6648916264510677
8,-0.1988423419507093,-0.6462133472341758
9,-0.38439356380494133,-0.026130667084827065
23,0.9103076532995459,-0.6331349171419314
25,0.6129738129237672,-0.3120380685680927
13,0.27252263183938397,-0.19932856549604916
20,0.8631894093730147,-0.3281160451743591
42,-0.17138072878244134,0.55215933903929
21,0.6779220538955623,0.00047064902722948794
27,0.724462692595527,-0.14251933933173108
34,-0.9688045492222052,0.3857005033641919
37,-0.49797196337611277,0.4212866760213187
40,0.43267315854387645,0.11549065496298834
41,0.03716668600750183,0.2852027449123953
18,0.24806119134250712,-0.5167537557951309
36,-0.39553089127377816,0.304638002036165
44,0.1528220145157413,0.6045043539908849
47,0.23077974857722205,0.799722081528447
16,-0.004175359938746991,-0.8246210632973808
48,0.29608595148872996,0.3151655183539643
28,0.6706638802850219,-0.4932594903628085
33,-0.7152522590813459,0.29752722486127836
45,0.3134240915378369,0.522055550216749
11,0.04090243124104661,-0.6572603874793909
39,-0.36689123700367055,0.6335854658334967
30,-0.5597477570018968,0.7636135269141038
46,0.19370359809295012,0.2240697837230104
49,-0.10028595128283138,0.8077817688114084
35,-0.6457175953486044,0.12153657229312428
19,-0.2720583542365629,-0.19998053528392074
38,-0.9632011065510083,0.6281094188635125
