0,-0.19844788157861581,0.37089429820812697
2,-0.5173265707680261,0.08165292692631639
3,-0.6688532288033359,0.4392629954215662
6,-0.36502788627204535,0.4180237846713098
7,-0.5655567922941268,0.23666188211834563
8,-0.25673475299986254,0.2839797237911665
9,-0.16763054242660766,0.09382072411118081
44,-0.3981800843021168,-0.29094906245394403
1,-0.09737235252610633,0.22392215809504246
4,-0.4614955043292879,0.3835886949113621
5,-0.41305836876507124,0.1847449663408286
10,0.49895707670451794,-0.3220803395232944
33,0.049970364619789244,0.2814571137645076
35,0.24194020211301026,0.3028120723450653
39,0.43458871762444923,0.6933186707582254
30,0.0778087090688345,0.7773254796239847
48,-0.15126406933093384,-0.4355020145933475
20,0.2201856150101852,0.1615436287078801
31,-0.14281143752421352,0.7069434720700003
43,-0.5817490448171532,-0.36587899443287786
47,-0.2963326449459516,-0.5782710693191311
49,-0.45900319576865484,-0.4398977801419063
37,-0.08981448026695256,1.0
42,-0.17791985382179398,-0.059796745998483496
45,-0.7727144991592053,-0.3405208403527931
11,0.11061182143663294,-0.32906860631966317
26,0.012541418030165678,0.002961029607521564
34,0.21982647794951815,0.6168417142559592
38,0.027035034227583524,0.676343639167877
41,-0.5260935583363067,-0.16584301941858648
46,-0.32467145192320834,-0.46257572365752625
32,0.12773132865792364,0.41502977158242876
12,0.07747467298243718,-0.4555223707867914
36,0.3830946621306116,0.49930861865259474
40,-0.28147367164195636,-0.18910437072137917
27,0.42302039896072624,-0.009132444401463132
13,-0.02871300323370635,-0.709295705444061
14,0.3206436459896083,-0.7760996031132629
15,0.31428994113738407,-0.38037089038847843
16,0.35481101984058516,-0.48859235196144557
17,0.4619704538502905,-0.7298221150046649
18,0.667547999569751,-0.6652974783802234
19,0.16820841960340807,-0.6971733628118288
22,0.5496488008418955,-0.14143015518777527
29,0.6122260300424848,0.03766794970878519
24,0.20417326142802708,-0.007525114200359312
28,0.3630286221379589,0.22282457851574877
21,0.12295227991196175,-0.13073450346486418
25,0.31212859738171944,-0.12040436855873385
23,0.5858293045837974,0.17995913728107008
