0,0.07922952245651727,0.04102538234473944
1,-0.02425613651410681,0.15205308510856766
2,0.27928310808147117,0.34158582342771454
3,-0.028853466853962003,0.3247069066678273
4,-0.03468463591276446,0.7031057661997709
5,0.4973232307631586,0.32716524392399865
6,0.22228797521205804,0.7046038884861865
8,0.15639231074654172,0.37091777218720345
16,-0.07875971691990565,0.5118730647984335
38,0.044329689818309724,-0.4530858113633337
31,0.24370668659513076,-0.7223278430761352
7,0.288377200746448,0.19046560719020467
13,0.17297172176324843,0.4963970863766919
30,0.201667297096171,-0.3811992792605019
46,0.5897324317393335,-0.20101444192305107
48,0.25513293692187344,-0.29851419367726983
9,0.48622149991974123,0.6338403958457329
14,-0.20941072196903945,-0.0526957420926061
19,-0.4015661396534609,0.2973247428509982
43,0.4496970093665822,-0.40546410616518946
10,0.13428805355539278,0.14415959348118543
15,-0.23542812921722509,0.3844350954291795
23,-0.6979513256449239,0.190118930031677
33,0.05310552506218098,-0.5878776459888754
18,-0.3326913910426849,0.12326570234815291
11,-0.08674520060484099,-0.03794336894131051
41,0.40703905751366376,0.07050099731451301
17,0.021433888470656273,0.43416586298526466
36,-0.06684510798563481,-0.2520232041092121
27,-0.5289343418832979,0.10551559871561614
35,0.2532539873151348,-0.5334510885093781
49,0.2638297374441098,-0.13899978915924063
12,-0.16247557376512956,0.2314269455753834
42,0.7980374636314126,-0.09278458496195174
45,0.6726387540644404,-0.37530249362211665
22,-0.31705630499827064,-0.11739733981085766
24,-0.7315487830331403,-0.17481080598379695
25,-0.523369480870403,-0.26226497850029656
28,-0.6105431459944611,-0.04280817408878304
47,0.4503896888986009,-0.21674832820191967
20,-0.5279348609495658,0.4102845268204319
26,-0.7539407094721023,0.45834477973092413
39,-0.21194335988593976,-0.4155389160305916
40,0.5667423602655184,0.09500599119460043
21,-1.0,0.009348719547882547
32,-0.2678262912761634,-0.5811835420773699
29,-0.818616154164937,0.33427570373194054
34,0.09049782718976096,-0.9238303894046601
37,0.4267002741221149,-0.7355992421373235
44,0.5470717398523804,-0.0830479032290482
