0,-0.2609910848511288,0.27815615227780077
1,-0.41498580145358205,0.579890568718221
2,-0.11255162430122545,0.15456673881861988
3,-0.09022927816291272,0.6324017358754652
4,-0.7100326563189089,0.6389840805575862
5,-0.16301222733639503,0.44913190795586677
6,-0.5936200251126692,0.23954834982448386
7,-0.5776625091793375,0.3728554802609866
8,-0.18236765648482198,0.8783404799030292
9,-0.3497582659495655,0.7478162422766785
13,-0.5181240769517574,0.030418548566722162
14,-0.34531920713800857,-0.04390568314760897
17,-0.7112087904199267,-0.29899958725644454
29,0.4565537506374368,0.1850371527196504
41,0.6194386761659201,0.27107421411204113
18,-0.949155091625931,-0.04791672927219301
10,-0.687947221060811,-0.5411010424008014
19,-0.6666175838049877,-0.14663217012305835
20,0.8605809703602985,0.050910309182665044
28,0.5304172084639518,-0.1467395837266917
40,0.088378312042993,0.5304978021932292
48,0.27309376679110053,0.7960310576695824
47,0.31649242281913975,0.5700312353367835
46,-0.018926940706031768,0.29502012071796935
24,0.6230365787416614,0.020279759975225332
25,0.8580553043741057,-0.22706071165590636
12,-0.44628916663315854,-0.4150503217295918
32,-0.07231803996578641,-0.17243753082655044
49,0.4430169739305707,0.455478776060645
23,0.1794821529697329,0.000522626871489358
42,0.5519412584699351,0.6289138206254614
44,0.309490404395384,0.3368575580838977
45,0.16744059003341133,0.18586749070945213
11,-1.0,-0.7027371484102684
15,-0.8568665539081574,0.13860534803698937
16,-0.34045431351647115,-0.5786849890482818
21,0.5909709233906488,-0.3108354227003498
39,0.27245609219944505,-0.5936290493220339
43,0.3435864820131093,-0.017495757323375723
30,0.13825379628039486,-0.15927691618898654
22,0.648731449434034,-0.5013020099537767
26,0.27500260609913574,-0.8043694260709507
27,0.30566666923178293,-0.20277696559189823
33,0.1030909967008734,-0.5435546293966929
38,0.5823011581690795,-0.72899888122469
35,-0.1601617520515917,-0.34794655384352124
36,0.015750619523097645,-0.4079254897696344
37,-0.11029906584721354,-0.6378983384560196
31,0.2677285221744226,-0.3551957622320771
34,0.5179412473687147,-0.5347668576591382
