0,0.03809172293672857,-0.5244262395734989
1,0.2668949790031349,-0.12313275311012649
2,-0.13714963578543804,-0.5192844802464999
4,0.28442217746477944,-0.5309847290194402
5,-0.32738374873925513,0.008109190263002181
6,0.2871019144428028,-0.2548919966245201
7,-0.19362422919929775,-0.25519598715561803
8,-0.058195448420089654,-0.06992895783781981
9,-0.188373896488972,-0.6784430169099885
11,0.3795266058296451,0.09567688188138
19,0.6638909629581321,0.15207763340050298
20,-0.4654157941711656,-0.04078898753180395
22,-0.06977680559650176,-0.17357338736990588
26,-0.1620878089209202,0.07730851327169838
46,0.1836660747811252,-0.8409653949321669
3,-0.3268662341432687,-0.6398423167486529
10,0.5305596054752069,-0.03063669152468249
13,0.20436838780516167,0.34191702064104945
15,0.8466945382086364,-0.11781599675284196
17,0.3482845010439866,0.26680233246338364
27,0.014422016628632621,0.22222314938130558
16,0.709514287511506,-0.2786518625947686
28,-0.5486102300186247,0.16731885225910978
31,-0.12012938661819562,0.4779597011110128
49,0.40623250911165826,-0.21774001187945616
21,-0.5681790090310956,-0.1825857873250259
23,-0.31148405859821576,-0.12075618705365668
25,-0.5295898382570464,-0.41882670336622246
42,0.09095980734410425,-0.09193505392865864
43,0.2720437353312251,-0.6883231178378673
41,0.01961008524669514,-0.631027095849088
24,-0.002430079053080235,-0.3277224181887967
29,0.0031483659880696406,0.08296035275556798
37,-0.21140056918400182,0.7333357200351133
39,-0.5127859558329975,0.5817000634870045
18,0.638916799564586,0.316285038312651
14,0.2982575844217973,0.5168814012117506
12,0.5266275905253105,0.37313711572626956
40,0.19779041937960679,-0.4119330613490406
44,0.4828959170243556,-0.5844820722030976
45,0.45825774997992935,-0.40268979168338487
35,-0.18992027623718985,1.0
36,-0.5837704747529493,0.9933558511216166
33,-0.36030055813203954,0.8732107111128541
32,-0.2640450763874049,0.5526556327535761
48,-0.1805430454127333,-0.38572364602209075
47,-0.3663755741006701,-0.35212887447159297
34,-0.781030243968068,0.8702471630939156
38,-0.6852636149911494,0.42035498333226484
30,-0.007446745966447076,0.77091931147527
