0,0.10655966429547772,-0.24162288770398793
1,0.11113207754758238,-0.029735308387954983
2,0.011460033229617134,0.14201911294214273
3,0.21830548538397448,-0.6561802268382338
4,0.4009531381115774,-0.5542406865275789
6,0.43214797564436697,-0.11639771031079556
7,0.019215024009809057,-0.38967402969192705
8,-0.037781382407128715,-0.19735126186962554
9,0.18186716068263026,0.04062476850907744
11,0.18345967475649227,0.45768163369323034
13,0.021783180658424647,0.3759826462843024
18,-0.12932140951034,0.2967817972100255
33,0.23542493992554062,-0.38695643190415546
34,0.24841215343620332,-0.5101732413305039
41,-0.6826244987380871,-0.3517648948746431
42,-0.5041860497119391,-0.22399252955904966
49,-0.2996238095086044,-0.5832406107778112
5,0.2606286105077381,-0.09760509591362061
17,0.36776540147202225,0.3635627837563012
27,-0.6874153372878463,0.13141818806358707
37,0.5836764856918012,-0.6013460361426185
39,0.9886187384507873,-0.25833007822896215
44,-0.12438716281224471,-0.811750798559544
46,-0.4699739190882447,-0.5261253334966707
15,-0.18639450786720155,0.9006040165134319
36,0.631978115257742,-0.22464685994600908
31,0.47315359854593364,-0.28005981532734814
47,-0.2773370413217301,-0.11192376550550008
38,0.7387875400703144,-0.40349755630443046
40,-0.1641568047038385,-0.41088645025971965
12,-0.04255008036956272,0.7729264990603537
30,0.7265292962759877,-0.06340755720645525
16,0.4976399730500517,0.7648460259039064
19,0.4283400455150865,0.4922826037920215
24,-0.5406184414072052,0.13872374231361903
26,-0.19526911486849297,0.02793860388500236
14,0.10032116477853018,0.6872551677832808
43,-0.39058415661699886,-0.3141782851975462
20,-0.8030060720664047,0.013069209508231032
32,0.6513600953665133,0.27548275386431503
35,0.47256949469369114,0.09330385454795588
10,0.16355728296710603,0.9999999999999999
29,-0.48187103006237975,0.6458396955346615
22,-0.3647228064757309,0.39952247440347655
21,-0.790593005957807,0.5389050122805664
28,-0.2839635464267568,0.5371640303414065
25,-0.6751668267316339,0.3300762612248966
23,-0.3662875796006239,0.22598951211122456
48,-0.6029073218494837,-0.7060246364833527
45,-0.15490444493472122,-0.6008883051789834
