35,0.119808,1.14683,-5.71426,2.65274
10,0.1696,1.06655,-5.87041,2.61991
4,0.00583664,1.17507,-5.6522,2.91088
37,0.14432,1.0378,-5.90827,2.7442
25,-0.0127998,1.05227,-5.69815,2.80625
39,0.357683,0.988956,-5.75122,3.00241
13,0.0712847,1.14678,-5.85278,2.74992
30,0.0113978,0.971777,-5.80006,2.48383
33,0.0758876,1.07661,-5.8371,2.61581
49,0.162922,1.00462,-5.9129,2.46311
8,0.128953,1.16268,-5.90207,2.31267
19,0.0937447,0.976603,-5.68989,2.93143
21,0.280355,1.00553,-5.8971,2.50444
11,0.198058,1.00157,-5.76198,2.4672
20,-0.149936,1.21131,-5.97792,2.53797
26,0.0420239,0.978053,-5.7409,2.805
45,0.207622,1.15179,-5.66499,2.50741
40,-0.0264284,1.09171,-5.69177,2.82005
17,0.0785294,0.999166,-5.62364,2.56624
7,0.123248,1.08673,-5.72005,2.50198
6,0.0719053,0.996666,-6.00182,2.38832
36,-0.0306989,1.14243,-5.72104,2.89285
29,-0.022207,0.978002,-5.71398,2.79847
27,0.0821644,0.988915,-5.74127,2.5836
32,0.00351861,1.03938,-5.81898,2.76636
5,-0.0256333,0.986124,-5.8229,2.49051
2,-0.133178,0.994608,-5.57057,2.60192
41,0.00422766,1.07757,-5.97723,2.68358
28,-0.171361,1.10649,-5.72783,2.64886
15,0.195931,1.03558,-5.685,2.56549
31,0.286266,1.09272,-5.95064,2.49275
43,0.0077132,1.09751,-5.82504,2.75915
22,0.188036,1.03828,-5.70888,2.63122
3,0.381361,1.01799,-5.87599,2.32182
46,0.190692,1.20775,-5.78139,3.00476
12,0.077572,1.05204,-5.82777,2.51807
23,0.0946686,0.981553,-5.59455,2.82736
47,-0.384932,1.19422,-5.90725,2.88297
38,0.124535,1.00605,-5.66462,2.66359
14,0.407394,0.955604,-5.72606,2.57659
42,0.138576,1.04004,-5.56433,2.53493
24,-0.253372,1.08814,-5.74577,2.55289
34,0.29346,0.970045,-5.73551,2.53058
1,0.0621984,0.988735,-5.75086,2.64016
16,0.100361,1.0816,-5.76373,2.47915
18,-0.00647401,1.01856,-5.74366,2.36656
9,-0.134334,1.09951,-5.72829,2.53925
44,-0.0959191,1.05045,-5.67192,2.87787
0,-0.0764996,1.01048,-5.69876,2.5526
48,0.141612,1.15821,-5.78284,2.6438

