34,-0.0976617,0.2326,4.95711,4.61315
2,0.16579,-0.0170814,5.05347,4.20606
11,-0.156603,-0.0808769,5.05056,4.26939
15,-0.0495538,0.161105,5.01106,4.40411
10,0.221235,-0.0318837,5.26814,4.40783
29,-0.0800317,0.151427,5.0686,4.22767
8,-0.0112471,0.0478876,5.03482,4.34215
19,-0.236201,0.0996918,5.09995,4.31214
43,0.302289,0.17273,4.9292,4.43876
49,0.262567,-0.179184,4.98467,4.32305
16,0.0264397,0.0149615,5.1169,4.25485
24,-0.0257333,-0.0304624,5.10764,4.52358
36,0.0335707,-0.164868,5.09324,4.35078
4,0.0882556,0.0306606,4.89558,4.42358
14,-0.0571108,0.260302,4.87676,4.60819
37,0.166138,-0.0962065,5.04202,4.33651
31,-0.109614,0.240285,4.91565,4.42222
25,-0.108609,0.0169636,4.93255,4.27859
9,-0.0491621,0.016684,4.9068,4.35462
45,0.0471924,0.143557,4.86687,4.51182
7,-0.0881269,0.0460026,4.80544,4.60939
32,-0.0214935,-0.190323,4.89019,4.31004
44,-0.0751338,-0.194924,5.00983,4.22512
35,0.151479,-0.115034,5.2113,4.28584
3,0.130809,-0.0260793,4.72379,4.22827
47,0.0579168,0.0963667,5.07231,4.67944
5,0.00692443,0.0189148,5.27089,4.06309
23,-0.0116203,-0.00489807,4.98987,4.62404
33,0.177586,-0.00573421,5.10048,4.15747
27,-0.0370363,0.0947982,5.03547,4.45508
21,0.105176,0.0622699,5.00296,4.48625
40,0.0558381,0.0549637,5.07826,4.6247
41,-0.132157,0.0913005,4.92404,4.50196
13,0.0575037,0.375189,4.8442,4.46564
30,0.0923925,0.243312,4.85771,4.44662
48,-0.0155269,-0.454409,5.04747,4.45902
18,-0.220311,-0.0692303,5.27279,4.47496
26,0.11434,0.12029,5.1988,4.44529
28,0.0242032,-0.0332313,4.93843,4.52517
17,-0.0442039,-0.2516,4.87115,4.17374
46,0.0597493,0.0663819,4.95072,4.50453
12,0.0953202,-0.0224258,4.96469,4.46794
20,0.00227495,-0.010211,4.99672,4.63052
1,-0.169919,-0.0106631,5.20957,4.3472
38,0.266446,0.0461876,4.89442,4.44995
22,0.264159,0.10565,4.77419,4.33268
42,0.120738,-0.0698712,4.98376,4.30751
39,0.040539,-0.0922339,4.97492,4.42744
6,0.0100112,0.0927532,4.958,4.09939
0,-0.159539,0.269877,5.10178,4.20592

