14,0.0724616,0.174059,5.85088,2.94668
17,0.0563154,-0.171027,5.85582,2.55008
46,0.288409,0.210762,5.79584,2.84707
45,-0.346517,0.107495,5.7753,2.63857
15,0.0663707,0.302322,5.71999,2.91454
32,-0.0105593,0.383019,5.61814,2.67351
36,0.272195,-0.0288272,5.66632,2.94093
42,0.00239653,-0.0625191,5.70475,2.59121
25,-0.124181,0.119044,5.90582,2.84711
0,-0.283496,0.223414,5.81591,2.85491
21,0.14312,0.214843,5.53894,2.70665
47,0.0555123,-0.135034,6.02279,2.51845
5,0.0568987,0.00291762,5.58711,2.81728
28,0.265889,-0.0284606,5.73493,2.96091
8,0.164472,0.0168423,5.61137,2.81101
40,0.132182,-0.022731,5.64291,2.93626
2,0.128877,0.0752456,5.61391,2.62889
48,-0.159275,0.0773055,6.02082,2.84038
26,0.0564582,0.0147282,6.07307,2.7109
19,0.209229,-0.0965353,5.54882,3.09944
16,-0.0170244,0.00728321,5.64892,2.76939
18,0.0379311,-0.0336999,5.64365,2.8941
43,0.0105478,0.0129471,5.67791,2.90759
12,0.284851,0.240447,5.71237,2.62261
23,-0.0495097,-0.169812,5.75632,2.83238
20,0.161182,0.0651671,5.68324,3.00388
11,-0.142988,-0.00996993,5.79874,2.69812
7,0.286421,-0.091905,5.84314,2.66059
35,-0.0471121,0.254515,5.68746,3.02324
4,0.0393642,-0.0255959,5.9054,2.53958
29,0.18979,-0.0600152,5.57108,2.94156
6,0.00128049,0.063655,5.74461,2.48054
24,-0.197063,-0.00527361,5.64807,2.91037
22,0.013745,0.0985337,6.03654,2.87041
3,-0.0436333,0.106667,5.78515,2.7401
41,0.0388197,0.115201,5.70232,2.61428
9,0.0475232,0.131644,5.76078,2.94227
30,0.0601389,-0.082453,5.7189,2.6496
31,0.0476896,-0.141808,5.78594,2.77142
49,-0.0407234,0.0083415,5.65822,2.69216
10,-0.115911,0.106981,5.53603,2.75916
44,0.25122,0.328846,5.65158,2.85275
33,0.0735855,0.19018,5.87853,2.74316
34,0.0885085,0.0282396,5.51884,2.96896
39,-0.0149523,0.093123,5.63941,2.74269
37,0.160174,-0.0992908,5.95254,2.71551
13,-0.295206,0.0360365,5.71107,3.0529
27,0.184068,0.0373996,5.56899,2.50167
1,0.0681829,-0.0727542,5.70164,2.54965
38,0.0657107,0.0770014,5.7971,2.58981

