37,0.891404,-0.320046,-4.28253,0.317348
25,0.742539,-0.421601,-4.34242,0.186808
42,0.717974,-0.342184,-4.08943,0.480123
28,0.632177,-0.333734,-4.34123,0.298906
40,0.936464,-0.54093,-4.32732,0.566912
30,0.560616,-0.358894,-4.26294,0.566981
31,0.618767,-0.448116,-4.12815,0.649144
32,0.847667,-0.488348,-4.17549,0.550496
19,0.840001,-0.507865,-4.25344,0.272054
10,0.832166,-0.268302,-4.22703,0.63379
23,0.769333,-0.649472,-4.3125,0.279114
24,0.984735,-0.172063,-4.11889,0.382776
29,0.87301,-0.244435,-4.09429,0.0476231
41,0.738654,-0.166748,-4.25303,0.278853
27,0.901438,-0.374178,-4.37974,0.101107
2,0.391374,-0.655056,-4.44667,0.198104
17,0.801381,-0.588718,-4.17437,0.529629
11,0.803372,-0.432712,-4.17956,0.659859
14,0.62389,-0.289308,-4.21556,-0.000416577
13,1.04577,-0.193767,-4.12313,0.506243
44,0.89767,-0.310649,-4.26101,0.509052
16,0.75084,-0.509176,-4.37619,0.260877
21,0.676644,-0.485304,-4.28916,0.295356
5,0.764259,-0.376406,-4.31461,0.422774
1,0.746251,-0.212334,-4.18178,0.52793
20,0.728127,-0.432931,-4.09908,0.525762
18,0.926414,-0.491712,-4.25126,0.266276
0,0.626723,-0.596925,-4.34381,0.58492
4,0.902582,-0.149761,-4.23572,0.504905
6,0.848672,-0.283403,-4.36465,0.379569
33,0.698177,-0.462337,-4.08573,0.285188
12,0.916815,-0.285707,-4.30355,0.620242
45,0.67949,-0.453225,-4.19785,0.319771
38,0.780572,-0.781552,-4.30512,0.531725
39,0.840737,-0.279505,-4.08533,0.241953
47,0.690968,-0.335418,-4.28115,0.391665
35,0.863641,-0.277133,-4.29359,0.397082
26,0.797189,-0.494371,-4.20417,0.458958
22,0.727904,-0.295467,-4.10926,0.473362
7,0.829945,-0.22651,-4.31919,0.516022
15,0.485338,-0.640895,-4.2601,0.314602
36,0.624095,-0.606193,-4.18099,0.600322
8,0.958859,-0.451293,-4.36149,0.309769
34,0.820192,-0.482927,-4.26491,0.422183
49,0.612479,-0.681987,-4.29815,0.718296
9,0.861052,-0.319764,-4.42487,0.736741
46,0.450072,-0.529938,-4.28685,0.412114
48,0.847244,-0.445876,-4.32923,0.368949
3,0.841021,-0.217604,-4.32525,0.6477
43,0.560258,-0.538159,-4.26216,0.166118

