20,-0.134762,0.37971,0.911743,4.07557
1,0.0899546,0.773228,1.25017,4.19342
23,-0.0140712,0.29307,1.13676,4.14159
48,-0.0869904,0.715981,0.74621,4.24736
7,0.240191,0.499461,1.29017,4.0496
9,-0.0195398,0.646745,0.944572,4.22403
12,-0.0276552,0.591018,0.75672,4.21296
41,0.26593,0.655144,0.783762,4.08493
21,0.0911946,0.338873,0.916117,4.06359
29,-0.0293949,0.736078,1.00295,4.05749
10,0.0104096,0.540243,1.36854,4.06852
30,0.278305,0.665639,1.11733,4.18914
6,-0.0251323,0.351859,1.23382,3.98461
49,0.0524574,0.618823,0.751125,4.24776
33,0.115895,0.524644,0.860546,4.27666
42,0.408453,0.346568,0.968648,4.27618
43,0.162039,0.662216,0.821658,4.04849
26,-0.0342133,0.395154,1.00291,4.15423
38,0.146459,0.670456,1.03236,4.11828
11,0.105047,0.545604,0.946143,4.13359
36,0.432338,0.445714,0.887092,4.21278
5,-0.0118867,0.58099,0.965175,4.02581
47,0.315778,0.475468,1.07017,4.01895
35,0.0518062,0.601611,0.772995,4.22812
8,0.0407598,0.698383,1.05587,4.20053
14,0.108139,0.649506,0.866628,4.12146
44,0.177362,0.422746,0.946013,4.20043
3,0.374854,0.458036,0.963375,4.04682
28,0.275934,0.645589,0.786972,4.18662
13,-0.146134,0.756796,0.773504,4.23597
0,0.0952089,0.670088,0.918623,4.17398
22,-0.037226,0.576755,0.57602,4.20882
19,-0.118188,0.379532,0.876099,4.07739
40,0.241138,0.578271,0.755071,4.12149
2,0.326379,0.619186,1.05744,4.39033
32,0.0798792,0.699257,0.8221,4.34422
16,0.032679,0.612388,0.960465,4.1774
37,0.453003,0.414734,0.896655,4.29473
34,0.107555,0.563985,0.72974,4.24956
4,-0.0330489,0.514537,0.956189,4.14046
25,0.307485,0.63464,0.763032,4.2846
31,0.182397,0.441972,0.981233,4.03027
45,0.175298,0.598826,1.22461,4.10898
27,0.340033,0.466265,0.785685,4.06869
39,0.0708881,0.548613,1.04632,3.98489
18,0.154997,0.468025,0.927799,4.17395
24,0.0102706,0.59334,0.698671,4.22828
17,0.118548,0.638757,1.014,4.19888
46,0.249413,0.676452,1.09799,3.9739
15,0.221946,0.602231,1.08682,4.06345

