49,-0.18799,-0.10172,-4.4965,-1.37363
24,-0.0496666,-0.385906,-4.30377,-1.19945
43,-0.386452,-0.229928,-4.31685,-1.37054
38,-0.254059,-0.148098,-4.45866,-1.2959
21,-0.295137,-0.157111,-4.33454,-1.25945
31,-0.191449,-0.138249,-4.1896,-1.55352
37,-0.181399,-0.29634,-4.31332,-1.06236
7,0.077563,-0.199511,-4.29366,-1.3484
42,0.103793,-0.440023,-4.15384,-1.45291
25,-0.300385,-0.184789,-4.34026,-1.32687
41,-0.0921397,-0.149856,-4.39536,-1.67496
32,-0.408017,-0.0515847,-4.38305,-1.32514
47,0.0256002,-0.420636,-4.42562,-1.04028
44,-0.0401649,-0.409165,-4.52748,-1.50469
23,-0.277948,-0.310218,-4.34683,-1.43465
1,-0.261085,-0.352522,-4.47731,-1.27988
40,0.0632426,-0.398643,-4.22,-1.36375
9,-0.208359,-0.301053,-4.57168,-1.29796
28,-0.179933,-0.0880607,-4.44155,-1.40493
27,-0.526692,-0.350515,-4.19665,-1.52023
22,-0.0179459,-0.362256,-4.41818,-1.41584
13,-0.139927,-0.00526325,-4.22453,-1.67185
16,0.0258572,-0.295843,-4.2894,-1.53945
20,-0.320632,-0.102854,-4.48278,-1.0984
5,0.00936166,-0.0914353,-4.2569,-1.39347
10,-0.26891,-0.0120759,-4.38541,-1.43367
4,-0.30754,-0.461151,-4.50104,-1.26651
26,-0.206426,-0.0590167,-4.31282,-1.6453
12,-0.154078,-0.27475,-4.31254,-1.50438
46,-0.0621011,-0.390125,-4.26416,-1.55226
18,-0.235424,-0.414637,-4.28954,-1.87688
29,-0.330635,-0.210116,-4.37482,-1.61806
14,0.0475201,-0.214399,-4.65905,-1.23653
3,-0.158592,-0.175664,-4.09318,-1.58563
15,-0.258701,-0.120468,-4.25549,-1.47581
48,-0.299583,-0.151733,-4.34095,-1.15379
2,-0.337806,-0.248605,-4.23756,-1.73539
11,-0.05283,-0.179888,-4.38894,-1.74449
6,-0.233563,-0.401012,-4.42929,-1.6105
0,0.0991771,-0.356923,-4.12944,-1.56447
19,-0.189566,-0.0103017,-4.17353,-1.59653
17,-0.0703154,-0.216406,-4.45942,-1.34055
30,-0.449888,-0.0973556,-4.33744,-1.55489
39,-0.0112685,-0.194753,-4.30211,-1.64028
36,0.108225,-0.388433,-4.29816,-1.4129
34,-0.246878,-0.232642,-4.30239,-1.80897
45,0.167614,-0.328127,-4.21195,-1.31856
33,-0.212889,-0.277212,-4.2931,-1.53189
35,-0.243873,-0.0133784,-4.19858,-1.45788
8,-0.144731,-0.325043,-4.22449,-1.28036

