44,0.0692558,-0.0140174,-2.16617,-4.45266
9,0.0447146,0.0760386,-2.21464,-4.39232
30,-0.0538713,0.0948117,-1.94199,-4.43435
37,0.086681,0.116614,-1.91735,-4.51409
49,-0.29945,0.0480508,-1.88678,-4.52176
47,-0.164719,0.396305,-1.99575,-4.50567
36,-0.0274306,0.160868,-2.19706,-4.23459
27,0.123598,-0.188677,-2.19425,-4.25179
48,-0.181063,0.0198102,-2.41151,-4.25864
41,-0.439988,0.154827,-2.29106,-4.41505
33,-0.146586,-0.243036,-1.94784,-4.21337
11,-0.0723889,-0.0493884,-2.00954,-4.21801
17,0.302987,0.119967,-1.95698,-4.34945
24,0.077851,0.106604,-2.19527,-4.38149
42,0.24603,0.23657,-2.27864,-4.33276
31,-0.165723,0.0252008,-1.89556,-4.39335
39,0.146694,-0.293164,-2.32847,-4.33094
3,-0.0332596,0.29415,-2.16503,-4.41189
45,-0.153832,-0.474887,-2.12125,-4.23662
13,0.136841,0.0580035,-2.09723,-4.25594
25,0.133646,-0.0740791,-2.1232,-4.27899
28,0.065012,0.0898551,-1.86403,-4.31578
21,-0.2253,0.185732,-2.16876,-4.31471
34,0.144742,-0.136717,-1.8491,-4.4115
7,0.383416,0.378867,-2.16524,-4.49993
35,-0.0738694,-0.0712751,-1.87289,-4.38589
23,-0.172563,0.10299,-2.096,-4.2951
5,0.124167,-0.00769292,-2.25404,-4.44355
38,-0.0634173,0.44078,-1.89439,-4.46225
8,-0.0209823,0.085743,-2.2378,-4.34764
29,0.0984249,0.0574389,-2.14688,-4.49847
4,0.280679,0.00955873,-2.16219,-4.21873
46,0.0748002,-0.0333192,-2.02048,-4.55748
2,0.0142004,-0.0708718,-1.52551,-4.47117
19,-0.165048,-0.091942,-2.0712,-4.20045
14,0.106097,-0.127556,-2.33133,-4.4384
43,-0.052239,0.0257829,-2.09546,-4.37309
16,0.0639581,0.0397987,-1.66814,-4.51668
20,-0.284384,-0.270871,-2.22808,-4.55363
32,-0.0296012,0.161599,-2.07999,-4.35799
1,0.2511,0.148658,-2.32259,-4.27522
15,0.142323,-0.00995571,-2.03014,-4.4895
40,-0.125981,0.0352951,-1.9528,-4.51625
10,0.461434,-0.384275,-1.97242,-4.40821
0,0.0201823,0.250865,-1.91175,-4.52683
12,0.255568,-0.0708452,-2.1183,-4.17712
6,0.0577966,-0.109045,-2.42287,-4.23388
18,0.0921062,0.0745349,-1.91896,-4.37748
26,0.0918326,0.117541,-1.98383,-4.48464
22,0.262431,0.362293,-2.14535,-4.42436

