49,-0.0990753,-0.3731,1.38523,6.00235
29,0.128415,-0.370257,1.16888,5.84433
12,0.155515,-0.426293,1.41627,6.20699
15,0.363221,-0.516477,1.56779,6.20288
23,0.045325,-0.483905,1.23932,6.15128
27,-0.119032,-0.482187,1.10464,6.11866
6,-0.0550358,-0.342611,1.65177,5.98872
20,-0.00553606,-0.503543,1.36838,6.20792
44,0.0342489,-0.528118,1.42578,5.82132
4,0.0306349,-0.561112,1.61356,5.94159
34,-0.105591,-0.635316,1.55753,6.10732
9,-0.201683,-0.517861,1.33246,6.19936
48,-0.00612049,-0.457715,1.3972,6.13811
33,-0.119296,-0.374079,1.50726,6.05875
25,0.118853,-0.453265,1.68028,6.16601
45,-0.193733,-0.607922,1.73657,6.07458
28,-0.0205759,-0.466831,1.22899,6.09534
8,-0.206685,-0.521687,1.15773,6.12424
1,0.0899765,-0.603989,1.48121,6.0952
36,-0.063502,-0.50004,1.3559,6.12517
7,-0.0374026,-0.601383,1.64696,6.08944
43,0.0832026,-0.486923,1.20135,6.15724
0,-0.179825,-0.48597,1.44256,6.06165
3,-0.435956,-0.442281,1.53145,6.26789
2,0.285747,-0.541959,1.3144,6.11052
19,-0.055934,-0.590099,1.55823,6.30493
16,0.116256,-0.457623,1.50843,6.0969
41,0.0957605,-0.55871,1.62698,5.96894
14,0.0750746,-0.470304,1.60586,6.27058
30,-0.217734,-0.500246,1.46835,6.28465
17,0.0753154,-0.407252,1.50468,6.25775
18,0.328856,-0.633149,1.37938,6.26263
39,0.105557,-0.614846,1.24147,6.21826
5,0.0850271,-0.525837,1.49116,6.07133
11,0.380327,-0.466969,1.4636,6.1219
46,0.0262807,-0.45352,1.20967,5.93576
32,0.0154405,-0.569973,1.50295,6.06597
10,0.074367,-0.426856,1.64371,5.9383
13,-0.0875049,-0.632281,1.64191,6.04597
31,0.123096,-0.494404,1.61591,6.23032
42,0.0501041,-0.486537,1.16981,5.85783
35,0.100994,-0.345549,1.56196,6.09533
22,-0.00277221,-0.490995,1.35295,6.1074
24,0.271588,-0.556745,1.22621,6.29128
21,-0.0266188,-0.483691,1.35487,6.21715
47,0.151971,-0.465722,1.27158,6.12719
38,-0.0320418,-0.375603,1.64488,6.12463
40,0.18826,-0.502576,1.33248,5.87623
26,0.153061,-0.480652,1.24854,6.05151
37,-0.114477,-0.583879,1.51719,5.75961

