7,-0.262009,-1.04464,-0.108876,4.40304
1,-0.352495,-1.09662,-0.700039,4.46492
6,-0.124929,-1.20973,-0.833425,4.41349
34,-0.453352,-0.90601,-0.692884,4.32424
48,-0.0433928,-1.20601,-0.761369,4.38045
15,-0.541189,-1.18667,-0.650594,4.21025
11,-0.407468,-1.1059,-0.582991,4.29081
29,-0.57526,-1.03227,-0.530599,4.25867
28,-0.486399,-1.07702,-0.557748,4.18649
43,-0.286408,-1.0503,-0.73945,4.2877
13,-0.721652,-1.26334,-0.625539,4.31824
46,-0.498494,-1.00309,-0.656972,4.10116
31,-0.144854,-1.20686,-0.293672,4.30911
32,-0.322973,-0.992835,-0.905879,4.24287
9,-0.257234,-1.09602,-0.722319,4.24792
45,-0.462414,-0.950372,-0.548026,4.268
37,-0.430172,-1.1663,-0.463113,4.37663
33,-0.301765,-1.01628,-0.918549,4.32186
0,-0.083093,-1.35677,-0.827954,4.36858
30,-0.14823,-1.27473,-0.445443,4.29919
39,-0.407911,-1.15662,-0.753456,4.24352
41,-0.216672,-1.09647,-0.668512,4.04626
25,-0.531534,-1.19245,-0.460033,4.30884
16,-0.578007,-1.21106,-0.773364,4.2264
14,-0.524311,-1.20461,-0.757731,4.43505
18,-0.26604,-1.1534,-1.0375,4.14835
23,-0.467325,-1.03819,-0.55843,4.29335
36,-0.584223,-0.890737,-0.483701,4.32504
49,-0.750308,-0.845329,-0.672795,4.5194
4,-0.392598,-1.08894,-0.498,4.26071
12,-0.507032,-0.985295,-0.669374,4.06899
21,-0.35208,-0.877675,-0.409536,4.29093
8,-0.6112,-1.24297,-0.389567,4.30444
2,-0.535221,-0.987254,-0.619139,4.24978
22,-0.608697,-1.00997,-0.688982,4.27924
40,-0.566731,-0.998581,-1.0278,4.34243
10,-0.656892,-1.14527,-0.819161,4.32242
26,-0.179335,-0.995001,-0.710326,4.32286
20,-0.342607,-0.990076,-0.6528,4.36096
3,-0.741352,-0.959766,-0.366922,4.47441
17,-0.490135,-1.35798,-0.724431,4.23095
19,-0.39848,-1.20087,-0.64286,4.26204
47,-0.252796,-1.0439,-0.783281,4.23969
24,-0.285484,-1.19911,-0.726024,4.42194
5,-0.123186,-1.10185,-0.658251,4.22033
35,-0.217201,-0.912311,-0.521952,4.25428
27,-0.392543,-0.997734,-0.713562,4.30771
38,0.063901,-1.20311,-0.719002,4.30394
44,-0.49261,-1.17119,-0.609424,4.18775
42,-0.391683,-1.06604,-0.753534,4.20443

