41,-0.125005,-0.270565,2.66553,-5.52698
48,-0.136078,0.120843,2.71081,-5.58278
14,-0.152991,0.0729329,2.39761,-5.64549
39,-0.0814397,0.0953887,2.41294,-5.54236
6,-0.0600413,-0.0337023,2.50707,-5.58561
2,-0.0553102,-0.053406,2.62314,-5.43021
38,-0.0607805,0.143969,2.51132,-5.47409
1,-0.100902,0.111149,2.37347,-5.70099
3,-0.111807,0.0871981,2.56295,-5.4916
18,-0.110504,0.281089,2.42352,-5.54331
31,-0.141526,0.130986,2.52443,-5.62708
16,-0.0911628,0.024443,2.44142,-5.55192
26,-0.14722,0.175765,2.42596,-5.71794
27,-0.105077,0.189533,2.63946,-5.56084
35,-0.10509,0.134854,2.42333,-5.58011
32,-0.0882094,0.0718719,2.54178,-5.68696
25,-0.102009,0.250121,2.74707,-5.65301
7,0.0974637,-0.106382,2.53377,-5.68515
0,-0.0998908,0.093497,2.87824,-5.54888
10,-0.0235561,0.428388,2.43652,-5.63282
20,-0.148524,0.138605,2.28634,-5.7669
45,0.0125675,-0.201726,2.4499,-5.81521
44,-0.202125,0.21098,2.39101,-5.7081
4,0.00595922,0.101079,2.32555,-5.74284
22,-0.122516,0.039541,2.78175,-5.52925
23,-0.00554898,-0.190706,2.73996,-5.55246
43,-0.180262,0.0428265,2.34066,-5.5224
13,0.0662826,-0.0535395,2.76857,-5.67401
36,-0.069483,0.149012,2.45274,-5.6801
30,0.00961092,0.00909944,2.65661,-5.50994
19,-0.0619753,-0.0898774,2.41091,-5.93102
11,-0.0478972,0.104637,2.22509,-5.6445
47,0.0144294,-0.158301,2.36805,-5.69065
40,-0.163913,0.329696,2.47778,-5.48361
37,-0.0678913,0.40527,2.4651,-5.52164
12,-0.123724,-0.198339,2.50904,-5.70505
9,0.0160869,-0.143191,2.23705,-5.77352
33,-0.0558467,-0.0925022,2.59394,-5.58531
49,-0.0148874,-0.0733851,2.57025,-5.60821
21,0.016514,0.28224,2.56206,-5.47661
24,-0.0759489,0.0878257,2.38454,-5.59919
8,-0.00868299,-0.0954011,2.75921,-5.657
34,-0.0782465,0.311945,2.64661,-5.46963
5,-0.065058,-0.176982,2.49345,-5.51668
15,-0.169146,0.0511093,2.89806,-5.60071
17,-0.0633875,0.117704,2.6177,-5.5029
42,-0.155286,-0.20533,2.85636,-5.43599
46,-0.143855,0.0779633,2.66232,-5.48281
28,-0.0121956,-0.222515,2.42403,-5.62588
29,-0.00204899,0.260399,2.55372,-5.54643

