2,0.16041,-0.0997579,5.46681,-4.05366
40,0.0255794,-0.190983,5.29531,-3.86952
28,0.160566,0.172753,5.41878,-4.04832
32,0.212298,-0.0313762,5.14233,-4.23555
6,0.0487529,-0.0748484,5.26232,-4.07368
37,0.306388,-0.0473799,5.38934,-4.02339
34,0.146639,-0.0270156,5.35998,-4.19352
48,0.0558032,-0.0964029,5.15792,-4.14747
22,0.128005,-0.29316,5.42194,-3.69142
12,0.0378593,-0.0416953,5.14413,-3.83224
47,0.225597,-0.294866,5.33085,-4.05934
38,0.0921591,-0.163363,5.22255,-4.04126
30,0.207024,-0.30251,5.25418,-4.03288
4,0.0661382,-0.00739505,5.2819,-4.14516
19,0.213175,-0.0317916,5.2751,-4.0388
16,-0.0268638,0.0745723,4.98868,-4.15593
1,0.127358,-0.104615,5.19636,-3.85968
42,-0.0974602,-0.132956,5.2084,-4.14424
11,0.118791,0.00118147,5.03001,-4.2099
44,-0.117829,-0.188015,5.05929,-4.11755
49,0.109314,0.0476181,5.48729,-4.04265
31,0.0612898,-0.152754,5.22991,-4.26997
17,0.0546907,-0.0725245,5.06647,-4.03985
27,-0.135849,-0.193662,5.10591,-3.91799
5,-0.0223294,0.191888,5.19451,-4.30859
33,0.140659,-0.181941,5.38044,-3.91964
13,-0.0580257,0.0952465,5.33055,-4.10492
39,0.13208,-0.154203,5.09107,-4.31673
18,0.0661632,-0.0414086,5.11405,-3.81364
9,0.280424,-0.1999,5.18013,-3.9781
24,0.15666,0.128004,5.18698,-3.93629
43,0.0660412,0.0411668,5.3682,-3.94365
36,-0.0642023,-0.364628,5.11765,-4.16422
35,0.134124,0.143814,5.22011,-4.25347
46,0.223562,-0.188717,5.14734,-3.96452
26,0.166866,0.187852,5.20143,-4.17937
7,0.161608,0.0312238,5.22235,-3.89169
29,-0.106031,-0.205949,5.43221,-4.15841
23,0.112905,-0.176603,5.08766,-3.88561
14,-0.0423633,-0.126977,5.08491,-4.20954
3,-0.126069,-0.241141,5.24513,-4.02311
41,0.254564,-0.00651859,5.27559,-3.80905
15,0.106915,-0.105214,5.37415,-4.07565
20,0.214612,-0.220648,5.16037,-4.02218
0,0.0114951,-0.0599307,5.16055,-3.74898
10,0.301224,0.136342,5.16678,-4.12114
8,0.0686305,-0.260084,5.45608,-3.84314
21,0.282976,-0.291209,5.22095,-3.82533
45,0.0816773,0.111644,5.14208,-3.88213
25,-0.122489,-0.249777,5.21203,-3.78791

