11,1.42928,1.27112,-5.82237,-2.66048
14,1.32618,1.14101,-5.53026,-2.65332
49,1.4582,1.10293,-6.01351,-2.83807
33,1.36617,1.24078,-5.77634,-2.64869
6,1.31258,1.22585,-5.74484,-2.85635
1,1.34765,1.28338,-5.69605,-2.72961
48,1.41527,1.14234,-5.94099,-2.4449
21,1.30832,1.15648,-5.73521,-2.55813
41,1.4237,1.27655,-5.71246,-2.69716
8,1.48219,1.29508,-5.70538,-2.86788
19,1.50832,1.10958,-5.9869,-2.80408
34,1.51129,1.14132,-5.62362,-2.73463
22,1.3987,1.15121,-5.82608,-2.72253
44,1.34597,1.40104,-5.86511,-2.82624
9,1.41979,1.10224,-5.78264,-2.4898
39,1.4534,1.34348,-5.78058,-2.96709
7,1.64897,1.00267,-5.60089,-2.87881
0,1.55877,1.0235,-5.82062,-2.91416
24,1.23933,1.37655,-5.9448,-2.72123
30,1.45563,1.178,-5.63735,-2.94605
46,1.32007,1.34042,-5.75547,-2.73548
17,1.50797,1.19928,-5.75588,-2.71848
38,1.47973,1.08991,-5.65802,-2.68144
15,1.47094,1.18124,-5.80292,-2.59041
20,1.34394,1.18437,-5.81325,-2.76102
4,1.39629,1.13908,-5.63298,-2.74506
2,1.31808,1.31032,-5.62796,-2.74527
35,1.5473,1.08847,-5.94322,-2.72349
32,1.67561,0.981627,-5.91416,-2.86951
28,1.52447,1.02588,-5.57196,-2.81627
13,1.38228,1.32353,-5.82653,-2.92579
45,1.26583,1.31418,-5.89216,-2.48303
42,1.36856,1.28779,-5.72407,-2.5152
3,1.58537,1.25711,-5.96298,-2.67104
12,1.67965,0.947788,-5.83564,-2.66189
47,1.43408,1.35698,-5.83543,-2.8446
10,1.52624,1.11107,-5.86398,-2.54308
5,1.44586,1.24074,-5.95466,-2.67619
16,1.58183,1.13171,-5.92308,-2.57638
37,1.51067,1.19926,-5.85657,-2.98491
27,1.65005,0.950169,-5.48958,-2.82118
18,1.32895,1.27294,-5.65443,-2.81255
26,1.3399,1.35232,-5.89721,-2.57736
23,1.28435,1.21902,-5.63335,-3.05094
36,1.4461,1.19321,-5.8804,-2.87882
40,1.44913,1.21769,-5.92222,-2.57971
43,1.33162,1.25898,-5.84651,-2.83479
31,1.52669,1.29585,-5.72767,-3.1804
29,1.66365,1.03354,-5.67579,-2.76277
25,1.61183,0.958141,-5.72895,-2.82702

