7,0.91349,-0.352307,5.42301,-3.83315
0,0.82663,-0.428724,5.22621,-4.02374
43,0.871949,-0.24741,5.35841,-3.54664
47,1.05409,-0.445576,5.56385,-3.72376
14,0.809212,-0.41956,5.4471,-3.58409
36,0.774106,-0.549324,5.44118,-3.67592
32,0.959639,-0.371058,5.47613,-3.46945
4,0.853538,-0.440088,5.22386,-3.73801
26,0.881675,-0.329203,5.22787,-3.84858
37,1.02139,-0.362584,5.63284,-3.45291
17,0.858794,-0.429586,5.59053,-3.44054
15,0.811966,-0.517902,5.32448,-3.72327
42,0.783671,-0.567114,5.24305,-3.59591
20,0.783479,-0.606543,5.43072,-3.51531
12,0.640856,-0.558894,5.14804,-3.97583
27,1.01672,-0.454315,5.41502,-3.57597
9,0.88936,-0.340387,5.48614,-3.84278
10,0.928544,-0.386754,5.45594,-3.70573
45,1.04358,-0.325899,5.49276,-3.6117
1,1.08459,-0.336128,5.37218,-3.75272
44,0.774537,-0.628064,5.4656,-3.83713
13,0.681693,-0.486973,5.5607,-3.4923
35,0.734766,-0.577761,5.39988,-3.44869
49,0.834497,-0.556123,5.31588,-3.87918
38,0.833792,-0.541414,5.57727,-3.38308
40,0.668445,-0.746111,5.4275,-3.72315
39,0.726602,-0.568015,5.43873,-3.56995
48,0.902217,-0.564165,5.5185,-3.68664
41,1.00631,-0.420357,5.34417,-3.54413
30,0.841757,-0.806033,5.33625,-3.61051
29,0.873809,-0.345754,5.33835,-3.91637
3,0.861558,-0.410553,5.34338,-3.53653
46,0.826876,-0.548716,5.40944,-3.7126
19,0.938421,-0.451379,5.33902,-3.70183
34,0.928669,-0.464644,5.35751,-3.42846
24,0.858926,-0.590908,5.30218,-3.78926
8,0.927215,-0.229861,5.24038,-3.77888
31,0.701043,-0.630114,5.3703,-3.71565
6,1.06481,-0.229074,5.29316,-3.85965
2,0.819314,-0.36448,5.23529,-3.54174
25,0.999378,-0.272879,5.26763,-3.57681
5,0.888783,-0.287052,5.19934,-3.70945
23,0.880507,-0.338061,5.45685,-3.66348
16,0.995539,-0.432797,5.31458,-3.58313
21,1.00758,-0.273626,5.13308,-3.80758
33,0.905426,-0.370454,5.39366,-3.44264
22,1.05465,-0.0550785,5.44149,-3.83829
28,0.955731,-0.388729,5.26787,-3.86851
11,0.984931,-0.347439,5.29343,-3.41673
18,0.779142,-0.371244,5.37875,-3.34677

