32,0.0730525,-0.00203771,3.36237,2.4663
33,0.116883,-0.39973,3.78242,2.23955
39,-0.125998,0.120708,3.4981,2.53748
19,0.136951,-0.0528903,3.39412,2.52524
24,0.191637,-0.160389,3.35617,2.70746
25,0.178145,-0.184083,3.51588,2.44409
30,0.0485592,0.36733,3.67729,2.47725
3,0.192415,-0.221065,3.83528,2.44706
0,0.199582,0.105951,3.67649,2.43982
21,0.0170259,-0.245653,3.75941,2.314
18,0.10772,-0.455638,3.68828,2.36206
11,0.168883,-0.102701,3.54063,2.57394
15,0.00808651,-0.410268,3.62201,2.42003
23,0.312564,-0.357244,3.4401,2.42834
14,0.0443541,-0.136547,3.53636,2.72487
40,-0.203534,-0.13133,3.49194,2.19289
20,0.4399,-0.0951731,3.52419,2.5324
13,0.141563,-0.0200003,3.49145,2.86136
31,0.31642,-0.123943,3.52662,2.78285
6,0.099706,0.218078,3.6875,2.39499
34,-0.178129,0.0321602,3.40883,2.72012
48,-0.230036,0.277775,3.66364,2.40899
2,0.0013656,0.148148,3.52889,2.65883
10,-0.212201,-0.170315,3.76434,2.77285
35,0.321654,-0.156411,3.65042,2.37359
37,0.239081,-0.00620598,3.69758,2.40069
17,0.225648,0.184275,3.50846,2.49404
29,0.117329,0.0591285,3.78305,2.26036
41,-0.125034,0.0555213,3.64157,2.45416
9,0.338306,-0.0585933,3.70706,2.59954
22,0.0608554,-0.0533008,3.55359,2.63661
7,0.237904,-0.108447,3.6216,2.34848
45,0.0166495,-0.34566,3.28601,2.72413
4,0.0637908,-0.252179,3.64057,2.38176
1,0.0559175,-0.316881,3.64187,2.35008
47,0.0427147,0.075997,3.59751,2.24095
36,0.149098,-0.0301839,3.58558,2.7094
42,0.308891,-0.238339,3.66317,2.29231
44,-0.264243,0.177829,3.71905,2.82025
26,0.466949,-0.321222,3.52691,2.75188
27,-0.0514977,-0.191218,3.42886,2.51137
16,0.0397864,-0.159922,3.73757,2.11545
12,0.0104719,0.0327312,3.61171,2.68177
49,0.0417274,-0.240866,3.55541,2.62883
28,-0.0615178,0.0248482,3.6866,2.3771
5,0.0981991,0.0259203,3.28593,2.67415
46,0.178858,-0.118204,3.4305,2.58019
43,0.280968,0.182232,3.48925,2.55552
8,0.0283365,-0.224561,3.66641,2.42831
38,0.273994,-0.0238825,3.48008,2.49004

