18,1.366,0.562523,-5.15009,-3.78283
16,1.59248,0.502554,-5.19582,-3.74682
13,1.55503,0.59255,-4.99829,-3.84379
11,1.61472,0.73574,-5.05206,-3.79289
15,1.49573,0.740741,-5.24184,-3.74179
41,1.44968,0.852616,-4.97028,-3.8599
2,1.45612,0.845836,-5.01808,-3.66054
4,1.44274,0.62148,-5.32528,-3.48711
36,1.44955,0.589576,-5.11295,-3.72061
44,1.3405,0.862651,-4.96931,-4.00716
3,1.40806,0.582372,-5.34026,-3.48817
30,1.51794,0.617831,-5.30921,-3.45316
21,1.32619,0.755883,-5.12058,-3.5029
40,1.30435,0.808108,-5.30253,-3.56492
25,1.84714,0.391419,-5.07027,-3.74745
5,1.24665,0.804875,-4.91544,-3.81986
6,1.472,0.600746,-5.10836,-3.83983
8,1.27265,0.677902,-5.00485,-3.61201
9,1.3286,0.744652,-5.20016,-3.48468
17,1.54146,0.621326,-5.12889,-3.6277
29,1.41094,0.820349,-5.02644,-3.66937
7,1.26769,0.583823,-4.98283,-3.68709
24,1.36301,0.625122,-4.8601,-3.54243
0,1.44978,0.714282,-4.94294,-3.47567
23,1.38893,0.620008,-5.06169,-3.57585
19,1.435,0.57026,-4.97674,-3.74074
14,1.47508,0.46226,-5.22599,-3.73428
27,1.71452,0.402733,-5.13785,-3.74305
49,1.48403,0.536012,-4.99444,-3.66012
28,1.4319,0.654277,-5.29734,-3.51267
46,1.16836,0.790929,-4.96322,-3.52498
42,1.41703,0.528555,-5.06988,-3.65535
26,1.43448,0.643092,-4.89411,-3.69012
20,1.52634,0.566455,-5.22752,-3.572
35,1.56128,0.503444,-4.86406,-3.88483
34,1.66406,0.540867,-4.83658,-3.88918
47,1.33018,0.510891,-5.00547,-3.72479
1,1.42641,0.622606,-5.08219,-3.69099
38,1.37602,0.859272,-5.19659,-3.64505
22,1.54936,0.683021,-5.10473,-3.65071
45,1.29436,0.63019,-5.01235,-3.63119
33,1.33873,0.805701,-4.97946,-3.87969
48,1.41713,0.648218,-5.23678,-3.76964
39,1.43413,0.723913,-4.95984,-3.58627
31,1.49003,0.526874,-4.93383,-3.75583
10,1.68459,0.20859,-5.13512,-3.61855
37,1.43168,0.585126,-5.2544,-3.58703
32,1.28723,0.841409,-4.91459,-3.73935
12,1.71912,0.317442,-5.22886,-3.59545
43,1.51849,0.474361,-5.05449,-3.90315

