26,0.485532,0.217459,-3.85716,5.32776
32,-0.0695722,-0.147975,-3.54391,5.40861
30,0.316624,0.293766,-3.92199,5.36643
3,0.105526,0.041889,-3.77347,5.14034
21,0.0224334,-0.0977623,-3.80637,5.30812
7,0.327279,0.423617,-3.70263,5.36439
8,0.187288,0.0496829,-3.86105,5.07102
23,0.148144,0.0181069,-3.95999,5.01702
33,0.325569,0.0563249,-3.78772,5.35527
38,0.217396,-0.128847,-3.70984,5.33368
0,0.13937,0.0832801,-3.81821,5.46124
10,-0.0251866,0.0235693,-3.75665,5.33404
9,0.087084,0.116792,-3.8009,5.10791
15,0.306605,0.0877489,-3.70216,5.39696
5,0.289999,0.215596,-3.66576,5.2571
39,0.106928,-0.178155,-3.89014,5.52241
2,0.1205,0.0755372,-3.7389,5.02237
12,0.0662576,0.043241,-3.71458,5.33595
16,0.173498,-0.113957,-3.89273,5.23209
44,0.331734,0.259206,-3.73698,5.32339
19,0.188223,0.0761965,-3.88781,5.25678
42,0.330501,0.379478,-3.80681,5.44049
20,0.111298,0.0408131,-3.84556,5.13436
48,0.234392,0.249408,-3.81843,5.40781
31,0.26933,0.0136125,-3.8165,5.2952
17,0.30186,0.0883693,-3.5749,5.03126
27,0.367629,-0.0897191,-3.96837,5.10674
41,0.0691864,-0.101928,-3.66867,5.27809
28,0.227115,0.143464,-3.85922,5.30503
34,0.164818,0.00740957,-3.62852,5.50208
18,-0.0521903,0.0265886,-3.77782,5.18738
40,0.0440892,-0.0698448,-4.00401,5.27138
43,0.275656,0.0801105,-3.97509,5.39435
37,0.118466,-0.0197622,-3.6507,5.27166
22,0.272318,0.208777,-3.75354,5.32318
35,0.27809,0.130277,-3.48214,5.68812
6,0.319575,0.274044,-3.77466,5.34397
14,0.134008,-0.0278038,-3.84387,5.24779
1,0.357642,0.0475266,-4.13174,5.37751
25,0.25846,0.188059,-3.72266,5.48346
4,0.0364253,-0.0721612,-3.74932,5.47587
45,0.141154,-0.0249263,-3.65317,5.36921
49,0.105501,-0.0617053,-3.59196,5.24125
24,0.167136,-0.261232,-3.69275,5.46115
36,0.21015,0.183962,-3.74863,5.20005
13,0.345425,0.206243,-3.73886,5.41503
11,0.0808293,0.139268,-3.59699,5.41918
46,0.160918,-0.0164234,-3.85868,5.19039
47,0.223293,0.0388205,-3.71072,5.37725
29,0.209015,-0.0774029,-3.76704,5.23692

