23,-0.0478942,-0.338813,3.52805,5.26879
20,-0.348902,-0.0974177,3.88587,5.10332
36,-0.231581,0.0493561,3.74431,4.98904
35,-0.0232408,-0.0795044,3.52648,5.27652
42,-0.156744,0.0429674,3.74731,4.90938
46,0.0431639,-0.068866,3.46156,5.0962
14,-0.282185,0.164789,3.62052,5.27693
2,-0.00782011,0.256845,3.54753,5.33117
22,-0.0872577,0.11811,3.70395,5.2362
44,-0.199124,0.0120263,3.64203,4.9147
43,0.00511963,0.166165,3.37577,5.22567
1,-0.124794,-0.0134695,3.59144,5.12851
47,-0.0904908,0.10889,3.6839,5.06723
25,-0.277014,-0.150865,3.45732,5.06899
8,-0.0998296,-0.0978936,3.34415,5.1872
37,-0.249025,-0.149928,3.34872,5.29583
30,-0.211481,-0.230519,3.68917,4.99963
15,-0.113665,0.176147,3.53818,5.15738
18,-0.177149,0.0919325,3.47613,5.32037
10,-0.161713,0.0519555,3.70865,5.06447
38,-0.161897,0.367873,3.60139,5.05173
49,-0.446773,0.108458,3.58341,5.15342
28,-0.16436,0.14086,3.43851,5.39911
3,-0.4192,-0.0141267,3.50632,5.15068
41,-0.12358,-0.201799,3.60081,4.98293
48,-0.324658,0.0694335,3.63886,5.09242
31,-0.334505,-0.258843,3.56608,4.86357
16,-0.136686,-0.0386006,3.88682,5.08882
33,-0.180344,-0.0328063,3.60722,5.1389
0,-0.0596435,-0.142819,3.395,5.19936
27,0.223944,0.177373,3.55004,5.09137
40,-0.097615,0.0624357,3.48873,4.93637
19,-0.000291331,0.23625,3.62326,5.01233
9,-0.159854,-0.175896,3.63193,5.08339
11,-0.056688,0.126847,3.59822,5.1372
39,0.0831371,0.0412271,3.72373,4.9077
34,-0.245094,-0.0394741,3.83295,4.93604
13,-0.197143,-0.172988,3.89139,4.97189
5,-0.277551,-0.061302,3.33821,5.42363
6,-0.141064,-0.0520652,3.59281,5.09462
17,0.0578748,0.0784599,3.81134,4.89887
29,-0.191055,-0.161634,3.50564,5.1794
32,-0.0169934,0.160019,3.73288,5.13106
4,-0.289724,-0.0262446,3.5395,5.19348
45,-0.164155,0.069091,3.7489,4.98175
12,0.0497706,0.0364875,3.58881,5.02319
21,0.0869297,0.00151757,3.74722,4.99415
7,-0.106047,0.0833605,3.63595,5.09502
26,0.123295,-0.137051,3.62059,4.91542
24,-0.0617705,-0.0784082,3.33862,5.11329

