19,0.00741712,-0.0263661,-5.68444,2.9833
38,0.100815,-0.124682,-5.67546,2.92412
14,0.00296338,-0.199671,-5.59198,2.99953
12,-0.127708,-0.0466538,-5.55819,2.90678
29,-0.0877747,0.326995,-5.69067,2.95739
16,-0.28087,0.195471,-5.49669,2.74172
5,-0.0702007,0.411819,-5.78806,2.96908
49,0.00211838,-0.177691,-5.67916,3.20113
44,0.116241,-0.541629,-5.75301,2.9413
35,-0.140271,-0.021406,-5.74087,2.83611
33,0.0538638,-0.570461,-5.71004,2.91329
11,0.103826,-0.080315,-5.60598,2.84766
23,0.0580296,-0.193954,-5.57178,2.72382
3,0.102572,-0.315271,-5.61048,3.14348
4,0.113628,0.0882913,-5.58265,2.58029
26,-0.156789,-0.0816215,-5.65224,3.1249
24,0.363911,-0.106035,-5.70034,2.84111
22,0.0526499,-0.131006,-5.96537,3.01416
2,-0.196327,-0.0661799,-5.6919,3.13541
42,0.139917,-0.0944461,-5.55531,2.89694
8,0.264597,0.0868849,-5.85034,2.64508
9,-0.00103728,-0.00892434,-5.59027,2.7316
43,-0.0138797,-0.0957187,-5.98024,2.7698
25,-0.241036,-0.163672,-5.77753,3.00536
30,-0.14701,-0.0237639,-5.39274,3.19796
10,0.238743,-0.117518,-5.64771,2.83032
18,-0.0523858,-0.0716429,-5.71736,3.193
0,0.138421,-0.290159,-5.76965,2.66637
28,-0.0143696,0.182342,-5.81624,2.98581
13,0.0636971,-0.061474,-5.75713,2.79236
17,-0.175453,-0.2451,-5.46435,2.95509
15,-0.0806979,0.0464879,-5.47511,2.99396
20,-0.231838,0.0157899,-5.38821,2.72686
27,0.225478,-0.152932,-5.56019,3.03318
40,0.163127,0.0640317,-5.53572,2.99314
31,-0.0612644,0.0581406,-5.68056,3.23898
6,-0.0268744,0.185103,-5.71326,2.83346
46,-0.207858,-0.0657157,-5.82029,2.69753
45,-0.1268,0.0374419,-5.67552,2.92717
37,0.0510028,0.322991,-5.76537,3.08415
41,0.15933,0.0539504,-5.49788,3.23124
7,0.0220322,0.192812,-5.61641,3.23141
39,-0.00540236,0.302411,-5.6914,2.87653
21,-0.168951,-0.134817,-5.54424,2.77868
1,0.298433,-0.236139,-5.39777,2.97676
48,0.0508564,-0.185483,-5.73141,3.05219
36,0.059886,-0.127467,-5.56892,3.13852
47,-0.0411235,-0.0355791,-5.54896,2.77973
34,-0.0724502,-0.127938,-5.55831,2.72601
32,-0.0641674,-0.0752859,-5.66764,3.05503

