6,0.344002,0.0492245,-1.21389,-6.11403
17,0.0181672,0.069105,-1.23378,-6.01879
12,-0.0253794,-0.0126823,-0.966409,-6.26191
15,0.0592211,0.0474272,-1.4074,-6.21048
18,0.472651,-0.120039,-0.822834,-6.28117
20,0.0153106,0.32726,-1.02391,-6.04137
24,0.118292,0.129597,-1.14147,-6.15797
44,-0.0949328,-0.0966155,-1.52875,-6.18732
0,-0.0919317,0.24421,-1.18787,-6.18148
42,-0.0552568,0.320877,-1.14866,-6.22427
38,0.126849,-0.0222101,-1.32574,-6.17642
27,-0.102145,0.109152,-1.45608,-6.23772
37,0.151951,-0.0219931,-1.31774,-6.22992
10,0.165731,0.301071,-1.24747,-6.20126
30,0.0133403,0.132309,-1.25188,-6.19255
22,0.0164434,0.407442,-1.52415,-6.18842
48,0.18442,-0.204799,-1.05341,-6.48232
5,0.0637404,0.284412,-1.08435,-6.4053
29,-0.191239,-0.0817403,-1.29423,-6.22922
13,-0.0588079,0.170109,-1.37883,-6.01247
7,0.0767559,-0.122665,-1.43977,-5.86682
47,-0.026945,-0.0799578,-1.27977,-6.17232
33,0.188531,-0.0762496,-1.32478,-6.28647
11,0.238076,0.0395752,-1.32342,-6.22688
21,-0.04644,0.165274,-1.05173,-6.09193
4,-0.148682,-0.183561,-1.31981,-6.24956
35,-0.0240477,-0.000680242,-1.32486,-6.27683
39,-0.000553367,0.0834872,-1.01557,-6.20567
45,-0.142777,0.0195549,-1.25163,-6.08578
41,0.0865876,-0.127182,-1.19068,-6.14886
16,-0.0341183,0.0316031,-1.40293,-6.17393
32,-0.368219,0.144898,-1.00659,-6.17751
34,-0.0753848,-0.195412,-1.27068,-6.38034
25,0.132451,0.279424,-0.959805,-6.07738
1,0.138889,0.0895441,-1.19925,-5.95951
40,-0.0172404,0.0423114,-1.07097,-5.99525
3,-0.23628,-0.0474136,-1.22019,-6.0942
46,-0.124232,-0.263741,-1.2014,-6.20504
23,0.0452698,0.144058,-1.27582,-6.16019
26,0.0693541,-0.0711165,-1.18779,-6.12206
28,-0.136668,0.0810485,-1.22081,-6.2298
2,-0.111127,0.0478371,-0.959043,-6.10196
49,0.0833845,-0.121004,-1.20297,-6.04374
36,-0.358392,-0.00316275,-1.17649,-6.04866
9,-0.203011,0.0871112,-1.13934,-6.10943
31,-0.0932203,0.236508,-1.21104,-6.21533
14,-0.184957,0.385582,-1.38844,-6.22361
43,0.0625298,0.16152,-1.27041,-6.27376
8,-0.0812217,0.324502,-1.28422,-6.23338
19,0.084143,0.102922,-1.3767,-5.95179

