19,0.168478,-0.132648,2.37319,-5.71489
48,0.0688614,0.36977,2.61686,-5.55523
43,0.174212,-0.223267,2.5083,-5.67043
17,0.235988,0.178329,2.41522,-5.49062
8,0.153268,0.00297854,2.51547,-5.61379
39,0.372385,0.286268,2.89017,-5.58877
14,0.244343,-0.0763863,2.38742,-5.69151
38,0.169851,0.0649961,2.45847,-5.68822
41,0.564706,0.0646072,2.74189,-5.51806
9,0.156083,0.000904785,2.73029,-5.84013
5,0.21409,-0.204895,2.7237,-5.65751
34,0.373426,0.0736897,2.48775,-5.79039
33,0.411888,-0.0150752,2.76224,-5.37638
35,0.201174,0.0597232,2.52938,-5.46883
37,0.41637,0.00666783,2.62941,-5.59841
31,0.237204,-0.181038,2.40044,-5.48051
44,0.224421,-0.266188,2.64158,-5.658
29,0.209999,-0.0182843,2.61065,-5.61197
47,0.274652,-0.137036,2.52252,-5.46998
23,0.180435,0.36759,2.54933,-5.46286
24,0.180451,-0.119465,2.62695,-5.69066
0,0.152518,0.264125,2.52404,-5.86776
11,0.154563,-0.0885906,2.4397,-5.48856
16,0.0248769,-0.00967443,2.56944,-5.55356
15,0.140432,-0.116282,2.6774,-5.5111
2,0.195052,-0.0724225,2.45089,-5.48365
40,0.186751,0.116565,2.64035,-5.30831
36,0.354403,-0.0310157,2.3905,-5.47244
21,0.0988189,0.0771822,2.64011,-5.5584
27,0.408565,-0.0491365,2.5396,-5.66873
25,0.0718319,0.136165,2.42429,-5.574
45,0.193438,0.307183,2.6954,-5.65935
26,-0.071165,-0.0789652,2.61178,-5.56838
32,0.0669866,0.159066,2.52014,-5.4691
18,0.176584,0.00681687,2.09354,-5.73782
20,0.378389,0.132161,2.70205,-5.63713
1,0.3282,0.258113,2.32514,-5.6511
46,0.133913,0.00662552,2.65791,-5.51286
22,0.186539,0.118289,2.85184,-5.43923
6,0.189009,-0.112316,2.34074,-5.47652
10,0.335128,-0.243032,2.40218,-5.43502
13,0.122797,0.244005,2.58485,-5.7793
42,0.135285,0.0980904,2.75565,-5.48225
12,0.379483,0.0726156,2.60311,-5.5768
7,0.323045,-0.369658,2.48668,-5.66114
4,0.198291,0.250652,2.55938,-5.60706
49,0.241411,-0.206362,2.84167,-5.47768
3,0.141132,-0.112489,2.70303,-5.26306
30,0.249298,-0.000261723,2.33174,-5.56846
28,0.203339,-0.139949,2.61372,-5.5648

