0,0.9694533575384966,0.11726457791823124
1,0.8946561668557433,0.08872730503196849
2,0.9593184231663721,0.15460374687256376
3,0.9322009899279661,0.12924486072883612
4,0.8914088504016716,0.16263463613478504
5,0.8892346891676367,0.12044132133641326
6,0.9341863822300646,0.08900180761278277
7,0.8605906847233221,0.1405853718423306
8,0.9413850344802868,0.18203963703004267
9,0.9063865260488329,0.18944089203598904
10,0.1130748488165085,-0.7230192631576647
11,0.07426130842450114,-0.8177076652706353
12,0.07918295887448269,-0.7297194274508292
13,0.11832743826971842,-0.7653423093299613
14,0.05292621105934415,-0.7500263674504215
15,0.1167792752663344,-0.8240945265673371
16,0.14641052533382956,-0.7463377698069239
17,0.04872842678405233,-0.785610666762431
18,0.08939039424892709,-0.7860345638072354
19,0.14510141247605013,-0.7937781211206639
20,-0.01875681130989331,0.09178964188332399
21,-0.057125365457954706,0.10513220746019517
22,0.023146414952186615,0.03640612015634881
23,0.015866643626413122,0.1260396107566149
24,-0.03761055085458792,0.03232680735194044
25,0.02849339570591669,0.09724897194039596
26,0.04361598625482415,0.07034514454942407
27,-0.05447061505196367,0.06515927289056657
28,-0.023296784133391625,0.12935074757233564
29,-0.007284615324377811,0.0504009567332372
32,-0.15380917412383585,0.9815945327777932
33,-0.23631629519215266,0.942496430177431
34,-0.173058721098683,0.913554439013085
35,-0.1961415865190154,0.8931829795848564
36,-0.18584961828402807,0.957436322390852
37,-0.14199701502356446,0.9119477692224548
38,-0.22410522377741146,0.9122152881313189
39,-0.22271408546269225,0.9733108779044708
30,-0.19280031450305937,0.9999999999999999
31,-0.13710233169543562,0.9487557018601465
40,-0.8362947086399739,-0.4348660815691321
41,-0.7681324062979924,-0.3919758964232538
42,-0.8691500642391209,-0.37881600235497986
43,-0.7962912029674756,-0.43803909799658797
44,-0.8682092896721176,-0.41583392480327774
45,-0.8137884047348294,-0.33788633776392557
46,-0.7973115964055909,-0.4063408153134964
47,-0.7856540156355853,-0.35801360020295203
48,-0.8269175452835399,-0.3824016106711367
49,-0.849938002945207,-0.3468339310778901
