0,0.9436874391590422,0.32327299621918165
1,0.9117092708735166,0.29694352429572146
2,0.9902904045629982,0.31951883264625003
3,0.9698354666534048,0.39312116174104156
4,0.8899773397452145,0.3313942006621441
5,0.922612109332726,0.3971977278907408
6,1.0,0.3608798599085125
7,0.9579074158888511,0.288029659812297
8,0.9455033734098106,0.3616862926088155
9,0.8963910640040277,0.36931914954731304
10,0.424723262277839,-0.7924473506885329
11,0.4478382641649354,-0.8484908983705167
12,0.38276843159627144,-0.8226964954490432
13,0.3677756860279077,-0.7942009266621953
14,0.470271924973774,-0.8177519920896998
15,0.4741428660719126,-0.7801010576857856
16,0.41669105593386463,-0.7443348901675358
17,0.3834224009984188,-0.7597579899936452
18,0.40923978664831434,-0.8464998422298717
19,0.45287320923009416,-0.7488275811253924
20,-0.7723727123887347,-0.542684772802703
21,-0.740502404130709,-0.5600036632178675
22,-0.7834295573429186,-0.4754756229268891
23,-0.7966491113968984,-0.5139559108694649
24,-0.6850484499140275,-0.516277155502114
25,-0.6990716936600274,-0.4846504346559504
26,-0.7158084318225659,-0.453980996111071
27,-0.7539808335582642,-0.4535377737590686
28,-0.7441738177546342,-0.5053070045830071
29,-0.7067753813411667,-0.5457020376625856
32,-0.7080457671318856,0.7986356705352013
33,-0.6933315296943641,0.8317085679075665
34,-0.6568246561051625,0.7270661860413267
35,-0.6399598415004607,0.780688673134909
36,-0.6207894013782541,0.7534622203734274
37,-0.7282371720922673,0.7692803625209956
38,-0.6547791761774838,0.8250154964324447
39,-0.62032716868959,0.8118197733534166
30,-0.7004103955000275,0.7298178412505265
31,-0.6800090797312383,0.7641619879707041
40,0.08857905959948274,0.2096218711866331
41,0.03714214150343553,0.12462218822174258
42,-0.0010900740949486313,0.14157278643327706
43,0.05585275632241223,0.23056257546846684
44,0.0756859968794365,0.1322545677576357
45,0.019240273237494568,0.17393201897124239
46,0.019220094049545056,0.22337458867737306
47,-0.011321166985038208,0.19430932778798293
48,0.05962038172140613,0.1757254563110744
49,0.09993634752452829,0.16768883088497355
