0,-0.024765933041416215,-0.8622512517466385
1,0.02915340607083835,-0.88072936879098
2,0.019400690351561188,-0.9436732892536096
3,0.035972558498384,-0.9124963668375682
4,-0.04903082436651586,-0.9412540568958455
5,0.006502411926316857,-0.855763523916334
6,-0.060988188326744665,-0.9069180980778798
7,-0.014930853104801182,-0.9475906576052233
8,-0.05458313156790136,-0.8728531072302005
9,-0.013567166260803757,-0.9106243781596695
10,0.014139048698704765,0.8378941815964189
11,0.03035691496019451,0.7591306322453547
12,0.10160741253555083,0.8267444768779657
13,0.007392646482737512,0.7962204482193397
14,0.08703594233983356,0.7625520687399953
15,0.04574222080934924,0.8088828937975863
16,0.046164895514592505,0.8509206054140342
17,0.05928545999793483,0.7776585736128001
18,0.07951636981278715,0.851376223125498
19,0.1049810123256777,0.7948431813528308
20,0.014330954805750218,-0.11162943217787641
21,0.0014678062823393055,-0.03411821749296318
22,0.062243656854030986,-0.10024455031115545
23,0.04104259616670489,-0.13107522032329197
24,-0.015237426093328706,-0.125078522619849
25,0.040459435009046606,-0.035582302210620295
26,0.06549862409693,-0.06582628025157317
27,-0.02775969250991153,-0.05675949001298442
28,-0.029886043880276256,-0.091230764790368
29,0.020168176751977865,-0.07162704210718401
32,0.9028978870289736,0.056942789524489265
33,0.8462853264218823,0.08816457287202432
34,0.8647517858926701,0.05822667314841609
35,0.9207494511906894,0.02071903512518889
36,0.9171577239755332,0.0940633547530617
37,0.9420232668797677,0.05744154443830241
38,0.8360235554135196,0.04224877111136081
39,0.8798211086243494,0.10391046767606889
30,0.89086721957314,0.0036181643856191574
31,0.8598115330125367,0.012824217366456924
40,-0.9263467556756761,0.13805481436574757
41,-1.0,0.1429301227088826
42,-0.935075823949825,0.1756126744295964
43,-0.9671767296176883,0.0777991782662609
44,-0.9574057457252119,0.11987553396666865
45,-0.9305688225592658,0.07814367357462765
46,-0.8966927575290634,0.1455246342942453
47,-0.9051510906510313,0.10238491882114599
48,-0.9929501167775379,0.10469134443678581
49,-0.9707339966673022,0.16792615056504184
