0,0.5193804936649397,-0.5611621632094946
1,0.48497028541371573,-0.5848468038250395
2,0.45964821167428604,-0.5416166424731721
3,0.5347851986874164,-0.5101120117425826
4,0.5469792771261907,-0.5930702597959243
5,0.47927085219002835,-0.5099700520774929
6,0.5063926769195458,-0.5252494910552774
7,0.4556945651722146,-0.578835480611459
8,0.5075494601791135,-0.6083206159542678
9,0.5565338323931336,-0.549685645866785
10,0.8331952693510607,0.3450639720837132
11,0.7684928473743766,0.31043984249975654
12,0.7300212779398646,0.371866319829114
13,0.7917961976778664,0.4082906204937464
14,0.8018833485533879,0.3609116515131302
15,0.8297475336020449,0.39122041849741457
16,0.7549026715341411,0.40546185351299213
17,0.7652448314952605,0.3659745746680666
18,0.7453393733340063,0.3346440927792465
19,0.8036418242831123,0.3158401238036549
20,-0.3072682494366816,-0.5155740488479247
21,-0.2832903229717365,-0.48159252620852827
22,-0.3073613319251046,-0.4541054496852938
23,-0.31763446879016727,-0.4184800743704571
24,-0.2799003413435774,-0.4200919282116803
25,-0.26609118437527046,-0.5123632001075702
26,-0.3369017477587565,-0.49361006298491833
27,-0.2436442772058559,-0.4752901359150236
28,-0.2504474005154139,-0.4384835635244183
29,-0.34440049955589297,-0.45464979956504586
32,-0.08324618043770025,0.7415462916797344
33,-0.0830459631528807,0.6721723691491863
34,-0.09475251110829352,0.7052333879253314
35,0.0004860710088467539,0.7168136941145025
36,-0.054578734231926586,0.651179837173885
37,-0.025099088877227924,0.6648448659769962
38,0.0018709990981504046,0.6821417452500094
39,-0.04895831547378036,0.7071826987678702
30,-0.049407153276181066,0.7459395572138916
31,-0.016298015480524813,0.7473898782089164
40,-1.0,-0.0305250665456648
41,-0.9901293156651879,-0.06510374633369093
42,-0.9648725764239638,-0.09428092585089728
43,-0.9741374105405782,-0.008215126283690095
44,-0.8969711733619835,-0.046499302190227895
45,-0.9124774273187894,-0.004200736865704061
46,-0.9485842624710582,-0.06477840364281913
47,-0.948620502665274,0.011550862286605379
48,-0.933750795317111,-0.03161719659755065
49,-0.9159578489917837,-0.08337819708516277
