0,-0.1548345492764939,-0.5014984440679185
1,-0.19282937673313955,-0.517604140558388
2,-0.17840581925649435,-0.4044155138723515
3,-0.1356071664837301,-0.47118562583405893
4,-0.14154701377897683,-0.43426256454486034
5,-0.18181514879791152,-0.43870168836037887
6,-0.24017013106819596,-0.456213654308143
7,-0.23115538082167889,-0.49622423474529886
8,-0.19545421214069894,-0.4759819828544323
9,-0.2217494406261387,-0.41984641950105417
10,0.6818041161715974,0.36221641420076384
11,0.628976635332883,0.3078568353554669
12,0.6103946323428895,0.28225633773384207
13,0.683590691959766,0.26627177173427635
14,0.6693716794930736,0.3184440030685667
15,0.7099798799905913,0.332625432359321
16,0.6467197944418192,0.26149970282132085
17,0.7076023160312112,0.2927519521739829
18,0.6422417431978903,0.36230248984745667
19,0.6100376971877167,0.33902533042265354
20,0.6803799276535111,-0.7046979500340783
21,0.6451871991122748,-0.7640783611641179
22,0.7425065038719317,-0.7775405083057881
23,0.7099654935061305,-0.7351600018993745
24,0.7512727149114958,-0.7390038331436429
25,0.6505357839625769,-0.7267257825274075
26,0.6910303400673221,-0.7696696502635431
27,0.7139245401022235,-0.8057443499710529
28,0.720439681341619,-0.6992051077110807
29,0.6669083460460342,-0.7988670046284532
32,-0.17092937857748772,0.8447843353866826
33,-0.2591453770639472,0.7823717596659652
34,-0.2189433322443908,0.8707948072454827
35,-0.18520717545424606,0.7624264751553254
36,-0.20676465143629635,0.836002708325011
37,-0.16257473870658182,0.8013014127933329
38,-0.20643132556892566,0.7929765979223297
39,-0.23015249173107477,0.7618357006176036
30,-0.24976441545724065,0.8427942269707791
31,-0.269570401349579,0.8158943238834588
40,-0.9668252429535322,0.0847869953371015
41,-0.9990170822611896,0.10281073652284858
42,-0.9851208466437248,0.13593273215629162
43,-0.9660343746260779,0.037754900534725244
44,-0.9452166468989729,0.1422273322474967
45,-0.9290905680742227,0.042970244393162424
46,-0.9015163908255908,0.07208786507159436
47,-0.9090139179378333,0.12508457884223376
48,-0.9279831199301807,0.09577652951980029
49,-1.0,0.060762285986547544
