input_data/5_10_graphs_1.0g_0.0ng/graph_sample_45 0.15060091018676758
0,0.20671732268911566,0.8984113168115427
1,0.2458477054660746,0.98617151833355
2,0.23863962641233732,0.9343252067936697
3,0.2724746215340137,0.9184350166486428
4,0.24187124398861543,0.892566526362556
5,0.20778016127847151,0.9910954210154128
6,0.1780090235182075,0.9165426276859773
7,0.17355547861952986,0.957433313987331
8,0.20688214760499082,0.9524238845126922
9,0.2716899948182253,0.9584558521073208
10,-0.2642377913498998,-0.9366886074108068
11,-0.1682176221985173,-0.9688030213336957
12,-0.16368215437671763,-0.9269728474445088
13,-0.19137442679178607,-0.8977550079635801
14,-0.19678714748919962,-0.9471140301190072
15,-0.2035426007603777,-1.0
16,-0.2466086458963214,-0.90178901517866
17,-0.21951021733755036,-0.91683676286026
18,-0.256749641167676,-0.9654647405519826
19,-0.22750040831364962,-0.9774930308131344
20,0.8008137753400678,0.004652472600794267
21,0.8815467149614264,-0.05856442364121879
22,0.7840230951600033,-0.06151803191951595
23,0.8348400391897205,0.01062204577125698
24,0.8715341211033234,-0.004303892723125294
25,0.8224887520155176,-0.043170941255663994
26,0.8478423328224565,-0.08379017020594559
27,0.8575443492826789,-0.03414560835729734
28,0.8112326712280582,-0.08632583831293794
29,0.7852510059301572,-0.02538502230263315
32,-0.04693537525758711,0.0025888106086952595
33,0.043761952936144766,0.016188926569207392
34,0.01117012039300002,-0.040593959740195557
35,0.0547330369191507,-0.0164069904280313
36,0.04014032369414232,-0.05339106859701402
37,-0.0009396776191569438,0.00029340762719568225
38,-0.014813236906222818,-0.061009256120272984
39,-0.021233796358090147,0.032034340440992216
30,0.01705958595171835,0.0402733149149667
31,-0.03638438364772216,-0.031069315449804163
40,-0.8913211989293769,0.03616716382879156
41,-0.8341124280171097,0.1003068232601421
42,-0.8132358392260657,0.020290652635368982
43,-0.8464351845132481,0.05818279865744334
44,-0.7992430627740621,0.0486142506717915
45,-0.8698996621871543,0.011347886854802973
46,-0.7985946646666702,0.08144635364569101
47,-0.8855092640380554,0.0688791489803817
48,-0.838269827422613,0.0017541722700322533
49,-0.872310945612319,0.09908832913303993
