input_data/5_10_graphs_1.0g_0.0ng/graph_sample_39 0.1697375774383545
0,0.17169316081559985,-0.2696411328146111
1,0.18763326303156336,-0.31466602792670356
2,0.10062748626116787,-0.2838941726958569
3,0.16009289134661775,-0.21742894896444356
4,0.13832673241345272,-0.2504799281494291
5,0.15228863362045994,-0.32680291475541434
6,0.19873450346781918,-0.23773646673566012
7,0.10805961560879487,-0.23810470924902175
8,0.21059332833010885,-0.2817812402169823
9,0.12497114463205743,-0.306559537859919
10,0.4584225720846704,0.48783923576161925
11,0.45296466309573913,0.4524485686421105
12,0.5081184708804263,0.4087204935418451
13,0.5158002622307734,0.5003868976370497
14,0.4845294482227885,0.5150259334347382
15,0.4744388554968342,0.42310627367757303
16,0.5574024990719291,0.4609544907948256
17,0.5053978416674307,0.45799359369720294
18,0.5522855190896624,0.5023214916713715
19,0.5414923919744505,0.42486443236087645
20,-0.9600043077325388,-0.08158410216402952
21,-0.9245485278019335,-0.08506898060600016
22,-0.8734563490707268,-0.060319817455647115
23,-0.930824660536579,-0.15469235098724063
24,-0.9053719626299475,-0.12182139502318654
25,-0.9161227569757098,-0.04952849762169205
26,-0.8703043352975219,-0.09439387727588756
27,-0.8570002677252017,-0.12796184516369616
28,-0.8873881681501877,-0.15813143391835818
29,-0.9618761220361935,-0.12544099757710578
32,0.5726184065569709,-0.9634172007918099
33,0.6130236137799099,-0.9577611672358848
34,0.6359967360348301,-1.0
35,0.5854119780249766,-0.9248953597941965
36,0.6487272474272524,-0.9403066223730555
37,0.598521314493077,-0.9999982413654008
38,0.6159227998986053,-0.9000921022732472
39,0.6851184776992222,-0.94590308344015
30,0.671255519616607,-0.9870390602718557
31,0.6578698632778467,-0.9033779419967342
40,-0.42452033765413727,0.8971241121130087
41,-0.32298851555218133,0.8747415265968489
42,-0.39406363640316533,0.9230839187477817
43,-0.3733768577026235,0.8304779169509711
44,-0.397314533409055,0.8623576437701301
45,-0.435011793065131,0.8538134649351707
46,-0.35757648087875027,0.8761918321697515
47,-0.337350298598973,0.8262418376045186
48,-0.40688348776324706,0.8160959028022458
49,-0.35235584116784274,0.915039589793581
