0,0.7088216761099696,0.897126074688695
1,0.7368736291347844,0.8739639627346122
2,0.6471007591913902,0.8395900922994386
3,0.7673356573931287,0.8516833579499318
4,0.7070704121188348,0.7834017758506322
5,0.6730085015180157,0.8041725489595174
6,0.750443958147901,0.7993031929612253
7,0.6854208923327092,0.8469082029628545
8,0.7255832192688051,0.8268774824784833
9,0.670157602927645,0.8864197996929717
10,-0.07707013412680756,0.30147841954570975
11,-0.0067956511874035916,0.33919065884603666
12,-0.12062336403899682,0.34727074333244745
13,-0.11358187374354824,0.3002738380186738
14,-0.031164447467560922,0.36175929161018494
15,-0.09657814235739848,0.3839857363912112
16,-0.05375571387752865,0.3927998038042724
17,-0.023979262368210276,0.30307643312038696
18,-0.054518551814300466,0.27308526402989647
19,-0.07449673320493012,0.34478311984167215
20,0.6382942203542289,-0.46745492403294653
21,0.6535470812873458,-0.5080460391886641
22,0.653095679754635,-0.5857503596010603
23,0.5907153833552086,-0.527883431547026
24,0.608833297924807,-0.5653122896338377
25,0.6084212517257687,-0.4949587126642834
26,0.7049744465933186,-0.518720108665943
27,0.6507104375919843,-0.5491428197135798
28,0.6837355533003073,-0.47934860395361883
29,0.6924889320572758,-0.557747726952619
32,-0.9338293368611196,0.1779690858776334
33,-0.9288478348494201,0.2578569387699552
34,-0.9895709709751815,0.15496560135335097
35,-0.9446436805415603,0.22313804426051947
36,-0.8985808048094512,0.2233644344289022
37,-0.9803245451488106,0.25315292264204703
38,-0.8985772832973137,0.1786465845063476
39,-0.9839761307551824,0.18799003612877027
30,-0.9422621049301247,0.14236666746860854
31,-1.0,0.21828373109930396
40,-0.3274256538641618,-0.7938887033120063
41,-0.28380695444464515,-0.8522133097856772
42,-0.3030745564631287,-0.8226022676026725
43,-0.39002360231448757,-0.8714832171423712
44,-0.36654912321583444,-0.8050740124032703
45,-0.34367619550419126,-0.8501132308798582
46,-0.2969906617876656,-0.8880501819446214
47,-0.33074878654628287,-0.8986491221530732
48,-0.36807633969089276,-0.9055697372510291
49,-0.3930841519019261,-0.8328750472261338
