0,-0.052166925097922076,0.012766139544353922
1,-0.009489873569479711,-0.01443248978002505
2,-0.07597209465705562,-0.0546023590241385
3,0.006547793137617497,-0.07359765257932102
4,0.02943444568845436,-0.008706296907039385
5,0.03340611813624373,-0.04833892293833929
6,-0.00936826322117837,0.021950207628630453
7,-0.03882890508391767,-0.06124512203572864
8,-0.06030776463239353,-0.02202344434240085
9,-0.0249977581217071,-0.09242803805118263
10,-0.40179538317970936,0.8947670690812466
11,-0.3530106172121972,0.9308937981246822
12,-0.3523800143188036,0.8502765141258752
13,-0.3467772642109897,0.9662833549473163
14,-0.3321489065183406,0.895953861866636
15,-0.28993188118618657,0.8979086197730971
16,-0.30499018416119944,0.9392731320063447
17,-0.378748913133102,0.8742143168193017
18,-0.31195415193495507,0.8609197023293272
19,-0.39112673631195094,0.9358230170639497
20,0.26294481538843356,-0.9701897650500284
21,0.31412128038177217,-0.8867637339787702
22,0.3532115305701836,-0.9393858414549161
23,0.30804761010754594,-0.9494075675373446
24,0.29659636788867827,-0.9909143974179767
25,0.343957430947246,-0.9031037016331952
26,0.2430799297234451,-0.9375340218683221
27,0.277983261598457,-0.8859234910204292
28,0.33782714207061487,-0.9781048582938601
29,0.2684333150147603,-0.9154186793724065
32,0.9045651103430868,0.11924653796593891
33,0.9437201237308723,0.15472850869469448
34,0.9618510899235867,0.07726859417985395
35,0.9562381075383423,0.11538670004044724
36,0.8969868643182934,0.15581261400559943
37,1.0,0.10652043734022525
38,0.9950600511804398,0.14470170832838175
39,0.9203727228088912,0.08567659412973004
30,0.9328746995154638,0.1882191287661627
31,0.9819735397284519,0.18003297873854593
40,-0.8877301585433276,-0.09603192860058203
41,-0.8584882416884161,-0.019638634379738906
42,-0.8832004073756211,-0.12727102823723058
43,-0.9107302918731143,-0.06313072086248038
44,-0.8934856025303513,-0.015616999994285443
45,-0.8324309645892913,-0.050182471245753056
46,-0.8576604337211767,-0.06878999750622547
47,-0.9332452133927658,-0.03749680166046937
48,-0.9393763719212921,-0.09457989812273082
49,-0.8388900275544336,-0.10376467160541954
