0,-0.7186574969992537,0.3406417709288125
1,-0.8156357387225189,0.34274435004395615
2,-0.7924625917977866,0.2871949117410877
3,-0.7769705946471327,0.37150952962611683
4,-0.7498853133247764,0.29234100429170123
5,-0.8424872022155742,0.3729393946604358
6,-0.7942130183263002,0.4039845283114145
7,-0.7392610030813604,0.38793997808312314
8,-0.8290515394875166,0.30662500443247415
9,-0.7581244462915984,0.33021940460292376
10,0.5007396426299879,-0.7053769659150355
11,0.4520461112864337,-0.8120213187332919
12,0.5334298879768703,-0.7277984207324936
13,0.4894087610165043,-0.8108056764781474
14,0.4327619643103429,-0.7761486766290757
15,0.4894761056729804,-0.7635510313194521
16,0.46468210387665854,-0.7160621477806204
17,0.5411270026794268,-0.7662553354939019
18,0.5300202857776746,-0.8094912056694354
19,0.4327941925445322,-0.7364340915197019
20,0.07168703796381927,0.9177002395011892
21,0.005165953658457361,0.8860540930121585
22,0.016509247711602944,0.9435762967886095
23,0.043267140106747135,0.8934799879960288
24,0.020881005590713386,1.0
25,0.07952331419773662,0.9556594644058961
26,-0.02707202619453649,0.9102135345921086
27,-0.01724354201660316,0.9877198877267481
28,0.0536751123135901,0.9809655944871838
29,-0.035851327665614906,0.9508083023779549
32,0.8356102544586024,0.24920568494861836
33,0.8935185952105364,0.2581176890249522
34,0.928334042551331,0.17468382493555876
35,0.9362912495054221,0.2219154902530539
36,0.8479203522148125,0.21540856251610171
37,0.8350695487010906,0.15016815804563166
38,0.817580580436878,0.19352026984525245
39,0.8978227023415087,0.1406131232028281
30,0.8718969677593364,0.1685863796218138
31,0.896330372735332,0.21593346081695367
40,-0.6607982247140297,-0.7063779098111029
41,-0.5562121990783153,-0.7611179608857305
42,-0.5950543102904149,-0.6638810879843716
43,-0.6484538563981282,-0.7698489809000241
44,-0.5898476791860174,-0.7335577068223785
45,-0.6319032475802125,-0.6755479998054901
46,-0.6323808726363908,-0.7322472425211428
47,-0.601039335387096,-0.7824394797301876
48,-0.5403681928808547,-0.7159057010380017
49,-0.5645957763068961,-0.6856009810511026
