0,-0.8493935378860865,-0.02928029895262071
1,-0.7939165000346683,-0.11154947613532892
2,-0.8503076108075751,-0.09788007479340038
3,-0.8291511543776051,-0.12005987749192416
4,-0.8107333133339926,-0.0231354473411083
5,-0.8353377763945066,-0.0577344246891103
6,-0.8073668667621615,-0.07802932158415184
7,-0.7821624217166804,-0.042466198124210715
8,-0.8743383538365299,-0.06936516685935736
9,-0.7699909293754853,-0.07787577685072733
10,0.024850217865898527,0.9814442253345795
11,0.0195681397235086,0.9418256343605289
12,0.08455469636326143,1.0
13,0.05309996133459098,0.9982222280589013
14,0.04691825032920168,0.9141004955897493
15,0.08564748059245378,0.9103773585169519
16,0.05247156052026193,0.9526963040361894
17,0.11779690696005365,0.9429480274272859
18,0.08607027780933679,0.9434973716999078
19,0.10985917452202375,0.9799803657413777
20,-0.07337304834322092,-0.7595510533769864
21,-0.1326790225585203,-0.7622933327105691
22,-0.09071045146475662,-0.7258330077096636
23,-0.050732867730328784,-0.8012348226682852
24,-0.03680702444293386,-0.7633833029497089
25,-0.09064667549100827,-0.8224677992202606
26,-0.05522837199007502,-0.7271870487143289
27,-0.12084041314447867,-0.7328572572878574
28,-0.12566319736576462,-0.7940627693206062
29,-0.08953760104892085,-0.789964496535865
32,0.6948990141221807,-0.25595791149710917
33,0.7308824477567296,-0.25949733364528954
34,0.7678375274730379,-0.24586747181983254
35,0.7412666751550698,-0.3311353319338325
36,0.7845996442783032,-0.2780283329685109
37,0.7271760871234925,-0.2291627278570924
38,0.769344074482968,-0.3091314159316597
39,0.6882642215385493,-0.29036293806711744
30,0.736248470572335,-0.2935706924043601
31,0.7059672918384279,-0.32051469468376004
40,0.15187501932825268,0.15791509214279204
41,0.099340817946274,0.17232259724243312
42,0.13529810545732987,0.12353091097237037
43,0.05836806386704575,0.17871075484207924
44,0.0610569144169301,0.14381589339942383
45,0.11721934055791339,0.20950761472174362
46,0.14316190841270418,0.1884554090628316
47,0.08115793888922011,0.20758084133636964
48,0.08501708317465373,0.1135380014320118
49,0.1090998256932898,0.13897067820710773
