0,0.9451949570711599,-0.4350689889227457
1,0.8988647936492177,-0.38243629400968854
2,0.8913674740929302,-0.41934113889945096
3,0.9316794700078057,-0.3679156052965939
4,0.9660711268478056,-0.3617284045744953
5,0.9443264429567356,-0.4756309226925838
6,0.9999999999999999,-0.389044797599542
7,0.9788714467926836,-0.41677811292227795
8,0.9942147621863076,-0.45553815241178375
9,0.9018991618856178,-0.4566343372077222
10,0.0753748588131769,-0.07723626111852672
11,0.0005487417171085899,-0.053337358067218774
12,0.050786582527534686,-0.10368866280575392
13,0.015534939195743079,-0.0853222563411203
14,0.06206167932171923,0.017293084000471647
15,-0.006523631318315854,-0.015337447462331127
16,0.06168149474133113,-0.03408926889456168
17,0.03026529801569282,-0.002539594117427633
18,0.10806742985997064,-0.060805431660152835
19,0.09885361010383585,-0.013650003035939506
20,-0.4427953830956571,-0.9191830416403919
21,-0.5129964424701402,-0.871239033530968
22,-0.4849646725688264,-0.9478430926075275
23,-0.5026612400035197,-0.9090338049906118
24,-0.49157867991637333,-0.9906962634676598
25,-0.549189232272163,-0.9024210298837646
26,-0.555520926098553,-0.9438742338583588
27,-0.4467605553127982,-0.9628797862791567
28,-0.4638670526565429,-0.8801409515013554
29,-0.52762771310548,-0.968722472744187
32,-0.8886360290739137,0.41019244398793003
33,-0.8202400586570789,0.47444926475181964
34,-0.8331224245959381,0.5110534889873348
35,-0.9240740093683345,0.43935858587590093
36,-0.8724985359026358,0.5269958320518688
37,-0.9147474704567579,0.5150417200359494
38,-0.8626462536996,0.43410183321538703
39,-0.8263136958719491,0.43263080841970647
30,-0.9272618412801558,0.4768221506238025
31,-0.8760074738645043,0.4788519996653194
40,0.3736563143526012,0.8628607557066285
41,0.3825859789107396,0.9735807466539764
42,0.355563776449416,0.9267576025053443
43,0.42153738121878337,0.9583467153584722
44,0.3378037479050304,0.8804018631236533
45,0.4371502519270698,0.9127622385367946
46,0.3158343851356698,0.9176595230805266
47,0.39630024727677665,0.9150062200132879
48,0.34007022099826895,0.966179555481551
49,0.41386674762850467,0.8718103164681694
