0,-0.07074486198110863,-0.11370318245123999
1,-0.043605594093683926,-0.08140473214671912
2,-0.019042774882109908,-0.11407829270231078
3,-0.12243403736032638,-0.14390013411375685
4,-0.07212889093018597,-0.15322748847359974
5,-0.10064692467993926,-0.1804436385050822
6,-0.020292732361647744,-0.15277446927869032
7,-0.11944389785863814,-0.10537062495700052
8,-0.08813089092338693,-0.07620122904527049
9,-0.04817819132008625,-0.18272437046306017
10,-0.702735989372034,0.7562014905654046
11,-0.659380734878552,0.7701018682846958
12,-0.6331005402033637,0.7116822993844284
13,-0.6056063793269414,0.7772200792418923
14,-0.7032636922215056,0.7208831353861382
15,-0.6146914714990632,0.7430451030862079
16,-0.6686757788488935,0.7155055665988057
17,-0.7102494060608775,0.7951630609606082
18,-0.6323834058573599,0.8084674097892234
19,-0.6722805362567313,0.8139988650020435
20,0.8238664268687403,-0.4376914477423845
21,0.8297871308887721,-0.4782794033156448
22,0.8982418218155472,-0.4129010649150929
23,0.78655535991505,-0.4078771838629827
24,0.8072540447504858,-0.3699302124007788
25,0.8367163291471714,-0.38988009984451355
26,0.8663360401930175,-0.3700589064391644
27,0.787027710640437,-0.45070600787438986
28,0.8677347627961457,-0.426988596492518
29,0.8706336446884285,-0.465353992004441
32,0.38750345446265955,0.768137107287704
33,0.4500652676663256,0.7621243138686928
34,0.4295877138569631,0.7250956032682273
35,0.47132785585742565,0.7873899132388233
36,0.48584172891596367,0.7347178555809553
37,0.3750491242707062,0.7331514867766038
38,0.39694293680913517,0.7036213253139364
39,0.41808315916882205,0.7906826621405161
30,0.469762535558768,0.6978828485404055
31,0.4313588068533541,0.680906066515889
40,-0.517225156875595,-0.997341514410078
41,-0.48156000248276126,-0.9329498493026123
42,-0.5896771877136989,-0.9737659805723681
43,-0.4906474804729526,-0.972855915079017
44,-0.5894485108569938,-0.9306424296817692
45,-0.5146384183353164,-0.9247000738036688
46,-0.5284427419341213,-0.8936006799939266
47,-0.5659215703461353,-0.9005987195836868
48,-0.5564897585938815,-0.9999999999999999
49,-0.5486082965960294,-0.9560278213754377
