0,0.0033603818520204034,-0.6634116279848233
1,-0.039114929181397196,-0.6818280384276367
2,0.010960035389082396,-0.6983069023354563
3,-0.00997326412086005,-0.7333599669635278
4,0.04915685617742207,-0.7088442733855833
5,0.024697740935154585,-0.7366643054458722
6,-0.023592346227223473,-0.6512517419192985
7,-0.034416696344887754,-0.7121408925526965
8,0.028446587893938197,-0.6469398226904295
9,0.05004830221619146,-0.6739433855052266
10,-0.010361339460479263,0.19012128603162612
11,-0.021251931413846382,0.13624575013044654
12,-0.0326209874094056,0.22898652722574922
13,-0.03922748710714913,0.16141490799457164
14,0.025458214350665396,0.20983848267599506
15,-0.055287192283694185,0.20815947340070498
16,-0.0004085362243624574,0.23198513794145795
17,0.010198027241077507,0.15039993192532
18,0.029883290284053544,0.17629426166687892
19,-0.0640225090160819,0.17760950381860546
20,-0.00904904093944761,0.9767630369322844
21,-0.024966225002400106,0.9103526779956751
22,-0.00553306608980152,0.939319195815462
23,-0.05318300517162864,0.9606202960964229
24,0.011888764519319975,0.9082474000420322
25,-0.037318175332859464,0.9916797744027579
26,0.033939435410147135,0.9675332648865136
27,0.010637570133707105,1.0
28,-0.051169811481552606,0.9285342480263032
29,0.03578892515768581,0.9343592722511291
32,0.7791698129599973,-0.1804724109453009
33,0.7206398560795878,-0.19199886146305106
34,0.7681386962315981,-0.13213032699518776
35,0.733980465496053,-0.16689959468225163
36,0.815203603756088,-0.1719124868642048
37,0.7734614886849398,-0.2224642252545802
38,0.7371012094488932,-0.13821580299670963
39,0.7423297077572011,-0.21500769005586823
30,0.8048562451467527,-0.2072410572939135
31,0.7968170862132141,-0.14228789907641037
40,-0.7545902215320395,-0.2962170310817121
41,-0.784397244701877,-0.23728557738695655
42,-0.7191791904134919,-0.23950886456687148
43,-0.7565973053072722,-0.2586769268814488
44,-0.7033289089697448,-0.2657614127546787
45,-0.7440016753839175,-0.2216197743531383
46,-0.7833401590684576,-0.30780951459606287
47,-0.7127723743238388,-0.2946288351159886
48,-0.7316464600819761,-0.3192970811947667
49,-0.794812220745101,-0.2723380984902818
