0,-0.9272975995604934,0.12737437129989485
1,-0.8946399642444113,0.09780131307890029
2,-0.8658804342102786,0.041948408914276786
3,-0.9431684654328123,0.03720497713491847
4,-0.8785179423930026,0.12616612899617446
5,-0.9007686025505566,0.06063941857293432
6,-0.9513326557220919,0.10171817412849665
7,-0.8554735113305094,0.08322844802818596
8,-0.9606649424351933,0.06856613308069613
9,-0.9057801391821104,0.021843111008601084
10,-0.2196565782030932,0.880396198859722
11,-0.19940423565470208,0.9120302972473677
12,-0.20006202351833102,0.9464545934032651
13,-0.2996973805771045,0.9133752854222151
14,-0.29690532653458684,0.9552972264137523
15,-0.26266934123807384,0.9709185843251844
16,-0.2245744159409829,0.9721411205234441
17,-0.27938471237730145,0.8789935793395043
18,-0.2497536578983389,0.8946009043969908
19,-0.2541762339728474,0.9365621597711443
20,-0.023216049815504458,0.02859389793742247
21,-0.04315275921169753,-0.05157414373869667
22,-0.059829371178896265,-0.021362632894975263
23,0.04174579229282225,-0.025594531610936125
24,-0.05305489169111389,0.013362839715032087
25,-0.009069904408821735,-0.018757640388071872
26,0.021303389276091204,-0.0555513955328134
27,0.03429895123293113,0.008750900138640681
28,0.010357960967792415,0.03573155203168174
29,-0.012799945860006035,-0.06982519234394857
32,0.8368622575267802,0.011152222346219307
33,0.8627628566226431,-0.09204032901700004
34,0.7910213657089191,-0.07214771592613081
35,0.8946714165597451,-0.04339522641580549
36,0.8210500979812141,-0.09230449417016251
37,0.8736255091700507,-0.0063181390716311875
38,0.7989682274184097,-0.0016554393250239152
39,0.8593272997858526,-0.05858392428906661
30,0.787962669350953,-0.03677949051498859
31,0.8323127877942159,-0.03202875504583327
40,0.31872376886346904,-0.9596980076485359
41,0.29713075034631864,-0.9139511080946604
42,0.3691268375337649,-0.9825876520512857
43,0.3311810710911118,-1.0
44,0.2747851085114485,-0.9382932431281532
45,0.32521849253316537,-0.8944155624330498
46,0.3866126327062149,-0.9390930161736073
47,0.3513028524515888,-0.9400336966064802
48,0.2880185032895459,-0.9792756190183599
49,0.36256048612781494,-0.8995848906754483
