0,0.306110090640088,-0.7859672326117882
1,0.34813735090377046,-0.7840665843529846
2,0.3437931055706517,-0.8282761293921183
3,0.30967740257339343,-0.8428945673274754
4,0.23581429476588908,-0.817310944564776
5,0.3185389871175871,-0.7469568922078641
6,0.2717722486667109,-0.8562600891755824
7,0.2421909259833454,-0.7710298865029644
8,0.2732678385646741,-0.8140877710380681
9,0.27590205814540797,-0.750902965034313
10,0.9999999999999999,0.6167063318742125
11,0.9743528814423564,0.642028636896232
12,0.933381178465559,0.6292121252027314
13,0.9501413243424893,0.6721958181571267
14,0.8912245451840073,0.5684588493939976
15,0.9326562655326459,0.5870140226927582
16,0.9508662478512093,0.554702937664121
17,0.9840891201804943,0.5798206313843285
18,0.8874000818641886,0.61541142386778
19,0.9015004193790392,0.6560137759114935
20,-0.8022595734114646,-0.6203948135466708
21,-0.8662887133131105,-0.6514668976472499
22,-0.8890718474108877,-0.569959458541794
23,-0.8070247532264532,-0.5492797627571699
24,-0.7835744393481048,-0.5883534246389958
25,-0.895334731612897,-0.6107070201348831
26,-0.8140098977258948,-0.6501504301364449
27,-0.8546074146149626,-0.614883644078834
28,-0.8565176701869825,-0.5403925441621071
29,-0.8336229571780315,-0.574059678964698
32,-0.5568556937384247,0.6918048367224264
33,-0.6643232940910678,0.7060888716520617
34,-0.6183559756062605,0.7709581684726263
35,-0.592335923846046,0.6884980968161089
36,-0.6049113873300359,0.6556359580297885
37,-0.6158445602399583,0.727762049009984
38,-0.5779579023439723,0.761876180768701
39,-0.5553403678581953,0.7313119867795425
30,-0.6435712621474551,0.6732372293691576
31,-0.653459646571972,0.7439756984667125
40,0.22053197480977904,0.009253471453178426
41,0.27175027351234693,0.07324713217422144
42,0.2590933514302682,0.032485809130343477
43,0.18509008330938886,0.09439305704174229
44,0.20864423891393052,0.0451899370904901
45,0.23048667338591566,0.08394454644362706
46,0.25122213294432605,0.11804621266781955
47,0.1548603263259776,0.07735406504417532
48,0.1718875102959489,0.03356326111671233
49,0.20088507970078823,0.12720961552258073
