0,-0.7513220569251033,0.4582257177660158
1,-0.8238133133053434,0.5449185286004041
2,-0.7203809459248776,0.48463456804617605
3,-0.8257660847297181,0.49763237324186754
4,-0.7126288756638208,0.5240058728616838
5,-0.7838658650462815,0.5703016158381475
6,-0.7645165899319679,0.5345541343080186
7,-0.7337356972790114,0.5631197038244409
8,-0.7817283170279815,0.4976528371842192
9,-0.7963029485858606,0.4581544385413384
10,-0.6370811893371366,-0.5168637091654306
11,-0.731709468319238,-0.5935424004190428
12,-0.6310490065079484,-0.5564328823537331
13,-0.6876296746567209,-0.6132255698967295
14,-0.7240219768591156,-0.5059724676054208
15,-0.6841497839064867,-0.5719175195676569
16,-0.6943567415026378,-0.531900431993504
17,-0.6733000098250664,-0.4929993750288729
18,-0.7451087913246454,-0.5521256053611014
19,-0.641454916039105,-0.5943273759333622
20,0.6663413237266589,-0.021922393736698895
21,0.7433225062768314,0.06633552441636409
22,0.6775675207519495,0.013940912665279267
23,0.7531250199060001,-0.03514774905522942
24,0.6704221093883732,0.05039408361704243
25,0.7075918947059041,0.06482647559037535
26,0.7080269703450042,-0.04396771957986517
27,0.7772282286945235,-0.0011007370242060847
28,0.7195503880019433,0.003272989033903989
29,0.7663889264090107,0.036057960249048594
32,0.4772933049481952,0.9097134170958009
33,0.40431004139546295,0.9961469407476555
34,0.47701782689742667,0.962658732275022
35,0.39472464099224575,0.8952899916382026
36,0.4435146559962412,0.9269878237748782
37,0.41210609517944996,0.9534235074816851
38,0.4505269036713246,1.0
39,0.3683265504857187,0.9661321217234369
30,0.3668811448919265,0.923438363037989
31,0.4345462285815204,0.8827838062123528
40,0.25656152943883664,-0.8903011898712595
41,0.3344128352371773,-0.8987420576061598
42,0.29186041855884015,-0.8701015875973275
43,0.2912445829246875,-0.9668885072503205
44,0.3607998301357658,-0.9421366985952229
45,0.33166006361716294,-0.855213655466985
46,0.2560491653036281,-0.9374389980623776
47,0.3721557013933586,-0.8964726187076303
48,0.29601005455738305,-0.919741263521933
49,0.3343557902855193,-0.9761199263712783
