0,-0.7322114342513889,0.44857785146961515
1,-0.7852448121250429,0.38568615678611246
2,-0.8171520688446485,0.4293012141383521
3,-0.7550628770430111,0.39205337291885706
4,-0.8243483363127199,0.4616572711104845
5,-0.813399018940289,0.39840849845811127
6,-0.7358594057080734,0.4169299721957061
7,-0.790494119329023,0.4761476902767384
8,-0.7556777896748939,0.4729222299454293
9,-0.7758404093539429,0.43487663400454557
10,0.8875053894953311,0.3375299031592893
11,0.8428817278133885,0.3855969256329888
12,0.919152099667289,0.35156186212043733
13,0.8557051461476681,0.35072711711711135
14,0.8506880372244794,0.41797410006726515
15,0.9421858618093101,0.3892879306472196
16,0.9119400705260972,0.39288896658794736
17,0.9137092974848785,0.4278020662401656
18,0.8794147230211478,0.43245743494007327
19,0.8778133510197192,0.38060731990417357
20,-0.15181161861896358,-0.24088421710717453
21,-0.15473384974061968,-0.20768791531224984
22,-0.15670824401678382,-0.1700530083754816
23,-0.12505490170636546,-0.14943589670830576
24,-0.19567394317205963,-0.18104246125249324
25,-0.12115923279297436,-0.1892789784274866
26,-0.09373262710586175,-0.1865656051492469
27,-0.1724427222315393,-0.14556900521374772
28,-0.1888450543222673,-0.2171144513855936
29,-0.11508030255622946,-0.22906187120001092
32,-0.19343512599096543,-0.9506866189696161
33,-0.15687349886637966,-0.9304253190946516
34,-0.20144380770627526,-0.981704770224231
35,-0.16592170252313612,-1.0
36,-0.213216898716835,-0.9293410692259493
37,-0.1158358818443802,-0.9377228036659305
38,-0.18296284839787957,-0.904849000708243
39,-0.1520009732155544,-0.9656662499534523
30,-0.13886864552389966,-0.9047278134668362
31,-0.12373989196548671,-0.9800552290362723
40,0.218487128679101,0.2751290807589378
41,0.2234672436379168,0.36801669003039333
42,0.1860972503294352,0.28173397961113644
43,0.18314914200749047,0.32476296492432893
44,0.24660180396438253,0.2989131132638905
45,0.24694839947147967,0.3379549802429655
46,0.15672576468995056,0.3013992120021521
47,0.21712476473851533,0.3195352111079808
48,0.1882935543379603,0.36686877939142337
49,0.1569412865319486,0.3445637554231412
