0,0.024150635745566224,0.6660249199884603
1,-0.03647976234487703,0.7390889568608725
2,0.046032342688308865,0.6895921271948757
3,0.02893743775380769,0.7576900672973896
4,-0.0074717202106151966,0.7541170551448653
5,0.0501032577933815,0.7222933500629553
6,-0.004275306356382196,0.6737767682197842
7,-0.040650228907560926,0.708661159693106
8,-0.03398211818952044,0.677973269073493
9,0.009997064587414168,0.7228261827562102
10,-0.8504707673389442,0.1608748963808801
11,-0.8835214526177206,0.17848062746432883
12,-0.8301268859595471,0.1076388392662279
13,-0.8171118678862468,0.19939286921857471
14,-0.8593248825062789,0.11513470735838799
15,-0.7905852269789105,0.17442513387245628
16,-0.8854424205315861,0.1397803830355877
17,-0.7993302095414863,0.12462104096243924
18,-0.8530311290841696,0.20211179146072142
19,-0.8128393779810111,0.1528652192036461
20,0.8647036012028336,0.18802327495617743
21,0.8181821433897934,0.20584104319987886
22,0.9025017078882454,0.24260333107581522
23,0.8365626780547895,0.23238526714599578
24,0.8778742031608586,0.22156613491513322
25,0.8545804250968139,0.25543917274400574
26,0.9192610159644387,0.20457157446219523
27,0.9013148364332095,0.17064555771776943
28,0.8635601649796094,0.1531604152882673
29,0.8297589313929803,0.1721237287569665
32,0.048482212721524885,-0.9313595739040937
33,-0.004926826974276622,-0.8979025293384952
34,-0.012865536102378844,-0.9665944709964851
35,0.04145759841413254,-0.9716850102065111
36,0.016284107317372197,-0.9497460637239661
37,-0.025091522990743426,-0.9177398409449792
38,0.004016054598945645,-1.0
39,-0.05056265266545622,-0.930907154469501
30,-0.04317812160616762,-0.9706277793890575
31,0.027401662463436643,-0.9015177680612533
40,-0.04353326392539733,-0.07909430085483517
41,-0.01305272558202039,-0.11861034108410132
42,0.019664558629877586,-0.12122897075697724
43,-0.06455202840095282,-0.1664697151754959
44,-0.08339563061987977,-0.1290571794435284
45,-0.06720715070910803,-0.10180012716751795
46,-0.04287087661364071,-0.1394547519373548
47,0.004246219106578058,-0.1579594044466998
48,-0.026402188151226722,-0.1774886425053568
49,-0.006790978607811339,-0.08448524037125632
