0 2
0 3
0 7
0 9
0 11
0 14
0 16
0 21
0 28
0 47
1 0
1 2
1 4
1 5
1 6
1 7
1 8
1 9
1 11
1 13
1 14
1 15
1 24
1 34
1 35
1 37
1 43
1 47
1 49
2 1
2 4
2 5
2 6
2 7
2 9
2 10
2 19
2 21
2 22
2 23
2 28
2 29
2 33
2 34
2 36
2 42
3 1
3 2
3 4
3 5
3 8
3 20
3 26
3 42
3 48
3 49
4 0
4 1
4 3
4 5
4 7
4 8
4 9
4 11
4 12
4 13
4 19
4 20
4 38
4 31
4 48
5 0
5 2
5 3
5 6
5 7
5 8
5 9
5 14
5 17
5 18
5 20
5 37
5 31
5 41
5 48
6 0
6 5
6 7
6 8
6 10
6 16
6 18
6 19
6 22
6 24
6 26
6 27
6 33
6 38
6 31
6 40
6 42
6 43
6 45
6 47
7 0
7 1
7 3
7 6
7 8
7 9
7 15
7 18
7 20
7 28
7 39
7 41
7 44
7 45
8 0
8 2
8 4
8 5
8 6
8 7
8 9
8 18
8 19
8 24
8 36
8 41
8 46
8 47
8 48
9 1
9 5
9 6
9 7
9 8
9 19
9 21
9 23
9 24
9 27
9 37
9 40
9 41
9 47
10 7
10 11
10 13
10 16
10 17
10 18
10 25
10 29
10 35
10 36
10 39
10 30
10 42
10 46
10 47
10 48
11 1
11 3
11 6
11 7
11 10
11 13
11 14
11 15
11 16
11 19
11 21
11 22
11 25
11 27
11 29
11 33
12 4
12 9
12 10
12 16
12 17
12 20
12 21
12 29
12 35
12 46
12 49
13 5
13 10
13 11
13 12
13 14
13 15
13 16
13 17
13 18
13 19
13 26
13 32
13 35
13 36
13 39
13 40
13 41
14 6
14 7
14 10
14 12
14 15
14 16
14 19
14 21
14 26
14 37
14 45
15 3
15 4
15 12
15 14
15 16
15 17
15 19
15 20
15 21
15 25
15 28
15 29
15 33
15 30
15 44
15 46
16 0
16 3
16 4
16 10
16 11
16 12
16 14
16 15
16 17
16 18
16 19
16 23
16 26
16 34
16 36
17 0
17 7
17 8
17 10
17 11
17 13
17 15
17 16
17 18
17 22
17 27
17 36
17 39
17 40
17 44
17 45
17 46
18 1
18 6
18 7
18 9
18 10
18 11
18 12
18 15
18 16
18 17
18 23
18 27
18 33
18 36
18 37
18 46
18 47
18 48
19 5
19 6
19 10
19 13
19 15
19 17
19 18
19 25
19 33
19 35
19 38
19 39
19 40
19 41
19 43
20 3
20 8
20 11
20 18
20 21
20 23
20 24
20 25
20 26
20 27
20 28
20 29
20 34
20 35
20 38
20 39
20 41
20 43
20 45
20 47
20 49
21 3
21 8
21 9
21 11
21 12
21 18
21 20
21 22
21 23
21 24
21 25
21 29
21 39
21 31
21 40
21 42
21 46
21 48
22 2
22 5
22 8
22 9
22 19
22 21
22 23
22 24
22 25
22 26
22 27
22 43
22 44
22 46
23 0
23 3
23 4
23 5
23 9
23 13
23 16
23 20
23 21
23 22
23 24
23 25
23 27
23 29
23 32
23 36
23 31
23 46
24 4
24 7
24 12
24 15
24 17
24 18
24 21
24 22
24 23
24 25
24 26
24 29
24 32
24 34
24 37
24 40
24 45
24 49
25 0
25 13
25 20
25 22
25 24
25 26
25 29
25 41
25 46
25 47
26 2
26 3
26 10
26 12
26 17
26 20
26 25
26 27
26 32
26 33
26 36
26 41
26 46
26 48
26 49
27 1
27 2
27 6
27 8
27 10
27 19
27 22
27 23
27 24
27 25
27 26
27 28
27 36
27 37
27 44
27 46
28 1
28 5
28 7
28 8
28 13
28 20
28 22
28 24
28 25
28 26
28 27
28 29
28 32
28 34
28 37
28 30
28 43
28 45
28 47
29 3
29 5
29 10
29 12
29 15
29 20
29 22
29 23
29 24
29 25
29 26
29 27
29 28
29 37
29 39
29 30
29 42
32 4
32 14
32 17
32 25
32 33
32 34
32 36
32 37
32 38
32 39
32 30
32 31
32 40
32 47
33 5
33 9
33 12
33 17
33 20
33 28
33 32
33 34
33 35
33 36
33 37
33 38
33 39
33 30
33 31
33 41
33 43
33 47
34 7
34 8
34 9
34 13
34 15
34 18
34 22
34 23
34 27
34 32
34 35
34 36
34 37
34 39
34 30
34 31
34 42
34 47
34 48
35 0
35 5
35 9
35 12
35 14
35 21
35 27
35 29
35 32
35 33
35 34
35 37
35 39
35 42
35 43
36 0
36 3
36 12
36 14
36 15
36 19
36 25
36 27
36 32
36 33
36 34
36 35
36 39
36 30
36 31
36 44
36 45
36 49
37 0
37 4
37 7
37 11
37 12
37 13
37 18
37 21
37 22
37 23
37 29
37 32
37 33
37 34
37 36
37 31
37 45
38 2
38 7
38 15
38 17
38 20
38 21
38 23
38 26
38 33
38 34
38 35
38 36
38 37
38 39
38 30
38 31
38 41
39 4
39 7
39 10
39 18
39 21
39 22
39 25
39 27
39 28
39 32
39 33
39 35
39 37
39 31
39 44
39 46
30 1
30 4
30 11
30 16
30 18
30 20
30 32
30 33
30 34
30 35
30 36
30 37
30 38
30 40
30 43
30 49
31 1
31 2
31 7
31 11
31 14
31 22
31 26
31 32
31 33
31 34
31 36
31 37
31 38
31 30
31 43
40 0
40 4
40 6
40 12
40 15
40 21
40 22
40 23
40 28
40 41
40 42
40 43
40 44
40 45
40 46
40 47
40 48
40 49
41 2
41 9
41 12
41 21
41 22
41 27
41 28
41 29
41 32
41 33
41 34
41 35
41 37
41 40
41 42
41 43
41 44
41 46
41 47
41 48
41 49
42 1
42 3
42 5
42 9
42 23
42 25
42 41
42 43
42 44
42 45
42 46
42 49
43 3
43 12
43 16
43 21
43 22
43 23
43 27
43 35
43 31
43 40
43 41
43 44
43 45
43 46
43 47
43 49
44 2
44 3
44 4
44 7
44 8
44 12
44 17
44 20
44 24
44 25
44 28
44 38
44 39
44 31
44 40
44 41
44 42
44 43
44 45
44 46
44 47
44 48
44 49
45 3
45 12
45 16
45 23
45 26
45 29
45 37
45 40
45 41
45 43
45 46
46 7
46 9
46 12
46 17
46 22
46 28
46 33
46 39
46 40
46 41
46 42
46 43
46 44
46 47
46 48
46 49
47 1
47 7
47 24
47 25
47 28
47 37
47 40
47 41
47 42
47 43
47 44
47 45
47 46
47 48
47 49
48 2
48 4
48 14
48 22
48 23
48 24
48 26
48 34
48 38
48 30
48 40
48 41
48 42
48 44
48 47
48 49
49 1
49 7
49 18
49 20
49 25
49 26
49 38
49 31
49 40
49 41
49 42
49 43
49 44
49 45
49 46
49 47
