0 2
0 3
0 5
0 6
0 8
0 9
0 11
0 15
0 18
0 26
0 27
0 29
0 32
0 46
1 0
1 2
1 4
1 5
1 6
1 8
1 9
1 10
1 14
1 17
1 18
1 28
1 32
1 39
1 30
1 40
1 42
1 43
1 45
1 46
1 47
2 0
2 1
2 4
2 7
2 8
2 9
2 10
2 12
2 13
2 20
2 22
2 23
2 24
2 41
2 46
2 48
3 1
3 2
3 4
3 5
3 6
3 7
3 8
3 9
3 12
3 14
3 33
3 34
3 41
3 48
4 0
4 1
4 3
4 5
4 6
4 7
4 8
4 9
4 11
4 12
4 13
4 14
4 18
4 25
4 27
4 35
4 36
4 38
5 0
5 2
5 3
5 4
5 7
5 10
5 11
5 13
5 16
5 28
5 32
5 33
5 39
5 30
5 41
5 43
6 0
6 1
6 2
6 3
6 4
6 5
6 7
6 8
6 9
6 14
6 15
6 18
6 21
6 24
6 33
6 31
6 46
6 48
7 0
7 2
7 3
7 4
7 6
7 8
7 9
7 22
7 29
7 33
7 34
7 39
7 31
7 43
7 44
7 46
7 49
8 0
8 1
8 3
8 4
8 5
8 6
8 7
8 13
8 14
8 16
8 18
8 20
8 35
8 37
8 43
8 46
9 1
9 3
9 5
9 6
9 7
9 8
9 12
9 16
9 21
9 24
9 26
9 27
9 37
9 30
9 31
9 40
9 42
9 44
10 4
10 6
10 7
10 8
10 11
10 12
10 14
10 15
10 16
10 17
10 18
10 19
10 24
10 33
10 41
10 48
11 3
11 12
11 13
11 14
11 15
11 16
11 17
11 18
11 19
11 20
11 21
11 37
11 39
11 41
11 43
11 48
11 49
12 7
12 10
12 13
12 15
12 17
12 18
12 23
12 25
12 27
12 29
12 36
12 30
12 40
12 41
12 48
13 11
13 14
13 16
13 17
13 19
13 23
13 25
13 38
13 39
13 42
14 8
14 10
14 11
14 12
14 13
14 15
14 17
14 18
14 19
14 23
14 28
14 33
14 39
14 31
14 46
14 48
14 49
15 2
15 3
15 6
15 11
15 12
15 13
15 17
15 18
15 19
15 20
15 36
15 42
15 48
16 10
16 11
16 13
16 15
16 17
16 18
16 19
16 24
16 28
16 33
16 35
16 42
16 46
16 47
17 6
17 11
17 12
17 13
17 14
17 15
17 16
17 18
17 19
17 22
17 28
17 29
17 38
17 39
17 40
17 43
17 47
18 3
18 10
18 12
18 13
18 15
18 16
18 17
18 22
18 25
18 28
18 47
19 1
19 2
19 11
19 12
19 13
19 14
19 15
19 16
19 17
19 29
19 30
19 40
19 44
19 46
20 2
20 3
20 7
20 9
20 13
20 16
20 19
20 21
20 23
20 27
20 28
20 29
20 40
20 46
20 47
21 0
21 1
21 4
21 6
21 7
21 11
21 19
21 20
21 22
21 23
21 24
21 25
21 26
21 27
21 28
21 29
21 32
21 36
21 37
21 40
21 42
21 44
21 46
21 49
22 0
22 3
22 6
22 7
22 10
22 13
22 15
22 20
22 21
22 24
22 25
22 26
22 27
22 28
22 32
22 38
22 31
23 6
23 10
23 14
23 19
23 20
23 22
23 24
23 26
23 28
23 29
23 32
23 35
23 42
23 46
24 4
24 7
24 9
24 14
24 15
24 16
24 18
24 21
24 23
24 25
24 26
24 27
24 28
24 32
24 33
24 34
24 38
24 30
24 31
24 40
24 44
25 2
25 4
25 12
25 15
25 20
25 21
25 22
25 27
25 29
25 33
25 36
25 44
25 47
25 48
26 0
26 3
26 4
26 11
26 12
26 15
26 18
26 19
26 20
26 21
26 22
26 23
26 24
26 25
26 27
26 29
26 37
26 38
26 40
26 45
27 0
27 3
27 8
27 22
27 23
27 24
27 25
27 28
27 29
27 32
27 33
27 37
27 45
27 47
27 49
28 2
28 7
28 8
28 9
28 11
28 20
28 21
28 23
28 24
28 25
28 27
28 29
28 36
28 38
28 39
28 40
28 43
28 46
29 0
29 4
29 9
29 14
29 17
29 19
29 20
29 21
29 22
29 24
29 27
29 28
29 34
29 41
29 49
32 2
32 4
32 10
32 14
32 19
32 20
32 25
32 28
32 34
32 35
32 36
32 37
32 38
32 30
32 42
32 44
32 45
32 46
32 48
33 3
33 4
33 9
33 11
33 16
33 18
33 19
33 20
33 21
33 25
33 27
33 29
33 32
33 34
33 36
33 37
33 38
33 39
33 30
33 31
33 40
33 46
33 49
34 3
34 4
34 5
34 6
34 9
34 13
34 15
34 19
34 21
34 22
34 23
34 24
34 32
34 35
34 37
34 39
34 31
34 40
34 42
35 4
35 13
35 15
35 16
35 18
35 25
35 28
35 33
35 37
35 38
35 39
35 31
35 43
35 45
35 48
36 14
36 20
36 23
36 28
36 33
36 34
36 35
36 37
36 39
36 30
36 41
36 46
37 2
37 3
37 7
37 11
37 13
37 14
37 16
37 18
37 19
37 28
37 29
37 32
37 33
37 34
37 35
37 36
37 38
37 39
37 30
37 31
37 41
38 7
38 9
38 15
38 16
38 18
38 21
38 22
38 24
38 26
38 29
38 32
38 35
38 36
38 39
38 31
38 40
38 47
38 49
39 1
39 8
39 16
39 18
39 24
39 28
39 29
39 32
39 33
39 34
39 35
39 36
39 37
39 30
39 31
39 41
39 44
39 45
39 46
39 47
39 49
30 3
30 5
30 6
30 8
30 19
30 23
30 33
30 34
30 35
30 37
30 38
30 39
31 11
31 14
31 15
31 21
31 29
31 32
31 33
31 34
31 35
31 36
31 37
31 38
31 30
31 45
40 0
40 1
40 2
40 9
40 11
40 13
40 15
40 22
40 25
40 26
40 32
40 34
40 38
40 41
40 42
40 43
40 44
40 45
40 46
40 47
40 48
41 0
41 3
41 5
41 11
41 13
41 14
41 16
41 17
41 18
41 20
41 33
41 35
41 39
41 31
41 42
41 43
41 44
41 45
41 46
41 47
41 48
41 49
42 1
42 10
42 12
42 14
42 19
42 23
42 33
42 36
42 37
42 38
42 40
42 41
42 44
42 46
42 47
42 48
42 49
43 0
43 1
43 5
43 9
43 10
43 12
43 17
43 20
43 25
43 26
43 35
43 36
43 31
43 40
43 41
43 44
43 45
43 46
43 47
43 48
43 49
44 7
44 10
44 12
44 13
44 16
44 21
44 22
44 24
44 25
44 28
44 34
44 36
44 31
44 40
44 41
44 43
44 45
44 47
44 48
44 49
45 5
45 7
45 9
45 11
45 15
45 16
45 23
45 26
45 32
45 34
45 31
45 41
45 42
45 43
45 44
45 46
45 47
45 48
45 49
46 0
46 12
46 13
46 14
46 16
46 17
46 18
46 20
46 22
46 26
46 31
46 40
46 41
46 42
46 43
46 44
46 45
46 47
46 48
46 49
47 2
47 5
47 6
47 9
47 10
47 17
47 18
47 26
47 32
47 34
47 35
47 37
47 30
47 40
47 41
47 43
47 44
47 46
47 48
48 5
48 11
48 19
48 20
48 22
48 28
48 34
48 40
48 41
48 42
48 43
48 44
48 45
48 46
48 47
48 49
49 3
49 14
49 15
49 17
49 24
49 26
49 29
49 36
49 38
49 40
49 42
49 43
49 44
49 45
49 46
