0 2
0 3
0 4
0 5
0 8
0 9
0 17
0 29
0 34
0 37
0 30
0 40
0 49
1 2
1 3
1 4
1 5
1 6
1 7
1 9
1 15
1 19
1 20
1 28
1 29
1 32
1 46
1 48
2 0
2 3
2 4
2 6
2 7
2 8
2 9
2 10
2 11
2 12
2 13
2 15
2 26
2 27
2 29
2 34
2 36
2 40
2 41
2 43
2 46
2 48
3 0
3 1
3 2
3 4
3 5
3 6
3 7
3 8
3 9
3 12
3 13
3 14
3 17
3 19
3 26
3 27
3 34
3 36
3 38
3 30
3 47
4 0
4 1
4 6
4 7
4 8
4 10
4 15
4 22
4 23
4 25
4 32
4 34
4 44
4 48
5 0
5 1
5 2
5 3
5 4
5 6
5 7
5 8
5 9
5 14
5 15
5 20
5 38
5 40
5 42
5 43
6 0
6 2
6 3
6 4
6 5
6 7
6 8
6 9
6 13
6 17
6 19
6 20
6 23
6 29
6 34
6 41
6 45
6 46
6 48
6 49
7 1
7 3
7 5
7 6
7 8
7 9
7 13
7 17
7 21
7 23
7 24
7 28
7 34
7 35
7 37
7 40
7 47
8 2
8 3
8 4
8 5
8 6
8 9
8 22
8 24
8 26
8 35
8 37
8 47
8 49
9 0
9 1
9 2
9 3
9 4
9 5
9 6
9 8
9 13
9 15
9 20
9 22
9 23
9 35
9 36
9 42
9 46
9 47
10 0
10 4
10 5
10 6
10 8
10 9
10 11
10 13
10 14
10 15
10 16
10 17
10 18
10 22
10 25
10 26
10 32
10 37
10 30
10 43
10 47
10 49
11 2
11 5
11 9
11 10
11 12
11 13
11 14
11 15
11 16
11 20
11 22
11 25
11 26
11 34
11 44
11 49
12 0
12 2
12 3
12 6
12 13
12 16
12 17
12 18
12 19
12 28
12 33
12 36
12 39
12 30
12 41
12 42
12 48
13 3
13 6
13 7
13 9
13 10
13 11
13 12
13 14
13 15
13 17
13 19
13 20
13 26
13 28
13 36
13 37
13 38
13 30
13 31
13 40
13 45
13 47
14 2
14 4
14 5
14 12
14 13
14 16
14 17
14 18
14 19
14 25
14 27
14 32
14 48
15 3
15 4
15 7
15 8
15 9
15 10
15 12
15 13
15 16
15 17
15 18
15 19
15 20
15 24
15 34
15 39
15 48
15 49
16 2
16 7
16 10
16 11
16 12
16 13
16 14
16 18
16 19
16 20
16 22
16 29
16 33
16 35
16 37
16 30
16 42
16 43
16 44
17 5
17 9
17 10
17 11
17 12
17 13
17 14
17 15
17 18
17 23
17 24
17 32
17 35
17 37
17 38
17 46
17 48
18 0
18 4
18 10
18 11
18 12
18 13
18 14
18 15
18 16
18 17
18 19
18 35
18 36
18 38
18 31
18 40
18 46
19 1
19 2
19 5
19 8
19 11
19 13
19 14
19 15
19 18
19 20
19 21
19 22
19 26
19 27
19 28
19 35
19 47
20 0
20 1
20 4
20 10
20 21
20 22
20 24
20 25
20 26
20 27
20 28
20 33
20 36
20 37
20 40
20 43
20 46
21 10
21 12
21 14
21 17
21 19
21 20
21 22
21 24
21 25
21 27
21 28
21 32
21 33
21 30
21 43
21 47
22 2
22 5
22 7
22 13
22 21
22 23
22 25
22 26
22 27
22 28
22 29
22 34
22 38
22 30
22 43
22 46
22 47
23 17
23 19
23 20
23 21
23 22
23 24
23 25
23 26
23 27
23 28
23 29
23 35
23 30
23 40
23 47
23 48
24 1
24 5
24 9
24 10
24 16
24 17
24 20
24 21
24 22
24 25
24 28
24 29
24 33
24 37
24 39
24 44
24 45
25 0
25 1
25 6
25 12
25 13
25 15
25 18
25 21
25 22
25 23
25 24
25 27
25 28
25 29
25 32
25 33
25 31
25 47
26 3
26 6
26 12
26 16
26 20
26 21
26 24
26 25
26 28
26 29
26 36
26 37
26 31
26 41
26 46
26 47
26 49
27 5
27 12
27 14
27 20
27 21
27 22
27 23
27 24
27 25
27 26
27 28
27 29
27 30
27 31
27 43
27 48
27 49
28 4
28 6
28 13
28 18
28 20
28 22
28 23
28 24
28 25
28 26
28 27
28 29
28 39
28 46
28 47
29 1
29 4
29 6
29 9
29 11
29 15
29 20
29 22
29 25
29 27
29 28
29 34
29 36
29 40
29 41
29 47
29 48
32 11
32 15
32 22
32 26
32 27
32 33
32 34
32 37
32 39
32 30
32 31
32 40
32 46
32 47
33 0
33 7
33 10
33 14
33 22
33 24
33 26
33 32
33 34
33 36
33 38
33 39
33 41
33 49
34 0
34 6
34 9
34 10
34 12
34 14
34 16
34 20
34 32
34 33
34 36
34 37
34 38
34 39
34 31
35 1
35 3
35 5
35 6
35 7
35 15
35 16
35 22
35 24
35 25
35 26
35 28
35 32
35 33
35 34
35 36
35 37
35 38
35 39
35 30
35 31
35 42
35 44
35 47
36 1
36 2
36 6
36 7
36 11
36 12
36 16
36 17
36 21
36 25
36 32
36 34
36 37
36 30
36 41
36 47
37 1
37 17
37 21
37 32
37 33
37 34
37 35
37 36
37 38
37 30
37 31
37 44
38 0
38 1
38 5
38 10
38 20
38 23
38 27
38 29
38 32
38 34
38 35
38 36
38 37
38 39
38 30
38 40
38 44
38 45
38 46
39 0
39 7
39 8
39 10
39 11
39 14
39 17
39 21
39 32
39 33
39 35
39 37
39 30
39 31
39 42
39 44
30 1
30 5
30 6
30 14
30 16
30 17
30 19
30 20
30 26
30 32
30 33
30 34
30 35
30 36
30 37
30 39
30 43
30 45
30 48
31 5
31 6
31 8
31 11
31 13
31 14
31 32
31 36
31 37
31 38
31 39
31 30
31 41
31 42
31 46
31 47
31 48
40 2
40 4
40 6
40 17
40 21
40 35
40 30
40 41
40 42
40 43
40 45
40 46
40 47
40 48
40 49
41 1
41 2
41 13
41 17
41 35
41 36
41 37
41 40
41 42
41 43
41 44
41 45
41 47
41 48
41 49
42 3
42 5
42 19
42 26
42 28
42 32
42 35
42 31
42 40
42 41
42 44
42 45
42 48
43 0
43 3
43 4
43 5
43 9
43 11
43 12
43 21
43 24
43 29
43 35
43 36
43 31
43 40
43 41
43 42
43 44
43 45
43 46
43 47
43 48
44 3
44 14
44 28
44 32
44 35
44 38
44 39
44 40
44 41
44 42
44 43
44 45
44 46
44 47
44 49
45 0
45 1
45 4
45 5
45 7
45 9
45 15
45 17
45 25
45 26
45 27
45 29
45 32
45 40
45 41
45 42
45 43
45 46
45 47
45 48
45 49
46 0
46 2
46 18
46 23
46 24
46 29
46 32
46 34
46 40
46 41
46 42
46 43
46 44
46 45
46 47
46 48
46 49
47 2
47 3
47 9
47 19
47 20
47 23
47 28
47 29
47 33
47 35
47 37
47 31
47 40
47 41
47 42
47 43
47 44
47 45
47 46
47 48
47 49
48 2
48 12
48 14
48 15
48 16
48 18
48 20
48 21
48 29
48 34
48 37
48 30
48 40
48 43
48 44
48 45
48 46
48 47
48 49
49 0
49 7
49 8
49 10
49 11
49 13
49 15
49 21
49 24
49 36
49 31
49 41
49 42
49 43
49 44
49 45
49 46
49 48
