0 2
0 3
0 6
0 7
0 8
0 9
0 12
0 13
0 17
0 18
0 32
0 34
0 37
0 31
0 41
0 49
1 2
1 5
1 7
1 8
1 9
1 10
1 11
1 14
1 18
1 20
1 35
1 40
1 41
1 42
1 45
2 0
2 1
2 3
2 5
2 6
2 8
2 9
2 10
2 12
2 21
2 24
2 28
2 32
2 35
2 38
2 42
2 47
2 48
2 49
3 0
3 1
3 2
3 4
3 6
3 8
3 9
3 10
3 18
3 19
3 22
3 23
3 24
3 25
3 26
3 28
3 34
3 36
3 30
3 43
3 44
3 46
3 47
4 0
4 2
4 3
4 5
4 6
4 7
4 8
4 9
4 13
4 14
4 17
4 32
4 36
4 39
4 30
4 46
4 47
4 49
5 0
5 1
5 2
5 3
5 6
5 9
5 20
5 24
5 27
5 35
5 31
5 40
5 45
5 48
6 0
6 1
6 2
6 3
6 4
6 5
6 9
6 10
6 12
6 17
6 24
6 37
6 30
6 47
7 0
7 1
7 2
7 5
7 6
7 8
7 9
7 18
7 20
7 26
7 33
7 30
7 31
7 48
8 1
8 2
8 3
8 4
8 5
8 6
8 7
8 10
8 11
8 14
8 15
8 16
8 19
8 22
8 26
8 29
8 31
8 40
8 46
8 48
8 49
9 0
9 2
9 3
9 5
9 6
9 7
9 8
9 14
9 23
9 26
9 32
9 39
9 31
9 40
9 41
9 43
9 46
9 47
9 49
10 4
10 8
10 12
10 13
10 14
10 15
10 16
10 17
10 18
10 27
10 37
10 38
10 30
10 40
10 43
10 48
10 49
11 1
11 2
11 7
11 9
11 10
11 12
11 13
11 14
11 15
11 16
11 17
11 18
11 19
11 22
11 23
11 24
11 27
11 38
11 39
11 43
11 47
11 48
12 1
12 2
12 3
12 5
12 7
12 11
12 13
12 14
12 15
12 16
12 17
12 18
12 19
12 21
12 22
12 25
12 26
12 36
12 37
12 39
12 30
12 40
12 43
12 46
13 0
13 1
13 4
13 5
13 8
13 10
13 14
13 15
13 16
13 17
13 18
13 19
13 26
13 27
13 29
13 37
13 40
13 45
13 46
13 47
13 48
13 49
14 2
14 9
14 10
14 11
14 12
14 13
14 15
14 17
14 18
14 19
14 20
14 28
14 32
14 31
14 42
14 43
14 45
15 1
15 3
15 4
15 5
15 11
15 12
15 14
15 16
15 18
15 19
15 22
15 26
15 32
15 34
15 36
15 31
16 12
16 14
16 15
16 17
16 19
16 21
16 24
16 25
16 27
16 29
16 40
16 46
16 48
17 4
17 10
17 12
17 13
17 14
17 16
17 18
17 22
17 23
17 24
17 33
17 37
17 38
17 39
17 30
18 2
18 7
18 10
18 11
18 12
18 13
18 15
18 16
18 17
18 21
18 27
18 29
18 36
18 37
18 42
18 44
19 7
19 8
19 10
19 11
19 12
19 14
19 15
19 16
19 17
19 26
19 27
19 34
19 30
19 43
19 48
20 2
20 7
20 10
20 11
20 12
20 13
20 19
20 21
20 22
20 23
20 24
20 25
20 26
20 27
20 28
20 29
20 32
20 33
20 39
20 41
20 47
21 3
21 6
21 9
21 18
21 20
21 22
21 23
21 25
21 26
21 27
21 28
21 29
21 36
21 37
21 38
21 42
21 49
22 1
22 3
22 5
22 7
22 13
22 14
22 17
22 19
22 23
22 24
22 27
22 28
22 29
22 39
22 31
23 2
23 13
23 17
23 25
23 26
23 27
23 28
23 29
23 38
23 39
23 44
23 45
23 48
24 2
24 5
24 12
24 17
24 20
24 21
24 23
24 25
24 27
24 28
24 29
24 35
24 37
24 30
24 47
25 2
25 4
25 9
25 11
25 13
25 14
25 17
25 18
25 20
25 21
25 22
25 23
25 24
25 26
25 27
25 28
25 29
25 33
25 39
25 30
25 31
25 40
25 45
26 1
26 2
26 11
26 16
26 22
26 23
26 24
26 27
26 32
26 35
26 37
26 30
26 40
26 45
27 0
27 4
27 10
27 11
27 13
27 19
27 20
27 22
27 23
27 24
27 25
27 26
27 28
27 35
27 39
27 45
27 47
28 0
28 7
28 10
28 14
28 18
28 20
28 21
28 23
28 24
28 25
28 26
28 27
28 35
28 40
28 41
28 42
28 44
29 5
29 7
29 11
29 12
29 14
29 20
29 22
29 23
29 24
29 27
29 33
29 39
29 31
29 43
29 44
32 0
32 4
32 6
32 17
32 19
32 25
32 33
32 35
32 38
32 39
32 30
32 31
32 44
33 7
33 8
33 9
33 16
33 20
33 23
33 28
33 32
33 34
33 35
33 37
33 38
33 30
33 40
33 47
34 1
34 4
34 8
34 9
34 13
34 15
34 16
34 25
34 26
34 29
34 32
34 33
34 36
34 38
34 39
34 30
34 31
34 46
34 49
35 0
35 2
35 10
35 12
35 13
35 15
35 18
35 19
35 25
35 32
35 34
35 36
35 37
35 30
35 31
35 41
35 42
35 46
36 4
36 8
36 11
36 17
36 19
36 20
36 24
36 26
36 27
36 32
36 33
36 35
36 37
36 39
36 30
36 31
36 41
36 48
36 49
37 9
37 14
37 16
37 19
37 21
37 26
37 32
37 33
37 34
37 35
37 36
37 30
37 31
37 42
37 44
38 12
38 18
38 21
38 23
38 25
38 29
38 32
38 33
38 34
38 35
38 36
38 37
38 39
38 31
38 40
38 41
39 8
39 9
39 16
39 21
39 32
39 33
39 34
39 36
39 38
39 30
39 43
39 46
30 6
30 10
30 11
30 14
30 16
30 20
30 23
30 24
30 25
30 29
30 32
30 33
30 34
30 35
30 36
30 37
30 31
30 44
31 6
31 11
31 13
31 14
31 16
31 21
31 22
31 24
31 32
31 34
31 36
31 37
31 38
31 39
31 30
31 40
31 41
31 46
31 47
31 48
31 49
40 2
40 3
40 5
40 8
40 12
40 20
40 35
40 36
40 37
40 42
40 43
40 44
40 45
40 47
41 3
41 4
41 9
41 10
41 12
41 14
41 18
41 22
41 28
41 32
41 33
41 39
41 42
41 43
41 44
41 45
41 47
41 48
41 49
42 4
42 6
42 13
42 17
42 26
42 29
42 33
42 40
42 41
42 44
42 45
42 48
42 49
43 1
43 10
43 11
43 19
43 21
43 22
43 24
43 26
43 36
43 30
43 40
43 41
43 44
43 46
43 47
43 48
43 49
44 15
44 22
44 28
44 34
44 35
44 40
44 41
44 42
44 43
44 45
44 46
44 47
44 48
45 4
45 6
45 9
45 16
45 17
45 19
45 24
45 26
45 27
45 35
45 37
45 39
45 31
45 40
45 42
45 43
45 44
45 46
45 47
45 48
46 1
46 5
46 8
46 22
46 26
46 36
46 37
46 38
46 31
46 40
46 41
46 42
46 43
46 44
46 47
46 49
47 0
47 1
47 2
47 7
47 13
47 15
47 21
47 24
47 25
47 27
47 32
47 36
47 41
47 44
47 45
47 46
47 48
48 1
48 14
48 17
48 18
48 22
48 26
48 27
48 30
48 40
48 42
48 43
48 44
48 46
48 47
48 49
49 4
49 5
49 20
49 23
49 27
49 29
49 32
49 34
49 39
49 31
49 40
49 41
49 42
49 43
49 44
49 45
49 46
49 47
49 48
