0 1
0 2
0 3
0 4
0 5
0 6
0 7
0 8
0 9
0 10
0 11
0 15
0 20
0 22
0 24
0 29
0 33
0 36
0 44
0 46
0 49
1 0
1 2
1 6
1 8
1 9
1 12
1 15
1 20
1 21
1 36
1 37
1 30
1 41
1 45
1 47
1 49
2 1
2 6
2 7
2 9
2 12
2 19
2 20
2 23
2 29
2 34
2 37
2 38
2 46
2 47
2 48
3 0
3 6
3 7
3 8
3 9
3 12
3 15
3 17
3 19
3 28
3 29
3 37
3 38
3 39
3 30
3 31
3 41
3 49
4 0
4 2
4 3
4 5
4 7
4 8
4 9
4 15
4 16
4 17
4 18
4 19
4 21
4 24
4 28
4 34
4 35
4 36
4 37
4 30
4 42
5 0
5 2
5 6
5 7
5 9
5 11
5 12
5 15
5 17
5 22
5 26
5 32
5 36
5 39
5 45
5 46
6 0
6 1
6 3
6 7
6 9
6 11
6 21
6 23
6 28
6 33
6 37
6 40
6 41
6 47
6 49
7 1
7 2
7 3
7 4
7 5
7 6
7 8
7 9
7 12
7 13
7 14
7 19
7 20
7 36
7 30
7 40
7 42
7 46
8 0
8 1
8 2
8 3
8 5
8 6
8 7
8 9
8 16
8 17
8 20
8 22
8 26
8 33
8 38
8 42
8 49
9 0
9 1
9 2
9 3
9 4
9 5
9 6
9 7
9 8
9 11
9 16
9 25
9 35
9 31
9 41
9 43
10 7
10 11
10 13
10 14
10 15
10 16
10 17
10 21
10 24
10 26
10 32
10 35
10 45
10 47
11 0
11 5
11 8
11 10
11 12
11 13
11 14
11 15
11 16
11 18
11 19
11 20
11 23
11 25
11 28
11 38
11 41
12 6
12 10
12 14
12 16
12 18
12 24
12 39
12 30
12 31
12 42
12 43
12 44
12 49
13 7
13 8
13 9
13 10
13 11
13 12
13 14
13 15
13 16
13 17
13 18
13 19
13 22
13 24
13 25
13 27
13 29
13 35
13 37
13 39
13 40
13 42
13 44
13 48
14 0
14 1
14 4
14 6
14 12
14 15
14 16
14 17
14 18
14 21
14 22
14 26
14 29
14 33
14 37
14 38
14 48
15 11
15 12
15 14
15 17
15 18
15 19
15 21
15 22
15 33
15 44
15 46
15 47
16 3
16 6
16 10
16 11
16 12
16 13
16 14
16 15
16 17
16 18
16 19
16 22
16 29
16 33
16 38
16 30
16 31
16 44
16 47
16 49
17 5
17 10
17 11
17 12
17 15
17 16
17 18
17 26
17 36
17 39
17 40
17 47
18 1
18 2
18 4
18 10
18 11
18 13
18 16
18 17
18 20
18 33
18 34
18 38
18 39
18 45
19 6
19 7
19 11
19 13
19 15
19 16
19 17
19 18
19 22
19 25
19 38
19 31
19 41
19 42
19 44
20 5
20 8
20 9
20 12
20 15
20 16
20 23
20 26
20 27
20 28
20 29
20 43
21 1
21 7
21 10
21 12
21 14
21 20
21 22
21 23
21 24
21 25
21 26
21 27
21 28
21 29
21 32
21 35
21 36
21 37
21 42
21 43
21 44
22 1
22 2
22 6
22 10
22 14
22 15
22 16
22 17
22 18
22 20
22 23
22 24
22 25
22 26
22 27
22 29
22 33
22 39
22 31
22 42
22 44
22 49
23 5
23 11
23 12
23 13
23 20
23 21
23 22
23 24
23 25
23 26
23 29
23 38
23 46
24 3
24 4
24 6
24 9
24 10
24 18
24 20
24 21
24 23
24 25
24 26
24 27
24 28
24 29
24 32
24 33
24 35
24 36
24 31
24 41
24 43
25 0
25 5
25 7
25 15
25 18
25 20
25 21
25 22
25 23
25 24
25 26
25 27
25 28
25 29
25 38
25 31
25 42
25 43
25 49
26 0
26 3
26 7
26 8
26 9
26 13
26 15
26 21
26 22
26 23
26 24
26 25
26 29
26 36
26 31
26 42
26 49
27 1
27 15
27 17
27 20
27 21
27 22
27 24
27 25
27 28
27 29
27 30
27 47
28 1
28 7
28 10
28 14
28 18
28 21
28 22
28 23
28 24
28 25
28 26
28 27
28 29
28 36
28 30
28 45
29 6
29 7
29 9
29 17
29 19
29 20
29 21
29 22
29 23
29 25
29 28
29 30
29 41
29 44
29 47
32 13
32 14
32 16
32 18
32 24
32 25
32 34
32 35
32 36
32 37
32 38
32 39
32 30
32 31
32 40
32 41
32 42
32 43
32 46
32 48
33 4
33 5
33 13
33 15
33 17
33 19
33 20
33 27
33 32
33 34
33 35
33 36
33 37
33 38
33 31
33 42
34 2
34 7
34 9
34 21
34 24
34 26
34 27
34 32
34 33
34 35
34 36
34 38
34 39
34 30
34 42
34 46
34 48
34 49
35 0
35 6
35 12
35 18
35 20
35 26
35 27
35 28
35 32
35 34
35 36
35 37
35 39
35 30
35 42
35 43
35 45
35 48
36 2
36 23
36 24
36 29
36 32
36 33
36 35
36 37
36 38
36 39
36 30
36 42
36 48
36 49
37 0
37 9
37 11
37 14
37 15
37 16
37 17
37 32
37 35
37 38
37 39
37 30
37 31
37 41
37 44
37 46
37 48
38 2
38 7
38 19
38 27
38 28
38 32
38 34
38 35
38 36
38 37
38 39
38 30
38 31
38 40
38 42
38 48
38 49
39 5
39 7
39 9
39 10
39 12
39 18
39 19
39 22
39 26
39 33
39 34
39 35
39 36
39 37
39 38
39 31
39 45
30 7
30 8
30 11
30 13
30 18
30 19
30 20
30 24
30 26
30 28
30 32
30 33
30 34
30 35
30 36
30 37
30 38
30 39
30 43
30 46
31 1
31 2
31 10
31 12
31 16
31 21
31 24
31 26
31 32
31 33
31 34
31 36
31 37
31 38
31 39
31 43
31 44
31 46
40 2
40 9
40 10
40 14
40 17
40 18
40 21
40 22
40 23
40 37
40 39
40 31
40 41
40 42
40 43
40 46
40 48
40 49
41 0
41 4
41 8
41 12
41 17
41 26
41 28
41 33
41 34
41 39
41 40
41 42
41 43
41 44
41 45
41 47
41 48
41 49
42 2
42 7
42 15
42 17
42 21
42 26
42 37
42 31
42 40
42 43
42 44
42 46
42 47
42 48
42 49
43 2
43 4
43 9
43 11
43 13
43 17
43 27
43 34
43 40
43 41
43 42
43 44
43 45
43 46
43 47
43 48
44 1
44 5
44 12
44 14
44 19
44 26
44 28
44 38
44 39
44 30
44 31
44 40
44 41
44 43
44 45
44 47
44 48
44 49
45 3
45 4
45 6
45 11
45 16
45 24
45 37
45 39
45 30
45 40
45 41
45 42
45 44
45 47
45 48
45 49
46 1
46 8
46 11
46 18
46 19
46 22
46 23
46 24
46 25
46 42
46 43
46 44
46 45
46 47
46 48
46 49
47 9
47 10
47 23
47 24
47 36
47 39
47 31
47 41
47 42
47 43
47 44
47 46
47 48
47 49
48 7
48 10
48 14
48 26
48 28
48 38
48 30
48 40
48 41
48 42
48 43
48 44
48 45
48 46
48 49
49 8
49 11
49 13
49 20
49 25
49 27
49 32
49 37
49 38
49 30
49 31
49 42
49 43
49 44
49 45
49 46
