0 2
0 3
0 4
0 5
0 6
0 8
0 9
0 13
0 14
0 17
0 20
0 21
0 22
0 26
0 33
0 36
0 38
0 30
0 31
0 42
0 46
0 48
0 49
1 0
1 2
1 3
1 4
1 5
1 6
1 8
1 9
1 10
1 12
1 16
1 17
1 33
1 35
1 37
1 41
1 42
1 43
1 45
1 48
1 49
2 0
2 7
2 9
2 12
2 18
2 19
2 20
2 23
2 24
2 25
2 27
2 29
2 38
2 30
2 43
2 46
2 47
3 0
3 1
3 2
3 4
3 5
3 7
3 8
3 15
3 16
3 23
3 29
3 34
3 42
3 49
4 0
4 1
4 2
4 3
4 5
4 6
4 8
4 9
4 10
4 13
4 18
4 20
4 21
4 27
4 34
4 35
4 39
4 31
4 42
4 44
4 45
4 47
5 1
5 2
5 3
5 4
5 6
5 7
5 8
5 9
5 12
5 18
5 22
5 26
5 39
5 31
5 40
5 41
5 49
6 0
6 1
6 3
6 4
6 7
6 8
6 9
6 18
6 22
6 24
6 27
6 36
6 38
6 30
6 31
6 40
6 41
6 43
6 47
7 0
7 1
7 3
7 4
7 6
7 9
7 13
7 15
7 17
7 20
7 22
7 25
7 34
7 35
7 41
7 46
8 1
8 2
8 3
8 4
8 6
8 7
8 9
8 12
8 13
8 15
8 16
8 17
8 27
8 29
8 32
8 33
8 36
8 39
8 43
8 45
9 1
9 2
9 3
9 4
9 6
9 7
9 8
9 12
9 15
9 21
9 23
9 24
9 25
9 26
9 39
9 30
9 41
9 43
9 47
10 0
10 12
10 13
10 14
10 15
10 16
10 17
10 19
10 20
10 24
10 26
10 29
10 32
10 33
10 34
10 30
10 41
10 44
10 46
10 49
11 2
11 10
11 12
11 13
11 17
11 18
11 19
11 21
11 23
11 33
11 37
11 39
11 30
11 31
11 43
11 47
12 6
12 13
12 15
12 16
12 18
12 19
12 21
12 27
12 28
12 32
12 37
12 31
12 40
12 45
12 47
13 11
13 14
13 15
13 16
13 17
13 19
13 20
13 21
13 23
13 24
13 28
13 48
14 6
14 9
14 11
14 13
14 16
14 17
14 19
14 20
14 21
14 24
14 25
14 29
14 32
14 36
14 38
14 41
14 46
15 0
15 14
15 16
15 17
15 18
15 19
15 25
15 26
15 27
15 33
15 34
15 36
15 39
15 40
15 44
15 46
15 47
16 6
16 7
16 9
16 10
16 11
16 13
16 14
16 15
16 17
16 18
16 19
16 21
16 24
16 26
16 33
16 35
16 38
16 45
16 46
17 2
17 3
17 11
17 12
17 13
17 15
17 16
17 19
17 20
17 21
17 22
17 24
17 32
17 35
17 36
17 31
17 40
17 43
17 49
18 6
18 10
18 11
18 12
18 13
18 14
18 15
18 16
18 17
18 19
18 32
18 31
18 45
19 0
19 2
19 4
19 10
19 11
19 12
19 13
19 14
19 18
19 20
19 24
19 34
19 38
19 44
19 48
20 0
20 9
20 12
20 16
20 21
20 22
20 24
20 25
20 26
20 27
20 28
20 29
20 32
20 33
20 34
20 40
20 48
20 49
21 3
21 4
21 10
21 11
21 15
21 20
21 23
21 24
21 26
21 28
21 34
21 35
21 37
21 40
21 44
21 48
22 0
22 1
22 4
22 6
22 9
22 16
22 20
22 21
22 24
22 25
22 26
22 28
22 31
22 41
22 44
22 46
22 47
22 48
23 3
23 7
23 8
23 9
23 10
23 14
23 15
23 18
23 20
23 21
23 22
23 24
23 25
23 26
23 27
23 28
23 33
23 35
23 36
23 38
23 39
23 42
23 47
23 49
24 0
24 6
24 20
24 21
24 22
24 23
24 25
24 26
24 27
24 28
24 29
24 34
24 35
24 36
24 42
24 47
25 4
25 6
25 11
25 14
25 20
25 22
25 23
25 24
25 27
25 28
25 29
25 33
25 40
25 44
26 2
26 5
26 6
26 8
26 11
26 12
26 14
26 21
26 23
26 24
26 28
26 29
26 32
26 38
26 39
26 42
26 44
26 46
27 5
27 10
27 13
27 16
27 20
27 21
27 23
27 24
27 26
27 28
27 29
27 32
27 39
27 40
27 47
28 1
28 9
28 10
28 12
28 13
28 20
28 22
28 23
28 24
28 25
28 26
28 27
28 29
28 32
28 35
28 38
28 30
28 40
28 43
28 48
29 1
29 4
29 17
29 20
29 21
29 22
29 23
29 24
29 25
29 27
29 32
29 34
29 35
29 43
29 49
32 8
32 9
32 13
32 14
32 18
32 19
32 25
32 33
32 34
32 39
32 30
32 31
32 42
32 45
32 47
32 48
33 1
33 3
33 10
33 13
33 19
33 20
33 27
33 28
33 32
33 35
33 36
33 37
33 38
33 39
33 30
33 31
33 40
33 44
33 48
33 49
34 0
34 1
34 4
34 9
34 11
34 15
34 16
34 19
34 24
34 25
34 27
34 28
34 32
34 33
34 35
34 36
34 37
34 39
34 30
34 31
34 43
34 45
34 48
35 5
35 8
35 9
35 11
35 16
35 24
35 25
35 27
35 32
35 33
35 36
35 37
35 38
35 39
35 41
35 42
35 44
35 46
36 0
36 4
36 8
36 19
36 34
36 35
36 37
36 39
36 30
36 31
36 40
36 41
36 43
37 1
37 5
37 6
37 7
37 8
37 10
37 14
37 23
37 24
37 32
37 33
37 38
37 30
37 40
37 45
37 47
38 3
38 4
38 17
38 21
38 32
38 33
38 34
38 35
38 36
38 37
38 31
38 43
38 45
39 0
39 2
39 3
39 19
39 25
39 26
39 29
39 32
39 33
39 34
39 35
39 36
39 37
39 38
39 30
39 31
39 40
39 46
39 47
39 48
30 7
30 9
30 11
30 12
30 21
30 25
30 26
30 32
30 33
30 34
30 35
30 36
30 37
30 38
30 39
30 31
30 40
30 41
30 42
30 43
30 45
30 46
31 0
31 5
31 10
31 16
31 17
31 18
31 21
31 22
31 23
31 24
31 27
31 32
31 33
31 34
31 36
31 37
31 38
31 39
31 30
31 42
31 48
40 10
40 18
40 22
40 29
40 37
40 38
40 39
40 41
40 42
40 43
40 44
40 45
40 47
40 48
40 49
41 4
41 6
41 12
41 16
41 27
41 40
41 43
41 45
41 47
41 48
41 49
42 3
42 10
42 15
42 17
42 18
42 25
42 27
42 28
42 34
42 35
42 38
42 40
42 41
42 43
42 44
42 45
42 46
42 47
42 48
43 11
43 20
43 22
43 26
43 32
43 40
43 41
43 42
43 45
43 46
43 47
43 48
44 5
44 7
44 9
44 15
44 16
44 19
44 22
44 34
44 35
44 39
44 40
44 41
44 42
44 45
44 46
44 47
44 48
44 49
45 0
45 1
45 5
45 9
45 11
45 12
45 16
45 20
45 35
45 37
45 39
45 30
45 40
45 42
45 44
45 46
45 47
45 49
46 0
46 10
46 14
46 16
46 19
46 22
46 26
46 33
46 40
46 41
46 43
46 44
46 45
46 48
47 0
47 1
47 5
47 9
47 16
47 18
47 22
47 25
47 32
47 34
47 35
47 36
47 39
47 31
47 40
47 41
47 43
47 44
47 45
47 46
47 49
48 3
48 14
48 15
48 22
48 23
48 26
48 27
48 28
48 36
48 31
48 40
48 41
48 42
48 43
48 44
48 45
48 46
48 47
48 49
49 2
49 4
49 10
49 11
49 16
49 20
49 26
49 27
49 28
49 29
49 37
49 38
49 30
49 41
49 43
49 44
49 45
49 47
49 48
