0 1
0 2
0 4
0 5
0 6
0 9
0 11
0 13
0 19
0 24
0 25
0 33
0 36
0 30
0 31
0 47
0 48
1 0
1 2
1 3
1 5
1 6
1 7
1 8
1 9
1 15
1 21
1 28
1 31
1 44
2 0
2 3
2 5
2 6
2 7
2 8
2 10
2 13
2 16
2 17
2 27
2 33
2 35
2 38
2 42
2 47
3 0
3 1
3 2
3 4
3 5
3 6
3 7
3 8
3 9
3 11
3 17
3 21
3 25
3 28
3 33
3 39
3 42
3 43
3 44
3 45
3 48
4 0
4 1
4 3
4 6
4 7
4 8
4 9
4 13
4 14
4 22
4 26
4 34
4 37
4 39
4 42
4 47
5 0
5 2
5 3
5 6
5 7
5 8
5 9
5 17
5 20
5 22
5 41
5 43
5 44
6 0
6 1
6 2
6 3
6 5
6 8
6 9
6 14
6 15
6 16
6 18
6 19
6 23
6 27
6 37
6 39
6 41
6 43
6 45
7 2
7 3
7 8
7 9
7 12
7 17
7 20
7 21
7 25
7 33
7 35
7 37
7 30
7 40
8 0
8 1
8 3
8 4
8 5
8 9
8 10
8 11
8 12
8 13
8 16
8 17
8 18
8 20
8 23
8 28
8 36
8 30
8 31
8 41
8 48
9 1
9 2
9 3
9 4
9 5
9 6
9 7
9 13
9 21
9 22
9 32
9 34
9 35
9 36
9 37
9 41
9 49
10 3
10 11
10 12
10 13
10 15
10 16
10 17
10 18
10 19
10 21
10 22
10 25
10 35
10 40
10 45
10 47
10 49
11 12
11 13
11 15
11 17
11 18
11 19
11 22
11 28
11 29
11 37
11 30
11 40
11 41
12 4
12 5
12 10
12 11
12 13
12 15
12 17
12 18
12 21
12 29
12 32
12 33
12 39
12 30
12 45
13 1
13 2
13 6
13 8
13 10
13 11
13 14
13 15
13 16
13 17
13 20
13 23
13 36
13 38
13 40
13 49
14 1
14 3
14 10
14 11
14 12
14 13
14 15
14 16
14 17
14 19
14 22
14 24
14 32
14 37
14 38
14 30
14 48
15 0
15 5
15 9
15 10
15 14
15 17
15 18
15 38
15 40
15 41
15 45
16 2
16 8
16 10
16 11
16 12
16 13
16 14
16 15
16 17
16 19
16 20
16 39
16 41
16 42
16 49
17 1
17 3
17 8
17 10
17 11
17 12
17 14
17 15
17 16
17 18
17 22
17 28
17 38
17 43
17 45
18 8
18 10
18 11
18 12
18 13
18 14
18 15
18 16
18 17
18 19
18 21
18 26
18 34
18 37
18 39
18 47
19 0
19 4
19 5
19 6
19 9
19 10
19 11
19 12
19 13
19 16
19 17
19 18
19 20
19 24
19 33
19 31
19 49
20 0
20 1
20 4
20 10
20 13
20 17
20 19
20 22
20 23
20 24
20 25
20 28
20 29
20 31
20 41
20 44
20 46
20 49
21 2
21 3
21 8
21 9
21 10
21 13
21 14
21 16
21 19
21 20
21 22
21 24
21 27
21 29
21 32
21 36
21 37
21 41
21 44
21 49
22 7
22 14
22 21
22 23
22 24
22 26
22 27
22 28
22 29
22 32
22 33
22 36
22 31
22 40
22 41
23 0
23 6
23 16
23 20
23 21
23 22
23 24
23 25
23 26
23 27
23 28
23 29
23 32
23 34
23 35
23 31
23 41
23 44
23 46
23 47
24 0
24 1
24 14
24 16
24 20
24 21
24 22
24 23
24 25
24 29
24 35
24 38
24 30
24 42
24 45
24 46
24 47
24 48
24 49
25 1
25 4
25 5
25 7
25 11
25 19
25 21
25 22
25 23
25 24
25 26
25 27
25 28
25 29
25 34
25 39
25 30
25 31
25 42
25 46
25 48
25 49
26 4
26 8
26 11
26 13
26 20
26 21
26 22
26 23
26 24
26 25
26 27
26 28
26 32
26 42
26 44
26 46
26 49
27 0
27 3
27 12
27 21
27 22
27 25
27 28
27 29
27 33
28 3
28 4
28 12
28 21
28 22
28 24
28 25
28 26
28 29
28 33
28 30
28 43
28 45
28 46
28 47
28 49
29 0
29 1
29 2
29 3
29 4
29 5
29 6
29 11
29 19
29 20
29 21
29 22
29 23
29 27
29 28
29 33
29 38
29 39
29 30
29 40
29 41
29 49
32 2
32 3
32 4
32 10
32 17
32 29
32 33
32 34
32 35
32 36
32 37
32 38
32 39
32 30
32 31
32 45
32 48
33 1
33 2
33 3
33 5
33 8
33 9
33 11
33 17
33 21
33 25
33 32
33 34
33 35
33 37
33 38
33 39
33 30
33 31
33 45
33 49
34 3
34 8
34 10
34 16
34 21
34 22
34 29
34 32
34 33
34 35
34 37
34 39
34 30
34 31
34 40
34 47
35 1
35 2
35 3
35 5
35 6
35 11
35 17
35 23
35 28
35 32
35 33
35 36
35 38
35 39
35 30
35 31
35 41
35 46
35 49
36 5
36 6
36 11
36 13
36 14
36 16
36 25
36 27
36 32
36 34
36 35
36 37
36 39
36 30
36 31
36 46
36 49
37 0
37 1
37 9
37 11
37 12
37 18
37 19
37 20
37 21
37 22
37 26
37 29
37 33
37 34
37 36
37 38
37 39
37 30
37 31
37 41
37 46
37 49
38 19
38 21
38 25
38 27
38 28
38 32
38 33
38 34
38 35
38 37
38 39
38 31
38 44
38 45
38 47
38 48
38 49
39 1
39 12
39 14
39 15
39 16
39 21
39 23
39 32
39 33
39 34
39 35
39 36
39 37
39 38
39 30
39 31
30 3
30 5
30 9
30 11
30 13
30 22
30 26
30 32
30 33
30 34
30 35
30 36
30 38
30 39
30 31
30 46
30 48
31 2
31 6
31 12
31 14
31 32
31 33
31 34
31 35
31 37
31 38
31 39
31 30
31 41
31 43
31 44
40 8
40 10
40 13
40 16
40 18
40 19
40 21
40 23
40 26
40 34
40 41
40 42
40 43
40 44
40 45
40 46
41 2
41 3
41 6
41 8
41 12
41 19
41 26
41 38
41 40
41 42
41 44
41 45
41 46
41 48
41 49
42 3
42 6
42 8
42 18
42 20
42 24
42 26
42 29
42 33
42 34
42 30
42 31
42 41
42 45
42 46
42 47
42 49
43 3
43 12
43 19
43 27
43 32
43 34
43 39
43 40
43 41
43 44
43 46
43 47
43 48
43 49
44 5
44 6
44 20
44 22
44 28
44 32
44 34
44 39
44 40
44 41
44 42
44 43
44 46
44 49
45 1
45 2
45 4
45 9
45 15
45 19
45 21
45 22
45 23
45 32
45 34
45 37
45 30
45 31
45 40
45 42
45 43
45 46
45 49
46 7
46 8
46 10
46 14
46 16
46 17
46 24
46 26
46 33
46 38
46 40
46 41
46 42
46 43
46 47
46 48
47 6
47 12
47 16
47 23
47 24
47 40
47 42
47 43
47 44
47 45
47 46
47 48
47 49
48 0
48 4
48 15
48 18
48 19
48 20
48 23
48 27
48 28
48 40
48 42
48 43
48 44
48 46
48 47
48 49
49 6
49 9
49 12
49 13
49 15
49 20
49 21
49 25
49 34
49 37
49 39
49 41
49 42
49 43
49 44
49 46
49 47
49 48
