0 1
0 2
0 3
0 4
0 5
0 7
0 9
0 12
0 14
0 15
0 22
0 23
0 26
0 27
0 41
0 46
1 0
1 2
1 3
1 6
1 7
1 8
1 9
1 11
1 12
1 16
1 17
1 18
1 22
1 27
1 28
1 34
1 36
1 38
1 30
1 40
1 47
2 1
2 3
2 5
2 6
2 7
2 8
2 14
2 19
2 23
2 34
2 31
2 48
3 0
3 1
3 4
3 6
3 17
3 19
3 25
3 28
3 29
3 32
3 34
3 38
3 39
3 40
3 41
3 42
3 43
4 0
4 1
4 2
4 3
4 5
4 6
4 7
4 8
4 11
4 17
4 19
4 20
4 22
4 28
4 32
4 33
4 38
4 47
4 48
5 0
5 1
5 6
5 7
5 8
5 9
5 16
5 18
5 20
5 25
5 35
5 31
5 40
5 42
6 0
6 2
6 4
6 5
6 7
6 8
6 11
6 14
6 18
6 20
6 23
6 28
6 29
6 36
7 0
7 2
7 4
7 5
7 6
7 8
7 9
7 14
7 25
7 28
7 29
7 35
7 37
7 39
7 31
7 40
7 43
7 45
7 46
8 0
8 1
8 2
8 3
8 4
8 5
8 12
8 13
8 18
8 19
8 21
8 23
8 26
8 34
8 35
8 31
9 0
9 1
9 2
9 3
9 4
9 7
9 11
9 12
9 13
9 20
9 21
9 25
9 28
9 33
9 34
9 36
9 30
9 41
10 0
10 5
10 7
10 11
10 12
10 13
10 14
10 16
10 17
10 18
10 19
10 20
10 28
10 30
10 44
10 45
11 5
11 10
11 12
11 14
11 15
11 16
11 17
11 18
11 19
11 21
11 23
11 27
11 32
11 40
12 0
12 10
12 11
12 15
12 16
12 17
12 18
12 19
12 22
12 26
12 35
12 36
12 37
12 30
12 40
12 46
12 47
13 4
13 7
13 10
13 11
13 14
13 15
13 17
13 19
13 21
13 22
13 25
13 35
13 38
13 30
13 48
14 2
14 7
14 10
14 11
14 12
14 13
14 15
14 16
14 17
14 25
14 27
14 36
14 39
14 44
14 45
14 47
15 0
15 5
15 7
15 10
15 11
15 13
15 14
15 17
15 18
15 19
15 35
15 37
15 48
16 0
16 5
16 7
16 10
16 12
16 13
16 17
16 18
16 19
16 22
16 29
16 45
17 4
17 5
17 6
17 9
17 10
17 11
17 12
17 13
17 15
17 16
17 18
17 19
17 26
17 29
17 33
17 34
17 39
17 30
17 42
17 43
17 48
17 49
18 0
18 2
18 10
18 12
18 13
18 14
18 16
18 17
18 19
18 20
18 27
18 29
18 37
18 30
18 46
18 49
19 1
19 2
19 6
19 7
19 10
19 11
19 12
19 13
19 14
19 15
19 16
19 18
19 20
19 24
19 25
19 28
19 33
19 40
19 41
19 46
19 49
20 8
20 10
20 11
20 12
20 18
20 22
20 23
20 24
20 25
20 26
20 27
20 29
20 35
20 30
20 31
20 41
20 42
20 44
20 45
20 48
21 3
21 4
21 5
21 7
21 9
21 14
21 22
21 25
21 26
21 27
21 29
21 33
21 38
21 47
22 5
22 14
22 15
22 19
22 20
22 21
22 23
22 24
22 26
22 27
22 29
22 32
22 34
22 36
22 38
22 45
22 46
22 47
22 48
23 5
23 6
23 7
23 9
23 13
23 20
23 26
23 27
23 28
23 29
23 32
23 34
23 30
23 41
23 44
23 46
24 3
24 15
24 17
24 20
24 21
24 22
24 23
24 25
24 26
24 28
24 32
24 33
24 35
24 36
24 42
24 45
24 47
24 48
25 2
25 6
25 11
25 13
25 14
25 16
25 20
25 21
25 22
25 23
25 24
25 26
25 27
25 28
25 35
25 36
25 38
25 39
25 42
25 46
26 2
26 4
26 11
26 12
26 14
26 15
26 21
26 22
26 25
26 27
26 34
26 37
26 38
26 39
26 43
27 4
27 5
27 6
27 7
27 10
27 11
27 20
27 21
27 22
27 23
27 24
27 26
27 33
27 47
27 49
28 2
28 17
28 20
28 21
28 22
28 23
28 24
28 25
28 26
28 27
28 29
28 31
28 41
28 47
29 5
29 8
29 16
29 21
29 22
29 24
29 25
29 26
29 27
29 28
29 32
29 33
29 36
29 38
29 40
29 42
29 45
32 1
32 3
32 6
32 15
32 17
32 20
32 25
32 26
32 27
32 33
32 35
32 36
32 37
32 38
32 30
32 31
32 40
32 43
33 0
33 6
33 8
33 12
33 17
33 18
33 21
33 22
33 24
33 29
33 32
33 35
33 38
33 39
33 30
33 31
33 40
33 45
33 46
33 49
34 3
34 4
34 17
34 19
34 28
34 32
34 36
34 37
34 38
34 30
34 31
34 40
34 44
34 45
35 7
35 9
35 16
35 17
35 18
35 22
35 24
35 32
35 33
35 34
35 38
35 30
35 31
35 43
35 47
35 48
36 6
36 9
36 10
36 13
36 16
36 20
36 23
36 26
36 29
36 32
36 33
36 34
36 37
36 39
36 30
36 42
36 45
37 3
37 6
37 7
37 12
37 16
37 17
37 19
37 21
37 33
37 34
37 30
37 40
37 42
37 43
38 5
38 6
38 9
38 17
38 23
38 24
38 28
38 34
38 36
38 39
38 30
38 49
39 0
39 1
39 13
39 15
39 21
39 25
39 27
39 32
39 33
39 34
39 35
39 37
39 38
39 30
39 31
39 40
39 44
39 45
39 46
39 48
30 0
30 2
30 9
30 12
30 14
30 15
30 17
30 18
30 35
30 31
30 45
30 49
31 1
31 3
31 7
31 15
31 18
31 22
31 23
31 24
31 33
31 35
31 36
31 37
31 39
31 40
31 44
31 46
40 5
40 12
40 15
40 19
40 21
40 23
40 29
40 38
40 42
40 47
40 48
40 49
41 0
41 7
41 9
41 15
41 22
41 23
41 35
41 39
41 40
41 42
41 44
41 47
41 48
41 49
42 0
42 1
42 6
42 8
42 13
42 27
42 33
42 35
42 39
42 40
42 43
42 44
42 45
42 46
42 48
43 11
43 17
43 22
43 26
43 27
43 29
43 34
43 35
43 38
43 40
43 41
43 42
43 44
43 46
43 47
44 2
44 7
44 11
44 13
44 15
44 19
44 23
44 26
44 29
44 34
44 36
44 39
44 41
44 42
44 43
44 45
44 46
44 47
44 48
44 49
45 4
45 5
45 12
45 18
45 27
45 29
45 33
45 34
45 35
45 36
45 37
45 30
45 31
45 40
45 41
45 42
45 43
45 46
45 47
45 48
46 2
46 5
46 7
46 8
46 9
46 10
46 20
46 38
46 31
46 40
46 41
46 42
46 43
46 44
46 49
47 2
47 9
47 19
47 21
47 24
47 35
47 36
47 30
47 31
47 40
47 41
47 44
47 45
47 48
48 4
48 9
48 10
48 17
48 19
48 21
48 27
48 28
48 35
48 36
48 30
48 41
48 42
48 43
48 44
48 45
48 46
48 47
49 12
49 21
49 24
49 25
49 34
49 41
49 42
49 43
49 46
49 47
49 48
