0 1
0 2
0 3
0 5
0 6
0 7
0 8
0 9
0 16
0 17
0 19
0 22
0 31
0 42
0 43
1 0
1 2
1 3
1 4
1 5
1 6
1 8
1 10
1 13
1 17
1 25
1 26
1 33
1 31
1 46
2 0
2 1
2 3
2 4
2 5
2 6
2 7
2 8
2 13
2 14
2 18
2 24
2 29
2 42
2 46
3 0
3 1
3 2
3 4
3 5
3 6
3 7
3 13
3 14
3 15
3 26
3 28
3 34
3 37
3 38
3 39
3 30
3 42
3 46
4 0
4 1
4 2
4 5
4 6
4 7
4 10
4 11
4 21
4 25
4 26
4 33
4 35
4 39
4 30
4 42
5 0
5 1
5 6
5 8
5 9
5 10
5 11
5 15
5 25
5 26
5 32
5 36
5 30
5 40
5 49
6 0
6 1
6 5
6 7
6 8
6 9
6 12
6 13
6 16
6 20
6 34
6 37
6 31
6 41
6 45
7 0
7 1
7 2
7 3
7 5
7 6
7 11
7 14
7 15
7 16
7 17
7 21
7 22
7 24
7 26
7 35
7 37
7 38
7 31
7 45
8 1
8 2
8 3
8 4
8 5
8 6
8 9
8 11
8 12
8 14
8 18
8 27
8 37
8 39
8 43
8 45
8 48
8 49
9 0
9 2
9 3
9 5
9 7
9 14
9 18
9 23
9 26
9 41
9 45
9 49
10 2
10 5
10 9
10 11
10 14
10 15
10 16
10 17
10 19
10 23
10 26
10 28
10 29
10 33
10 35
10 39
10 30
10 42
10 46
10 47
11 4
11 7
11 9
11 10
11 12
11 13
11 14
11 15
11 16
11 18
11 28
11 29
11 37
11 30
12 10
12 11
12 13
12 15
12 16
12 18
12 19
12 33
12 30
12 31
12 43
12 45
12 46
13 0
13 4
13 10
13 11
13 14
13 15
13 17
13 18
13 19
13 23
13 24
13 27
13 33
13 36
13 30
14 1
14 3
14 8
14 10
14 11
14 13
14 15
14 17
14 20
14 21
14 25
14 37
14 31
14 40
14 43
14 44
15 0
15 4
15 5
15 8
15 10
15 11
15 12
15 16
15 17
15 18
15 19
15 23
15 26
15 28
15 32
15 37
15 38
15 39
15 40
15 41
15 45
15 48
16 0
16 1
16 5
16 6
16 9
16 10
16 13
16 17
16 18
16 39
16 31
16 42
16 48
17 2
17 7
17 10
17 13
17 14
17 16
17 18
17 19
17 20
17 24
17 27
17 34
17 36
17 38
17 31
17 40
17 42
17 43
17 45
17 47
17 48
18 0
18 2
18 5
18 9
18 10
18 11
18 12
18 14
18 15
18 16
18 17
18 25
18 28
18 40
18 45
19 0
19 1
19 2
19 3
19 5
19 7
19 8
19 10
19 11
19 12
19 13
19 14
19 15
19 16
19 17
19 18
19 23
19 26
19 32
19 36
19 37
19 38
19 31
20 2
20 7
20 8
20 10
20 14
20 21
20 22
20 23
20 24
20 25
20 26
20 28
20 29
20 35
20 38
20 40
20 41
20 43
20 44
20 45
20 49
21 1
21 2
21 9
21 12
21 20
21 23
21 24
21 25
21 26
21 27
21 28
21 29
21 32
21 36
21 41
22 1
22 5
22 11
22 15
22 16
22 19
22 20
22 21
22 23
22 24
22 26
22 28
22 29
22 37
22 38
22 40
22 43
22 45
22 46
22 47
22 48
23 3
23 4
23 5
23 7
23 14
23 20
23 21
23 24
23 25
23 26
23 27
23 36
23 38
23 31
23 41
23 48
23 49
24 0
24 2
24 7
24 11
24 20
24 22
24 25
24 28
24 30
24 41
24 43
25 10
25 15
25 17
25 21
25 22
25 23
25 24
25 26
25 27
25 28
25 29
25 39
26 4
26 10
26 20
26 21
26 22
26 23
26 24
26 27
26 29
26 38
26 41
26 43
26 48
27 0
27 11
27 12
27 20
27 21
27 22
27 23
27 24
27 28
27 29
27 39
27 44
27 45
27 49
28 3
28 7
28 11
28 16
28 21
28 23
28 24
28 25
28 27
28 32
28 37
28 38
28 40
29 0
29 3
29 10
29 13
29 15
29 16
29 20
29 21
29 22
29 23
29 24
29 25
29 26
29 27
29 28
29 33
29 34
29 35
29 38
29 30
29 31
29 43
29 44
29 45
29 48
32 4
32 11
32 12
32 13
32 17
32 21
32 23
32 26
32 33
32 34
32 35
32 37
32 30
32 31
32 43
32 47
32 49
33 2
33 9
33 13
33 15
33 16
33 24
33 26
33 32
33 34
33 35
33 36
33 38
33 39
33 30
33 31
33 41
33 43
34 1
34 7
34 9
34 12
34 15
34 17
34 19
34 22
34 32
34 33
34 35
34 36
34 39
34 30
34 31
34 43
34 48
34 49
35 0
35 2
35 7
35 13
35 18
35 26
35 27
35 29
35 32
35 33
35 34
35 36
35 37
35 30
35 31
35 41
35 48
35 49
36 0
36 4
36 13
36 18
36 21
36 23
36 24
36 27
36 32
36 33
36 34
36 35
36 37
36 38
36 39
36 31
36 41
36 49
37 6
37 7
37 16
37 21
37 23
37 25
37 29
37 32
37 35
37 36
37 38
37 39
37 30
37 31
37 47
38 1
38 6
38 7
38 11
38 14
38 17
38 18
38 19
38 21
38 23
38 24
38 29
38 32
38 33
38 34
38 35
38 36
38 37
38 39
38 31
38 44
39 1
39 5
39 8
39 10
39 12
39 28
39 32
39 33
39 35
39 36
39 38
39 30
39 40
39 46
30 2
30 6
30 9
30 14
30 17
30 23
30 24
30 25
30 26
30 27
30 29
30 34
30 35
30 37
30 38
30 39
30 31
30 46
31 1
31 2
31 10
31 11
31 32
31 33
31 34
31 36
31 37
31 38
31 47
31 48
40 1
40 5
40 14
40 18
40 22
40 23
40 26
40 27
40 29
40 32
40 33
40 35
40 39
40 31
40 42
40 43
40 44
40 45
40 46
40 47
40 48
41 3
41 8
41 10
41 18
41 20
41 22
41 23
41 25
41 33
41 36
41 37
41 39
41 30
41 40
41 42
41 43
41 44
41 45
41 46
41 48
42 1
42 8
42 11
42 12
42 15
42 17
42 35
42 30
42 41
42 44
42 45
42 46
42 47
42 49
43 0
43 1
43 2
43 6
43 11
43 17
43 21
43 25
43 39
43 40
43 42
43 44
43 45
43 46
43 47
43 48
44 7
44 10
44 17
44 21
44 25
44 26
44 28
44 35
44 41
44 43
44 45
44 46
44 47
44 49
45 0
45 3
45 7
45 8
45 14
45 17
45 18
45 19
45 20
45 27
45 35
45 36
45 39
45 40
45 41
45 42
45 46
45 47
45 48
45 49
46 3
46 5
46 10
46 11
46 12
46 14
46 17
46 19
46 20
46 27
46 29
46 36
46 37
46 39
46 41
46 42
46 43
46 44
46 45
46 47
47 3
47 15
47 21
47 35
47 38
47 40
47 42
47 43
47 44
47 45
47 49
48 3
48 6
48 12
48 15
48 16
48 20
48 22
48 23
48 24
48 28
48 38
48 39
48 40
48 43
48 45
48 46
48 49
49 1
49 3
49 11
49 12
49 13
49 18
49 21
49 22
49 25
49 31
49 41
49 42
49 43
49 45
49 47
49 48
