0 1
0 3
0 5
0 6
0 8
0 12
0 17
0 21
0 24
0 26
0 44
0 49
1 2
1 3
1 4
1 6
1 7
1 8
1 9
1 14
1 18
1 20
1 21
1 22
1 27
1 32
1 35
1 36
1 37
1 45
1 48
1 49
2 0
2 1
2 3
2 4
2 5
2 9
2 10
2 11
2 23
2 25
2 27
2 32
2 37
2 39
2 30
2 40
2 42
2 43
2 44
2 49
3 0
3 1
3 2
3 5
3 6
3 7
3 8
3 9
3 12
3 18
3 20
3 21
3 27
3 34
3 36
3 39
3 42
3 43
3 45
4 0
4 5
4 6
4 7
4 9
4 15
4 16
4 21
4 23
4 24
4 35
4 47
4 49
5 0
5 1
5 2
5 3
5 6
5 7
5 8
5 9
5 10
5 11
5 15
5 18
5 20
5 23
5 29
5 35
5 40
5 41
5 42
5 46
5 48
6 0
6 1
6 2
6 4
6 5
6 7
6 8
6 9
6 13
6 22
6 23
6 40
6 42
6 43
6 45
7 0
7 3
7 4
7 5
7 9
7 14
7 17
7 20
7 22
7 25
7 27
7 28
7 33
7 34
7 37
7 38
7 31
8 0
8 3
8 4
8 5
8 6
8 7
8 9
8 18
8 23
8 26
8 32
8 38
8 31
8 41
8 46
9 0
9 2
9 3
9 4
9 5
9 7
9 11
9 14
9 24
9 26
9 35
9 41
9 43
9 44
10 3
10 4
10 11
10 12
10 14
10 15
10 16
10 17
10 18
10 19
10 22
10 26
10 34
10 38
10 43
10 45
11 3
11 4
11 6
11 9
11 10
11 12
11 13
11 14
11 18
11 19
11 22
11 32
11 46
11 48
12 11
12 14
12 15
12 17
12 18
12 19
12 25
12 31
13 0
13 2
13 3
13 10
13 11
13 12
13 14
13 15
13 16
13 17
13 18
13 22
13 24
13 26
13 32
13 33
13 30
13 46
13 48
14 1
14 4
14 5
14 6
14 9
14 10
14 11
14 12
14 13
14 16
14 17
14 18
14 19
14 32
14 36
15 0
15 1
15 2
15 4
15 6
15 8
15 9
15 11
15 12
15 14
15 16
15 18
15 19
15 24
15 26
15 32
15 35
15 30
15 40
15 45
16 3
16 4
16 6
16 10
16 11
16 12
16 13
16 14
16 15
16 17
16 18
16 19
16 32
16 33
16 36
16 37
16 39
16 42
16 46
16 48
17 2
17 3
17 9
17 10
17 11
17 13
17 14
17 15
17 18
17 19
17 20
17 27
17 32
17 34
17 38
17 40
17 41
17 42
17 45
17 48
18 0
18 9
18 11
18 13
18 15
18 16
18 23
18 24
18 29
18 34
18 35
18 36
18 37
18 41
18 46
19 2
19 7
19 10
19 11
19 13
19 14
19 15
19 16
19 17
19 18
19 22
19 38
19 30
19 31
19 43
19 46
19 47
19 49
20 8
20 15
20 16
20 18
20 21
20 23
20 24
20 25
20 26
20 27
20 28
20 29
20 34
20 36
20 37
20 41
20 42
21 6
21 7
21 14
21 17
21 18
21 19
21 22
21 23
21 24
21 26
21 27
21 28
21 29
21 35
21 36
21 30
21 42
21 43
21 48
22 0
22 4
22 5
22 6
22 8
22 10
22 11
22 18
22 20
22 24
22 25
22 27
22 28
22 29
22 34
22 35
22 39
22 45
23 0
23 1
23 3
23 7
23 8
23 9
23 15
23 16
23 20
23 21
23 22
23 25
23 26
23 28
23 29
23 46
23 48
23 49
24 1
24 12
24 21
24 23
24 25
24 26
24 29
24 40
24 41
24 46
24 49
25 5
25 6
25 14
25 20
25 22
25 26
25 27
25 32
25 33
25 34
25 35
25 30
26 4
26 10
26 14
26 15
26 17
26 20
26 21
26 23
26 24
26 25
26 27
26 28
26 29
26 35
26 41
26 43
26 46
26 48
27 6
27 14
27 15
27 21
27 22
27 23
27 24
27 25
27 26
27 29
27 35
27 30
27 43
27 46
27 47
27 49
28 6
28 7
28 11
28 15
28 17
28 20
28 21
28 23
28 24
28 25
28 26
28 27
28 33
28 42
28 47
29 3
29 6
29 11
29 13
29 14
29 15
29 16
29 18
29 20
29 22
29 23
29 24
29 25
29 26
29 27
29 35
29 37
29 39
29 42
29 43
29 44
29 46
29 47
32 0
32 12
32 18
32 20
32 22
32 23
32 24
32 26
32 33
32 34
32 35
32 36
32 37
32 39
32 30
32 31
32 43
32 44
33 0
33 17
33 25
33 27
33 29
33 34
33 37
33 38
33 39
33 30
33 31
33 40
33 42
33 46
33 49
34 2
34 8
34 19
34 27
34 33
34 35
34 36
34 37
34 38
34 39
34 30
34 31
34 40
34 41
35 1
35 23
35 24
35 34
35 36
35 37
35 38
35 39
35 30
35 31
35 42
36 1
36 2
36 4
36 5
36 7
36 15
36 18
36 19
36 22
36 23
36 25
36 28
36 33
36 34
36 35
36 37
36 38
36 39
36 30
36 31
36 40
36 41
36 44
37 7
37 8
37 11
37 12
37 13
37 15
37 17
37 18
37 21
37 26
37 27
37 28
37 29
37 38
37 39
37 30
37 40
37 44
37 45
38 4
38 9
38 11
38 12
38 22
38 24
38 26
38 33
38 34
38 37
38 39
38 30
38 31
38 41
38 44
38 48
39 8
39 13
39 23
39 27
39 28
39 29
39 32
39 35
39 36
39 37
39 38
39 30
39 31
39 44
39 48
39 49
30 8
30 9
30 22
30 25
30 26
30 28
30 33
30 34
30 35
30 36
30 37
30 38
30 39
30 31
30 41
31 1
31 12
31 16
31 17
31 18
31 29
31 32
31 33
31 34
31 36
31 30
31 46
40 1
40 2
40 11
40 13
40 22
40 25
40 26
40 27
40 34
40 35
40 30
40 42
40 43
40 44
40 45
40 46
40 47
40 49
41 3
41 4
41 9
41 11
41 13
41 15
41 17
41 20
41 34
41 38
41 40
41 42
41 43
41 44
41 45
41 46
41 47
41 48
41 49
42 7
42 9
42 11
42 13
42 17
42 20
42 24
42 26
42 28
42 29
42 36
42 37
42 40
42 41
42 43
42 44
42 46
42 47
42 48
42 49
43 4
43 5
43 7
43 10
43 12
43 13
43 17
43 21
43 22
43 25
43 34
43 36
43 39
43 31
43 40
43 41
43 44
43 46
43 47
43 48
44 10
44 19
44 21
44 34
44 42
44 43
44 45
44 46
44 48
45 4
45 5
45 8
45 9
45 11
45 26
45 34
45 30
45 31
45 40
45 41
45 44
45 46
45 47
45 48
45 49
46 0
46 8
46 9
46 10
46 11
46 14
46 16
46 21
46 33
46 30
46 40
46 42
46 43
46 44
46 45
46 47
46 48
46 49
47 1
47 6
47 7
47 9
47 12
47 13
47 17
47 21
47 23
47 26
47 32
47 33
47 36
47 37
47 39
47 40
47 41
47 42
47 43
47 44
47 45
47 46
47 48
48 0
48 9
48 11
48 15
48 19
48 20
48 21
48 26
48 34
48 31
48 40
48 41
48 44
48 45
48 46
48 47
49 0
49 1
49 10
49 18
49 23
49 24
49 35
49 40
49 42
49 43
49 44
49 47
