0 1
0 3
0 4
0 6
0 9
0 10
0 22
0 26
0 27
0 28
0 32
0 34
0 35
0 41
0 46
1 0
1 2
1 3
1 4
1 5
1 7
1 8
1 9
1 17
1 28
1 34
1 42
1 43
1 46
1 47
2 1
2 3
2 4
2 5
2 7
2 8
2 9
2 10
2 20
2 21
2 32
2 33
2 30
2 42
2 43
2 48
3 1
3 2
3 5
3 6
3 8
3 10
3 12
3 14
3 15
3 17
3 19
3 26
3 27
3 33
3 34
3 35
3 37
3 38
3 41
3 43
3 46
4 0
4 1
4 2
4 3
4 5
4 7
4 9
4 11
4 12
4 19
4 21
4 22
4 26
4 33
4 39
4 49
5 0
5 1
5 2
5 4
5 7
5 8
5 9
5 10
5 11
5 17
5 21
5 22
5 25
5 27
5 36
5 37
5 39
5 41
5 42
5 43
5 47
6 1
6 2
6 3
6 4
6 5
6 7
6 11
6 17
6 23
6 29
6 33
6 37
6 40
6 41
6 42
6 46
7 2
7 3
7 4
7 6
7 9
7 18
7 19
7 22
7 23
7 26
7 27
7 32
7 34
7 35
7 30
7 40
7 43
8 0
8 1
8 2
8 3
8 4
8 5
8 6
8 7
8 15
8 20
8 22
8 28
8 29
8 33
8 42
8 44
9 0
9 2
9 3
9 4
9 5
9 10
9 11
9 12
9 16
9 21
9 26
9 34
9 31
9 40
9 44
10 2
10 8
10 11
10 12
10 13
10 14
10 16
10 17
10 19
10 22
10 25
10 47
10 48
11 5
11 7
11 9
11 10
11 12
11 14
11 15
11 16
11 18
11 24
11 25
11 27
11 29
11 33
11 36
11 38
11 42
11 43
11 45
11 46
11 48
12 1
12 2
12 8
12 10
12 11
12 14
12 15
12 16
12 17
12 19
12 25
12 33
12 35
12 38
12 31
12 40
12 41
12 45
12 46
13 11
13 12
13 14
13 15
13 16
13 19
13 22
13 28
13 39
13 48
14 0
14 5
14 10
14 11
14 12
14 18
14 19
14 23
14 27
14 28
14 29
14 37
14 41
14 44
14 46
15 0
15 1
15 5
15 7
15 10
15 11
15 12
15 13
15 14
15 16
15 17
15 18
15 20
15 21
15 23
15 28
15 29
15 33
15 36
15 37
15 38
15 31
15 49
16 2
16 4
16 5
16 6
16 11
16 13
16 14
16 15
16 17
16 18
16 22
16 26
16 32
16 33
16 35
16 43
16 44
17 2
17 7
17 10
17 11
17 12
17 13
17 15
17 16
17 18
17 19
17 21
17 35
17 37
17 39
17 40
17 44
17 45
18 2
18 10
18 11
18 12
18 13
18 14
18 15
18 16
18 25
18 28
18 29
18 32
18 34
18 36
18 38
18 31
18 44
18 48
18 49
19 0
19 1
19 10
19 11
19 12
19 14
19 16
19 18
19 22
19 27
19 28
19 35
19 38
19 42
19 45
19 46
20 1
20 7
20 8
20 21
20 22
20 23
20 24
20 25
20 27
20 28
20 29
20 33
20 36
20 42
20 45
21 2
21 7
21 10
21 13
21 15
21 16
21 20
21 22
21 23
21 24
21 25
21 26
21 27
21 28
21 39
21 40
21 44
21 45
21 47
22 1
22 2
22 8
22 9
22 19
22 20
22 21
22 24
22 25
22 26
22 27
22 28
22 29
22 33
22 36
22 39
22 31
22 42
22 44
22 45
22 47
23 6
23 16
23 17
23 19
23 20
23 21
23 22
23 24
23 26
23 28
23 29
23 32
23 33
23 34
23 30
23 43
23 45
23 48
23 49
24 2
24 10
24 15
24 18
24 20
24 21
24 22
24 25
24 26
24 27
24 28
24 29
24 37
24 39
24 30
24 41
24 47
24 49
25 0
25 10
25 16
25 18
25 20
25 23
25 24
25 26
25 27
25 28
25 34
25 36
25 37
25 30
25 43
26 0
26 3
26 4
26 6
26 7
26 11
26 16
26 21
26 22
26 23
26 25
26 27
26 28
26 29
26 33
26 35
26 43
26 44
26 46
27 1
27 3
27 7
27 20
27 22
27 23
27 24
27 25
27 26
27 28
27 32
27 39
28 3
28 5
28 8
28 13
28 17
28 19
28 21
28 22
28 23
28 24
28 25
28 27
28 38
28 39
28 31
28 40
28 45
28 47
29 1
29 2
29 7
29 9
29 10
29 15
29 18
29 20
29 21
29 22
29 23
29 24
29 25
29 26
29 27
29 28
29 38
29 39
29 31
29 49
32 0
32 1
32 23
32 25
32 26
32 33
32 34
32 36
32 37
32 38
32 39
32 30
32 31
32 40
32 41
32 44
32 47
33 2
33 3
33 13
33 14
33 16
33 18
33 22
33 24
33 27
33 32
33 34
33 35
33 36
33 37
33 38
33 39
33 30
33 49
34 8
34 9
34 10
34 11
34 13
34 15
34 16
34 32
34 33
34 35
34 36
34 38
34 39
34 30
34 31
34 40
34 41
34 44
34 48
34 49
35 3
35 9
35 10
35 12
35 15
35 24
35 26
35 32
35 33
35 34
35 36
35 37
35 38
35 39
35 30
36 5
36 20
36 23
36 24
36 26
36 28
36 32
36 33
36 34
36 38
36 30
36 31
36 40
36 48
37 0
37 1
37 5
37 8
37 22
37 24
37 26
37 32
37 33
37 34
37 35
37 36
37 38
37 39
37 40
37 42
37 46
37 49
38 5
38 8
38 11
38 14
38 15
38 17
38 19
38 22
38 29
38 33
38 34
38 35
38 37
38 39
38 30
38 31
38 42
38 43
39 0
39 1
39 4
39 5
39 13
39 14
39 21
39 25
39 28
39 32
39 35
39 36
39 38
39 31
39 42
39 47
39 49
30 4
30 15
30 24
30 25
30 28
30 33
30 35
30 36
30 37
30 31
30 40
30 47
31 9
31 11
31 15
31 16
31 21
31 29
31 32
31 33
31 34
31 35
31 36
31 37
31 39
31 30
31 43
31 44
31 45
31 49
40 3
40 9
40 14
40 17
40 18
40 21
40 22
40 24
40 25
40 27
40 29
40 34
40 31
40 41
40 42
40 44
40 47
40 48
40 49
41 0
41 6
41 8
41 10
41 12
41 14
41 20
41 32
41 33
41 30
41 40
41 42
41 43
41 44
41 45
41 47
41 48
41 49
42 14
42 16
42 17
42 19
42 20
42 29
42 33
42 40
42 41
42 43
42 44
42 45
42 46
42 47
42 48
42 49
43 3
43 7
43 11
43 20
43 23
43 36
43 38
43 30
43 40
43 41
43 42
43 44
43 45
43 47
43 48
43 49
44 5
44 9
44 11
44 14
44 16
44 17
44 18
44 20
44 21
44 32
44 34
44 35
44 36
44 37
44 30
44 41
44 42
44 43
44 45
44 46
44 47
44 48
44 49
45 2
45 3
45 4
45 5
45 7
45 10
45 12
45 13
45 19
45 20
45 23
45 26
45 32
45 41
45 42
45 43
45 46
45 47
45 48
45 49
46 8
46 9
46 12
46 15
46 18
46 21
46 23
46 25
46 33
46 37
46 30
46 40
46 41
46 42
46 43
46 44
46 45
46 47
46 48
46 49
47 0
47 8
47 9
47 10
47 11
47 14
47 16
47 19
47 26
47 35
47 38
47 39
47 31
47 40
47 41
47 42
47 43
47 44
47 45
47 46
47 48
48 21
48 28
48 38
48 39
48 43
48 44
48 45
48 46
48 47
48 49
49 1
49 3
49 4
49 7
49 11
49 15
49 17
49 18
49 26
49 27
49 32
49 35
49 38
49 40
49 41
49 43
49 44
49 45
49 46
49 48
