input_data/irreg_block_graphs_0.75g_0.25ng/graph_sample_26 0.14807629585266113
0,0.10714283596228252,-1.0
2,-0.2482398515165448,-0.8217914124507618
3,0.3376849448707835,-0.4063361517263123
7,0.5103908379376171,-0.6849859590650463
12,0.896629997815669,-0.616899454874662
13,0.6053705987339888,-0.3976008360758526
19,-0.6231931970532696,0.4827812788744096
33,0.3447398128999629,-0.016573439942278605
34,0.7265379298497038,-0.1383629573690875
29,-0.14379501322467342,-0.11738656991769146
37,-0.5280781739992347,-0.23572316926311843
47,0.0013997273315046,-0.5472855817404355
1,0.08814405856304527,-0.02420005796804268
11,0.7388425141707637,0.20170142184389106
14,0.24779550592814026,0.7695137129648429
17,0.41785976217791065,0.5633427703096688
23,0.04356161803976848,0.6783462484102893
24,0.547751691677597,0.27733898918534317
26,0.009925181218361308,0.5387669899382903
30,0.060555487520024244,-0.1946327304899522
43,-0.3678243570312848,-0.37519440073232496
44,0.2724195732383635,0.4574629904059484
45,-0.25730111967598635,0.055826719275403794
9,0.46676910214256406,-0.28086939011718354
31,-0.4062180654031441,0.43893112755489655
36,-0.7714635561808759,0.0982592023328717
38,-0.4346798839286795,-0.06676553507549463
39,0.2047806828392643,0.08466081718661742
41,-0.041379081769252396,-0.3302396640793927
42,0.39166863133275603,-0.14921505760944195
4,-0.37429276299329645,-0.6974948571851372
5,-0.7082837494638818,-0.2210988970527147
8,0.18874203659519567,-0.5311566926731178
10,-0.16308668037861107,-0.5119763503754641
16,0.5305575661965436,0.6632718573624389
21,-0.32711956345216553,0.5488905241241424
22,-0.22201345045880985,0.40048400483567453
35,-0.41598352599111255,0.12438392359128259
25,-0.6373192145708378,-0.3974166184252793
27,0.6373140845185497,0.05858278110210082
28,0.029295336813395773,0.38050799988086503
46,-0.14976939362393446,0.2347159112946147
6,0.19832044745705224,-0.3757026553441356
40,-0.5605235226128055,0.10316744153901596
48,-0.4844602453304423,0.3080929301454413
32,0.057641053290295306,0.18027015098324867
15,0.3024681295548319,0.2992275186193043
18,-0.25308775938887806,0.7381585522335682
49,-0.25023101544781695,-0.2775985678823318
20,-0.5959659651804068,0.7298211434410952
