0,-0.343216859517154,-0.15450450182893638
1,0.11331395947364946,-0.06763622659122864
2,0.027915423119552807,0.07879105061688274
3,0.4024191911401751,-0.3337548430784471
4,0.16866273899661607,0.7757631297488994
5,0.8430804491412185,0.48667211992837905
9,0.778666336929043,-0.362246330906422
11,-0.2632615184386763,-0.7543510258740156
14,-0.4157002736645441,-0.468685922762943
22,-0.4131535153576011,-0.3117977742182815
24,-0.191854188774431,-0.1622908000696008
25,0.5572913875164098,-0.5436717405349483
27,0.5602282506798367,-0.32537020220823193
36,-0.6349974609940634,0.7051889432089808
37,-0.03609851986221731,-0.2369200425872504
38,0.3037866962310626,-0.13542730269796008
39,0.020579093224368215,0.6135771774533967
40,-0.19813556633076967,0.11635153845560578
44,-0.5816744114234242,-0.03961239295725144
48,0.1293896784748932,0.2872733708356262
6,-0.9471772276628424,-0.014897712910930009
10,0.42172239979678516,0.4267025996580969
12,0.008912190432325906,-0.5206068557997491
15,-0.7086886674462075,0.20390988770450852
18,-0.30782191742619697,0.496239953509574
19,-0.08242109313437931,0.44026179364690776
21,-0.618650578135705,0.36787405099504866
34,0.1913532509734886,-0.41087581960892805
35,0.42450654724991027,0.056679805742196596
41,0.44038872528778505,0.711680571160055
46,-0.40027141539151523,0.05384592772985198
7,-0.1262986590251112,-0.4371412520730028
16,-0.30354139804049346,0.8950300391522993
20,-1.0,-0.35910978338594546
30,0.25819215363680537,-0.7917882626769658
31,0.5613665634819952,-0.05132345832427861
8,0.04090341521703799,-0.744829150542443
13,-0.649482397399547,-0.5836297729091978
28,0.7519654761611272,0.26192713528445405
45,0.27138719985117793,0.22513194273731887
49,0.2559128612683888,0.5563864623631479
32,0.8459441098317968,-0.003983671410677677
42,-0.165746010663324,0.6734572211642947
26,-0.1806497068961167,0.2678058783549331
43,-0.7397806233065264,-0.09132287999417937
47,-0.43912177653682233,0.3788812612364807
33,0.4890098362325468,-0.7326680385373933
23,0.6334822366317692,-0.17257310152568986
29,0.5423264540684873,0.3064566851465992
17,-0.2949628396205822,-0.574869679818647
