0,0.3639599645145138,-0.0497965762867942
1,0.05465793483536543,0.41276440564458194
3,0.062275654181393594,-0.2670996371028464
11,0.6880491370366619,0.4316644330369841
14,0.4574081620758121,0.3837078665486641
18,0.43933510597859976,0.7361440748571052
20,0.26142685849616876,0.5558892476753057
21,0.11195959668309077,0.730748444702772
23,0.10819928378927963,0.9194182720877986
32,0.6985171315664478,-0.33265571377270653
34,0.6291326686047668,-0.1710882996468007
26,0.3969143697196379,-0.771024564702196
2,0.9999999999999999,0.15509019226628745
4,0.7330460136620305,-0.6425813743464762
5,-0.0048775203330913295,-0.7145101443859344
6,-0.33061851730361125,0.5964725437158557
10,-0.6723113850699771,-0.5358836463877464
16,0.16970101974773147,0.15705720398670348
22,-0.21690204050411857,0.8443136137130861
24,0.3886441985635946,-0.4883665413514035
28,0.12005817742967896,-0.10954586543274505
37,-0.25744978980860994,-0.13470802822111339
38,-0.5605313392310602,0.24516231753533005
40,-0.33282033693297014,0.28480089574730955
48,-0.22619502497381175,0.04232842839490298
12,0.6681688587834612,0.07583194485456088
13,-0.025489313367406854,0.10850546960811176
17,0.2907899309416161,0.39266005861966763
33,0.37658947613642174,-0.2513514744387833
35,0.5695187191743836,-0.42967291904809274
25,-0.07689931587043297,-0.263501422159417
46,-0.1566985213226402,0.33140192790401607
9,-0.2064956326789502,-0.4366818734518399
31,-0.1329233559678904,-0.9167524791544369
39,-0.9835807355144212,0.23038425805140686
44,-0.6672016710363224,-0.10176357929968105
8,0.3658031951459227,0.16884998835158183
27,-0.1922595567583013,-0.6710725476919851
36,-0.5510371677034395,-0.23146015526053973
43,-0.9927667898226846,-0.1360010667687763
47,-0.7104705837983506,0.09870534899412159
7,-0.40715515778998557,-0.6185005602233685
41,-0.7253421130705371,0.46006898955575165
29,0.15762218656918756,-0.7159972987734423
30,0.21226343768157802,-0.4604209981434579
42,-0.5538051507663672,0.5392263055193339
45,-0.4442377298700667,-0.36427063287916917
15,-0.16535795211917,0.5165536434031034
49,-0.36628747151694896,0.13494413230670768
19,0.6356730918138436,0.2620133918487139
