0,-0.06954622658067837,-0.9654291925413202
2,0.18084715667990583,-0.4297599910132713
3,-0.47322786629683783,-0.6150589874580593
4,0.42590088746976124,-1.0
5,0.6515097685344896,-0.31915872847686094
9,0.8047246807638879,-0.4615402875439393
10,0.16416319207531,-0.6386324242917982
12,0.6149418902565252,0.03132201565186595
21,-0.5686993974927923,-0.20988327154159442
35,-0.2966432325189161,-0.31000782404922367
27,-0.5254187636632973,0.16782633086635143
30,0.004290883881859138,-0.6659789887083635
45,-0.0075600387854022275,0.5824216891088976
1,0.8187335355041351,0.20134721403041303
6,0.8946888075805337,-0.15579306360133902
19,-0.0708621352545138,0.30814716513672097
34,0.2737660428873911,0.4268663278588912
25,0.4930537486875861,0.5327683976445183
43,-0.03867606211876279,0.8199805574467282
44,0.3879677486096464,0.2958739166349221
14,-0.7493494014171623,0.3106296333678769
20,-0.6455991069005249,0.462760528700877
23,-0.6991797164501772,-0.10168490794787269
26,0.02970713458618162,-0.12830453592088217
29,-0.21277593309051332,-0.02829914174369149
40,0.13042549230587816,0.3243171141506634
47,-0.39721062543487395,0.21277942012737106
49,-0.3175753745203425,0.39161946759931443
8,0.4422630826735118,-0.04780095901765289
17,-0.7548855153032956,0.0462611217624108
32,-0.2971418921139863,-0.47458252933972134
33,0.31337728922812785,-0.18425429933998413
31,-0.040508725240664276,-0.29388042563974687
36,-0.1286134233733783,0.17600786477541763
38,-0.352006114466767,0.9216881886452861
42,0.16409605289702267,-0.028539035776539157
13,0.3961718135141112,-0.354943560930136
16,-0.25187519326528407,-0.19437553433795612
7,0.4328964783640507,-0.5618311486836229
48,0.14682836842064034,0.7728126344120434
11,0.6469110331166872,0.48799084142802346
46,0.25420540130927066,0.14150972173619483
15,-0.07007656225100425,-0.4458623974151894
24,0.3116861120985383,0.6116351739477313
37,0.05748652538034595,0.20716672587641652
18,-0.2225740318163017,-0.677281554136
22,-0.30527491012793534,0.5359283467921273
28,-0.39042404211884535,-0.060029541827082936
39,-0.7325666769304245,-0.2696838086266302
41,-0.42237215929272653,0.6529357422074166
