0,-0.2085876731808363,-0.9694767112233817
1,0.03373762793612871,-0.8054943454092163
2,-0.5357037500528714,0.06379113485757561
3,0.38398269702438464,0.16627911809076945
4,0.04277081721355666,0.19472902109229545
6,0.2434973537809029,-0.5390664852198989
10,0.549732190606736,0.375942651043012
15,-0.9128908929728128,0.23771135920401223
18,-0.6100227843429495,-0.23336165138495202
25,-0.18068540726589594,0.3966303123269058
28,-0.7685303379651451,0.5579865527069195
41,-0.38477610755752434,-0.19006526475612848
44,-0.1280358721042787,-0.359825877128182
45,0.6550988267947369,-0.7085863628149743
47,-0.26107674185359103,-0.6932098925313813
5,0.6205951814246942,-0.3062481663743085
11,0.9025582289831815,0.4594622250241917
14,0.10002656133500426,-0.026274177388974845
21,-0.5510076641822342,-0.4967467291497754
31,-0.12250703632977829,0.7692028788504313
43,0.2758005767706402,-0.9558498120080935
48,0.3294422871599567,-0.399805233656654
49,0.8568133080031105,-0.5294609237777845
7,0.3787588065562892,0.46452949514324376
8,0.9082242107664286,0.06317752886185425
34,-0.2840455899246478,0.6034429093257191
24,-0.6963629271420397,0.34224826487239574
30,-0.4429534764905568,0.9153874834990591
37,0.24927817476460848,0.3691884443095169
19,-0.9246422424873239,-0.10541764235160264
23,-0.14008584972204924,0.07336731851582948
27,-0.4838268222364218,0.349138973834514
36,0.7183024361473765,-0.17613162719651682
20,0.4443484181643289,-0.11469716291707309
32,-0.5424851340761166,0.691522990771644
33,-0.04379689897891167,0.5153619155648017
35,0.2245828764999827,0.6668431631275813
42,0.33920629520583473,-0.6940722201845875
13,0.6369273283969508,0.1409522003578516
16,-0.8176504989660853,-0.4751320285293472
17,-0.33435861762762115,0.13306823273279525
22,0.046850165950151,-0.3355027126930006
29,-0.0526677266327816,1.0
40,-0.11117682365838263,-0.1952142214484716
46,-0.4992873870999491,-0.8715725724935462
9,0.4848098300392408,-0.400594102510787
12,0.4763598968541125,0.6147804453725174
39,0.27342950678620676,-0.12128936654281373
26,0.15946609353297092,0.9934024137168145
38,-0.29743543384669374,-0.45505174351078626
