0,-0.8908426437325266,0.48475361489303864
1,0.28597462067977136,0.3498231191782918
2,-0.5393389693533269,-0.22024195227507953
3,-0.6336007091965593,0.2719409518545624
4,-1.0,0.20042330154437782
5,0.06758558946570736,0.3838027924589717
6,-0.5926103707453177,0.5480554428703552
7,-0.4022085233214502,0.005452858047827943
20,0.17497586137443774,-0.16110573433939243
34,-0.5979943543659281,-0.5546833720369577
26,0.5348527746321929,-0.2122393832432762
30,-0.43943406870006924,-0.5538798078210388
39,-0.09573808180827267,-0.24849734810534693
43,0.579450040332125,-0.02320460246431858
48,0.40268058739844653,-0.024381169627320776
9,-0.842929850164714,0.059336155997645704
13,-0.626234674833449,-0.07952072254586981
23,0.145675957464868,0.8486529072157074
33,-0.30186228995550934,-0.7556730696511696
35,0.025051858819114863,-0.16100476288735519
28,0.2903228440671206,-0.44995843871090757
29,-0.37082636058466356,-0.37679174764154655
45,0.7966753912095441,-0.4722314048921765
8,-0.1827093450001183,0.30173452668767037
14,0.495922533134162,0.7900228582058386
21,-0.25882261809853313,0.15491738677166975
22,0.6173806347237284,0.5562396828947013
24,0.18603277502780755,0.02673020084884103
36,0.8823179419119764,0.1805215849633353
37,0.741803000452729,-0.08035700378035408
38,0.01371829618072518,-0.8595375273908042
41,0.06179391596765151,-0.5146866403111499
44,0.5897714608086316,-0.5419938815565803
15,-0.13930185218001165,0.5768854701826354
16,0.01302615489797197,0.9708293278447179
19,-0.247792428782293,0.8097122841681785
40,0.5383984618225188,0.24963389033820274
46,0.41792759918935507,-0.8832932482495792
12,0.23802183841451696,0.5119264305630075
17,-0.43715265427050987,0.36430055136824263
18,-0.46459790708116294,0.843016926510403
32,-0.7213983575071635,-0.6182879644362212
25,-0.18648947704809674,-0.08924054475976641
42,0.2459605480981428,-0.5805066462743474
10,0.18594489666908126,0.6604094316340556
47,0.9170358974936579,-0.048490330766733224
31,-0.16216243970105756,-0.5880673141486029
49,0.1216953804602298,0.160621838883146
11,0.43095919529776844,-0.3437375698274131
27,0.1330919204367568,-0.868131348182124
