0,0.29627969672095494,-0.7028338796074777
1,-0.6610742097103511,-0.7108729717262363
2,0.1604906105326543,-0.005856309022466366
3,-0.3327253245580075,-0.640095775093714
4,-0.4338615561675305,-0.9418033697673797
5,-0.12204791519790888,0.026479892210178355
8,-0.7469329575806974,-0.2723045558957686
9,-0.7711451582965222,-0.11679048596097368
11,0.20908868042653303,1.0
13,0.19812570734822016,0.3117239022938797
19,-0.3551061403171776,0.1373429131398257
20,0.2834326611013915,-0.20760329207732872
26,-0.553796587682051,0.0446535730288788
37,0.9512333462275911,0.15958304370893056
38,0.530754157081592,-0.0625413436494272
40,0.09976878204711305,-0.7175389494832392
6,-0.6469614864506048,0.7179841917185079
15,-0.3782490119124527,-0.404798276765868
16,-0.008183765578940565,-0.521195515435293
23,-0.06746511273793943,-0.83977015465142
27,-0.2960193302627517,0.34882418769454065
28,-0.42384690518329204,-0.2511787362406863
29,-0.13274826287103336,-0.1540926091333534
36,-0.17076419394536346,-0.43038324721045595
43,0.5677188901462551,-0.33737996202279147
44,0.48689657192338753,0.3658153571148992
49,0.6749682113311931,-0.46374894214005274
17,0.45790054445705675,0.5556395409123391
18,-0.4480979113755636,-0.09469288280847135
35,0.15184504832884654,0.5568215031067104
31,-0.3923069617079396,0.7777747386173655
46,0.37427406520646167,-0.09277754134710131
47,0.26788812299582865,-0.4613024325132283
48,0.8679486616464176,0.35311121092219916
12,-0.07771545721398178,0.7109969219578267
21,0.4453878257035809,-0.8544111015483565
22,0.026538817143404152,-0.2613546849388715
32,-0.10985206247249778,0.45550025971118174
24,-0.6211360497663108,0.2905347530685191
42,0.8342916836155574,-0.2190495757432329
30,-0.9472675023149509,0.3270624992688146
10,-0.8980628126548285,0.09963972858558715
34,0.29304485325660756,0.6808087536604304
41,0.10367266423487545,0.1850591412893901
7,0.029086848503213622,0.892087983785374
25,-0.5274095707794657,0.4997700696809605
33,-0.2417457323891641,0.5961440399990826
14,0.6964603085184943,-0.5971283074126771
45,0.615186547048759,0.23284503072921145
39,0.7422386735813238,0.03530166599124387
