0,0.45782238672821357,0.1517138381491015
1,0.6695397126976135,-0.05545640640902173
2,0.3155018348132329,0.6883507857158704
3,-0.013553107111269539,0.9999999999999999
4,0.4720636967324272,0.31058943210456735
5,-0.31830671661063276,0.33423970038327944
6,0.8338937817879671,-0.2642656019720262
8,0.48110029807743065,-0.56161593386554
9,0.8549732935787298,0.11333014538615377
12,0.6971015833929263,-0.4324223336234917
14,-0.2168417738599139,0.680910335561666
32,-0.017278178257442038,-0.211826395426492
33,0.11593150543780809,0.0430164381841464
34,-0.1611125985749897,0.41728925026172364
35,0.33843640973490835,0.04321493802307496
26,0.4756787950343799,0.481442993375202
28,0.23427121964491782,-0.6128720086143552
40,0.12516079412393893,-0.4345249895021681
44,-0.06518275411514549,0.579713226887896
46,-0.8400388534514467,-0.19762951292939332
47,-0.7196542674515826,0.10546481857168126
7,0.20629384154463432,-0.8318499195903256
13,0.7457965255909033,0.31383044272379096
19,0.5392027860350866,-0.23118580766044186
22,-0.3824328643984078,0.5109330472473707
23,-0.4991985116321405,-0.39564853648715387
29,0.10652534880185108,0.22446179241240874
39,-0.6627903280930716,-0.33504215146767746
43,-0.09725808690859108,-0.0592329075188706
48,-0.27341521116590095,-0.5201454450813189
25,-0.24407688027999422,-0.12376234435447024
38,-0.5598879728611829,0.2256285979685746
15,-0.749986031445675,0.3475613198380846
17,-0.1336178045555937,0.18291441200362316
18,-0.30744814804934223,0.05906861966695885
24,-0.5334788458447013,0.43798050847479575
30,0.19010825209452512,0.48444342141867014
36,-0.3680127117296286,-0.14392416021782697
42,0.124314420584288,-0.23729326076977933
45,-0.5217823048419616,-0.1808305699145056
20,0.07483567800232768,0.7146905940036774
31,0.3461162273689405,-0.17112926947875043
11,0.3221403041764274,0.17861665025638102
16,-0.6446102034981731,-0.050105447023580996
41,-0.40580699897148853,-0.5231190601329966
21,-0.1020954554374138,-0.889956069336691
37,-0.2441969265310566,-0.7121864872083629
10,0.4052186283521326,-0.3860651722685206
49,-0.05793400054130329,-0.5068783574430088
27,0.007970211882424364,0.43956283967807575
