input_data/irreg_block_graphs_0.75g_0.25ng/graph_sample_9 0.1401684284210205
0,-0.4186355212225011,0.11107829868231227
1,-0.7539597730971965,-0.050776996789605046
2,-0.8520183970525231,0.4203571511655369
4,0.26445117898170084,0.5750640455322825
5,-0.6044721433546741,0.425304175892813
7,-0.7481253283631379,0.1197679842558967
8,0.5254893880977017,-0.531823407852468
9,-0.2665383901556537,-0.7114019199022563
11,-0.5881884158388773,-0.3308198226224724
12,-0.10621898076752793,-0.9136023316542333
17,-0.3267927118327626,0.33465548586981614
19,0.0935893597211938,-0.32198987357616166
35,-0.510778227945562,-0.1291504238351369
31,-0.30504817233679515,0.6603844570385901
41,0.012083186023263165,0.20928424473551818
42,0.4910745998470096,0.5213882986922865
48,0.3360729116042672,0.7705931993344123
3,-0.14967146657659705,0.5197827134341215
16,-0.4500909494217624,-0.8894663368847481
18,0.5712407627719904,-0.3451361456434034
21,-0.788740784160428,-0.36883023968579565
33,-0.4514024212930734,0.518667101687042
26,-0.5432011780913869,0.711252453323345
30,0.4089421826151894,-0.01839511211934191
39,0.40336068939746456,-0.23727140837493607
43,0.12972851894818596,0.37844840245144024
20,-0.5802304945463824,0.08766598209996498
45,0.5939629007085083,0.16994112537692882
47,0.39448488566861756,0.17262730713681645
23,-0.024334417878137442,0.5989615781054012
25,-0.16892053735897894,-0.3175998832931075
37,0.8622396120283198,-0.19211608171848785
46,0.14689554710663427,0.052931476883128686
14,0.2577748046328415,-0.11617749451571634
28,-0.24077191572136653,-0.07404592211292456
13,-0.05612145801300738,-0.5232017230270816
34,-0.20786052098490884,0.22309648170996163
36,0.633167014210142,-0.025251276788194072
38,0.16586176496326116,0.760865022797863
6,0.35316926211519234,0.3123204371127478
10,-0.28187178506309374,-0.5276684396458661
40,0.8117510770354806,0.4441144990421823
24,-0.0542422931255266,-0.15498817664824527
22,0.26427703019285237,-0.43305293079766094
15,0.051971238540534426,-0.7287815016990843
27,0.6400169206936387,0.34964324165511473
44,1.0,0.09586311391046183
29,0.2049500642083899,-0.5577681992393044
32,-0.43408306258829654,-0.34032878633142294
49,0.29576444667779267,-0.7044138431683092
