0,0.9112548127227921,0.14899562390755863
1,0.01665895352626001,-0.1225215123410727
2,0.5466599807331265,0.08480741125623854
3,0.56417825408517,0.3644683549917679
4,0.4530374854630171,-0.8807141078116432
8,0.2694339241992079,-0.41814757291819354
16,0.47184636692145737,-0.2434517853188514
18,0.5195976247458886,0.6210086032780623
23,0.17077072569474816,0.7205233514013242
35,0.6013349095850471,-0.04431397150372121
24,0.05769304858144683,0.6334842957248336
28,0.2381362506434312,0.6035970289865786
30,0.1438897849474969,1.0
38,-0.3500030623336248,-0.21243433253481075
41,-0.13948934051273867,-0.5811732472309429
5,0.005710205590471556,0.04395948433437129
7,0.3292831007320193,-0.26235480382824355
9,-0.23773106926107784,-0.45592955690472065
11,-0.3623496958385039,-0.35502277504765706
15,0.15229545463125024,-0.5545493375741333
19,-0.3778255651010315,0.22587062337886046
22,-0.09189781413786581,-0.21001461072567465
25,0.1262057748484763,-0.26490916123365216
29,0.3989448701053612,0.4782366895528055
42,-0.4222044900408417,0.5221771852327702
43,-0.9241158639419866,-0.05194233909785462
45,-0.8212618229001725,0.5219726730521754
46,-0.7304657322553637,0.16152255713857544
47,-0.5456175022961443,0.0010596614923782377
10,0.8128997159915976,-0.31337843795097126
12,-0.11363545686496818,-0.8597221012806887
14,-0.16504762767216663,0.6474252580459207
27,-0.12553051089420378,0.12396979300757968
37,-0.18273564859494468,0.31000700213387483
44,-0.276680667584235,0.48052640782548267
21,0.16202261490608413,-0.6802987090253527
32,0.02666043482686804,0.38453348526892495
39,-0.7667117674536131,-0.2429521689544726
6,-0.34463293617203594,-0.7678293813392039
33,0.3014720704984272,-0.0011653643813262502
34,-0.5655458188683339,0.6749513714710138
48,-0.5288954434845939,0.280684932394068
13,0.4967854501311831,-0.6816333804418837
17,0.12142156235031924,0.19621594912399404
31,0.7185575233785956,-0.42328406581725814
20,0.6894570794310927,0.26532647224365563
36,-0.5100320183484607,-0.3535757358946577
26,0.3725473581689769,0.23801323711806047
40,-0.6135933785853801,-0.6498956309005766
49,-0.4827521042975234,-0.10212336230330174
