0,0.499308534733463,-0.24497098473021123
1,0.6679134547076518,-0.5759942022234122
2,-0.10622963111871685,-0.8503209367893425
3,0.435926800349516,0.5679621688075699
4,-0.5389405298730231,-0.7589623840668303
7,-0.8932716958685329,0.11518279167676092
15,0.44688011568687525,0.26385920010148456
16,0.7052633059508343,0.3498197735181682
19,0.40892174351304944,0.058271660117005
20,1.0,0.09097780504479559
33,0.1756222968766226,0.18882590448016734
24,0.2891170111778493,-0.6240653374037547
41,-0.29160449439135455,-0.36716181551256094
43,-0.37427768919183274,0.34626273065392177
47,-0.7114143523506585,0.08330652130294751
48,-0.6106287020638816,0.35407535045666055
49,-0.4337993315991277,0.03896101157016671
9,-0.12289374274789822,0.1824846657013363
23,0.5489272241246635,-0.6371945959383832
32,-0.12038857446128398,-0.5807232894138135
34,0.059002506528349846,-0.6952744329445292
25,0.7638134599541369,-0.3568094205823673
30,0.07565255412409672,0.0076319095223637565
44,-0.7442334868105789,-0.3052581203773377
5,0.15344869210809495,0.5521684890889433
11,-0.3637765596769793,-0.585878626362798
22,0.3718866806197534,-0.11061861112348632
37,-0.7527802796732718,-0.15164296515048098
38,-0.35055244489443677,-0.142110619954102
42,-0.14143988557727186,-0.0962009281274395
13,-0.4456544186293683,0.6344225175352041
18,0.32998616710142276,0.707236804615537
27,-0.07369778410004013,-0.2934826053938275
29,0.18147273904857258,-0.22968411284771442
39,0.04024819425239035,0.7898825822560381
46,-0.09534000555683403,0.3823439422193209
17,0.4580999391713489,-0.3567444956100552
35,0.7972486502541546,-0.1399831972399796
26,0.6208927245063021,-0.01369758348695038
31,0.1471630763567857,0.37635673927952024
36,-0.33025893914346377,0.7745177877512632
6,-0.5558469976478714,-0.11247035599888242
8,-0.6845962761143656,-0.5293805961805786
10,-0.21359999323506149,0.5674520658645638
28,0.16962185448234166,-0.4222643476597751
12,-0.5992271684995135,0.6015271739316748
14,0.6054008249192444,0.5107768352969873
40,-0.9321220457462477,0.36924448633123547
21,0.7978836720689798,0.17785196956840163
45,-0.2631271936448592,0.08949167842659336
