input_data/irreg_block_graphs_0.75g_0.25ng/graph_sample_13 0.13489794731140137
0,0.017738889393112214,-0.3895825359185123
1,-0.25684503670817754,-0.7696666012401042
2,-0.07671105095853878,0.14135879620040936
3,-0.5745981138836642,0.7347476356194925
4,0.5417378080775175,0.7010051701723949
5,0.050962584926251914,-0.2553603529897647
6,0.006979922938174633,0.372578403957484
10,0.058501385507225875,0.8421031715197477
11,-0.8798980749075928,0.3712130576994546
12,-0.5288269613244646,0.09321502500821198
15,-0.02370899867634888,-0.7862808458300714
19,0.18348266690494527,-0.744547538440959
22,0.326003890757312,-0.5249794287489877
24,-1.0,-0.11756128859672393
36,0.9309047333245937,-0.1264281304323937
42,0.194639099787491,0.259160004487543
44,-0.38693906368539294,0.5518919181477383
49,0.6203734076113421,0.45467425789371196
9,-0.2978666804975796,0.035570635994107945
13,-0.74873482245855,-0.3432085634447282
21,0.5194437396328493,-0.46647407374007954
33,-0.46090294240166757,-0.07297593396673716
34,-0.44776523114886385,-0.4483771083730443
35,-0.7683877224435048,-0.15418808160469458
29,-0.41176507267932466,0.20763544714742382
31,-0.6215052397347651,0.4166547289871295
8,-0.3087007063699354,0.3645998432436114
14,0.9702807771586459,0.1933445809271093
18,0.4924395227019904,-0.06024211182924281
20,0.25847781146014753,-0.22514373425637565
23,0.6290887996883388,0.24021868677041042
32,-0.7787106780719427,0.08383975892633733
26,-0.14474047091866382,0.41820314231332656
27,-0.41020684259739026,-0.25810299782272744
39,0.38057474639915684,0.2675375353362389
40,0.15002575695228218,0.6805629671407514
16,0.7592104441332134,-0.40706760351552757
46,0.3324061111836255,0.07117441011067131
48,-0.07448689921121891,0.623157026208434
7,0.3519514599522141,0.5403129431286487
17,0.5260233260162641,-0.813798880061512
28,-0.6344040078642742,-0.6801635836610552
38,0.34398792315695403,0.7730455184795444
45,0.07547506452544611,-0.016169729145713883
47,0.41349744624365736,-0.22643960491850731
37,-0.14262445237838,-0.20630397021425007
41,0.767191123600118,0.0903450457434899
25,-0.22853723799448616,-0.502025979781925
43,0.685493492913724,-0.09558653277381757
30,-0.380025628031867,-0.8374744998559895
