0,-0.024153646125269625,-0.6630222026312791
1,-0.0917405354137028,-1.0
2,-0.23561286553518454,-0.7079664243179346
3,-0.44261711500066764,-0.7781829097158677
5,-0.08278671691068311,-0.1335299206956138
12,-0.6135130821642575,-0.5484814488206959
13,-0.07690598860366181,0.0881828076884515
16,0.10897121189881787,0.7717239166336584
18,0.4162097746537338,0.74724314119498
21,0.3666308928643656,-0.41696288240577967
35,-0.3621808396025826,-0.41639986677590846
26,-0.44223011902017006,0.6716589880141662
29,-0.13688428203166378,-0.36144654381151303
30,-0.7301757588471349,-0.3035735786148742
31,-0.6008897610813527,-0.15562721985888892
36,0.7361434145799713,-0.6101739460260939
45,0.832647857416034,-0.3516619298494612
47,0.35731205807161537,-0.20927857210685827
4,0.6275636241702777,-0.4431119351967952
8,-0.6992690705840062,-0.008392309670762156
37,0.21652663932351973,-0.08338055618203304
48,0.38051294990823004,-0.6580630744992145
9,-0.9275166442887852,-0.19897731632226048
10,0.5122826857485728,0.2117412254474811
17,0.08111695691130662,0.337388819571309
33,-0.6473283522444778,0.27939809897525036
28,-0.8776145245236694,0.151814100471974
43,0.5871465218440394,-0.13840068343006348
44,0.8564232101229897,0.17993574847440966
11,-0.7889166100551052,0.5122354575694531
25,0.0220184317794999,0.5634971233522823
46,0.2910711717837919,-0.842328323737418
14,0.42429519074016797,0.5650425383062067
24,-0.22093299640013944,0.5492367924990095
40,0.757346545491673,0.5504811858084171
7,-0.18850741203626378,0.7617625156412748
20,-0.280847855353349,-0.007784769195872586
22,-0.4188437168424968,0.4506612983760354
23,0.27855939592269424,0.29484899152037647
27,-0.3353879514025216,-0.17966009752634515
49,0.15182322966358516,-0.4706206350892703
6,0.06907590508687773,-0.21634379824280298
41,0.8594737359212696,-0.048184063573736204
15,-0.14140456154801764,0.24463136304302083
38,0.4458999567669573,0.39405142644301355
39,0.3137679622483624,0.11757647808715958
34,-0.22890725846602727,0.3484278548525642
19,-0.021232942262557113,0.991536819686586
32,-0.5990463313716979,0.1320860598338319
42,0.5226276147970914,0.03639225680641602
