0,0.5388020856783678,-0.3524498303099117
1,-0.07898347040794206,0.3453539762616036
2,0.01578624931283071,0.5733059298449404
3,-0.4700840629348363,-0.42881772866789
5,-0.704485367919122,0.22708949795441105
6,-0.34599717897380056,-0.8018206007053487
11,0.1267163999739047,-0.7152126074842825
12,0.39673231492162403,-0.7613786407795801
16,-0.41667922915182365,0.40503207186769613
23,-0.12500349613709966,0.5417117816337051
32,0.8434038451709687,0.21461482972720483
35,0.2258906593426951,0.7827146754472032
27,0.7266021544672973,-0.0435541437046152
37,0.32582242248498444,0.2324469473056312
38,-0.3413420288911896,-0.235740586721161
41,0.18194425617726434,-0.18126520895400952
43,0.49317638341116565,0.4148702772816803
46,-0.05462393441950492,-0.2630756248998049
48,0.07052620301982333,-0.4322776972345709
49,0.3134927636194114,0.415046904874316
4,-1.0,0.07142293770353621
7,0.21967593516942285,-0.3854687713587467
9,-0.49287375152086593,-0.6084477092879039
19,0.5799025718716614,0.19239184300480613
34,-0.2722902110228859,0.23775844179215902
25,0.10763603914054005,0.44934742791922
26,0.480746468903759,0.03768231043005014
42,0.7326028575413042,-0.29674145146580744
10,-0.06030173485323181,-0.7992623852662735
13,-0.6768018203101085,-0.47546219914492294
15,-0.27576846873710353,0.8015095977166136
20,0.3321520802446508,0.6851318224092877
24,0.1252760576340289,0.15644597546278355
44,-0.18332876172480908,-0.38653639014148594
45,0.25172884860520867,-0.015226970487812685
47,-0.05442446463583026,0.14665530796128304
14,-0.5765375208760831,0.39344465658989064
18,-0.6331677888236618,-0.12559557012511144
22,-0.8581984499361833,-0.17893307194449412
33,0.5566585848172368,-0.554870624526837
31,-0.1724079534254237,-0.012189388677884586
30,-0.3095751517889609,0.572480732588257
36,-0.05714486731296114,-0.09475997018789066
21,-0.6562720268626592,0.5807854065813799
28,-0.3709427630239721,0.054079846057192044
8,0.03179191803846358,-0.6130316243921021
29,0.4276082850873444,-0.19267532855094335
40,0.9963042125260352,-0.044001246210655334
17,-0.5774041022087518,0.0992935860611382
39,0.663659008738822,0.3681785867540445
