0,0.15259164872208741,-0.72060912242868
2,0.41570707935229984,0.07115490219132696
3,-0.0726566079034067,-0.33526484171179194
4,-0.744728198951672,-0.10061048397869668
5,0.2825785914510879,-0.22931438740986118
8,0.39809007418178893,-0.14433661901283365
10,0.2500250618027288,-0.007841803315301678
12,-0.13573972822771568,-0.43882620620298235
29,-0.416453785506726,0.39263280041052084
44,0.5844873877393907,-0.38838007870676106
46,-0.2167059380460609,-0.75684782289347
49,0.4279532107209936,-0.31203513563324886
1,-0.3160371626652434,0.6578575312901087
9,0.307124551302336,0.20648558895610644
11,0.16548204962911053,0.42601048828443705
13,0.7771764004041258,-0.0579729503697103
14,-0.608801621381674,0.0453435312363058
16,-0.43253484660473696,0.2426974142709737
18,-0.7377978424525727,0.2714199542902745
21,-0.18193821936455412,0.056334891649016124
33,0.09116074554510892,0.6245119043500286
34,0.14689913633434673,0.2694314343645861
26,-0.22317591974075116,0.35536054399333744
39,0.0838268504707198,-0.178155858444603
42,-0.11646872059951341,-0.055736210003846307
6,0.022485338216405602,-0.6572479003946646
15,-0.3314822330433007,0.11834307959882813
19,0.08780378937156391,0.061776482021353024
20,0.19138476212766237,0.576211622709716
23,-0.509949542527944,-0.23424037155497057
28,-0.09534037901198793,0.7328674989191747
31,-0.17949783668701255,0.49800809638212545
37,0.14089530321777394,-0.4470217838156555
40,0.43493865067151427,-0.5945587877182156
43,0.35293916291827165,-0.7981688927629818
7,-0.40022452120950536,-0.06650683474257968
25,-0.26353489656942664,-0.16328256505466504
36,-0.39125867594396685,-0.4955383205700357
47,-0.24953806044414661,-0.3481766180886728
24,-0.03641283245419626,0.44566370821977097
35,0.5803806500185592,0.25428186581615025
22,-0.04552895084973173,0.19296664411810338
32,0.4126741653636627,0.41617603785065294
38,0.2804201757577515,-0.43247743199875954
45,-0.5606688449973277,-0.4406655349655703
17,-0.6191707078508832,0.5959521000539948
48,0.5382269546243635,-0.07225468040568855
27,0.250061536100861,0.9999999999999999
30,0.6432294667969856,0.5823371489956187
41,-0.13289666980744044,-0.6177540277882626
