0,-0.5788153737473153,-0.5722465487477438
1,0.06021025409170013,0.4611700105605775
2,-0.5394719951752384,-0.346975785060164
3,-0.8674295395120091,-0.003998627376009161
5,-0.35662596482198855,0.4845571963101987
6,-0.3322547321988678,0.145685015358482
14,-0.18209017214749276,-0.5345933322908087
16,-0.19191129155033929,0.5820383437593271
19,-0.00666868701923999,-0.5843184610820986
25,-0.39846292229534447,-0.41319159174438386
27,0.23203870516779632,0.2101383464393499
28,0.14349392394114044,-0.4421071791739487
31,-0.4301474403874706,-0.14657961770601952
41,-0.002574398613051857,0.007883544677439824
42,0.19641870458716232,0.019198907944790043
45,0.22378561371871447,-0.33502983683460813
49,0.4995446589891443,-0.6771807578405477
4,0.35828099171133887,-0.5336409093896066
11,-0.2893289705374122,-0.2553717326482634
12,-0.33613501914931165,0.874263182067205
15,-0.5907091313717994,0.3858858889236046
22,-0.126898919240859,-0.7383462787398848
23,-0.39682132206322207,-0.6747457497097046
30,0.235704881772777,0.7323945792204756
37,0.23811787890421757,0.43030820799128583
38,0.3921005235478156,-0.2996273847136069
40,0.7168020254068818,0.3075935554690265
43,0.5644071188652852,0.2523245854270713
7,-0.3231319424585237,0.3318766665671689
10,-0.6562097255661824,0.02712773676120392
18,-0.10514555783942017,-0.14167876787098888
21,-0.7038462407304676,-0.24188204587374176
24,-0.021899422984535812,-0.33076624199962756
46,0.49129056401685933,0.45806315067671177
48,0.8544206271213183,-0.35435021963846525
17,-0.43929776613572175,-0.021484959485363334
33,0.40650332155552504,0.3376534071239562
26,-0.12041598607614229,0.14623577165121804
39,0.37891126556311505,0.07850707771176083
44,0.9999999999999999,-0.01967750089763018
8,-0.07846730592560153,0.8377548306158272
20,-0.5681504795778803,0.21834177745938085
9,-0.7895751923835519,0.4927762167034018
29,0.11238414974865965,-0.17118452236246573
36,0.6314248856617434,-0.45555021585011574
34,-0.087760022951252,0.4062208698094305
13,0.016685302120378137,0.2838815826857776
32,0.5280145961070067,0.001184232024472295
47,0.5098630223250049,-0.16672245087023413
35,0.729842507536651,-0.05181396603312636
