0,-0.7154923082659709,0.6616781255066759
2,0.42163593605879096,0.2825165355790704
3,-0.17058694895816706,0.8837721489552056
4,-0.8562216949634641,0.07926429423858654
8,0.14528511105321867,-0.18696318475962884
10,-0.617436978379959,-0.08499182765135602
13,-0.383051013845807,0.3946753828508142
15,-0.5360460741591161,0.506287751283978
16,0.6035781040019719,0.3085438468497797
18,-0.49102731931220833,0.06253211670954613
23,-0.21756866408990366,-0.7072533399779817
25,0.19093444205101986,0.6976156941533642
27,0.43217051267591233,-0.24181420267356596
28,-0.5091355706398929,0.9064286513808447
29,-0.4097165947531185,-0.4086160342090281
32,-0.26931912412951053,-0.08161512411367118
34,-0.1894532445379967,0.21574259296479054
39,0.21606723261227945,0.2811217358409111
31,0.7467905509809931,0.507788907507023
42,-0.1161680579566241,-0.4437004719957669
43,-0.5765369350320008,-0.34408341933554365
45,0.061558237420769775,0.4160064444114343
47,0.5947218654502118,0.07554698061091686
48,-0.8231963506385926,-0.21405608215957939
1,0.3732303388654723,-0.4443140619221462
6,0.15467717127350333,-0.36216066039730294
11,0.20504526850316168,-0.8661305923523994
20,0.7185059119599383,-0.5549940626565382
21,-0.11645303700978957,-1.0
22,0.5616395790554216,-0.7907746330274772
24,0.08436277100893934,-0.5817076073277117
26,0.370923356620779,0.4235721962283668
33,-0.2268543188355263,0.5467598484088102
35,0.8005450334110472,-0.09110381889190876
36,0.8440117464618011,0.14687407397394545
37,-0.12035495417746866,0.4680973774177098
44,-0.5677532926145719,-0.6908329012801818
46,-0.15388737653218784,-0.23755670222173234
17,-0.9026484788907572,0.3923392233041892
19,0.4208924268742644,0.5879357655188719
30,0.01723414996899903,0.028797117091920926
5,0.541774874705092,0.705864876461881
14,-0.5375804642304111,0.24902528624851175
38,-0.7915650003007269,-0.44072305087297936
40,-0.0009912559212738499,0.7727445755396549
9,0.8001066021453282,-0.38249483631999526
41,0.3771226747989382,-0.7217869248722922
49,0.30813574634524943,0.022925680114424002
7,-0.3206039723704846,-0.5894902877025342
12,0.6286993862424222,-0.15729340242990067
