0,0.23361436858404505,0.6644546202879581
1,-0.2121339676137586,0.6007916328457554
6,0.055710026287896966,0.2487503726921404
9,-0.6177762852691463,0.08823950020861389
11,-0.7900151532238547,0.18675467670628146
12,0.7419578778919056,0.2441846704190229
13,-0.6367461985277211,-0.3454840661075371
14,-0.14425732412372175,0.02558417089382695
16,-0.9164729920002935,0.45249133421904647
18,-0.5624978208364337,0.7075667071666182
20,0.9663015893802122,0.06326689494095744
21,-0.6046514651963433,-0.7836968365417292
23,0.317160476656177,-0.9424528529643769
24,-0.0970467826582753,-0.45629086580935674
28,0.8369665802465018,-0.4303417844940699
34,0.8795666614448159,0.5730677603491026
39,-0.0942056645176667,0.7540922306888488
30,-0.34587825995313254,-0.45646026438047055
31,0.2954462302678884,0.22766523659869933
40,0.5310641470041632,-0.6364526362971663
42,-0.18754715775197597,-0.7218117445107499
43,-0.418950852804126,0.2934744759705214
45,0.47608876772651126,0.3290333381577055
46,0.2827653319610561,-0.6808375261945137
3,-0.8711982170534656,-0.05959506870618132
4,-0.04212999001006853,-0.2271767584565358
5,0.6971406022105994,-0.026504968290470377
8,-0.7267499570774024,-0.5862232693514037
22,0.4080420077881513,-0.14668865279784946
25,0.036794127627943346,0.871728370620906
29,0.15804079516904826,-0.024348468252729818
32,0.5807736547841393,0.7159093078968595
44,0.06431207938650803,0.5112908208928394
47,0.4027191459517821,-0.491695598268017
49,0.1582525957419735,-0.39380305571718677
2,-0.6984322918619097,-0.15608321031150368
15,0.34972316647995505,0.8940978883954077
19,-0.3013277625530818,0.4849711784083733
33,-0.6461635423473853,0.38574920144357944
36,-0.25057141545390854,0.23873995531718226
37,-0.00729166649667198,-1.0
41,-0.4314160261175588,-0.23690124052094647
48,0.010482197149656496,-0.6836492279123618
7,-0.3793222134437836,0.8588989109164377
27,-0.3047693490191548,-0.15683011570936556
35,0.5693131183373068,-0.3394451356513716
38,-0.31340180534666384,-0.8079124262824846
26,0.6901903449043334,-0.19949065619290338
17,0.39107616863422506,0.4684395452464916
10,0.46745209964070944,0.10093362843811729
