0,-0.9899518425145282,-0.11192294429491133
1,-0.6248996916377272,-0.1692263067202395
6,-0.22322678679924063,-0.8318464161972394
7,0.03773666765334214,0.7955357611904859
8,-0.21185530377906733,0.44256863665305857
10,0.36317459962645326,0.727324605762474
12,0.125343850555481,0.41890982767028334
15,0.03114750210605698,-0.3334209250833832
18,0.4442517615437701,-0.7021888384140205
20,-0.7767515734244406,-0.6258477443881874
24,-0.4582313203847985,-0.7381320510598012
26,-0.21066278397847585,-0.024666485971985026
27,-0.10177362845297974,0.5897373449804214
28,-0.33417835366290716,0.27162812549098186
32,0.23767604855678087,0.2436343789596964
33,0.6269608061604187,-0.39638828692706585
35,0.18078467906047097,0.8076352118528624
39,0.08560636447262943,-0.09529871821853327
40,-0.5831467288464575,-0.34926793541066814
41,-0.5076128376637052,0.4498262460218713
46,-0.08562884334830906,-0.6104441542846445
47,-0.16632757702973813,0.8249164691626266
2,-0.4857768988121389,-0.1032382652085367
4,0.5439492413959893,0.6560617242227128
5,-0.5183247197648418,-0.47774421223237684
11,0.8612859285084151,-0.09589486881671888
14,-0.2957578065850861,-0.5227074053371825
16,0.5032319987640775,0.043010273328759986
17,0.3204905625570686,-0.25068724676483306
19,-0.2736628196393501,-0.24821801309738084
22,-0.6774582424501996,0.6425692451239334
23,0.27450317248766093,-0.019541181852305876
25,0.5315841617725606,-0.5519818014159226
34,0.767639087905096,-0.31009361778908223
37,0.23661251853248882,0.5428578377406301
38,1.0,0.09553910680433263
42,-0.41743510689835184,0.8058863630025357
43,0.5543649859630041,0.33312031242812296
44,0.36640164779573065,-0.8883626719536993
45,-0.846342012558467,0.2727099288406096
49,-0.6865685619871696,0.380064045242626
9,0.27451653119914166,-0.5395428502262039
13,0.041355817574955316,-0.8936989004938012
36,-0.8406083034416628,0.10841543578535369
31,-0.44304154014621694,0.09287645635143046
3,0.7311629667870381,0.5465718817407252
29,0.7336888163958486,-0.03729184139828046
30,0.10104932496583675,-0.5668553073670247
21,-0.003942411834807408,0.14653039326780534
48,0.7886466533003355,0.25657937929971364
