0,-0.19583400267914658,0.056840114752936405
4,0.5756721722533245,-0.20942145782173513
5,0.7214076843303506,-0.10247034505539013
6,-0.29031673347529313,-0.6400876938841125
8,-0.19443575870206856,-0.4834690869205355
13,0.07441091504106223,-0.2903396450254495
16,0.045868892963484675,-0.5660437509199306
20,0.6042367032370749,-0.465188145247235
21,-0.6240153913634822,-0.29198834433570625
22,-0.9651340074037691,0.035670390788160894
23,-0.642066569963623,0.6539460400636776
24,-0.5601114394480997,-0.49372491081718906
26,0.19591000811141793,0.9227321366740028
28,0.10030192958002457,0.3543355807410902
29,-0.13837283514121512,-0.9720254096830736
35,-0.2270856081012972,1.0
36,-0.1347559784879785,0.6734196834010717
37,0.4845656105984192,0.5393401272747312
30,0.6402949871903962,0.6738228297693812
31,-0.8884382782704346,-0.27817817662722727
40,0.359838373175922,0.33886547434178244
42,-0.36497064256196055,0.5318505699147296
44,0.2857523182557165,-0.3748502042360205
45,-0.610635474001717,-0.00010247724737778846
47,0.7667047165288022,-0.5654772145539712
48,0.8953046230042548,-0.287490877289792
49,-0.8111026882917127,0.3492338665479504
1,0.1537264487633016,-0.9754871553087708
7,-0.26933596718316727,-0.2533742089499351
9,-0.7521154025125344,0.12417763384363512
11,0.4814440884307773,-0.5929927864291232
12,0.11685951175706397,-0.7851542979587426
15,-0.14428594528591807,0.3522933533425372
19,-0.7764960931154057,-0.6476369702966998
27,0.3253863044612848,-0.7684309930128126
33,0.20468772471710292,0.1275421091627481
34,0.365424275349433,-0.049643057356018566
43,0.6467553580011556,0.364336729025371
2,-0.5385078970911087,0.4192509683247658
17,0.8884213115169017,0.41437909185565575
18,0.5771180525158469,0.134805525138172
25,0.09554012966588277,0.6198761138406971
32,-0.019997126008127836,-0.11259295224486068
39,0.9070853451820139,0.12126517808522526
41,-0.4275099863805449,0.16178779489295458
46,-0.3807896258490773,0.8051121306372897
3,-0.46693831036625677,-0.17506639573563798
10,-0.08604886939375721,0.8270165083144795
14,-0.3335896433463269,-0.860240181734438
38,0.330172789793006,0.6395767879587331
