0,-0.08899079341558556,0.4117585006701757
1,-0.47838929889576937,-0.30052520307463915
3,0.004158777449332112,-0.06048919848169086
4,-0.8315580108669419,0.45634437596632216
5,0.6999721596296855,-0.24248430279728503
7,-0.4232879048108574,0.5196774311234671
8,0.26358859746001123,0.39759449758444143
10,-0.7522630624593203,-0.6033653418146627
13,0.5406903254690566,-0.6793216110608539
14,-0.40875072861356976,-0.6134856489601147
15,0.5157778079978611,0.15766159484440137
16,0.15129289047191852,0.11094495965065605
18,-0.09677407502544631,0.21411372751123783
20,-0.7860444819342175,-0.3123236940210689
25,0.29146980084876933,-0.8313077754514742
28,-0.49719239029049017,0.08410644110571282
32,0.12237861002360306,0.5571943844746245
33,0.3849418843343264,0.6839259649021258
35,0.7494023324469563,-0.5077493105320191
38,-0.0433712789759711,0.8449433925038602
42,-0.3233164719298494,-0.2265424644548566
43,0.1445795575325997,0.7668311376385525
44,0.45772756056203256,-0.45972457501885317
46,0.09476435511373016,-0.9899486657547191
48,0.2793753870969173,-0.532554619026848
49,-0.3182966150495348,-0.752008666241353
2,-0.6025925983347789,0.32260710309658946
6,-0.18752845691575531,0.6859103325747268
17,-0.5321213193678223,-0.5449529371360101
23,-0.12051455124884695,-0.6225062533771052
26,0.5338530982314664,-0.2577492182213077
29,-0.8984064637786187,-0.10282669558522911
34,0.4893486921934084,0.327233914186332
36,0.8716672517899147,0.19745292903173692
37,-0.10504322908658428,-0.2695073321508643
39,-0.2737826138101854,0.07524053315878104
31,-0.6341295109367465,0.7438491481377137
45,0.8207256271641887,0.4101649791434209
9,0.5463109081801775,0.9002317506219496
19,-0.11955566865809675,-0.8639797224926805
21,0.33007805221431863,-0.019909776376061956
22,0.20319153838693219,-0.27765092114769785
24,-0.6398971421178105,-0.004722867266549545
30,-0.9038047505917276,0.12090568570374569
40,-0.3250438833826292,0.3305463449207052
11,-0.3320946826681672,0.8471349618349769
12,1.0,-0.00890959315759601
47,0.05484452973111085,-0.6144935432464704
27,0.6409074776205449,-0.00351301814995102
41,0.5317027612164679,0.5361788646116824
