0,-0.6313933436887222,0.05562479253375813
1,0.30180474016442804,-0.1305267217273807
3,-0.6145889612579747,-0.3577991017311232
4,-0.5980321886248873,0.4566920682999093
10,0.04446515430353776,-0.7948250373709461
11,-0.37086306195009877,0.3842690294896092
12,-0.24674352380155307,0.598673742003285
14,-0.07708827562668458,0.6690317907895256
15,-0.20724633276426221,-0.39368339945318676
16,0.416495028558801,-0.8053009944027743
17,-0.8467563402580776,-0.26941043167102147
18,-0.3293639398279731,0.09396796121816309
22,0.05033417824269489,0.49244350588707914
23,-0.21545208221704149,1.0
24,-0.45274195185403954,0.7164124144914276
28,-0.751074401115926,-0.5180949391729727
29,-0.7375004420505455,0.6499804073735101
32,0.3204058798012368,0.8448633309675498
34,-0.8399414254092855,-0.06860857251342578
35,0.7092618541734894,0.46688653046108863
36,-0.4350195044388786,-0.4584521434027886
38,-0.059399280756104796,0.08694505098760548
30,0.7035573242630663,-0.37930140548533114
40,-0.47375614090157486,-0.12603374850580737
42,-0.14522249438115475,-0.7514764766917629
43,0.5526130206370251,0.13490910812438925
44,0.23383443381995933,0.5208378873486105
46,0.5997717403423241,-0.6484902035038671
47,-0.735627839262128,0.2906293292883051
5,-0.8897523987721372,0.13571019128735493
13,0.2688538514105265,-0.9652502582413367
19,0.3449417730622501,0.08297440507047732
20,0.19682513793134876,0.22083955521171073
25,0.11067970898728617,0.8064752516038821
33,0.9095464456000862,0.2219050147137554
37,0.259789055266672,-0.3172866805731559
39,0.5075841259045707,-0.41650737430222157
31,0.03260227714962913,-0.14843625391713294
48,0.698845127367557,-0.13009162851528588
2,0.4666925698936093,0.35736224135535
6,0.6580286616571096,0.7221906446601147
7,-0.4668692567206144,-0.692885991471158
9,0.8481739068640096,-0.3119826998841787
21,0.22344156016997865,-0.5552809428270122
45,0.9057495050950717,-0.027893791653484937
49,-0.034000905213976765,-0.5298149757450165
26,0.4627700493723658,0.5692867161232831
27,-0.1585706856507916,0.3069238541063832
41,-0.31299662943138473,-0.934308944417122
8,-0.19706570406283055,-0.15409210621664782
