0,-0.7580551107087761,0.14978759919750312
2,0.11304700451249337,0.7694092760059875
5,0.6367670564554768,-0.10689435703977523
7,-0.1100175898088343,-0.9235646078505837
9,-0.2670742894680467,0.7695009230637379
10,-0.282217672651274,-0.24479804944084668
12,-0.6983796327802805,-0.21680176415619382
14,-0.6082867788731232,-0.0009352116389034256
16,0.2907807045097008,-0.6552962722049638
21,-0.49296843950077485,-0.23136430168464414
24,-0.6447262268702706,0.6038594670162748
29,0.18288892008114677,0.3022584129555415
32,0.15737630627097882,-0.83983438952782
34,-0.45116651301518257,-0.014889962466897003
36,-0.7199213012700034,-0.4151659627270104
37,0.15976192570057735,0.09212034124216747
38,0.42317718236583707,0.5416127916463266
42,0.7791288799320956,0.14810945109877924
44,0.606734984131639,-0.6990315245188647
46,0.0828175018401863,-0.10265857636924801
47,-0.5154225951563839,0.19184212390258548
49,0.38574408468104715,0.7423086666977691
1,0.5301236940932272,-0.4827493279837663
3,0.9074645086654177,-0.21746162895446325
4,-0.1922331704522986,0.29148857009077983
8,0.2569310768176131,0.9999999999999999
11,0.803615160153562,0.3540081083199764
13,-0.09784487791619416,-0.436837530241319
15,-0.0061144883961482335,0.5191163093099943
19,0.6733706210112537,-0.322471772651747
20,-0.28608664502318953,-0.6955833797828366
22,-0.6627365998895184,-0.8882302882388253
23,0.6418081077845706,0.5954254191283105
26,-0.47866297157158594,0.35527686902480476
27,-0.09937804867006803,0.12133460687097117
28,-0.22055646149178304,-0.5722559383357894
33,0.6031112205415384,0.30873775113864843
35,-0.4597468641868739,0.6688996178245854
30,0.09787465590956884,-0.2937258747291057
31,0.32626208537904616,-0.24101646465403237
40,-0.45074621313729,-0.45032494424810937
45,0.3332707802317737,-0.44400834154331253
17,0.22321496738343033,0.5639480452854811
18,0.37770279376330784,0.028157937952601714
39,-0.8935042129239874,0.32061888822256807
41,-0.2815947565354664,0.568583985209203
43,-0.06401263940464952,0.8074765732980455
6,0.5230301784086155,0.0882243667921565
25,-0.4607663997529487,-0.7890396489152386
48,0.08621609883083246,-0.617165981390512
