0,0.6002325314654461,0.3957310350010574
2,-0.43886075166277483,0.521298189966413
3,0.917501444515104,-0.0250169363372586
9,0.43363521138133804,0.2719916130016042
10,0.1929692555471259,-0.28458100991751484
12,0.2951962826659494,0.7238323828799532
13,0.3085387790494838,0.5572934798943329
16,-0.25346538155343606,-0.08028591878104847
17,0.8228335580751134,-0.48646477273447164
18,0.6528098444890157,0.08706501421045484
21,-0.4349528408413405,-0.2795469537209635
22,0.46560409264163205,-0.007173207878119571
23,-0.14020759545701691,0.8542779038753591
24,-0.2086674686178212,0.35696098070801063
25,-0.3073499355643338,-0.5254770261100189
26,0.05276353907086915,-0.55486488419142
32,-0.14327574385310596,-0.8684540479168997
33,-0.5272723024361688,0.02824320864417744
34,-0.7836490471788846,0.28440619496122677
35,0.08967057302115689,0.8452087801483434
36,0.11378897472201674,0.3419036714597252
37,-0.6906283914578,-0.3054611234638728
31,-0.10836760666020179,-0.44095231916174255
40,0.4838673403864655,-0.45089352970530977
43,0.059682446147183855,-0.7603411962646662
44,0.22061951138450733,0.10684945455970338
45,-0.3796440503106848,0.31868439344690547
47,-0.3397936655245665,0.7461048393027584
49,-0.12968650619167826,0.12122969852779568
1,-1.0,-0.07288879736886178
8,-0.12369270451206815,-0.2319763181482278
14,-0.08797250952670758,0.6726673729060033
20,0.6324813159767394,-0.31001533200008935
28,-0.6206552346718853,0.3595382770647909
42,0.0377581985779042,-0.050048013036888835
46,0.6869550887253373,0.6011378521790713
48,-0.7535217455735947,-0.09325570350952446
4,-0.6696728613265899,0.10569406365781145
5,0.2631466412109586,-0.682249265664213
6,-0.3624062305160579,-0.8043324219531793
7,-0.5509426960591495,-0.5761245571129685
11,-0.6704979051722258,0.6071709976095214
19,0.6741694752318008,-0.12331930750739203
27,-0.025653261409754494,0.472190814069222
29,0.326730680717025,-0.8607878101367871
38,0.8155433889183982,0.2599197288516353
39,0.3625846659930308,-0.2754950294573031
30,0.5240937544562477,-0.6486399349794445
41,0.5007266773795704,0.6255445085488922
15,-0.7830668356715549,-0.46629903841658654
