0,-0.35149664273879827,-0.3884984770784974
1,0.18089675527557664,0.493736427306823
2,-0.6195661000532137,0.5484447394535787
3,0.5271646029016431,0.1290444188584123
4,0.3980276960672616,0.3380936552060275
5,-0.6951099275873956,0.39205187859138085
8,-0.13489882710906867,-0.2987621776088752
9,0.45165362619274074,-0.41702459848294526
10,0.43690159267972545,0.5250315079200969
13,0.6298906605780928,-0.2449543953710915
15,-0.18893004475762526,0.7290557730679534
16,-0.3595573441568919,-0.13804236459104371
17,0.3330303406589251,-0.666990835656529
18,0.15947237257382796,-0.2555696086738844
21,0.8385443823571691,0.25041549213933806
22,0.1421340258163668,0.15132380733521858
23,-0.011132731945865545,0.5816273332273738
24,-0.6670027309577564,-0.7220017185577352
26,0.021104389585682486,0.28285791157203805
27,-0.41459093702604677,0.08283142520967905
29,0.6222584834590562,0.56087867757597
33,-0.18059890875279008,0.09576582058912272
36,0.07106244789781396,-0.7843877769198146
37,0.120053076249902,-0.5017935147938725
39,0.7144243401467351,-0.09137574614227004
30,-0.6425884391838346,-0.1014103810179147
43,0.2687569518111718,-0.14970852882208707
44,-0.7227972228577566,-0.3401140021235024
45,-0.08299730233150299,-0.507607982333577
46,0.43778151107283153,0.7825946852219303
48,-0.563679915742888,-0.43855826160464606
49,0.36424835728166266,-0.8369428766031066
6,-0.18249010248428907,0.43286905936930503
12,0.2041406715754217,0.82936850672145
14,-0.17968340411863679,-0.6594946567513449
19,-0.01759791783336634,0.925663591152106
28,-0.9483557970959192,-0.21967261627377374
32,-0.3961022994767636,0.8277394339469357
34,-0.057094818438157946,-0.9483993619248563
38,0.36880316813778435,0.010352216688816631
40,0.6853163468587293,0.2901675084561008
41,1.0,-0.024068893268986244
47,-0.7384916256523921,0.22546530814747642
11,-0.4235659615492716,0.3507684200166383
25,0.6064139065383829,-0.567654942334195
35,-0.4230025575146486,0.5437744497897566
7,-0.07969872854542054,-0.11274719940343511
20,-0.4247064701847519,-0.6943913456126213
31,0.7422254568539937,-0.3619000981870763
42,-0.8185684044754471,0.0921503125741358
