0,-0.005217969311153928,0.2290179865633009
1,0.6998787644720971,0.06949379881811713
2,-0.8699209179888077,-0.17646909658437726
3,0.2193814366134044,0.6779287214603412
4,0.230577801948872,-0.2169040392091587
5,-0.8282919320446595,-0.3769774994379818
8,-0.4951932983805505,0.682941871990148
9,0.24308484010337164,-0.7353068091771449
10,-0.46664721174842794,-0.11616766274901658
14,-0.31381934324812694,-0.21083498500774878
15,0.9397413472552307,-0.38599507793676613
16,-0.07724714076956071,-0.6540432623523051
17,-0.6841914496439115,-0.738125547655123
20,-0.2758424882700091,0.8991715790196733
23,-0.5962899671885258,0.2822791196019908
24,-0.19734261199865513,0.3938141307758431
28,0.5082639788987712,0.5757580105714157
29,0.13635591879653183,-0.4452094029417651
38,-0.032673535401963556,0.8545573261881313
39,0.07743166614547922,-0.8219315811522228
40,-0.3063834634106258,0.10502488931858102
41,-0.2791173723555777,0.567675141665527
42,-0.18481122604865824,-0.480542773088049
43,0.4830916776623966,-0.2775762353703682
44,0.36272360844566814,-0.5109558897888957
45,0.7126630644497628,0.4710167934722281
46,0.5870209338911334,-0.6287904469680403
47,-0.49625441263089504,0.42744003392395796
6,0.8564736985440007,0.2076849276625998
7,0.15922173933705092,1.0
12,0.704409499649974,-0.44747344816315177
18,0.4648592611325562,0.820275169428573
22,-0.3864861570152797,-0.7903963310396142
25,0.7238667620801915,0.3019646315305762
26,-0.7389969354915329,0.6646407461065541
27,0.9092805637459608,-0.05142668434705761
32,0.38336971891190125,0.44651777539132526
33,0.04839223976670267,0.4815460533687385
37,0.5554821272971873,-0.09847276003399352
48,-0.03136257194709308,-0.023918790074877006
11,0.2975648771994274,0.1035762093846214
13,-0.8579283080023999,0.362875133837422
19,-0.8975265736914185,0.031825585286373206
21,0.22020148265967746,0.2845929133085149
34,-0.4689495680755091,-0.42544139786062374
35,0.4361314197339876,-0.6824190878787756
36,-0.6663526865140833,-0.48315479421536117
49,-0.06731579951983295,-0.2263905895592765
30,-0.6775590806253918,0.030845124670318542
31,-0.0577464074186876,-0.9675394807531454
