0,0.35107220305508213,0.4943771967822859
1,0.4221594704409217,-0.5204516137755091
2,0.7282666662734056,-0.04659580817531305
3,-0.0662362330510913,0.04403805446624838
4,-0.24979913915172008,-0.9202802936362995
6,-0.20108294136688784,0.7957989078261437
10,0.4014253783895272,-0.06209717503820161
11,0.46632442255641243,0.9020005213612273
12,0.22129584113900208,0.8062450561993716
13,0.019894287326190217,-0.9253827684357577
14,-0.9891533014606414,-0.15472462400818957
17,-0.7404395131555394,0.09952811012765098
18,-0.45107690249845966,0.9082159464392335
20,0.012062690475779595,-0.40180881087511444
22,-0.5447706385597184,-0.04795810676008866
23,-0.7241273515588034,-0.7147966137075656
28,-0.34868650900060183,-0.37356199781705174
29,0.6655059745255603,-0.7865182728269807
32,0.9117617548557385,0.6458441511806131
34,-0.4722032872734922,0.5687139461404405
35,0.5851034679051255,0.260062656802658
36,-0.6640961408568303,-0.3763245613814206
37,-0.18952350942044127,0.5661422912831668
38,0.8955009474927647,0.1234124436595376
42,-0.5246847042977653,-0.7682311097211832
43,0.4839284186652011,-0.26220714817991275
44,-0.265229164679795,-0.10896166186580476
45,-0.14985352037966027,-0.5873901833525152
46,0.33115257293893363,-0.8631162386131315
48,-0.8125059142916355,0.3223109581138947
49,0.2896826350036568,-0.39169304454567355
7,0.8431624888141477,0.36697202226200865
8,0.30559051729061776,0.22358853485583505
24,0.6328313298706437,0.5344620961062767
26,-0.03985386376128754,-0.2210583906069797
27,-0.43700843312235066,-0.5710844774643637
39,-0.11334518637906955,0.9458509631972781
30,-1.0,0.11574395240188104
40,-0.7069388009939507,0.5137351302937812
41,0.09531850483326997,0.6275019137065194
5,0.7068962451647369,-0.23876437120694577
9,-0.14209349873460006,0.34400866922701057
15,-0.4880145085550333,0.18838293074204981
16,0.09580974790126194,0.4123752636074104
19,0.17902566056450056,0.0027117776177357222
21,0.17790950904838354,-0.7227697321122712
25,0.7523254646633224,-0.5445851661431962
31,-0.8585905098884703,-0.3232941299953362
33,0.9648856103340743,-0.22356671584762872
47,-0.3595782370903939,0.34519952169217566
