0,0.038530867449672844,0.9368674234534797
6,-0.04535576170896245,0.2527238835217768
9,-0.9613475051134365,0.19810292618286146
11,0.7996230073631149,-0.2717546168297809
12,-0.21050564583541626,0.8504367112288742
13,0.3066453473399047,0.8907699033787487
14,-0.5831048915896828,-0.046348657152105295
15,0.8182332271692303,0.12713274747171668
19,0.6796791852970834,0.22912536154477953
20,-0.32823857413797314,0.5055830465190271
22,0.1905543070862649,0.5091566276536791
24,0.1697128118188913,-0.09106081489776276
25,0.4231964610273724,0.0980072590684891
26,-0.33771880598511833,-0.6370774855759311
29,0.5465316794133139,0.7368019868907871
34,0.6779189946387522,0.5585819185179451
38,0.646727314632256,-0.03592417357143757
30,-0.5637676293167004,-0.4353932455877316
40,-0.05006665424177497,0.0017107548954768746
41,0.21909633946659718,0.1820104314854696
44,0.5386764776410359,-0.24702168965746854
45,0.40479162658183726,0.4250500543267475
46,0.8338111379373506,-0.619175710302795
48,-0.20256260475893922,-0.326326376912382
49,-0.5496837462289498,-0.6602151669186592
1,0.7784227278661333,0.3851366260703819
2,0.6329886465505936,-0.5249273133068324
4,0.40888734136873106,-0.549355663407409
8,-0.4292042956406102,0.7356812198923657
18,0.20987420765492296,-0.6007512707716078
27,-0.6490880911831856,0.6490224826414587
28,0.1304015280648748,-0.7919575551473685
32,-0.29584771199865934,-0.8532007409201432
33,0.2818185169564697,-0.30500754575734346
31,-0.8570968814643801,0.023872559702498495
42,0.08642195889054526,0.7194729208038362
43,0.4481550576177071,-0.8366860613002015
3,-0.4972245483943854,-0.28361211792166235
5,-0.10373536634098242,0.4223394269707177
16,-0.79062564303557,-0.2214067346598517
21,1.0,-0.12423911933082274
47,-0.7337904124070947,0.28736324706071803
7,-0.0003984944721742022,-0.31754185614154923
10,-0.4005020657563528,0.32133273121907924
17,-0.2726908956595825,-0.04283918916577358
35,-0.8955275171410481,-0.44996554720778237
37,-0.046536658946042433,-0.869009063387055
39,-0.07980270180530741,-0.6480234590036087
23,-0.5694035550953989,0.1409343239840089
36,-0.8168721115748978,0.6016046003501577
