0,0.3964887178682498,-1.0
4,-0.7036072905997742,0.1253863009634069
5,0.14208617334795748,-0.9782530890887181
6,-0.0974368916319987,-0.031679389992517216
7,0.2861522304645499,-0.7452654584800222
9,0.4925152253854857,-0.26457706008813237
11,-0.7305469753449637,-0.24286802892848222
13,0.5926989984016873,-0.05790534244214419
14,0.1350673401816378,0.1981169215065464
15,-0.36553058875071404,-0.7407258892360717
21,-0.3182730653614534,-0.42199486427847566
26,0.3540203011056453,0.14374425518295175
28,-0.13563401712428125,0.5365449763179143
29,0.35358095629478714,-0.45201425461265127
32,0.5970842853793236,-0.5550960214255086
33,0.33453374294648,-0.08664192003375208
35,0.8782259958713404,-0.6018202771726338
38,0.18525107382091688,-0.326824582321128
30,-0.6129387697675782,-0.7284762122714729
42,-0.1107698662246187,-0.24206410489451605
43,0.8160519660596812,-0.19733893152847412
1,-0.5897927031716469,0.2519203216211553
2,0.5414498268339665,0.3055205628254005
3,-0.5382576530981387,-0.3878860444155702
10,-0.43124970827461845,0.8767926916647395
16,0.12402568748215317,-0.5293827316756515
19,-0.1963234808941376,-0.8905482662204187
20,-0.4459350559643385,0.5961477410342182
23,-0.6162095300347624,0.6556864965632652
24,-0.6446081725483616,-0.0228249995126701
25,-0.2847530130391684,0.07275777992534964
34,0.33050444724987216,0.9666122681529223
37,-0.7902258165050148,0.4573601125118832
39,0.2477574713929749,0.4931599280233986
41,0.044539496936286886,0.5263362445600517
44,-0.1272497765901167,0.2956587505244
46,0.8684649748066825,0.07060773258789448
47,-0.11455458162723504,-0.4940789938923269
12,-0.062410108444289576,-0.7450310515077139
22,0.9105747944360141,0.5190203059606484
40,-0.20067130789144016,0.8322708608779004
48,0.6777561622874256,0.1731545357294446
17,-0.4014281866863524,0.3763319244541959
27,0.15004630682808673,0.6640085178434304
8,-0.8033305734596972,-0.47590267317482526
36,0.45834815004100976,0.6330573380486119
49,0.06500503247489678,0.9484234633037895
31,-0.9255982997474308,0.05629993778036167
18,-0.40226071202580027,-0.1821023995043863
45,0.6673667869108555,0.6263826187343516
