0,-0.03818271779063121,-0.24989949771906206
2,0.2868817647098503,-0.7856251256398055
4,-0.2525898623927368,-0.2815696785826828
5,0.16003939287490251,-0.3626018512370424
8,1.0,0.06780922399944679
9,-0.5591351419320708,-0.28636805491241624
11,0.4513660601622619,0.2508466322469578
12,-0.036963088783938856,-0.6239345961439718
16,-0.12906806682118904,0.684270950276524
17,-0.3052447459851866,0.42726960548225523
18,0.5765553225427582,0.017861215035752956
19,-0.10965780670080913,-0.46790051748924405
20,0.19442416388716582,0.8522048240248358
23,-0.674252804607221,-0.047563103561075834
28,-0.2608626856391587,0.1818808871015317
32,-0.3701075535200139,0.02769001067430717
35,0.8068208866257074,0.03193610987696897
37,-0.5173300071338849,0.21770943777376303
39,0.39658293547783874,-0.059850215992254804
42,0.22013828354307746,-0.12134158587799845
43,0.5128618312878798,-0.38051122861919867
44,-0.7360791848626671,0.40026967593038676
46,0.47347240823063136,0.6672063016517443
47,0.2277923595112416,0.6320272018002953
48,-0.31889640124505975,-0.6777364329974019
1,-0.17958768275159168,-0.859381644583027
13,-0.003603175723509882,0.30353215789469695
14,-0.801252526764207,0.24717804853161587
22,0.7985394533758657,-0.43394557067130174
24,-0.40585800097263014,-0.3804123685193037
26,-0.7288395994917966,0.7050012950064484
29,-0.883098997906736,-0.10352789067214661
30,-0.2705388424301346,0.5784496962067212
40,-0.4704977423390846,-0.08006719767741237
15,-0.8388997901410719,-0.39608460257473366
21,-0.06524447432497417,0.028323824546648037
25,0.18685193911187933,-0.5978603359085772
33,0.15918013467156106,-0.868157456674566
38,0.2349004787235593,0.2059979915332332
31,0.10782089480861375,0.04375714079232652
45,0.6061069130257204,0.335679003490505
3,0.6274428195479361,-0.7060881975600503
34,0.7800565139252448,-0.24953416370812626
6,-0.5673836595603556,-0.5581070812259181
7,-0.17604877301100047,0.942467638197055
41,0.37287730699908944,-0.4520889989526623
49,0.057415522359469014,0.5804353022574358
10,0.6656295457340364,0.5149282479318454
36,0.27614925467271406,0.43947195668355776
27,-0.4806828529773583,0.6459530185531324
