0,-0.4231788150731077,-0.11304303890655519
1,0.5397972107973256,-0.6430272326558698
3,0.11303776141207648,-0.6797374532166844
5,0.24525407966113388,0.19552939678167355
6,0.46327693732801656,0.18037536858472974
7,-0.2667994676550706,0.4975057367592851
8,0.5216971601012139,-0.013095090560478868
11,-0.45221807468728625,-0.6323038580460044
15,-0.19194260810145908,0.896283205911696
21,0.8319595923645567,-0.08567309301474778
23,0.0629348534838967,-0.5338276715237251
24,0.540902650180966,0.4164025951240259
27,-0.7606466131850017,0.08900201665615709
29,0.8428683493691419,-0.3751936068180057
34,-0.5995153391521839,0.3838084164314884
37,0.15838534023701586,0.7796216545693296
38,-0.22950291515233642,-0.894639885950044
31,-0.9823870062208939,-0.02948359516510552
40,-0.6946643825335712,-0.6244824938317192
41,0.33756303398209375,-0.22630969240512586
42,0.6989215775815193,0.14496606265516493
43,0.9039429660959989,0.5927038784859981
44,0.6441017208749131,-0.2303761717491086
46,-0.7042983313172774,-0.1428456320034391
48,-0.4939422020245886,-0.9320496767396611
49,-0.061419118867344205,0.28801536507952114
2,0.5722326605612771,-0.40657366479876234
4,0.38207998151900036,-0.599168075847216
9,-0.2390141758315874,-0.5334912813752387
10,-0.44424089731442407,0.2268840480362491
12,-0.4665501230959934,0.7349408521004483
16,-0.16889804740829253,0.10854771293859786
17,0.2510142416816881,0.6109021475980106
18,-0.50575490559937,0.06738073309212365
19,-0.4406293290548849,0.47855619214726297
20,0.39313253062004955,-0.8553797558624073
22,0.18701697790698488,-0.34682506083440456
25,0.11728587145260637,0.4570263546305761
28,0.5117793740439753,0.7140555413531581
32,-0.7827746629337339,0.5041303123310632
33,0.10033415275438504,-0.024067091140948852
35,-0.5350276820167165,-0.389349649211516
36,-0.8806004984434712,-0.3488024476735909
13,-0.24324087226250882,-0.2085865995142566
26,0.851248520389613,0.2685631449359581
30,-0.1211359611674079,-0.6954326159145041
45,-0.04191024754668641,-0.1812347285069756
14,0.32934132586073034,0.3955860723317571
39,-0.08532740418545305,0.7142123547318325
47,0.2155108105704705,1.0
