0,-1.0,0.032979666698929475
2,-0.22113567272239626,-0.014047279240009512
8,0.21047954752159162,0.19312379235345756
9,-0.8350999470783195,-0.31902687269842
15,0.20075380221181305,-0.601623367219539
16,-0.13253798251240295,0.86980342206766
17,-0.6634362340493637,0.4273254754634913
19,0.49658491490219625,-0.4648292660807123
26,-0.25255296983959397,0.49607790501352295
28,-0.3252139530223311,-0.29443782614303865
29,-0.14455511166010343,0.7077617624537713
32,-0.5524815984905499,0.589939858071965
37,0.1516391086144837,-0.9609223606443846
39,-0.22103482597494428,-0.7850325720827384
42,0.43866595628142924,0.3947527698396875
45,0.3171885113983887,0.687746182494744
47,0.2700881027876572,-0.3460101817825375
49,-0.47194401871880276,-0.4326621136118758
1,0.6704762441271057,-0.6549600089890738
4,0.7252146501217306,-0.38615450556997427
6,0.030508331349418515,0.3099861328071272
7,0.3768728174873456,0.0926855738365993
10,0.6774020205025956,-0.14779392027288027
13,0.8399305701679243,-0.1567185921065498
20,0.01974529992657958,-0.815681835623911
21,-0.6390228587309561,-0.5131678176599079
25,0.37650741582333386,-0.6703205189935038
27,0.14973713058069707,0.7600841632467629
33,0.20665993936828672,0.4752682639879235
35,0.8946069879966084,0.18851214955802975
36,-0.05701089494213195,0.11878063879087615
38,0.6280907135888845,0.4529747934849143
30,-0.04132381083655893,0.5584991665080709
40,-0.47388040329628023,-0.08165365647921646
43,0.13426399328036803,-0.05101033744441333
46,-0.6840524504444607,0.05092500219471075
48,-0.41018506522527604,-0.6590361825402196
5,0.400279047136041,-0.15003240371184143
11,-0.4364224228991947,0.15298509716096037
12,-0.11722718740831624,-0.23790746304282356
24,0.5327207768535154,0.6291061067076529
34,0.6688281729435824,0.0619681147151898
31,-0.8207083817609696,0.3212713889181686
3,0.020048903428345727,-0.4856425281425926
14,-0.32258005298571324,0.3351006672801426
22,0.8268953056819822,0.42294847930297497
41,0.07163888768239292,-0.2387480559671101
44,-0.19168325417676246,-0.5809827881756346
18,-0.5220053404679698,0.850380297081307
23,-0.7997327145209199,-0.13258441581574418
