0,0.5307936817779189,-0.6276963845825279
2,0.10898401442407601,-0.8063681243241442
3,-0.3228034804589305,-0.07443300953680063
4,0.14651549027767796,0.3516365632864859
5,0.6784605947296805,0.6205426042482756
6,0.2411486062996929,0.2101970600570084
8,0.4075539548082607,-0.18234306593352553
10,-0.20366680451174837,-0.9349153425393366
13,-0.04467651182206378,0.45001550612279506
14,0.0031978065319003485,-0.663843060512349
18,0.946542604186743,-0.14623946817142944
19,-0.6184461755676455,-0.4349206812327554
21,-0.007560519574686648,-0.2520233254202391
23,0.05047423911169749,0.6163317072150256
27,-0.5815418912272734,-0.11503931582588899
28,0.39544388685521115,0.10631919442392944
34,-0.8982013946032661,0.1155785655839665
35,0.08115985992087325,0.8368485777854082
36,-0.7689356451688208,-0.030992521127274426
37,-0.18869697660087573,0.7941398676894218
39,0.755228971718879,-0.42273330068660137
30,0.3016256829220643,0.6251801388460944
40,-0.08967467176844147,-0.5235333612722906
42,0.6275349771461214,0.3241858655592468
44,-0.47789159743507853,-0.6938630380468396
47,-0.20459764015884513,0.28261298762741244
1,0.5476547586605556,-0.39695568159061995
7,0.4204028139145078,0.8680019303679605
9,0.11554269652539016,-0.09240728323673414
15,0.26218524031522494,-0.8255912336531036
16,-1.0,-0.26143954186350843
20,-0.7268289182551257,0.2841963025396456
22,0.5747549154430047,0.014277210314618122
24,-0.32606726517237544,0.11500876689473724
32,-0.5720487096503192,0.5244637539055357
33,-0.4538674082630973,-0.49015721320166433
38,0.8569548368382125,0.3784926539456268
41,-0.08440406766242341,0.07997834991592521
48,0.24550369031433275,-0.6046442747998524
25,0.3768592518871326,-0.41983290152569597
29,-0.8049784752938531,0.5186629737031688
43,-0.27605863083047727,-0.2976098532803387
45,0.4143213514357622,0.4879278983754646
46,-0.2613011878760215,0.599030824923198
49,-0.2555074618801801,-0.7572788581227291
12,-0.3765064169515913,0.4106111356180084
26,0.758785694453545,-0.11054347392903349
31,0.872981089101316,0.08203546201058824
17,-0.5283234115524017,0.7270618093542821
11,-0.648025447314207,-0.2579333958985281
