0,0.5728086726089384,-0.3220396946005589
1,0.47997157975257587,0.7403993692905687
2,-1.0,0.005224921006786028
3,0.7144493813873876,0.3657448427352626
4,0.40061508319408534,-0.1436312040248403
5,0.08494423270661791,-0.96012175203297
6,0.05127067384118907,-0.5711275172829573
10,-0.8031050614339423,-0.5971920657571398
12,-0.8184956539138379,0.5146034876195933
15,0.021037199368670302,0.9068866390548376
16,0.06665525411665942,0.6305376303241426
17,0.633824283592326,0.5267025183316878
18,-0.7244295631342818,0.28388769085338267
19,0.12421145509685438,0.38883792121594823
22,0.46284733940691786,-0.5203074030059864
23,0.3640770689577594,0.2544062695967545
25,-0.42247314647067624,0.014923112059447892
26,0.32757064652325746,-0.7676570019929192
29,-0.1736000759474771,-0.04802678660593784
33,-0.0394839479918329,-0.7306991744294665
39,0.03880002874348874,0.07278380606024461
31,-0.3558647549956796,-0.3079709167955894
40,-0.20594588739447323,-0.5762618848658815
41,-0.4914170855722855,-0.6860952579558794
45,0.3227216640792437,0.9768930536347903
47,-0.8289293391752922,-0.2935574807807521
8,0.9344460359931401,-0.09685782196921695
9,-0.40247884269911155,0.5479044458042471
20,-0.23015616547108975,0.7230545704289677
21,-0.6613933671261255,0.08676588442297155
27,0.8553988649835386,-0.3450915267715101
28,0.27751762246388606,0.6641771915225633
32,-0.3547478085354312,-0.4737094855066494
34,-0.7113899811015288,0.7085278886960495
35,-0.5499816011441754,0.4467851579716804
36,-0.6600149970463116,-0.1148730291943618
38,0.7760807554460888,-0.6825783310203092
43,0.518854680404917,0.12144154572377892
46,-0.5670342670772938,-0.30751767956850806
14,-0.3735439303255609,0.9107554188932542
37,0.5190974294943959,-0.8432411640304682
42,0.4617702173874128,0.4483139666982703
48,0.21605554504273988,-0.06026597943633346
7,-0.2280059423258302,0.22887808676012422
11,0.011204765993259069,-0.2830939695864559
24,0.8594855486810442,0.19229628764033513
30,0.21924185731674464,-0.5172196062166537
44,0.7369009837429155,-0.0762510990743439
13,-0.3141147207405908,-0.8464591931820242
49,-0.13525273070324145,0.41111531934202833
