input_data/5_10_graphs_0.5g_0.5ng/graph_sample_18 0.14301562309265137
0,0.14689595494980717,-0.5781005158165505
1,-0.5403697723079044,0.02176928487993514
4,0.2340979155292673,-0.06236562060901264
6,0.6386021322599251,0.17326953763039185
8,-0.336872766494079,0.23300547917754483
13,-0.2884740080092218,-0.7890294205274295
15,-0.5427427884392552,-0.5226527940602635
16,0.19004927609315406,0.39474281476830075
18,0.21451390052254118,-0.7658239548848718
19,0.199828093956685,-0.27267115798388886
22,-0.4170290209061698,-0.1710767620629841
23,-0.4171285616672294,0.6215233548451026
26,0.19398197984079074,0.1845443102039143
27,-0.1658186335174583,-0.7692641986041008
32,0.600043706519768,-0.37456317737026695
33,-0.10232165345591444,0.31630599297017004
35,0.4690968934764534,0.47564452349577135
37,0.4783752417770573,-0.4862155776284268
39,0.3923913494330253,0.6676845418871821
31,0.42574290271355864,-0.6897436036820821
40,0.21791053958720202,0.8451986737581003
41,-0.07783218868510859,-0.26638830423892096
42,0.666364980325615,-0.2171471922576196
44,-1.0,-0.09240525535272123
45,0.6782368212910083,-0.7688757270067292
46,0.11165349374510343,-0.8429819023151895
47,0.8995966387195384,-0.13704773686107946
48,-0.810678437447914,-0.25653326660618786
49,-0.044237882537696935,0.0035088040539585173
2,-0.7022058303067373,0.3001547243005333
5,-0.06388939022554624,-0.4960302579471404
10,-0.7555370448843064,-0.42438877653228635
20,-0.41084698717400536,-0.6371287819829312
25,-0.24133458513373704,-0.011640263079940193
28,0.4755422094519121,0.22235293030739803
29,-0.290177977310954,-0.4057338376178179
34,-0.6582765667365349,-0.10682219743265975
36,0.6987249955027681,-0.009368682771983437
38,0.10968503092561152,0.6225879727384812
30,-0.3988892921923574,0.8280014582205746
43,-0.27144810359290633,0.579158165196496
3,-0.7585534746866556,0.5540219635766391
11,-0.10612908370440148,0.8311786297637087
14,-0.08373175815941022,0.556262289823102
21,0.7850836297538716,0.6369091285808255
7,-0.9231664226644993,0.1838360773517089
17,0.43454349001613296,-0.12840844869443
24,0.6792396112097602,0.41029008146118684
12,-0.500426804807409,0.4441773654991246
9,0.9679182474468332,0.1762793094373868
