0,0.057877022202621975,0.8363805949746679
2,0.14343172346634278,-0.3698502256495856
3,-0.6108493329914572,0.7247366429500414
6,0.4519736192118866,-0.5110890694238186
7,0.14014680214088557,0.08365568587531644
8,0.3860995260873085,-0.26805791166991094
9,-0.19241867165453846,0.6078742805758915
15,0.7829019429955707,-0.2094953479938571
16,-0.02629411308037354,-0.11920562762635907
17,-0.10134713691306237,0.768383384422459
19,0.06360732266564617,0.43955737442522325
21,0.35880427393402203,-0.725179566924433
24,-0.5535562727757516,-0.03917805996006342
28,0.1704105857877609,0.6559834590884894
32,-0.7499450507019361,0.4765107591997585
34,-0.30359789413819777,-0.21568713226463748
35,-0.47767375833137915,-0.20229837905194836
30,0.49187537212183446,0.1059770804349731
40,0.08167897630884086,-0.794400214055277
42,0.7765120028436112,0.25884142617557354
43,0.2331692248201894,0.30886171550866304
44,-0.125705241222326,0.0317284449364712
45,0.48062265455907777,0.32552911223469266
46,0.28023216786180194,0.8108441573263165
47,-0.3779525147551962,0.25407223365839676
48,-0.6453682016155244,-0.6186306143349851
1,0.7478797246093443,0.03771485136874489
5,1.0,-0.29195132480520164
10,-0.7993382752818957,-0.3534506676639432
14,-0.11577469956946554,0.3394065532029938
18,0.6108255579966213,0.48015138982772365
20,-0.4078303060798257,-0.4106165580433132
22,0.24941867040774918,-0.1052642963277509
26,0.6081097151662264,-0.6122653703436057
27,-0.0523976328810459,-0.5996680185912608
37,0.5762219080894878,-0.09294195036941805
39,0.6165628728404837,-0.3368454550021255
31,0.1622397932404547,-0.5141704966639591
41,0.6544258699020306,0.667608959631869
12,-0.7217870421128604,-0.14748441777114407
23,0.42631252799736064,0.6047071056881193
25,-0.2089637476068386,-0.9228406129328587
38,-0.7723126873894901,0.2743852004399798
4,-0.3576163555981015,0.6606174747311739
29,-0.3232267344116579,-0.6788033145261488
36,-0.553773385908245,0.14789854173609124
11,-0.8532203585721696,0.018732926633072244
13,-0.19614444098033487,-0.43088576778089904
49,-0.5726834222027378,-0.7854969753432463
33,-0.45156258048278536,0.43559802007302945
