0,-0.7444131079356211,-0.21357556663047814
4,0.2860176352099102,-0.5733872118259925
6,-0.6355041961631493,0.6946607153230501
7,-0.0956223992756967,0.1959348373175851
9,-0.3757045436865898,-0.62435031205991
10,0.4102868942191123,0.5773118778525733
11,0.019807392884365973,0.9413926077047556
12,-0.9035445705447654,-0.4177363999363169
17,0.7105582360136383,0.1501405558521813
19,0.4247079046221264,-0.16578438211174765
22,-0.3679644044614723,0.2121632469693747
24,-0.5614615104852793,0.030287844469537698
25,0.7029018099189,0.7152296145566688
26,-0.3653576800402403,0.41867336690168405
27,0.19323843001070712,-0.9588139190214294
29,-0.23615391260815224,-0.18078228775352165
32,0.6857198918205941,-0.38401155632904016
33,-0.33073877540440166,-0.48341332234265527
34,-0.843399259603991,0.07125714671948626
37,0.30660197393683997,0.8378477493877196
39,0.4043627168989011,-0.3688233200464938
31,0.5674133481906222,0.46310546333323727
41,-0.560834935405887,0.24474543931719364
46,0.45934629191187065,0.0905914284455489
49,0.48727439457536437,-0.6056627583208171
1,-0.6225212415750019,-0.44648164031684023
3,0.22907651102714505,0.24793089805257204
8,-0.04686634221530136,0.38828467294658814
14,-0.11750481871664886,-0.45828389951794224
16,-0.8023901500183896,0.30095123893042375
23,-0.5782963827929078,-0.6606128993287567
36,-0.3618537322130205,0.6702634932336609
42,-0.47594030848041036,-0.15047564864948948
43,0.653156654398475,-0.11150638052713632
44,0.18213137762411477,0.03160076341936522
45,-0.08519466796120592,-0.7299236950590514
48,0.2562517775900986,0.46711238138791106
2,0.11883646021166126,-0.7840064461140017
5,0.5480407049616907,0.27732678643414926
13,0.635467943253102,-0.6224006766117403
15,0.09631061095865637,0.5997718107629904
18,-0.06569183050805683,0.6962685889324125
20,0.9281852605008835,0.12325428962365265
35,-0.09593245656467034,-0.042325942805492886
38,-0.6634785142676383,0.5012529056257832
40,0.11478397332929403,-0.4625772914718499
21,0.06984352565240531,-0.23421485087260607
30,-0.2546152039693978,-0.9342153892331551
47,1.0,-0.20380569068605203
28,-0.29933677482260723,0.8698117640724244
