0,-0.05951512539650743,0.4893836699334676
1,0.24759978359454846,-0.6898821362625546
3,-0.5646898707598843,-0.5586841707774917
5,-0.13538337139271955,-0.7090875510342951
7,-0.019786278825688737,0.13046094018624071
8,0.3640507583965588,-0.08089979615163062
10,-0.8388701804826307,-0.20552779385162767
13,0.44946816726446964,-0.670634571455153
14,-0.5281524501482655,0.21813026574835606
15,-0.9796772304233661,0.03590162339420614
16,0.764760066866692,-0.4169510382769115
17,-0.0865908173634415,0.9514202474534031
18,-0.03971841140268935,0.6988146350182904
19,-0.4969248413406541,-0.6881990300239197
20,-0.43676816785062506,0.41933983298526195
22,0.3675845559884866,-0.8790041475954639
25,0.40419688476176463,0.842781166390765
28,-0.7460714567855553,0.43105996701475097
34,0.7519933790750538,0.3384986695169812
36,1.0,0.08745584544506894
37,-0.18518581641630588,-0.2877863744817197
38,-0.5173948195932684,-0.16761665890930044
41,-0.04980956806764186,-0.16441995932492712
49,-0.5729026933286891,0.6945485284482906
2,0.43041021278425373,0.10927615543807179
6,-0.6724812635188052,-0.33039039717406504
9,0.24249060875444875,-0.45225335623139074
21,-0.28177088821961516,0.510570883594561
24,0.0547041489247474,-0.7007452699613534
26,0.8024392134916652,-0.03918365651773382
33,0.31902891917643456,0.2561304056372728
39,0.46676765513143004,-0.35056378063842614
30,0.2963184522070428,0.5492116212404253
31,-0.21190482587457515,0.29336753592032644
40,0.5881719633910591,0.5881068348792653
42,0.6527908294691436,-0.19334807233023021
44,0.08164371974849487,-0.381687060655284
47,-0.7522330712080371,0.1817531955621205
48,0.529465065758766,0.38992041031114366
4,0.6711222926198823,0.1318866274608055
23,0.11925542587684118,0.7108479028314989
27,0.10255374825661659,0.29375482656745444
35,-0.33998207895369764,0.09614226712103281
43,-0.295162697257964,0.7586278989631431
45,-0.30131373291198577,-0.831403092986364
46,-0.5166428492050511,-0.3767807062469752
29,-0.5394147340400435,0.011198917373557696
32,0.5885056401382461,-0.49161838855666495
12,0.13656054611435578,-0.08976947660465853
11,-0.2635347970232853,-0.4621543883876048
