0,-0.08878640696215173,0.5244014607003444
1,0.9595391420689247,0.34108676675788324
2,0.4990722355386934,0.33038383429463597
6,0.050703154137287626,-0.34764325703142135
12,0.5883503285750104,0.03418204163257314
13,-0.19445932182366438,0.9613681873734206
15,-0.601858128131945,-0.971859584985897
16,0.1602391933577575,-0.4906499326155298
17,0.36667203795919867,-0.7854275792959914
19,0.14616694460247057,-0.08888062001511365
21,-0.12399222022569534,-0.17245545801941017
22,0.8153652479894562,0.10138259179396435
23,0.5964096567960846,-0.6020610460207556
25,0.17582023106768593,0.622395471586444
26,0.4073180804531016,-0.3092682107453726
29,0.07856044784816066,0.8483384849703437
33,0.06012674012853198,-0.8321784475879561
34,-0.4727455515107338,-0.4347109499114681
35,-0.1836514595547892,0.26251265981168515
30,0.2042066934313498,-0.9630168637330611
40,0.368777963191143,0.8640873894194372
41,-0.5918530475851741,0.11885829419486417
42,-1.0,-0.10440342705949815
45,-0.43626710884748704,-0.6730664706288104
46,-0.6425850745452683,0.34572796326030303
47,-0.2189946734850917,0.8042182326950466
49,-0.3496739408484067,0.38038148122846543
3,-0.2682522744882,-0.4168194470114182
7,0.5594417527389176,0.7739703020865984
8,-0.4510008006079135,0.007270857310351266
10,0.46180130842681144,0.5312741300905842
24,0.5221375185325274,-0.12073642853944276
37,-0.22678601760360767,-0.7765485684337894
31,0.7745015069598817,-0.2748662658220143
44,0.2877170312463655,0.08384286109610105
48,-0.16186806823096905,-0.643771289498375
4,-0.914686573361658,0.14407978173275535
5,0.3608128362527728,-0.5743582124299828
11,-0.8707426190790833,0.4949699185181251
18,0.8116752418556453,-0.46455988626857214
20,-0.2161537591883996,0.0683610146840719
28,-0.6219278617496349,-0.3665669375068726
36,0.7016468613751765,0.40569488882560095
38,0.9571344534886781,-0.16291471907489188
9,-0.4620164617138807,0.6089881843556809
14,-0.625352402286326,0.7528997921120709
27,-0.6912301588839138,-0.14399776843937348
32,0.0752317036164861,0.19757644903850993
39,0.24536000593073468,0.4107266536033011
43,-0.8199043868548557,-0.29821832249817587
