0 1
0 3
0 7
0 8
0 9
0 10
0 11
0 12
0 13
0 14
0 15
0 16
0 17
0 20
0 21
0 22
0 24
0 25
0 33
0 35
0 37
0 39
0 30
0 31
0 40
0 41
0 43
0 44
0 47
1 0
1 2
1 3
1 4
1 5
1 6
1 7
1 9
1 12
1 13
1 17
1 18
1 20
1 21
1 24
1 25
1 26
1 27
1 29
1 33
1 39
1 41
1 42
1 44
1 45
2 4
2 5
2 6
2 9
2 10
2 13
2 15
2 17
2 20
2 21
2 22
2 23
2 25
2 26
2 27
2 32
2 34
2 35
2 36
2 40
2 44
2 46
2 47
2 49
3 2
3 8
3 9
3 12
3 16
3 17
3 18
3 19
3 20
3 24
3 35
3 36
3 37
3 38
3 30
3 43
3 44
3 46
3 47
3 49
4 3
4 5
4 6
4 7
4 8
4 10
4 13
4 17
4 18
4 20
4 21
4 24
4 26
4 28
4 29
4 34
4 38
4 39
4 43
4 44
4 45
4 46
4 47
4 48
5 0
5 3
5 4
5 6
5 10
5 11
5 12
5 13
5 14
5 18
5 19
5 20
5 23
5 25
5 28
5 33
5 34
5 35
5 37
5 42
5 43
5 44
5 45
5 47
6 1
6 2
6 4
6 8
6 9
6 10
6 11
6 13
6 14
6 16
6 17
6 19
6 22
6 25
6 32
6 33
6 34
6 35
6 37
6 30
6 31
6 42
6 43
6 44
6 45
6 46
6 48
7 0
7 1
7 2
7 3
7 4
7 5
7 6
7 8
7 9
7 10
7 12
7 14
7 16
7 18
7 19
7 20
7 21
7 22
7 23
7 24
7 26
7 27
7 28
7 29
7 32
7 36
7 39
7 44
7 45
7 46
7 48
8 0
8 2
8 4
8 5
8 6
8 7
8 11
8 12
8 14
8 17
8 25
8 29
8 33
8 35
8 36
8 41
8 43
8 44
8 47
9 1
9 3
9 4
9 5
9 6
9 8
9 15
9 17
9 18
9 21
9 22
9 24
9 26
9 29
9 32
9 33
9 34
9 36
9 37
9 39
9 30
9 31
9 40
9 41
9 42
9 43
9 46
9 47
9 48
10 0
10 5
10 7
10 9
10 11
10 15
10 16
10 17
10 18
10 19
10 21
10 22
10 23
10 24
10 26
10 27
10 28
10 34
10 37
10 39
10 31
10 42
10 44
10 45
10 46
10 47
10 48
11 0
11 2
11 3
11 4
11 5
11 6
11 7
11 9
11 10
11 12
11 14
11 17
11 19
11 20
11 21
11 22
11 23
11 24
11 25
11 28
11 29
11 32
11 33
11 34
11 35
11 36
11 37
11 30
11 41
11 44
11 46
11 48
12 3
12 6
12 7
12 8
12 14
12 15
12 16
12 21
12 24
12 26
12 27
12 32
12 33
12 36
12 39
12 31
12 41
12 42
12 44
12 45
12 49
13 3
13 4
13 5
13 6
13 7
13 9
13 19
13 20
13 22
13 23
13 24
13 25
13 28
13 32
13 36
13 37
13 39
13 31
13 40
13 41
13 43
13 45
13 46
14 6
14 7
14 8
14 9
14 11
14 12
14 13
14 15
14 16
14 17
14 19
14 22
14 26
14 29
14 32
14 35
14 36
14 37
14 39
14 30
14 31
14 42
14 44
14 45
14 46
14 48
15 4
15 5
15 6
15 7
15 11
15 12
15 20
15 22
15 23
15 26
15 28
15 29
15 32
15 34
15 37
15 38
15 30
15 40
15 43
15 45
15 48
16 1
16 2
16 3
16 4
16 5
16 7
16 8
16 11
16 12
16 13
16 17
16 18
16 19
16 22
16 23
16 25
16 26
16 28
16 29
16 33
16 38
16 30
16 31
16 41
16 43
16 45
16 47
16 49
17 0
17 1
17 2
17 5
17 8
17 9
17 10
17 11
17 13
17 15
17 20
17 21
17 23
17 24
17 26
17 27
17 28
17 29
17 35
17 37
17 38
17 30
17 31
17 40
17 44
17 46
18 2
18 5
18 6
18 11
18 15
18 21
18 22
18 24
18 32
18 33
18 35
18 36
18 30
18 43
18 44
18 47
18 49
19 1
19 2
19 4
19 5
19 8
19 9
19 15
19 16
19 17
19 18
19 22
19 23
19 25
19 27
19 28
19 32
19 33
19 34
19 39
19 31
19 40
19 46
19 47
19 48
19 49
20 0
20 2
20 3
20 5
20 7
20 8
20 9
20 10
20 12
20 13
20 14
20 15
20 19
20 23
20 24
20 28
20 32
20 34
20 35
20 36
20 39
20 30
20 45
20 46
20 48
21 3
21 5
21 6
21 7
21 8
21 9
21 10
21 12
21 18
21 23
21 24
21 25
21 29
21 32
21 33
21 35
21 36
21 37
21 39
21 41
21 44
21 45
21 46
21 48
22 0
22 2
22 3
22 4
22 6
22 7
22 10
22 14
22 23
22 24
22 32
22 34
22 35
22 36
22 40
22 43
22 46
22 47
22 48
22 49
23 1
23 2
23 3
23 4
23 6
23 7
23 10
23 11
23 14
23 16
23 19
23 20
23 22
23 25
23 26
23 28
23 29
23 32
23 33
23 34
23 38
23 30
23 42
23 45
23 48
24 0
24 1
24 2
24 4
24 6
24 7
24 10
24 11
24 17
24 18
24 19
24 21
24 23
24 25
24 27
24 28
24 29
24 35
24 37
24 38
24 30
24 41
24 42
24 44
24 45
24 47
24 48
24 49
25 1
25 8
25 10
25 12
25 17
25 18
25 21
25 22
25 26
25 28
25 29
25 30
25 41
25 42
25 43
25 45
25 48
26 0
26 1
26 2
26 4
26 5
26 8
26 12
26 14
26 16
26 19
26 20
26 22
26 23
26 25
26 34
26 35
26 36
26 38
26 39
26 40
26 44
26 45
27 0
27 3
27 4
27 5
27 8
27 9
27 11
27 12
27 13
27 14
27 16
27 21
27 25
27 26
27 28
27 32
27 33
27 35
27 36
27 38
27 39
27 30
27 31
27 40
27 41
27 42
27 43
27 48
28 2
28 4
28 8
28 9
28 10
28 12
28 13
28 14
28 15
28 16
28 17
28 19
28 21
28 22
28 24
28 25
28 38
28 30
28 31
28 41
28 43
28 44
28 45
28 47
29 0
29 1
29 2
29 7
29 8
29 9
29 11
29 16
29 17
29 22
29 23
29 26
29 27
29 28
29 33
29 35
29 37
29 30
29 40
29 41
29 43
29 46
29 47
32 2
32 3
32 4
32 5
32 6
32 7
32 10
32 12
32 14
32 15
32 19
32 24
32 25
32 26
32 29
32 33
32 35
32 36
32 38
32 30
32 31
32 40
32 42
32 44
32 45
33 2
33 5
33 6
33 7
33 11
33 13
33 18
33 20
33 22
33 23
33 25
33 28
33 29
33 34
33 39
33 31
33 40
33 41
33 42
33 43
33 46
33 47
33 48
34 1
34 2
34 3
34 11
34 12
34 13
34 14
34 15
34 18
34 19
34 23
34 25
34 28
34 38
34 45
34 46
34 47
34 48
35 0
35 1
35 4
35 5
35 6
35 8
35 10
35 11
35 14
35 15
35 18
35 19
35 21
35 23
35 26
35 27
35 29
35 36
35 30
35 31
35 42
35 44
35 45
35 47
35 48
35 49
36 1
36 4
36 5
36 6
36 7
36 9
36 11
36 15
36 16
36 19
36 20
36 28
36 29
36 34
36 35
36 30
36 44
36 45
36 48
36 49
37 1
37 3
37 4
37 7
37 8
37 9
37 10
37 11
37 13
37 22
37 23
37 24
37 25
37 26
37 32
37 35
37 36
37 31
37 44
37 45
37 46
37 49
38 0
38 1
38 2
38 9
38 11
38 13
38 15
38 16
38 23
38 24
38 27
38 34
38 35
38 36
38 37
38 31
38 40
38 41
38 42
38 46
38 47
38 49
39 1
39 2
39 4
39 6
39 10
39 11
39 12
39 16
39 17
39 18
39 20
39 21
39 29
39 33
39 34
39 36
39 38
39 30
39 31
39 40
39 41
39 42
39 45
39 47
30 2
30 3
30 6
30 14
30 18
30 24
30 26
30 27
30 28
30 34
30 36
30 37
30 38
30 39
30 31
30 40
30 41
30 45
30 46
30 49
31 2
31 3
31 4
31 10
31 12
31 13
31 14
31 15
31 17
31 18
31 19
31 20
31 21
31 24
31 26
31 29
31 33
31 35
31 38
31 39
31 40
31 41
31 42
31 43
31 44
31 45
31 47
31 49
40 0
40 1
40 3
40 5
40 6
40 7
40 9
40 14
40 15
40 19
40 20
40 21
40 22
40 26
40 27
40 28
40 32
40 33
40 35
40 36
40 37
40 38
40 39
40 31
40 41
40 44
40 45
40 46
40 47
40 49
41 0
41 2
41 3
41 4
41 6
41 7
41 8
41 9
41 10
41 11
41 12
41 13
41 14
41 15
41 16
41 18
41 20
41 26
41 27
41 29
41 32
41 36
41 37
41 38
41 39
41 31
41 43
41 44
41 46
41 47
42 2
42 3
42 4
42 5
42 7
42 8
42 13
42 14
42 15
42 19
42 20
42 23
42 25
42 27
42 34
42 37
42 38
42 40
43 1
43 2
43 7
43 8
43 9
43 10
43 11
43 12
43 13
43 15
43 16
43 17
43 19
43 20
43 21
43 24
43 25
43 26
43 27
43 32
43 33
43 35
43 36
43 37
43 39
43 30
43 41
43 42
43 44
43 46
43 48
43 49
44 1
44 2
44 4
44 6
44 9
44 11
44 12
44 13
44 17
44 22
44 24
44 25
44 28
44 29
44 33
44 35
44 36
44 38
44 39
44 30
44 31
44 40
44 42
44 43
44 45
44 46
44 49
45 1
45 2
45 3
45 4
45 7
45 8
45 18
45 19
45 21
45 22
45 25
45 28
45 33
45 34
45 37
45 39
45 30
45 31
45 41
45 42
45 43
45 46
46 3
46 4
46 5
46 6
46 7
46 8
46 11
46 13
46 15
46 19
46 20
46 25
46 27
46 28
46 32
46 33
46 34
46 35
46 36
46 38
46 39
46 31
46 41
46 42
46 43
46 44
46 45
46 49
47 0
47 3
47 4
47 6
47 8
47 9
47 11
47 12
47 13
47 14
47 16
47 18
47 19
47 20
47 21
47 26
47 28
47 34
47 36
47 38
47 41
47 42
47 43
47 45
47 46
47 49
48 0
48 1
48 3
48 4
48 6
48 7
48 8
48 9
48 10
48 12
48 13
48 14
48 18
48 24
48 26
48 28
48 34
48 35
48 37
48 40
48 41
48 44
48 45
48 47
48 49
49 2
49 5
49 7
49 9
49 10
49 11
49 12
49 13
49 16
49 18
49 20
49 21
49 22
49 24
49 25
49 27
49 28
49 32
49 35
49 36
49 30
49 31
49 45
49 46
