0 2
0 3
0 15
0 16
0 18
0 20
0 23
0 24
0 26
0 28
0 29
0 33
0 35
0 37
0 38
0 39
0 31
0 40
0 42
0 45
0 48
1 2
1 10
1 12
1 13
1 16
1 19
1 20
1 22
1 23
1 24
1 26
1 28
1 34
1 35
1 36
1 37
1 38
1 39
1 31
1 40
1 43
1 44
1 47
1 48
2 0
2 1
2 3
2 4
2 5
2 14
2 15
2 17
2 18
2 19
2 21
2 22
2 26
2 28
2 33
2 35
2 30
2 40
2 43
2 44
2 46
2 47
2 49
3 1
3 4
3 5
3 7
3 9
3 10
3 14
3 16
3 18
3 22
3 23
3 32
3 33
3 35
3 36
3 37
3 39
3 31
3 40
3 42
3 48
4 1
4 3
4 5
4 6
4 7
4 9
4 10
4 11
4 13
4 16
4 18
4 24
4 26
4 28
4 34
4 35
4 36
4 39
4 40
4 41
4 42
4 46
4 47
4 49
5 0
5 1
5 3
5 6
5 7
5 8
5 11
5 12
5 17
5 18
5 22
5 23
5 24
5 25
5 26
5 27
5 32
5 33
5 34
5 37
5 38
5 39
5 30
5 31
5 40
5 43
5 44
5 46
5 47
6 0
6 2
6 4
6 5
6 8
6 9
6 10
6 12
6 14
6 16
6 17
6 21
6 22
6 24
6 25
6 27
6 34
6 39
6 30
6 31
6 40
6 44
6 46
6 47
7 1
7 2
7 4
7 8
7 11
7 12
7 16
7 17
7 19
7 22
7 23
7 24
7 26
7 27
7 28
7 29
7 38
7 40
7 42
7 43
7 48
7 49
8 1
8 7
8 10
8 11
8 12
8 13
8 16
8 17
8 23
8 24
8 32
8 33
8 39
8 30
8 41
8 42
8 43
8 44
8 45
8 47
8 48
8 49
9 3
9 6
9 10
9 11
9 12
9 13
9 16
9 17
9 19
9 20
9 21
9 23
9 25
9 32
9 33
9 35
9 37
9 38
9 39
9 40
9 41
9 42
9 44
9 46
9 47
9 49
10 0
10 1
10 2
10 4
10 6
10 7
10 11
10 12
10 14
10 16
10 18
10 19
10 21
10 29
10 32
10 33
10 34
10 36
10 38
10 39
10 30
10 31
10 40
10 41
10 43
10 46
10 47
11 1
11 2
11 6
11 12
11 13
11 14
11 17
11 18
11 19
11 23
11 27
11 28
11 29
11 33
11 34
11 38
11 40
11 41
11 44
11 45
11 46
12 0
12 3
12 5
12 9
12 11
12 13
12 16
12 20
12 21
12 23
12 24
12 25
12 26
12 29
12 32
12 34
12 37
12 31
12 41
12 42
12 44
12 45
12 47
13 3
13 6
13 9
13 11
13 14
13 18
13 19
13 23
13 25
13 26
13 27
13 28
13 29
13 32
13 33
13 34
13 35
13 38
13 31
13 43
13 45
13 46
13 48
14 4
14 9
14 10
14 17
14 19
14 22
14 24
14 25
14 26
14 32
14 33
14 34
14 38
14 40
14 41
14 43
14 45
14 47
15 0
15 1
15 3
15 4
15 5
15 7
15 9
15 10
15 16
15 17
15 18
15 19
15 24
15 26
15 28
15 29
15 33
15 34
15 36
15 37
15 38
15 40
15 41
15 42
15 43
15 45
15 48
16 0
16 2
16 7
16 10
16 13
16 18
16 20
16 21
16 22
16 24
16 26
16 28
16 38
16 31
16 40
16 41
16 48
17 0
17 4
17 6
17 8
17 9
17 10
17 15
17 16
17 18
17 20
17 21
17 22
17 24
17 26
17 29
17 33
17 34
17 35
17 36
17 37
17 38
17 30
17 41
17 43
17 44
17 49
18 3
18 4
18 5
18 8
18 9
18 11
18 12
18 13
18 15
18 21
18 22
18 23
18 24
18 25
18 26
18 28
18 32
18 36
18 38
18 31
18 41
18 44
18 45
18 47
18 48
18 49
19 6
19 8
19 10
19 11
19 14
19 15
19 20
19 21
19 22
19 25
19 26
19 28
19 32
19 36
19 37
19 38
19 30
19 40
19 41
19 42
19 44
19 48
19 49
20 1
20 2
20 3
20 4
20 6
20 12
20 13
20 14
20 18
20 21
20 23
20 24
20 26
20 27
20 28
20 29
20 32
20 33
20 37
20 38
20 39
20 30
20 31
20 45
20 46
20 47
20 49
21 0
21 3
21 8
21 9
21 10
21 11
21 13
21 14
21 18
21 20
21 23
21 24
21 25
21 26
21 32
21 33
21 35
21 37
21 38
21 39
21 40
21 42
21 43
21 45
21 49
22 2
22 4
22 7
22 8
22 12
22 13
22 15
22 17
22 18
22 21
22 26
22 29
22 34
22 35
22 36
22 39
22 41
22 44
22 45
22 47
23 0
23 1
23 5
23 8
23 9
23 10
23 11
23 13
23 22
23 25
23 26
23 27
23 28
23 29
23 32
23 34
23 37
23 39
23 40
23 42
23 43
23 44
23 45
23 49
24 3
24 4
24 6
24 15
24 17
24 18
24 20
24 21
24 22
24 26
24 28
24 29
24 33
24 34
24 35
24 38
24 39
24 31
24 41
24 42
24 43
24 45
24 46
24 47
25 0
25 2
25 4
25 5
25 7
25 8
25 9
25 12
25 16
25 17
25 18
25 21
25 23
25 27
25 28
25 36
25 39
25 30
25 31
25 40
25 41
25 42
25 44
25 47
25 48
26 0
26 2
26 3
26 4
26 10
26 11
26 12
26 13
26 15
26 17
26 20
26 21
26 22
26 23
26 25
26 28
26 29
26 32
26 34
26 36
26 37
26 31
26 41
26 42
26 43
26 44
26 45
26 46
26 47
27 0
27 1
27 2
27 5
27 10
27 11
27 12
27 17
27 18
27 19
27 20
27 22
27 25
27 26
27 28
27 32
27 34
27 35
27 37
27 39
27 30
27 44
27 46
27 47
27 49
28 1
28 2
28 3
28 4
28 13
28 15
28 16
28 18
28 21
28 22
28 25
28 26
28 29
28 35
28 36
28 38
28 39
28 30
28 31
28 44
28 47
28 48
29 0
29 1
29 2
29 3
29 4
29 5
29 6
29 9
29 11
29 12
29 15
29 16
29 17
29 19
29 20
29 21
29 25
29 27
29 32
29 33
29 34
29 36
29 37
29 38
29 39
29 31
29 40
29 41
29 43
29 46
29 48
32 0
32 2
32 3
32 7
32 9
32 10
32 11
32 14
32 17
32 18
32 19
32 20
32 21
32 22
32 28
32 34
32 37
32 39
32 31
32 42
32 44
32 45
32 46
32 47
32 48
33 1
33 2
33 7
33 8
33 11
33 12
33 17
33 18
33 19
33 21
33 26
33 27
33 32
33 35
33 38
33 39
33 30
33 40
33 41
33 45
33 47
33 48
34 1
34 2
34 4
34 5
34 7
34 8
34 11
34 14
34 15
34 18
34 20
34 25
34 26
34 28
34 36
34 30
34 40
34 41
34 42
34 45
34 46
34 49
35 0
35 1
35 2
35 3
35 4
35 6
35 7
35 8
35 9
35 11
35 13
35 14
35 16
35 19
35 20
35 21
35 22
35 23
35 24
35 26
35 33
35 34
35 36
35 37
35 38
35 43
35 45
35 46
35 48
35 49
36 0
36 1
36 3
36 4
36 5
36 6
36 7
36 11
36 12
36 13
36 16
36 17
36 18
36 19
36 20
36 21
36 23
36 24
36 25
36 26
36 28
36 29
36 33
36 34
36 43
36 44
36 48
36 49
37 3
37 8
37 12
37 13
37 14
37 16
37 17
37 19
37 20
37 21
37 22
37 23
37 24
37 25
37 26
37 27
37 33
37 31
37 40
37 42
37 45
37 47
37 49
38 0
38 1
38 2
38 3
38 5
38 7
38 8
38 12
38 15
38 16
38 18
38 20
38 22
38 24
38 28
38 29
38 32
38 33
38 36
38 39
38 30
38 41
38 42
38 43
38 45
38 47
38 48
39 0
39 1
39 2
39 4
39 5
39 6
39 7
39 10
39 15
39 16
39 17
39 22
39 27
39 28
39 32
39 34
39 35
39 37
39 38
39 42
39 43
39 45
39 48
39 49
30 1
30 3
30 4
30 5
30 8
30 11
30 12
30 13
30 15
30 16
30 19
30 20
30 23
30 24
30 25
30 27
30 32
30 33
30 34
30 35
30 38
30 39
30 31
30 42
30 46
31 0
31 1
31 5
31 7
31 9
31 12
31 13
31 14
31 15
31 19
31 20
31 21
31 24
31 25
31 27
31 35
31 36
31 37
31 38
31 39
31 30
31 41
31 42
31 43
31 47
31 48
40 0
40 2
40 5
40 7
40 8
40 9
40 11
40 15
40 16
40 18
40 21
40 22
40 23
40 24
40 25
40 26
40 29
40 33
40 34
40 35
40 38
40 39
40 31
40 41
40 44
40 45
40 49
41 0
41 2
41 3
41 4
41 7
41 9
41 10
41 13
41 15
41 16
41 19
41 22
41 26
41 27
41 29
41 32
41 33
41 34
41 30
41 31
41 43
41 44
41 47
41 49
42 2
42 3
42 4
42 5
42 7
42 12
42 13
42 16
42 17
42 18
42 19
42 20
42 22
42 24
42 25
42 26
42 27
42 28
42 29
42 32
42 34
42 35
42 36
42 38
42 30
42 31
42 43
42 46
42 47
42 49
43 2
43 3
43 4
43 5
43 7
43 9
43 10
43 12
43 13
43 14
43 15
43 16
43 19
43 23
43 24
43 25
43 26
43 27
43 28
43 32
43 33
43 35
43 37
43 38
43 45
43 46
43 47
44 0
44 1
44 2
44 6
44 8
44 10
44 11
44 13
44 14
44 15
44 16
44 17
44 18
44 20
44 22
44 25
44 26
44 33
44 34
44 35
44 40
44 42
44 45
44 46
44 47
44 48
44 49
45 0
45 2
45 5
45 6
45 7
45 8
45 9
45 10
45 11
45 12
45 13
45 14
45 17
45 18
45 21
45 22
45 23
45 24
45 25
45 27
45 28
45 32
45 33
45 35
45 38
45 31
45 41
45 42
45 46
45 49
46 1
46 2
46 4
46 5
46 6
46 7
46 8
46 9
46 10
46 11
46 15
46 16
46 17
46 18
46 19
46 20
46 21
46 24
46 27
46 28
46 29
46 33
46 35
46 36
46 37
46 38
46 30
46 31
46 41
46 43
46 44
46 45
46 48
46 49
47 0
47 5
47 8
47 11
47 12
47 13
47 16
47 18
47 19
47 21
47 22
47 24
47 25
47 27
47 28
47 29
47 32
47 33
47 30
47 42
47 43
47 44
47 46
48 2
48 3
48 4
48 7
48 8
48 12
48 13
48 14
48 15
48 16
48 17
48 19
48 20
48 21
48 23
48 29
48 33
48 35
48 43
48 44
48 46
48 49
49 3
49 4
49 5
49 6
49 7
49 8
49 10
49 15
49 17
49 19
49 20
49 22
49 25
49 28
49 32
49 37
49 38
49 39
49 40
49 41
49 45
49 47
49 48
