0 2
0 3
0 4
0 8
0 9
0 11
0 12
0 15
0 19
0 21
0 22
0 24
0 25
0 27
0 32
0 35
0 37
0 38
0 39
0 41
0 44
0 47
1 0
1 2
1 5
1 6
1 9
1 11
1 12
1 14
1 17
1 19
1 20
1 21
1 22
1 25
1 26
1 32
1 34
1 36
1 30
1 31
1 41
1 43
1 44
1 46
1 47
2 0
2 3
2 9
2 11
2 12
2 13
2 14
2 16
2 17
2 19
2 20
2 21
2 26
2 29
2 32
2 34
2 35
2 37
2 38
2 39
2 30
2 46
2 48
3 0
3 2
3 4
3 6
3 7
3 11
3 12
3 13
3 14
3 20
3 21
3 22
3 23
3 27
3 29
3 32
3 33
3 34
3 35
3 36
3 37
3 38
3 30
3 40
3 41
3 46
4 2
4 11
4 12
4 13
4 14
4 17
4 19
4 20
4 22
4 23
4 25
4 26
4 28
4 29
4 33
4 35
4 37
4 38
4 39
4 31
4 40
4 41
4 42
4 45
4 49
5 1
5 4
5 9
5 10
5 11
5 13
5 15
5 16
5 17
5 19
5 20
5 21
5 23
5 24
5 25
5 26
5 27
5 29
5 32
5 33
5 34
5 36
5 30
5 44
5 46
5 47
5 48
5 49
6 3
6 4
6 5
6 8
6 9
6 10
6 11
6 14
6 17
6 18
6 19
6 23
6 24
6 26
6 27
6 28
6 29
6 32
6 36
6 37
6 39
6 43
6 47
7 0
7 3
7 5
7 6
7 8
7 12
7 13
7 14
7 16
7 18
7 19
7 20
7 22
7 24
7 26
7 33
7 34
7 35
7 38
7 39
7 31
7 40
7 41
7 43
7 46
7 47
7 49
8 1
8 3
8 4
8 6
8 7
8 9
8 11
8 12
8 14
8 15
8 16
8 18
8 21
8 22
8 25
8 26
8 29
8 32
8 33
8 34
8 37
8 38
8 39
8 30
8 31
8 40
8 41
8 42
8 46
8 47
8 48
9 1
9 3
9 5
9 6
9 14
9 15
9 16
9 18
9 19
9 20
9 22
9 24
9 27
9 32
9 36
9 40
9 46
9 48
9 49
10 0
10 2
10 8
10 13
10 14
10 15
10 18
10 20
10 24
10 28
10 29
10 32
10 33
10 34
10 35
10 38
10 39
10 40
10 44
10 45
10 46
10 48
11 0
11 1
11 2
11 3
11 4
11 5
11 6
11 7
11 9
11 16
11 18
11 20
11 23
11 24
11 25
11 26
11 27
11 29
11 32
11 34
11 35
11 36
11 38
11 39
11 40
11 43
11 45
11 46
11 48
11 49
12 1
12 2
12 3
12 4
12 5
12 6
12 8
12 9
12 11
12 13
12 16
12 20
12 21
12 24
12 27
12 29
12 32
12 34
12 35
12 37
12 30
12 40
12 42
12 43
12 46
12 47
12 48
13 0
13 3
13 5
13 9
13 14
13 18
13 24
13 25
13 26
13 27
13 29
13 32
13 33
13 45
13 47
13 48
14 1
14 3
14 6
14 9
14 10
14 12
14 13
14 17
14 21
14 23
14 25
14 26
14 27
14 29
14 32
14 35
14 37
14 31
14 40
14 42
14 43
14 48
14 49
15 7
15 10
15 11
15 13
15 18
15 19
15 20
15 21
15 22
15 23
15 24
15 26
15 27
15 28
15 32
15 33
15 35
15 36
15 38
15 30
15 31
15 42
15 44
15 45
15 49
16 0
16 1
16 5
16 6
16 8
16 9
16 11
16 12
16 13
16 17
16 20
16 23
16 24
16 26
16 27
16 28
16 35
16 37
16 31
16 42
16 43
16 44
16 45
16 46
17 0
17 4
17 6
17 8
17 14
17 15
17 16
17 19
17 21
17 22
17 25
17 29
17 33
17 34
17 35
17 36
17 37
17 39
17 30
17 31
17 40
17 43
17 44
17 45
17 47
17 49
18 4
18 5
18 6
18 7
18 9
18 10
18 15
18 17
18 20
18 21
18 23
18 26
18 28
18 29
18 33
18 36
18 38
18 31
18 40
18 41
18 42
18 44
18 45
18 46
18 48
18 49
19 0
19 1
19 5
19 6
19 9
19 10
19 14
19 15
19 16
19 21
19 22
19 23
19 26
19 27
19 32
19 35
19 37
19 38
19 39
19 40
19 44
19 45
20 0
20 2
20 3
20 5
20 8
20 11
20 15
20 19
20 21
20 24
20 26
20 28
20 29
20 36
20 38
20 30
20 40
20 42
20 43
20 46
20 47
20 49
21 0
21 1
21 3
21 5
21 6
21 9
21 12
21 15
21 16
21 17
21 20
21 25
21 26
21 29
21 32
21 33
21 35
21 37
21 30
21 31
21 40
21 42
21 43
21 46
21 47
21 48
22 2
22 5
22 7
22 8
22 9
22 10
22 11
22 15
22 16
22 17
22 24
22 25
22 29
22 34
22 35
22 37
22 38
22 31
22 40
22 42
22 43
22 45
22 46
23 0
23 1
23 3
23 4
23 8
23 9
23 10
23 11
23 14
23 18
23 20
23 21
23 25
23 26
23 28
23 32
23 33
23 35
23 36
23 39
23 30
23 31
23 40
23 43
23 46
23 47
24 0
24 1
24 4
24 8
24 9
24 10
24 11
24 12
24 13
24 15
24 17
24 21
24 22
24 23
24 25
24 28
24 32
24 33
24 34
24 36
24 38
24 30
24 31
24 40
24 41
24 42
24 44
24 45
24 46
24 47
24 48
24 49
25 0
25 1
25 2
25 3
25 4
25 7
25 8
25 11
25 14
25 18
25 21
25 22
25 24
25 26
25 28
25 32
25 33
25 39
25 31
25 40
25 41
25 42
25 45
25 47
26 0
26 3
26 5
26 7
26 9
26 11
26 13
26 14
26 16
26 18
26 19
26 20
26 22
26 24
26 25
26 28
26 32
26 34
26 37
26 31
26 40
26 41
26 42
26 43
26 44
26 47
26 49
27 0
27 1
27 3
27 6
27 7
27 12
27 13
27 15
27 18
27 24
27 26
27 28
27 29
27 33
27 34
27 35
27 30
27 31
27 41
27 44
27 45
27 47
27 48
28 0
28 4
28 8
28 9
28 10
28 11
28 12
28 13
28 16
28 19
28 21
28 23
28 24
28 27
28 29
28 33
28 34
28 30
28 31
28 40
28 45
28 47
28 48
28 49
29 0
29 2
29 7
29 8
29 17
29 20
29 21
29 22
29 23
29 24
29 26
29 27
29 33
29 31
29 48
29 49
32 1
32 2
32 5
32 6
32 7
32 8
32 9
32 12
32 13
32 14
32 21
32 22
32 23
32 24
32 25
32 26
32 28
32 33
32 37
32 38
32 40
32 43
32 46
32 48
33 0
33 1
33 2
33 3
33 5
33 7
33 12
33 13
33 14
33 17
33 18
33 20
33 23
33 26
33 34
33 35
33 36
33 39
33 31
33 40
33 41
33 43
33 45
33 47
33 48
33 49
34 0
34 2
34 3
34 4
34 5
34 9
34 10
34 12
34 15
34 18
34 21
34 23
34 24
34 25
34 26
34 27
34 32
34 33
34 37
34 38
34 39
34 31
34 46
34 49
35 0
35 1
35 2
35 3
35 9
35 10
35 11
35 12
35 13
35 14
35 17
35 22
35 24
35 28
35 29
35 32
35 34
35 37
35 39
35 30
35 31
35 41
35 43
35 47
35 49
36 0
36 5
36 8
36 9
36 10
36 13
36 14
36 15
36 18
36 20
36 24
36 25
36 26
36 27
36 29
36 32
36 33
36 35
36 37
36 30
36 42
36 43
36 49
37 0
37 3
37 4
37 7
37 11
37 13
37 14
37 17
37 18
37 19
37 22
37 24
37 26
37 29
37 34
37 35
37 38
37 30
37 31
37 40
37 43
37 44
37 45
37 47
37 48
37 49
38 0
38 5
38 6
38 7
38 9
38 12
38 14
38 17
38 21
38 22
38 25
38 26
38 27
38 33
38 35
38 37
38 39
38 31
38 40
38 43
38 44
38 45
38 47
38 48
38 49
39 0
39 3
39 6
39 12
39 14
39 19
39 21
39 22
39 23
39 24
39 32
39 33
39 35
39 36
39 37
39 30
39 31
39 40
39 43
39 44
39 45
39 46
39 48
39 49
30 1
30 3
30 8
30 10
30 11
30 12
30 15
30 17
30 18
30 19
30 20
30 23
30 24
30 25
30 27
30 28
30 29
30 32
30 37
30 38
30 40
30 41
30 42
30 43
30 45
30 48
31 1
31 4
31 8
31 10
31 11
31 12
31 17
31 19
31 20
31 21
31 22
31 23
31 24
31 28
31 29
31 34
31 36
31 38
31 30
31 41
31 43
31 45
40 5
40 6
40 7
40 9
40 14
40 15
40 17
40 18
40 23
40 24
40 26
40 28
40 33
40 34
40 35
40 36
40 38
40 39
40 30
40 31
40 41
40 43
40 45
40 47
40 49
41 1
41 3
41 4
41 5
41 8
41 9
41 10
41 16
41 17
41 19
41 20
41 21
41 23
41 25
41 26
41 27
41 29
41 34
41 36
41 37
41 30
41 31
41 40
41 45
41 46
41 49
42 4
42 5
42 6
42 11
42 14
42 16
42 18
42 20
42 23
42 25
42 27
42 32
42 33
42 34
42 35
42 37
42 38
42 31
42 40
42 43
42 44
42 46
42 48
42 49
43 0
43 1
43 3
43 4
43 5
43 6
43 7
43 8
43 13
43 14
43 15
43 16
43 19
43 21
43 25
43 27
43 28
43 29
43 33
43 35
43 36
43 37
43 39
43 30
43 47
43 48
43 49
44 1
44 3
44 5
44 6
44 7
44 8
44 11
44 14
44 15
44 16
44 19
44 20
44 21
44 24
44 26
44 28
44 29
44 32
44 35
44 36
44 37
44 39
44 31
44 43
44 46
44 47
44 48
45 3
45 10
45 11
45 12
45 13
45 14
45 17
45 20
45 22
45 25
45 26
45 27
45 33
45 34
45 37
45 38
45 39
45 42
45 43
45 47
45 48
45 49
46 0
46 1
46 3
46 6
46 8
46 10
46 14
46 15
46 17
46 18
46 22
46 23
46 26
46 27
46 29
46 34
46 35
46 42
46 43
46 47
46 48
46 49
47 2
47 3
47 5
47 7
47 9
47 10
47 11
47 12
47 17
47 19
47 20
47 22
47 25
47 28
47 29
47 38
47 39
47 30
47 31
47 45
47 46
48 0
48 3
48 5
48 8
48 10
48 11
48 13
48 17
48 19
48 20
48 21
48 23
48 25
48 27
48 29
48 32
48 34
48 36
48 37
48 39
48 40
48 41
48 43
48 44
48 45
48 46
49 0
49 1
49 3
49 4
49 5
49 6
49 7
49 11
49 12
49 13
49 14
49 15
49 16
49 17
49 19
49 21
49 23
49 25
49 32
49 33
49 34
49 35
49 38
49 39
49 30
49 40
49 41
49 42
49 44
49 45
49 47
