0,-0.05925630145230104,0.2830148769421175
12,-0.19883447830864454,0.014180005210631048
13,0.11123665389073142,0.05631271973664051
18,0.017318338080783553,0.2343987611894389
29,0.1848954263400916,0.4164067148087431
31,0.008094567897573693,0.5646522959563152
37,0.10114323762710725,0.43788410729182986
41,-0.15700723575949757,0.3961473318101231
47,0.2334338508642773,0.330937359403396
1,-0.09334741158966395,0.1043887962944459
8,0.3193445410946032,0.08437491102472663
16,-0.4693348762092771,0.26822663161932825
23,-0.31466243652014003,0.03017095792371154
24,-0.4132430305179912,0.04039709007982301
30,-0.26323342949992884,0.19469408722313666
34,-0.09646669867300854,-0.14541522016414826
48,0.14930821285966603,0.23635289074118856
2,0.5492645366425809,0.7868965679165347
3,0.48861245650215296,0.9018142050622322
10,0.2496264452804991,1.0
35,0.3224074824870337,0.6315604682691396
36,0.36042053171926247,0.9125510364691505
4,-0.41873319653316665,-0.07998833863464436
6,-0.4857812923376321,-0.1920814301816053
14,-0.403587183946608,-0.33522020084580373
21,-0.5900373344137166,0.0811921944830409
22,-0.20228551950714976,-0.12282493346161537
40,-0.19199505497875988,-0.2657915071330848
43,-0.6377707859456551,-0.14498314596755163
46,-0.3530213316178255,-0.13975324225484687
49,-0.38133838519171814,-0.25249385485467357
5,0.3398567746535389,-0.713425117288866
11,0.250446531878006,-0.5388024934999207
15,0.534453409401589,-0.44440192448626514
17,0.20305319108030212,-0.46838567418879645
20,0.48912533268634184,-0.726139683938294
27,0.3019612677461688,-0.38927606859139335
38,0.4051767807223529,-0.41987580711519856
39,0.3358211140503017,-0.4938299402367279
44,0.5227626067513789,-0.6136260440575115
26,-0.7216196902056016,-0.2728172508227065
28,-0.6898298736093168,-0.38823787423966777
32,-0.5865644975604197,-0.449425029127483
7,0.5517339544732552,0.16552184181610352
19,0.610227043681938,-0.0796053086595651
9,0.12247376044092795,-0.25186996249932986
42,0.42877050174888026,-0.26775511217439874
45,0.3000497061549412,-0.20478061653912927
25,0.125685998198585,0.7288220980411483
33,-0.8887542105768481,-0.5000921683497187
