input_data/geometric_graphs/graph_sample_21 0.4963338375091553
0,0.14250040687529206,0.028332631581306267
1,0.16276225033015496,-0.16472002339887726
7,0.0024209477564692597,-0.020237591712450903
20,-0.0683557100974192,-0.1564662644849538
24,0.4048080539885308,-0.21124193982831013
25,-0.16606818232223097,-0.08118759770788482
29,0.389496813234036,-0.030675901696764037
35,0.20624282626303156,0.3065717597974892
37,0.0592360742921096,-0.2162201225467749
38,-0.04116134165463679,0.21222089032832187
46,-0.12232109107538477,0.13584391068190824
47,0.2957046244094678,-0.12382915234094308
48,0.37101989428174037,0.09404869206002014
9,-0.06872572401626383,-0.3248695198763097
13,0.1950103708746809,-0.37421531837535027
40,0.08840973826862035,-0.4270790280544579
2,0.0719289202145992,0.8561755532862876
5,-0.12939936219339798,0.9047777295203171
8,-0.04751838399864655,0.9889045111381305
19,-0.11595691033941616,0.718564296481308
26,-0.2045212444019225,1.0
27,-0.2943238225400287,0.9124323401859591
33,0.22484724389610988,0.6037244488405892
3,-0.3212640481504299,-0.28228819199503635
4,-0.61144780624218,-0.15180597038965446
11,-0.5866179972518125,-0.3607888437755068
12,-0.21690897247672555,-0.5112071763043504
14,-0.5812928847335306,-0.4535753283400096
23,-0.6240893055426476,-0.25461834159809
30,-0.45370698026858747,-0.12972051353303693
44,-0.497062396288663,-0.45469333128340894
49,-0.4485059607735804,-0.26970718904147567
6,-0.7629102062130237,-0.22911794463470997
15,-0.7504102565493612,-0.3667154011795014
32,-0.27723411328992403,0.7111085050288163
36,-0.7157311555846442,-0.490426050300274
42,0.02140179755918499,-0.6009904734096364
10,0.9616628468827416,0.13038048278199263
41,0.9204992480613793,0.30666480753111636
45,0.6601391739577829,0.2149474408670814
16,-0.5579988931729153,-0.6125604757965848
21,0.22299341142892612,-0.6697854256501179
17,0.6901030930076778,-0.33310047407488175
28,0.5643630178607365,-0.21555924807346175
31,0.5319512435532348,-0.44856805196091026
39,0.6306093275313831,-0.42990651572494554
43,0.6989647451955157,-0.20977314579894032
18,0.7907730054314608,0.4715635075523094
22,-0.19356880939248905,0.4360394642020348
34,-0.450747516585003,0.5733495810226217
