0,0.7694201746858846,-0.2166264859172019
7,0.7734727204097156,-0.0865236276515869
23,0.7493536564046123,0.028055765073035692
29,0.5675210020549037,-0.17029122485408194
43,0.5101835853774879,-0.07013249485524967
48,1.0,-0.08996003150750723
1,-0.23097336575379257,0.37665811712695335
6,-0.03527563967110642,0.5249614210653885
14,-0.34832183790093896,0.3928884398112704
17,-0.07546765072346825,0.42245459764233134
38,-0.4722213294190598,0.21973199960183237
40,-0.059640243542075734,0.2186328530821656
41,-0.24056790585523152,0.10568763614077711
46,-0.30175053484908254,0.2767515733340642
2,0.3219335646673338,0.7251518797004906
8,0.24815243255876657,0.5001326763146605
49,0.1352170428656269,0.5217142639150367
3,-0.5569087316455038,-0.16169262405221557
15,-0.32527355084552984,-0.09476739205476117
19,-0.48777975098510573,-0.28238656946327606
37,-0.2562235485729916,-0.17830495408388902
42,-0.4600992087651007,-0.017893052829214502
47,-0.6800481402233344,0.07211290523768422
4,-0.7080469777039595,0.36354136981383245
12,-0.7655520828502497,0.2544194125546442
20,-0.5681801061416283,0.37404802508580204
24,-0.6560263743628689,0.16571831424895747
5,0.04916492473775733,9.683064466031713e-05
9,0.2894349786570679,-0.10853812143632648
10,0.06043844823103367,-0.29276753046132625
11,0.16817036095399712,-0.14065238011506195
13,0.11532946056027456,-0.19157856828154282
16,0.14702002372663436,0.07338225425981858
18,-0.002605611835908377,-0.10585781485979326
25,0.23731844118432752,-0.009339832301137498
26,0.20548116242539624,-0.23684831109857907
27,0.05817814579658046,0.09742690616145198
28,-0.052164177532108245,-0.014121500751805727
34,-0.18166361780373355,0.027896071813642856
35,0.1452761537293776,0.2535707674548163
45,0.07285419477237523,0.7355362633519281
21,0.36323518293019186,-0.22756090801013817
22,0.3627577119553513,-0.34481324698021726
30,0.4647355623525313,-0.3414336663164528
33,0.08505291663002902,-0.5550482980302295
36,0.2283526095642281,-0.43988043383111103
39,-0.16666361225517837,-0.4358091418238887
44,-0.02027667638646874,-0.5360494256257771
31,-0.2765477110057358,-0.6429578551137913
32,-0.1997760706013234,-0.7387348511290817
