0,0.46255831718072404,0.7504997725020555
9,0.5759910393774783,0.40240189113579866
18,0.30953459307026354,0.9999999999999999
27,0.36420336284075316,0.7189837938003513
43,0.09384678308897738,0.7604427813932834
49,0.05616663644464543,0.8544097551129807
1,0.29309366580069546,-0.6532660712983708
14,0.44256163995192305,-0.31615417921595046
17,0.004329847344333091,-0.5330041713435608
19,0.08084575807114612,-0.31568136189785423
21,0.1731230873213103,-0.5335068576159127
26,0.186452197298673,-0.41867166840915243
32,0.4487280897116209,-0.4769051545047956
46,0.2210725529917784,-0.27092306402096133
48,0.2650887866883642,-0.534623710485598
2,-0.38136375209579576,0.5503095177973699
3,-0.28396885818707446,0.2238096412114683
11,-0.5800143050745632,0.3238908108161962
13,-0.1848791894049656,0.8222069997455541
25,-0.43185900702631874,0.4006671113525649
37,-0.16414446588590023,0.5488434404723985
39,-0.27968635825831584,0.8462802589065186
40,-0.5171437392986016,0.7027733726235943
4,-0.4284807796963596,-0.0706443156375892
7,-0.243714926156429,-0.05809764956286766
20,-0.21261677810665086,-0.14330301425912134
23,-0.18918466021620076,0.19342397066216707
28,-0.14777323299640968,-0.10759305687006047
36,-0.4136582196570216,0.08192629050582922
41,-0.031739882381305644,0.02219899409668727
5,-0.5308404621769567,-0.4583997904514355
10,-0.35357745412665387,-0.2404904301025533
30,-0.354677651771091,-0.4145292283359833
31,-0.265799583001478,-0.3756896378554337
45,-0.5399484473587819,-0.20787455666469865
15,-0.1631545193091145,-0.4962757359828566
42,-0.2896772006230578,-0.6972816553382973
6,0.27074104157332785,-0.21173183107156374
8,-0.010569521326578308,-0.1409856540748573
12,0.37134285444975873,-0.23257337208532006
16,0.1747319742171305,-0.02965199833583844
24,-0.03482512322226249,-0.28812822704856544
29,0.10956182371483912,-0.17814958053188984
33,0.2804951388841419,0.03401457763787223
34,0.4939522326952573,0.04373481789578918
38,0.30053853475173636,-0.13110167250134747
44,0.5174773173369963,-0.08854000851486515
47,0.6156959874670345,-0.23176307290490522
22,-0.0788351449150212,-0.425277070746273
