input_data/geometric_graphs/graph_sample_38 0.46683430671691895
0,0.6658196992398332,-0.17846543331891743
4,0.4603112091939227,-0.40360811317477324
7,0.37681389117989805,-0.11238301195137769
20,0.635425502622092,-0.022023557288836572
30,0.5696948562683144,-0.2822326599000646
35,0.4695584684991068,-0.186388414189874
36,0.5905859452959106,-0.41176060580244706
48,0.8197631028691098,0.05715933237046009
1,0.6037214959997407,0.22672118375038103
40,0.3289182733333652,0.15004590642038665
2,-0.25352099253947297,0.47744698297624705
5,-0.44980450965639074,0.3044998547538432
6,-0.1739312868548993,0.3314472501931643
10,-0.37934545512693374,0.30261701759279075
15,-0.32270432903011925,0.5609607035496526
21,-0.1630550558428972,0.22192124741554134
37,-0.4301340566498833,0.5022541067671992
3,-0.3854945536575436,0.07039276769370902
14,-0.4021417357359319,-0.002781268085038267
17,-0.16673732087994206,0.030688692585956003
22,-0.16842370371709114,-0.07565391509175852
23,-0.6859975277418319,0.06730294373379117
28,-0.46054085341703405,0.06968685273032184
34,-0.39302721085339387,-0.1765265953494833
41,-0.6204733776568709,-0.10356174681372379
16,0.701894732225877,-0.5393299452327451
24,0.28477437426803687,-0.5600442375132912
42,0.3158686537265918,-0.28020541658451753
43,0.19841553979261972,-0.2910375388495455
49,0.2631152901797961,-0.3358593548915536
11,-0.03243770677566834,0.10302615575230059
19,0.05714185913590033,0.391587805489115
25,0.06010618285995938,0.1359391392042549
32,-0.02650205660973306,0.30004409991818937
13,0.07616654148674204,-0.13329068377265482
46,0.23865008479213093,-0.049134377461192806
8,-0.6802618108116464,-0.25763877496288623
27,-0.46938960770945043,-0.45275723102239623
39,-0.6325759135597396,-0.3591983034847417
44,-0.5279833864166563,-0.33835734778470167
9,-0.010724495024837485,-0.14498415666575293
18,0.03241109827725286,-0.3129913625707415
31,0.20551416776314474,-0.32386991194694104
33,0.26937633477161765,-0.16261000390060373
38,0.13572635432981528,-0.05204418348942212
12,0.08157660786812568,-0.4253419997240412
45,-0.46618264674959603,0.7655482355231004
26,0.1548980020641109,0.5559027810434916
47,0.2560362670306943,0.34888709136012747
29,-0.5508949420561446,1.0
