0,0.33922657480695917,0.09239806730974195
1,0.34528049720313886,0.18207581323618047
7,0.33149231192868556,0.23100100248014127
9,0.2162869485482744,0.05076557908062412
11,0.28269192883770117,0.017233483269470953
12,0.2976448541685862,-0.04326895551543677
13,0.3537955625710447,0.12026037924358912
21,0.2236320865355385,0.13324066328050116
25,0.34541939945610545,0.03383100404188576
30,0.23429338602169053,0.07265919798447056
31,0.2550628651855282,0.13179572827208477
41,0.30162346024615866,0.15641465083505313
43,0.22833109023743772,0.20294639123723718
47,0.443738814013446,0.18030749102858182
19,0.2990201808243807,0.30365944569420217
33,0.249972412864328,0.27107049396677524
42,0.40549777573421164,0.3013853169813257
2,-0.8803992107193215,-0.3501859434532008
5,-1.0,-0.31499798146466407
18,-0.7697040788430689,-0.2862925704216586
23,-0.9803445544787173,-0.4249053291701354
49,-0.7584374762811901,-0.3866362689823989
3,-0.20839742784709528,-0.13301840364518133
28,-0.10935579131566942,-0.053451371815677905
35,-0.3035116453550969,-0.210792001699021
4,0.12601126244927896,0.18223058513327936
10,0.0788640652130023,0.06662203628910991
27,0.12369531813983126,0.1334191799731394
29,0.14392416485232082,0.3011398567256535
32,0.1632818384106249,0.10143830022227152
38,0.01735253310661935,0.11955854467264601
45,0.10723678664000597,0.04721972713436088
46,0.1749467728374586,0.3200679979922241
6,0.16908145818252035,-0.0051383952260232926
14,0.2528014003348604,-0.07588695794031254
48,0.036814748609096365,-0.03460998220310104
34,0.26992913544592606,0.3715414266095574
8,-0.4478450981356091,-0.38708208831748114
20,-0.3963390397076116,-0.29506770070361216
24,-0.5171567653187668,-0.34802327852462206
39,-0.49978316677748663,-0.4909505796071314
44,-0.4027534636359897,-0.43311950101649926
15,-0.032488407473185085,0.043659677915776754
40,-0.01268489396644336,-0.005004997132727444
26,0.3802935512629285,-0.08376478595178553
17,-0.09433509980386524,0.04703687150815277
22,-0.057841706032421655,-0.0989627758409684
16,0.34829427484001585,0.3934998636028212
36,-0.6464514079288504,-0.32571950555029905
37,0.5722917741126834,0.17840059846107975
