input_data/geometric_graphs/graph_sample_41 0.33215951919555664
0,0.5199456827093366,0.37977072969963943
2,0.3927828457555032,0.5169519664920891
6,0.3499293086569284,0.2744284532762472
24,0.4529353482908963,0.08936548982300226
25,0.3013826701122738,0.5215142702340633
38,0.45046396707211844,0.1496461550985758
49,0.40194029088807326,0.6623189627409216
1,-0.6876733368185418,-0.071027822212669
15,-0.4946819619137135,-0.15159778802192236
17,-0.4340213696038135,-0.040280599814629746
47,-0.6220413362807369,-0.2402159600289641
27,0.13313043544523592,0.678470599283452
3,-0.2685027541712319,0.2600573826904833
10,-0.2018004599065164,0.4001669070752093
16,-0.27339659270213157,0.41959448218422923
21,-0.03532297285928297,0.19915664524148952
23,-0.15853270282006332,0.2263029308733419
28,-0.436788088131149,0.2487492982386486
29,-0.32423177662117064,0.22642511246269661
36,-0.3893763771405118,0.1683270580663315
39,-0.19822570431368128,0.14965222952808943
40,-0.2233614816112986,-0.004870813518636753
42,-0.33902815842260736,0.412685164768248
5,-0.10542619355636272,0.6023929732426132
13,-0.18888301758900994,0.6379275710242786
9,0.21262598988837736,0.058482141137510456
30,0.29101637698155447,0.06612185655559669
41,0.26846755265009015,-0.015719533019903538
7,-0.3798905660307659,-0.43838760433778257
11,-0.4477943065000891,-0.3607453143422694
12,-0.3560236885494547,-0.23061033730459612
14,-0.5786266268326524,-0.4158615185651068
34,-0.2187931568184577,-0.24738700743098682
8,-0.08585990689299491,-0.239857671238733
18,-0.050559993082156786,-0.00927857626756162
20,0.05810847112782729,-0.07345473419442544
26,-0.10639867087178063,-0.09494400293710022
45,-0.21989266698299303,-0.09276846860111074
46,-0.06591250217392865,-0.4712594234313871
31,0.02077409886839186,0.06940482253085085
43,0.4436104633540198,-0.11733044882194739
19,0.5295311502717878,-0.3691263912115286
22,0.5732950931736169,-0.6082668035956604
33,0.3895842821916331,-0.5853030383519766
37,0.3359008978909027,-0.766039300944539
48,0.5563131473841542,-0.009517160709742074
32,0.3673654723698253,-1.0
44,0.12941280359533947,-0.6417723610756229
35,0.7125300205192112,-0.12229052228880635
