input_data/geometric_graphs/graph_sample_34 0.5231361389160156
0,-0.2352468060868219,-0.04318039288797005
10,-0.5533103628447794,-0.10340126586137073
14,-0.0918943812584056,-0.33046412835226213
20,-0.36014183114434545,-0.14970294169768422
23,-0.5460486319257992,-0.18758523904280075
25,-0.26473650996474407,0.2335785564461686
26,-0.0752879548933575,0.2000352059362813
28,-0.38647896833554574,-0.29037207815284416
30,-0.32890388561294936,0.12767963266433857
37,-0.010016941234381798,0.07409951572486477
44,-0.14339091035429824,-0.2760935795654985
45,-0.19840082019761138,0.2056103203805629
47,-0.3204917501224262,-0.3132009175002114
49,-0.14140562611945418,0.2966179691086075
1,-0.8274239021241226,-0.20930581333369816
17,-0.6235164442167004,-0.34820114399002866
2,0.4376408350450493,0.43624903671321974
3,0.19363767231975798,0.5662127146055329
7,0.5439094148132327,0.16550410096827783
33,0.14222593313701132,0.43388447628344096
38,0.3506459784483715,0.6598967629911716
31,0.09996286604483527,0.2692090968785227
35,-0.05931963818923204,0.42601538785239684
4,-0.29235769560468383,0.5345077225808351
19,-0.5427993267917429,0.38381571549185867
22,-0.18532603816924748,0.6164273830917986
41,-0.45854386637641115,0.3190006313209942
42,-0.2610214555337043,0.4251915454079741
43,-0.345152426405814,0.3871264694628375
46,-0.37987593565059796,0.5081890545463811
5,0.0786969118411104,-0.7443675952245132
8,-0.02572911612768465,-0.6502287326594097
9,-0.12956890167802082,-0.5289212253014428
15,0.2290280424506132,-0.740848372266383
16,-0.01805680650817755,-0.5580745699852487
18,0.16822433425594843,-0.48500625844880035
34,0.12027996648221814,-0.4191328942199715
6,0.5422233362336751,-0.0883066215787844
11,0.806795387484595,0.10421807267295921
12,0.3518164424267072,-0.2879938363325389
24,0.5679839365576019,0.060404270421016204
32,0.7269438406977309,-0.13370924629383887
36,0.2767430221536577,0.02549105151862486
39,0.738575179124192,-0.021543092361470822
40,0.43632602139367666,-0.11588039443916012
21,-0.25750559364512904,-0.5671647557422836
27,-0.32918189933421077,-0.5234939527859833
29,1.0,-0.08270251020255118
13,0.13660197892441797,-0.18151698683760356
48,0.44287332661599627,0.9214338519956874
