input_data/geometric_graphs/graph_sample_39 0.49957847595214844
0,0.059614096804355435,0.00203018107630659
8,0.011583520322039811,0.27184855089535925
12,-0.23270547822189538,-0.01679018220921969
14,-0.10631435107283174,-0.2651767809746696
20,0.16250308394092386,-0.27442544651477707
23,0.32213195701000985,-0.19843662418555408
33,0.024146642560642723,-0.17041558488513994
39,0.22249370073044508,0.042770106454413793
43,0.28335923249431044,-0.13369345361862403
44,0.24725250555173645,0.25961140721320775
1,-0.49343717676899207,0.16102019929963632
6,-0.41861738431505335,0.2257121012626385
10,-0.26666695217763364,0.1871733131548453
17,-0.5273666123803805,0.4113234036318457
22,-0.4069954009841089,0.006117385535316917
30,-0.26880599909113895,0.27915219799335594
36,-0.48171764992899246,-0.00325284021825104
42,-0.4477420924886728,0.4406204122584302
46,-0.5975897957015536,0.23521718496367577
2,-0.24780728759936377,-0.15447416243679502
5,-0.5311017445629658,-0.20561903674038462
11,-0.39507623364761957,-0.26597122838870535
13,-0.06944716412082837,-0.4227766540076908
3,0.15729145437906664,1.0
15,0.07805415222578004,0.728749612919878
4,0.04496293780393444,-0.5454022471579345
7,-0.145019729589559,-0.7214141307687612
16,0.3046000310725237,-0.428508781361883
38,0.14456535870346124,-0.41619191320287524
45,-0.24745426668538809,0.4467842771088876
9,-0.35259968473038045,-0.9124304708917588
28,-0.21785946421421773,-0.9946586607245783
31,-0.0585265975927665,-0.9944462080534934
26,-0.015917864324197065,0.4117357123438171
37,0.2319385263421854,0.5066530942453684
41,-0.08374074780692396,0.5400125136248091
48,0.15300420984078325,0.528772216322589
24,0.43794990766687536,-0.18042789585876917
34,0.49351113003472646,-0.30889893024008064
40,0.46047835963982847,-0.09147290537595991
19,-0.32994264014937164,0.6804480909349033
32,-0.5057528653538804,0.6514717468739153
18,0.5182345351454708,0.14852607135891352
21,0.6497291926358705,-0.19234904814270407
25,0.6200718778931114,-0.10841745384100344
29,0.6197273614885789,-0.01911157475838592
35,0.4517161165748312,0.05133711054665485
27,0.14513479845373042,-0.1709442585087182
47,0.3945976106027594,-0.10129982735425139
49,0.2095528835907336,0.07991941040219992
