0,0.7026428823154941,0.0923091228033851
6,0.5417140691882435,0.04961154210067378
10,0.7571416995931053,0.30070945339455657
30,0.7451886584969369,-0.23271137797967506
38,0.4596321782430793,0.41272653039740076
42,0.49350046779727497,-0.1548059976092308
43,0.6338857690934119,0.33977892182446295
46,0.3965944388844933,0.1595365288251675
1,0.10122050720626367,0.6222833187826795
21,0.16107356415858332,0.4166091029404736
23,0.37691769462399566,0.6973050587730565
25,-0.12074030568881472,0.5146346647292538
27,0.28456096885803933,0.30916594686286314
28,-0.05726010099175513,0.6578752713629862
33,0.20315109303082265,0.5748937557479846
37,0.08483320642885699,0.8164223717752573
39,0.26530637293035236,0.6919663551685954
44,0.10581291469680595,0.26384473281629506
48,0.3054114916471211,0.9418528122597469
49,-0.1666798143739675,0.7471112324685921
2,-0.24916565825911394,-0.3444095420223662
8,-0.6301566617704176,-0.42982125463735665
9,-0.32286985263217044,0.07955366324270373
17,-0.5377596865141692,-0.31866500138380527
19,-0.08888022904867164,-0.06403911108934951
29,-0.09224818049822867,-0.6810863472889297
31,-0.3220487043536723,-0.2150314518145535
36,-0.4711260986352755,-0.14434629049770747
41,-0.24377237423655476,-0.08328821241986781
3,-0.13647765221425673,-1.0
11,0.13950790929299853,-0.9236519640321217
12,-0.3852159984734371,-0.9012394464220475
4,0.27388669111426556,-0.7611279210701044
7,0.65299661655382,-0.7895655486358255
15,0.5724233513728285,-0.5905605263733017
34,0.4978587538856372,-0.81338038483984
5,-0.7745221846924074,-0.12230105180076532
14,-0.9223316108265196,-0.20015992757979925
45,-0.7765956935569419,-0.3773101136512171
47,-0.9064655110860302,0.16914178478304026
24,0.20936685876037797,0.042713669537445265
16,0.6564492917019678,-0.45428495221926446
26,0.8344335390967718,-0.5772409159679369
32,-0.62577150264004,-0.6746812625731538
18,-0.6035055757705318,0.2914271878939553
20,0.03328053507675467,0.10399520842427265
22,-0.3435352170926069,0.4237032494889884
40,-0.09494347258140348,0.2192003266065045
13,-0.9289393555485866,0.4183371666880913
35,-0.687780082562729,0.4969996222097878
