input_data/geometric_graphs/graph_sample_48 0.34831881523132324
0,-0.09957261166764292,-0.37592323590808485
6,0.15296356837234784,-0.6317798748479722
21,-0.009477273884003325,-0.523019819601093
25,0.14274457182355874,-0.3090601169880033
32,-0.2009729150417849,0.12894403225013973
42,-0.041204072043489706,-0.17320032158318077
1,0.6297013621421846,0.423310475056281
10,0.746173742412906,0.11963031691255029
12,0.6667324797539887,0.16704206171689218
19,0.8772240828139005,0.6436948279055706
30,0.36763581980798515,0.2422532651110522
31,0.9013523473664169,0.5121873237154759
34,0.7243981110151652,0.7483727646047603
35,0.59707359458137,0.709901966589459
43,0.7450905603038407,0.6155853787994319
47,0.4889087937429659,0.18466044005897345
2,-0.4874401408560772,0.2488982183055249
5,-0.30369590353296183,0.007078332341068491
9,-0.8088500508162796,0.21423632401470669
13,-0.41339132066467055,0.40548167682159647
26,-0.5931283240602242,0.004472701450382507
36,-0.6127949975602885,0.10974128126214354
37,-0.3263401050489186,0.11411081341810046
3,-0.40711182866584916,-0.24532542586063072
11,-0.1292818342520311,0.009880842631192465
16,-0.6772880567146911,-0.3511566235158172
29,-0.34268960738612103,-0.09640566969828596
38,-0.4853148606675825,-0.11542819746059806
44,-0.154108447887351,-0.11075454799563679
46,-0.3862820986641967,-0.38460806329465913
4,0.38805836936530796,0.09070045188852996
7,0.46569676591424664,0.01943748402332781
8,0.27446006878276885,-0.04868755892972407
15,0.16797691997017744,-0.027993882831564204
22,0.446695714765409,-0.09781961682332192
28,0.5109161014620642,-0.05463324333420855
33,0.3653751781576565,-0.24822687719042258
40,0.18117421605361472,0.09149845637925373
20,-0.021532180806473192,0.02022407697233626
24,0.18841057065155245,-0.4393365311264689
39,0.2520372878968088,-0.9148562356965113
27,0.7321780518908794,-0.09547907038498639
14,-0.7834807674434636,-0.11235461546074108
18,-0.6760670012275453,0.5225563793044242
45,-0.8014546382103487,0.03714991484667054
48,-0.7972670520853118,0.4405328986509617
23,1.0,0.049954475695047816
49,-0.9379105196116566,-0.3636970486695882
17,-0.6369987133155522,-0.5726869300372814
41,-0.8793229569325999,-0.5891036734870735
