0,0.7214084887530973,0.09224455250272394
4,0.39309045751792426,0.05367317390389964
15,0.7985199851306551,-0.21143116835633996
17,0.7018397084941411,-0.09463276338585674
29,0.4469763432898717,-0.12222475992001823
2,0.18623109784527223,0.6751489192659185
7,0.33951829996797384,0.6152104856061625
13,-0.18839518245656342,0.8191106737684095
16,0.4626392662791105,0.8470351593698339
23,0.34498507106652665,0.9045464289549825
32,0.0880346940095781,1.0
33,0.10052694485222592,0.6846243523581304
36,0.2738003137744768,0.9875233108613272
38,0.16804322857378198,0.32761433570714305
49,0.03933425007892504,0.9006348110342592
3,-0.4686849997026699,0.7412785560919484
19,-0.6782509423709817,0.4724348220113673
35,-0.3787557543805892,0.38631180559377953
44,-0.4731567868028993,0.5770375267449691
9,0.29969216471200266,-0.33199547163354326
12,0.2497439584657486,-0.2665787723012147
14,0.11076030386615024,0.0119181522468549
5,-0.03275628265818845,-0.5750937514656969
6,-0.3284629731914424,-0.33283281167829776
10,-0.28133812041640965,-0.40706460100686515
20,-0.07814334532644805,-0.35532630270485754
26,0.24143415781540398,-0.5780167321680864
27,-0.1790655666414469,-0.8813127968434061
28,0.29659018595400777,-0.6496682759547928
30,0.33192085044023834,-0.4797335639307595
40,-0.302138455856948,-0.5838918100786836
42,-0.14381175862416112,-0.23303420869293923
8,-0.13167284602837778,-0.0583157823478069
18,-0.23979650097989266,-0.12233326105323644
24,-0.4413292980301288,-0.387444997002813
43,-0.6275754282783788,-0.3562267807916399
45,-0.5898707851087482,-0.5623499986629109
48,-0.4105151189770332,-0.10255923680464998
11,-0.18604261807005565,0.1216600131994646
22,-0.021766411304023726,0.2396130688157294
39,-0.1424356870867077,0.25626212764873224
34,0.47131995072557786,-0.623899147457169
37,0.5483877656934678,-0.5231789601379798
41,0.55448990741904,-0.3777938975351638
47,-0.4947795629654548,0.21039191700574636
21,0.8549959558802844,-0.422778129487905
46,-0.6099590377179944,-0.6949042399422419
25,-0.8903827430755543,-0.5486696946831641
31,-0.705197144554384,-0.04098227666334206
