input_data/geometric_graphs/graph_sample_37 0.352642297744751
0,0.2403265794926418,0.25799373484978966
1,0.16892363423548756,0.4209644677798844
2,0.09480529689817235,0.48978969351882784
8,0.4277039132047782,0.09906743684136674
15,0.3605103855002344,0.5119748285241111
17,0.22021482090055686,0.07837844303767036
19,-0.10769737562322958,0.3624297650707957
21,0.18229840777308431,0.25353839977114434
23,0.11330160417455447,-0.03884828037634377
24,0.44085712000355726,0.42343477549203556
31,-0.06824493108654253,0.20753471001703788
36,0.07614183708963336,0.28607679922767326
41,0.34919922096826833,0.005904551536222693
46,-0.08718548768747868,0.15565441443723638
49,0.10542697633833745,0.12082894905731967
4,0.3196923817068924,0.7019615876755886
13,-0.07752709351578387,0.7470145137197051
3,-0.5460950575066895,0.3493222419229072
7,-0.6698354011867363,0.4099446052297149
11,-0.6833823387018613,0.14698533747985656
16,-0.6858086584130038,0.29827326080001343
20,-0.2082037240544392,0.46922816790054966
27,-0.6522595071516856,0.05556598370168779
30,-0.33714382355996947,0.35917803844275115
35,-0.4453257621964883,0.4541002060628812
37,-0.3943139181740838,0.19261946281324854
42,0.5832898598877091,0.6922030556603087
5,-0.04111050582664214,-0.33173960660929147
29,0.10840148834049596,-0.46359264158157526
32,-0.30952865090773884,-0.5406273220207237
33,-0.008955632809176389,-0.6412809654293301
40,0.25335459441671404,-0.18443583525547355
43,-0.17092639635853038,-0.5200833092816355
44,0.026272163552934696,-0.1343258015633172
45,0.14037408043104746,-0.3586947724903845
47,0.10378008673015071,-0.6202342186221671
6,-0.1806350347500774,-0.734418488663406
10,0.6550153149747251,0.30724107234094206
12,0.5889138819367743,0.10661084395291304
22,0.7073646124495109,0.03437618248239229
9,0.32066591333132166,-1.0
18,0.19099362673935114,-0.7965979586004756
28,0.4965581070056546,-0.8661730335526956
48,0.2727986867670075,-0.6660707747432775
34,-0.7369569471358548,-0.20946138074112775
26,-0.33224033248797286,0.7275522138148065
14,-0.6575514049051258,-0.49642998450704456
25,-0.5171138779413391,-0.4875781236994676
39,0.37085726713085354,-0.6351552454236449
