input_data/geometric_graphs/graph_sample_35 0.34388208389282227
0,0.3889677757836871,0.09232854124126272
6,0.6520256537529696,0.11587435751020958
19,0.6655574448259265,-0.00824065641293299
21,0.2749892507611477,0.3674697876963591
26,0.1332417697839635,0.1712739620350039
29,0.7096791201543083,0.1902556323233662
32,0.17818155360047952,0.33813508906605294
34,0.15135410806002747,0.08728618653961005
39,0.5217112497060232,0.2675700765802546
42,0.546983866793376,0.3741123981029596
46,0.22920101574706084,-0.1603334944265906
1,-0.05774102170682796,0.33672975831209256
3,-0.2215681840410334,0.5336576516820163
16,0.07659063718813795,0.5125646646671486
17,-0.32508595209182195,0.4794446865759847
23,-0.3584212440153843,0.2908505404039828
2,0.48629625947526506,0.8450745562954254
4,0.21470929079847123,0.7900030482804247
14,0.27953685075079987,0.6793283973335068
35,0.38963169692086574,0.5579111307262473
8,-0.40639263087823246,0.6616138409270562
11,-0.4816296290468858,0.5980070337354584
25,-0.5012672074388003,0.4275790865231225
27,-0.5878644365800881,0.4477250832203598
5,-0.13478162156153298,-0.5007494862844
15,-0.30453492688611605,-0.4634569635577707
20,0.03162170168646057,-0.6085137780544678
22,-0.09674387828681422,-0.6777563150362315
24,-0.057389932440859964,-0.3166133326458895
38,0.07866077686292826,-0.6803823594978827
40,0.06958009695178406,-0.4220534456453318
41,-0.26588780230850884,-0.7718841846629654
43,-0.33380451644855824,-0.25766277378836344
45,-0.17090931586312597,-0.7802065558830095
49,-0.23081522485175024,-0.5140036924179031
9,0.8397474519630244,0.2668579807827544
13,0.8553015709465857,-0.051856182964743314
7,0.8228567402327492,-0.2549670608147856
33,0.5619726301702286,-0.23659949084215628
12,-0.6456075335990522,0.6551331805370308
10,-0.28862407831969145,-0.9610166593479896
18,-0.1352584020186901,-1.0
48,-0.0014719656666792862,-0.9625462687615731
31,-0.8357348144343301,0.40091172105979295
44,-0.521228598067528,-0.32752657362709464
30,0.28113424531206643,-0.4574290458406057
36,-0.6381670772157203,0.17625839863104867
47,-0.4766112529603091,-0.006153939046820361
28,-0.6109479489362004,-0.1355656566003845
37,-0.7510435625637945,-0.1084388746286393
