input_data/geometric_graphs/graph_sample_49 0.4428112506866455
0,0.43756338501112374,0.4268504948587252
6,0.32698504088260044,0.5349654001792584
7,0.10267347638637693,0.6157175597283817
17,0.2667277736456267,0.6626072082970098
24,0.5407472752579107,0.24802230976084289
26,0.40801411949974176,0.7758499435837982
29,0.42777330862196933,0.5408776164878665
31,0.5287576542758391,0.10105573002421779
32,0.32418372008632074,0.2993497359206265
36,0.5553402811152351,0.49813684917859885
38,0.2695665124906383,0.4549719719030558
41,0.6993744022193321,0.3692710477282063
42,0.1436162361577132,0.5116658315912551
44,0.7326524747202323,0.26166222172645065
46,0.09840154926066837,0.31049773804561953
49,0.38747769207700894,0.20681860963639276
1,-0.4899996470232989,0.4959131860359522
2,-0.6329190435514086,0.2125468442651568
3,-0.780222690248055,0.3357736737425753
8,-0.6969652008078762,0.5827871360752829
9,-0.8141272258593122,0.47957355383589495
39,-0.1611362331599197,0.5438262366285262
19,-0.41143461817153454,-0.08591655473817743
30,-1.0,0.25128604406138183
40,-0.7068865804806527,0.010459039825921477
4,-0.10838017275091218,-0.5085953860567902
14,0.15533455468117244,-0.6070387160745649
18,-0.4109173977554434,-0.477273599622329
22,0.24403101757788573,-0.6292944661110595
23,-0.0706431029226267,-0.59234436968757
27,0.14139047385472944,-0.3355534745803576
43,-0.1914344540151944,-0.7433952826096629
47,0.03936771828049705,-0.8612056654422043
5,0.4716916813594871,-0.7575091164361627
25,0.389211023007745,-0.4812374877842624
33,0.48233147351301264,-0.4492188493407063
37,-0.03347197278285997,0.8264901999995844
10,0.6671305983949541,0.012833022671260276
28,0.3403235300800772,-0.11943770299331556
11,-0.9755090751139008,-0.7833845303249285
12,-0.8233958079028335,-0.9502122828280088
15,-0.7399384074471747,-0.6066079238304719
45,-0.636728091654792,-0.7187684515718297
13,0.10274676651998645,0.11607040583915086
16,0.25724519882579483,0.002414628353076457
34,-0.06824648447631612,0.030436742619172057
48,0.1698489382802962,-0.024488480886568322
20,0.38264242609235005,-0.30787986484875557
21,0.2680627015339605,-0.3173848102640723
35,-0.6088567975861753,-0.361983966571443
