0,0.6393889853652868,0.5074391877594867
6,0.5943884298533344,0.6946487913207107
16,0.4660078517384239,0.7337199744846612
17,0.34654361756728497,0.5672931170315281
26,0.4112070614452279,0.4227647184443703
36,0.4527898660423335,0.24168592656525656
47,0.5237154570265617,0.5341553704093734
49,0.6231899559385806,0.41682211356232735
1,-0.05346061138852667,-0.15478839600217909
2,0.1893116739288551,0.07823312223543445
5,-0.02848238644479755,0.01380885996821026
30,-0.17166472562327828,-0.17757671070919243
32,0.09016934770119475,-0.04917931827251541
41,-0.13626677226994435,-0.483458283347598
42,-0.13915570274376704,-0.29909102168893575
46,-0.3388056333728807,-0.11309760894724649
11,0.4964773746340428,0.010184736161340248
24,-0.0034762631049096993,0.2851013128646226
31,0.23313853577294233,0.18073860446457907
43,0.32812345573765994,-0.05308378487777309
3,-0.7092862449854345,0.4212346648138134
4,-0.47772742733286677,0.5549080309989178
12,-0.9840304891701158,0.35493590983451
14,-0.8583064578810635,0.20602139250389992
19,-0.5684132641319866,0.1175276351823504
20,-0.7224111226406985,0.3170529575228062
33,-0.5964507993138853,0.30123227829249605
37,-0.8029028086259533,0.09231963778963177
22,-0.1805700989523838,0.48086738353712916
44,-0.17383218174521048,0.5836392983149902
7,0.736906892073814,-0.43798696145812893
15,0.5323650852159775,-0.2779822804637323
25,0.809059528768081,-0.3513254160787753
38,1.0,-0.5572764492352342
39,0.7286445172059217,-0.5657470906704194
40,0.5929789294709032,-0.2068246343201619
48,0.5434021695498508,-0.556742669410196
8,-0.6349042997357346,0.020890441402432926
18,-0.5731291110573773,-0.1486358258330945
29,-0.6662041032910982,-0.14904600425202066
35,-0.5003210081289322,0.01771017862246753
9,0.07100661525765127,0.5231615327039956
23,0.05477572970420407,0.6196619349421867
10,-0.40249525072612,-0.4437633004200215
13,-0.6614590267511875,-0.6210889258741389
34,-0.520733324107156,-0.7276603804932326
21,0.0007236083746857662,-0.7583534582544071
27,0.2853151056347243,-0.7152978384995697
28,0.12239891949672993,-0.8770664346064726
45,0.03246040002103556,-0.5726863180184817
