0,0.07509096204474869,0.007054198959700629
11,0.16657741195345943,-0.09641279735790848
12,0.38191131071139994,-0.0550277890195002
16,0.292185709409872,0.0687657773906005
17,-0.02575468589917201,-0.23728992153568618
18,-0.15147359308031524,0.046500501330288505
22,-0.12458399386303179,-0.28782289128264277
23,0.3490090467493665,0.15743600952495945
32,-0.13892053872594334,-0.1717490086513022
37,0.46832223195473754,-0.026569874643284724
38,0.08627497332152793,0.2939918166968674
1,-0.14890627653667043,0.7090996733440237
4,-0.3633391437783076,0.5220274760426873
5,-0.004413716693691038,0.8906854807280574
13,-0.1598784247326254,0.3717223606823323
15,-0.025919716004575793,0.5556461705384741
24,0.15172148948979117,0.8970970663700948
34,-0.34904011867757295,0.6255752445061272
2,0.32991034794191426,1.0
8,0.43115625369842353,0.7199646197072869
3,-0.7933222661376638,0.20218278126786615
20,-0.6628556825393166,0.519752468184764
27,-0.6704640864346266,-0.11387093749657815
35,-0.8992055157539313,0.5178561454983381
36,-0.9564732202694118,0.3668527804460499
6,-0.35177723936723876,-0.20898588888124908
9,-0.31014420322601766,-0.5535784755248195
31,-0.3700991585375943,-0.3682159373572726
39,-0.1690461097742216,-0.4510759540513917
46,-0.09947011877693857,-0.4799581397123735
49,-0.29011625712761274,-0.45398340050481956
7,0.36962937507481186,-0.5782002929564604
10,0.2759066306608991,-0.2803047317424317
14,0.2527007988215133,-0.5801387916140194
19,0.11030778757837957,-0.5454592064732786
41,0.22621710740742854,-0.7742443259042622
42,0.19970280174563138,-0.43355160167670304
43,0.0446068865055194,-0.4740345504148119
44,0.014222671215669176,-0.6985883620051481
25,0.7242960306040502,0.6422673772119227
28,0.3093445081349612,0.4302457722606604
21,-0.1728419019357838,-0.6450753733226657
29,-0.16918836059911943,-0.7529146951157307
30,0.42132006888870965,-0.2073618040337796
48,0.5318986553663467,-0.12935665486131126
33,0.45585560042643564,0.2681329282560526
40,0.17661280727839931,0.3731627508849163
47,-0.035318508407965944,-0.9543708273608285
26,0.5977713698953521,0.37212283366818827
