input_data/geometric_graphs/graph_sample_5 0.44153857231140137
0,0.5367526458201114,-0.38966348579701815
11,0.6639685623461484,-0.2654480101363654
19,0.6764456949299158,-0.17546497686414034
21,0.348903912794905,-0.4952992081722112
35,0.33590992825678934,-0.1944095860544975
48,0.6807705310211529,-0.5635844794252596
1,0.1496397484760075,0.717526989934137
16,-0.1277326584211935,0.9389731344267385
23,-0.13502643802849376,0.8182805209243129
25,-0.11991236883779013,0.6196847348062982
33,0.42326460348372963,0.8732652093778237
38,0.14132333993046498,0.379961182588984
45,0.32009785472159985,1.0
49,0.11645717367300279,0.9906905358659458
2,-0.6354699995223007,-0.3857679039961386
12,-0.4906474385881021,-0.5057888641380188
24,-0.5533695559587075,-0.17274606011322036
47,-0.2654047212391271,-0.33895439913579684
3,-0.2667127536367139,-0.0638327417747372
4,-0.0028649365741799495,-0.24121249859613741
5,-0.10638497252516352,-0.03175055206776081
15,0.06059736904794263,0.03376409002074029
20,-0.3967405353367956,0.2920630724821024
27,0.12283287479024238,-0.12683958664300438
32,-0.25530678012474695,0.027776966605631587
34,-0.4717207735819007,0.18730891587761056
39,-0.4130312268568257,0.06418420136740244
40,-0.1131824682153714,-0.2392172955639882
44,-0.10706102500736608,0.2046504537953728
46,-0.31016851748266244,0.2523515908240331
8,0.16500143437388032,0.04542420022909822
29,-0.10130010505767896,-0.5704450806641065
42,0.07333949806227293,-0.3725383113931104
43,-0.15552811139309838,-0.5470733873124664
13,0.11578458131164494,0.20233613894557448
41,-0.11962649792509,0.2839065207180462
6,-0.2702116406935828,-0.8653227894311457
14,-0.152790392839801,-0.8723819556795989
28,-0.33464811565121066,-0.6401260023347642
30,-0.38572397272679393,-0.7725899380929832
36,-0.049163471270926705,-0.831064304248874
7,-0.5783036546038208,0.4689491274171971
22,-0.3949229402102905,0.7844248658651012
26,-0.26302500008051977,0.5171763658296558
31,-0.4496044670088591,0.5646880509039499
10,0.2652434674217217,0.2603069221588624
9,0.9448940738676191,-0.42501352761418176
17,0.9174406035262808,-0.3129385756454702
37,0.9669176415436808,-0.12822027006962353
