input_data/geometric_graphs/graph_sample_17 0.4414956569671631
0,0.711549674016251,0.2688649232604462
2,0.49882722895896264,0.177044431659596
8,0.8394692859745149,0.19491967844760716
15,0.7161954451599143,0.44285047410940437
24,0.38430608314757736,0.43185101396194703
35,0.7284137260099518,-0.028891298695817302
36,0.5111177558498504,0.11457642949948169
40,0.6617152776760031,-0.08287592008013735
47,0.6198729566285548,0.4585306256805303
1,0.5387909635628699,0.7183573264450506
39,0.24218268668684625,0.7362842229387392
9,0.17721497677617778,0.21327800227057803
16,0.35300809436806896,-0.0818007749055346
19,0.18799367010855492,0.08197043263501247
20,0.5889822562691037,-0.24131174808260883
3,-0.5654237879466786,0.5639197599808218
7,-0.30247277396274463,0.6945723999509031
11,-0.7825151058990256,0.43477884958997876
21,-0.502805029496187,0.178383303534586
28,-0.5859288018888991,0.4342314612953638
34,-0.7726699407715417,0.32049509089619804
4,0.9275569060685819,-0.2652553429729855
5,-0.5342118114918692,-0.5939303276166532
6,-0.17562524321410564,-0.42825402778940275
26,-0.7891091055621481,-0.4438004338421895
31,-0.3667600376563746,-0.4689437777115614
44,-0.211249774544873,-0.7237372146848616
48,-0.4175389632762036,-0.6435957644274012
10,-0.010239288735900274,-0.0852441561117914
17,-0.22316275294876808,-0.36836605639601855
22,-0.3519056359587177,-0.11655616405367776
23,-0.2816322755593623,-0.20750446211397358
27,-0.0879222786202094,-0.6693272531649558
29,-0.0366286936100118,-0.3555506030718586
38,-0.15413718796091075,-0.21365324734785024
14,-0.10094390162192285,0.6102030440140775
42,-0.04122003509634978,0.8405387117053362
45,0.05778563353011224,0.5201040350821621
25,-0.020209651873388836,0.3031181156012704
30,-0.16330331023189248,0.2620994928181737
37,-0.018087202849103087,0.203352351155911
41,0.07508242556551882,0.03598257928729144
46,-0.18501096954894503,0.08866620702738365
18,-0.8166573014751567,0.1561796731242968
12,-0.7729441884823819,-0.07873918796864297
32,-1.0,-0.1587462977230135
13,0.18495785348615412,-0.7998241509887623
43,0.5316136659041337,-0.6093927682916033
49,-0.03693023850355668,-0.9688414033118564
33,0.7706087230395244,-0.8510102546189897
