0,0.19445892051974628,0.018133498456436692
1,0.06976953887147218,-0.0559149066619714
6,0.07948092756077091,0.16562137298224658
8,0.20974098208772182,0.22199860965308862
11,-0.07458900588235946,0.1040773548426975
13,0.36522201212973165,0.20154802777921452
14,0.2228471787198471,0.12667982706198125
18,0.3859870240021668,-0.18797836423170156
19,0.36986769860388763,-0.07460798544571971
20,0.11410534489795043,0.2432780386462942
21,0.07444841033375264,0.34166319155123925
22,-0.0051808184964692045,0.23773109991396996
28,0.21549810012563653,-0.25649105321539417
33,0.46084505380800983,-0.069316865467269
25,-0.19808970884953245,-0.11603101808124935
38,-0.05546145334238095,-0.29604603931311635
2,-0.42303411256389456,0.37638671864499984
3,-0.2440998391415023,0.32161261691247645
12,-0.15437114106701094,0.3381496382306168
16,-0.6308502229310848,0.1724357944957007
27,-0.5019434858871941,0.3174071463823912
34,-0.7222643561997674,0.41580909593502235
35,-0.5236931117969545,0.23658508734391084
36,-0.6282034697439808,0.49278198956458297
45,-0.34315321296826673,0.10581028719005278
17,-0.23927820070383216,0.6180237232969694
39,-0.07632282890559144,0.5049371455190839
4,-0.9643668441835251,0.4889558565379835
15,-0.7944158825339808,0.2942539876911059
5,-0.30345984915153384,-0.386160734517498
24,-0.23175578234256072,-0.38843954570561784
30,-0.07630587028784193,-0.5767433298580014
32,-0.36432586144166523,-0.18918788335981393
37,-0.19527151818467617,-0.5539240149734952
40,-0.5210152872437079,-0.4198229791578891
49,-0.3698629987489755,-0.6284888677920262
23,0.2771601743827832,0.4067008614355137
7,0.17060267368713078,-1.0
41,0.08325144801292367,-0.7516532920002355
44,0.18747804771840595,-0.7338654049751243
9,0.2068126096992749,0.5964567394793155
43,0.48140816958135646,0.586967306439717
46,0.3687768066546458,0.6863488415812701
10,0.9137116233667829,-0.23223394793211066
29,0.7557116288731088,-0.417781318072114
48,0.6517945552516121,-0.18440933236195017
26,0.578542967277871,0.12703919171327469
42,0.4997532655930579,-0.33191024731784796
47,0.39195352566495334,-0.3620019324611288
31,0.31208617517368814,-0.5343839863798819
