input_data/geometric_graphs/graph_sample_23 0.49553966522216797
0,0.5031357268500846,0.5989421788524871
4,0.31421375922280326,0.46896228886936786
7,0.4367669796689816,0.3130391384682981
16,0.37620944994823396,0.6594205989230019
35,0.632038177773251,0.4508084273710588
1,1.0,-0.5260262438007057
22,0.7739480028381613,-0.3689793223056117
2,0.09860900861044337,-0.024084650934405035
6,-0.15961475513031426,-0.21933381973429777
24,0.2157888571070792,0.18710588177741042
25,0.3636022860754275,-0.07041034124878383
29,0.11606872042333592,-0.11071852221379969
30,-0.18394738203962363,-0.1585816879506759
31,-0.07182260378981649,-0.11076987616894335
32,0.16817198436080544,-0.2943772715719888
34,0.3824865885947545,0.027431169568170308
38,-0.06263973136297349,0.10510307087291997
40,-0.15580522546810535,0.04801733362968751
43,-0.1898221619938723,-0.0768191552087379
49,0.3204502029900346,-0.22716235714246044
3,-0.630222042953649,0.023796771389251185
5,-0.8220047550055526,0.02381125433975167
10,-0.33971285887688424,0.07366288540149522
11,-0.7590843249498542,0.27170506716839266
13,-0.7071712362279933,0.35318358232256414
14,-0.7937687803969745,0.14404684069673754
17,-0.8727770450941253,0.2624331659675477
36,-0.41738777521122383,-0.15196026129035128
39,-0.897463896918372,0.07016951592297713
41,-0.9152490680752116,0.17158365463618674
15,0.3948809865439327,0.41361965529482253
19,0.6070433412015988,0.6460994642587987
26,0.49319074142938074,0.19709472012366092
28,-0.83913380497739,0.38792964165885047
37,-0.5793170086301676,0.24544499128615663
47,-0.6140614777998324,0.1463852591766125
12,-0.4034122369986034,-0.3601329628891925
20,-0.3072912511827213,-0.12927827711697565
48,-0.3162238033801397,-0.3942539204533029
8,0.15794308814489902,-0.5491326508136511
9,0.349320428247497,-0.34077694194831737
23,0.3808436166430451,-0.517136505443067
42,0.23956820996648212,-0.40972662871305077
45,0.2763104929826107,-0.6197707355634442
46,-0.0366915726376753,-0.774631529360878
27,0.4981969566207505,-0.24887702295653333
33,0.6114060731399361,-0.17925064043136668
18,-0.3400371555254286,-0.6664858436915986
21,0.8924632851178949,0.5371192204936005
44,0.812004990125082,0.7017613904823314
