0,-0.05678209331105016,-0.16500091265192077
4,0.00791024618064675,-0.3490389939289715
8,0.07415999646919745,0.08443589762548716
11,-0.08547035970971206,-0.05787700349336978
15,-0.0034951878239420863,-0.08304552724656286
18,0.20570447483260954,-0.2739781296432546
23,0.19698613380790247,-0.1162545721394355
34,0.11528482059437206,-0.27201201027290756
36,0.15019899556665897,-0.15582675356238243
44,-0.20466871443509008,0.08738226631463318
45,0.005177351699148352,0.03134234231956926
1,-0.3476786453452295,0.22669738731906647
2,-0.10353012776197182,0.2037951601234522
3,-0.5010077230397622,0.49301664914369575
5,-0.39778349058273693,0.47805808168705066
6,-0.5395404095925507,0.2799081022808764
9,-0.10584431289544736,0.137028931525469
21,-0.25609579277589,0.38228493210086734
22,-0.6014850274772366,0.19537140801074182
30,-0.410503024683446,0.060816080641560695
33,-0.3642364028202288,0.3359598103362814
40,-0.5140406925690814,0.4051886517036325
7,0.11115459614955532,0.3779551849393172
16,0.1474078116197619,0.2766017514752498
19,-0.5362531147725095,0.7229071680799448
31,-0.2784790480764306,0.5990546990445491
35,-0.4395069898746185,0.5985265203673681
41,-0.34742575404655524,0.6164237348994484
32,0.283879628770134,-0.3773093213854833
42,0.11531785594578776,-0.5232504540468556
46,-0.07595402936804181,-0.6040538000771614
10,0.29637961950590325,0.5008993878856013
39,0.3986199069653983,0.3531816556219401
12,0.21161136832193825,-1.0
43,0.11309914973470542,-0.7748994207820383
49,0.3583495701736687,-0.8448624669762581
13,-0.6790451417215084,0.031485993381987064
29,-0.6263443212047659,-0.12210642339128684
14,0.41514374505231977,-0.18288644535812593
20,0.6754591106183231,-0.1275427749777707
25,0.5943203534364788,0.01492949775805841
28,0.44496577559720185,-0.3863097137341673
48,0.6411784146120344,-0.05597550800025236
17,0.8272690198902501,0.016023425247728526
24,0.7912573820312203,0.13036420327200243
38,0.6272280271665905,0.19461827357807532
37,-0.37389069485486226,0.8400373010540727
26,-0.28059558035964033,-0.7640373182378698
47,-0.10578466102196814,-0.8393167028775191
27,0.42737798538246846,-0.5987102449541339
