0,-0.21375931128620862,-1.0
5,-0.12130909771697954,-0.6798309142660857
16,-0.3574026456916934,-0.8063691049308187
36,-0.4697113361359862,-0.8021220841432638
1,-0.30951750415146106,0.22211134968354745
4,-0.2748500544030926,0.3746940798352326
9,-0.578384593300318,0.18165773445585853
13,-0.1128304433780471,0.4408520610567655
20,-0.4057889381492422,0.5971812383237278
24,-0.4573334582939996,0.03395995668221572
31,0.0226930024276939,0.2630956648360843
33,-0.22182202025245085,-0.106092308980699
37,-0.3803498952514508,0.36187958579427715
42,-0.21870116175504098,0.14791624400019515
2,0.13966575885842053,-0.8642988140259075
7,0.19135082170423465,-0.5606371228513902
3,0.7120743682587379,0.4538111854650305
17,0.6559770990760782,0.5538051452689856
28,0.4487878849768722,0.519698807019203
43,0.6002442720925902,0.22443498805148848
44,0.5481228600812958,0.7900192082438128
49,0.3651518139343362,0.36160121902134945
14,-0.2819161833757933,0.7022939013320711
29,-0.03928968715023683,0.586900413513639
12,-0.030105584851936415,-0.3728343217977605
30,-0.31012485395788153,-0.5326695154139999
45,-0.4870466528826979,-0.5583847197957309
6,-0.5261058731738956,-0.2916184723756672
19,-0.6416933522742301,-0.5312672645846808
23,-0.43939211044586196,-0.2805869041893155
27,-0.21561323733482218,-0.23846126175318247
34,-0.7516949822012766,-0.09510414965118147
40,-0.5603359170243067,-0.17417359219408196
41,0.28378321776423027,-0.3179972252291571
47,0.12386180872619411,-0.2177310943910124
48,0.4708986587131945,-0.3028579028964896
8,0.0749782870951703,0.8593922007921208
21,-0.02714145623720461,0.9162241392504177
32,-0.12976587944040524,0.8261365800602668
38,0.23832445068789326,0.7095650699820168
39,-0.8042492361236051,0.05912593512355339
10,0.6903717176127789,-0.41336714291973475
11,0.4751253585524311,-0.17561307030414613
18,0.570212514547278,-0.525139869561906
25,0.7840109740972531,-0.3493791209329493
26,0.7534003555573403,-0.24304009223292014
35,0.7210549766713561,-0.07119497955774191
15,0.3000822675332898,0.04299696841174741
22,0.018652199318827768,-0.018817259257485435
46,0.17741079795262782,0.30023463203370065
