0,0.07073157684118413,-0.23321558511022178
9,0.3775480663975268,-0.14603111047414966
15,0.4255569561728789,-0.41257633198780724
16,-0.12411664440072569,-0.03794629549024433
18,-0.1236285451691323,-0.38452378657817804
19,0.08207836981741228,-0.41083050727940473
22,-0.02507343311974266,-0.31470327905483586
24,-0.07850138341731105,-0.6036178660664125
31,0.20832279022396313,-0.11283651031608521
43,0.15895500500234566,-0.2854906400186297
45,-0.26866727167813426,-0.33212992663854035
47,-0.01296740666005051,-0.6859544817324525
1,0.0011370807989608339,1.0
2,-0.18668548238416516,0.6248714233558347
10,-0.29128584854594397,0.9910275461757523
14,0.0755206590126908,0.8813388603377706
23,0.19570714113657756,0.6967419230244344
28,0.3471753554245982,0.9030981475212507
44,-0.07381050124943772,0.8600084155567482
46,-0.3035095606684853,0.8691287879136571
7,-0.34324315373105635,0.25528553857384956
25,-0.49212521860692116,0.8793675226678653
36,-0.47213973792096386,0.5836201444414069
3,-0.2154392175710643,-0.6573049760674716
4,0.13921978127416346,-0.6514968118770166
6,-0.47204107692932074,-0.6915468597431402
13,-0.2988985415404717,-0.5035096123324179
37,-0.5127110775449862,-0.40834321682825636
40,-0.39218683950246963,-0.8269371374482268
12,0.13839597471680493,-0.958468967673759
41,0.3983312238792666,-0.7562779157176834
5,-0.4468030980358212,-0.002844465453747173
8,-0.6500241492624245,0.2963284988869967
17,-0.52247064112652,-0.05713392444153617
20,-0.3320474528584024,-0.12430603252010186
27,-0.6321325796116132,-0.2814269112636447
48,-0.7419046872805013,0.09168984635910671
11,-0.6687971100245383,-0.6326001245427902
26,0.7613574985966085,-0.17397338951397115
32,0.6053611858652623,0.17665789383318667
34,0.6002835128006643,-0.19593448599305072
49,0.5800874622174435,-0.08349648218632158
29,-0.8976931165181906,-0.47713606459187885
30,0.46919005368314753,0.8436712507169722
39,0.7125924540211082,-0.4991413915817076
21,0.7299721132729142,-0.8369068939164568
33,0.48749990310938596,0.5581885317022912
42,0.5940021366850781,0.559097543291927
35,0.7507166858564145,0.7861829594987657
38,0.6691607885519946,0.9223371505823237
