0,0.5247049482022097,-0.1837540513300238
8,0.7736708300588255,-0.22526373190959434
12,0.6309915754230699,-0.07734270979743729
13,0.5030470921792581,-0.3407887724331629
24,0.5080301600782575,0.032693938770650285
25,0.3967392827302821,-0.5130041849227791
32,0.42991928051813033,0.1654611273266947
34,0.2911620387388095,-0.1785625479624198
1,0.24958395958311716,0.2247858662147219
4,0.37585404217187524,0.34302913949724234
6,0.06109536588108635,0.22987418991039063
17,-0.10808146760348734,0.20627546321436677
20,0.5672033804565115,0.36514670599181276
38,-0.08320823728910727,0.14083658739112023
2,-0.537489481355144,0.38049329783291397
9,-0.27379060121514487,0.3735310833035928
11,-0.5919239588520012,0.7189155378186889
22,-0.3145726637500873,0.14292809484475263
29,-0.31030483621745675,0.6899281041720096
39,-0.4400610815304749,0.7005010608440391
41,-0.5301821060798789,0.5687978926952179
42,-0.32399300043259094,0.4632744609926971
43,-0.6798856075524577,0.5620593170421334
3,-0.2985240942135548,-0.3360073336340192
7,-0.5495690648554872,-0.4891392590695763
10,-0.2556865607194156,-0.12440527644862692
14,-0.052700805125422835,-0.11508935683422643
18,-0.4036984207848165,-0.16672098125306803
27,-0.6012823128542464,-0.34280165737218055
30,-0.46287438252327495,-0.6198717773862813
31,-0.20737624200731486,-0.43284330000653026
33,-0.1322415008070089,-0.6729485209833526
48,-0.38840643095835026,-0.4633104248969497
5,0.7384750915385873,0.3615234395290743
16,0.18830078411222004,0.5525048248311035
15,-0.2380154151035835,0.11155144066805797
45,-0.12618500485795764,0.417365283273518
23,-0.48216408469168026,-0.802298518258162
40,-0.361520318464306,-0.7077492037807965
49,-0.2874735283031913,-0.779545427064655
19,0.7167484953334492,-0.5562223474536253
35,0.18354470928438119,-0.3655675771693816
37,0.2547817616943284,-0.5959588107243777
26,-0.04412099146547413,0.7537319560423081
46,0.2588403887410815,0.8494157128046691
28,0.5919366348727223,0.7200840826079955
21,0.06609357663568956,-0.6716677106391196
44,0.1937323394472077,-0.7510130893411654
47,0.06546701357239774,-0.5628320369482601
36,0.5154094483594183,0.9999999999999999
