input_data/geometric_graphs/graph_sample_31 0.350996732711792
0,-0.15267724486797335,-0.002780393991408931
1,-0.2657783511438458,0.2047556070765823
6,-0.24871720133685266,-0.23564191137845736
7,-0.13781510848863077,-0.26591053587692975
8,0.11534585193383619,0.16764406087737746
12,0.15514894746970728,-0.0036046892626031093
14,0.012793610827181097,-0.15449276715357987
16,-0.057017999109705494,0.15433763965956837
20,-0.05647221092812041,-0.018142303031653092
21,-0.25394771518798664,-0.14909473657619912
27,-0.3691925409967374,-0.06833930661142187
31,0.05271301353201589,0.21870332231848996
32,-0.377055014036199,-0.206834754550745
42,-0.0052235013984619424,0.11272224326004583
13,-0.510958128040057,0.13439498193785274
19,-0.4719285368415316,0.3930489973249391
24,-0.5206771087055476,0.3134093093100156
41,-0.030144834978959083,0.38999924374569195
2,0.46308519565185713,0.9999999999999999
40,0.3787482216412612,0.7577100985589654
3,-0.7096373151597203,0.32811258527082615
9,-0.7433556135113811,0.22264451908323102
29,-0.7004575159799095,0.5095196770109609
4,0.5151928928756286,0.34103001573557085
23,0.3592001555736664,0.23454871514379327
26,0.26351761925100564,0.4982951089830073
46,0.4868197889335391,0.04668552799124527
49,0.46717785251096977,0.5924932527216277
5,-0.44256035283959677,-0.3019910974423184
17,-0.3926878112460883,-0.5107132144485407
33,-0.39944955293449297,-0.37680668192663996
36,-0.17745100684328552,-0.5068894161312837
37,-0.3001010631368303,-0.3832012189750529
44,-0.15092996167983358,-0.37985294387928037
28,0.10937258971769394,-0.3454582288881011
30,0.029049274429970053,-0.3981050961522863
47,-0.027731313158615916,-0.5618630007187525
48,0.04769738912241374,-0.46487347880613417
34,0.23390410239164292,0.021125584376343102
10,0.49387619890328527,-0.4072446678422844
18,0.2533050353808025,-0.5291492965394247
22,0.277248435051792,-0.4557020233824106
25,0.3344953051382789,-0.22153027176374082
43,0.621895220701941,-0.25140917472513974
45,0.43060922735852514,-0.11273091068210804
11,0.7567105155836991,-0.08927580018617326
39,0.742916107097982,0.03316998995286899
15,0.21459561505390654,0.7494036166203635
38,-0.036193631426517624,0.6550832681992066
35,-0.2772575321557194,-0.6771994442359038
