0,-0.39368799098552604,-0.36543234983587036
1,-0.8237163128900582,0.4411909900144769
2,-0.04604635193483839,0.15373789215842523
3,-0.18512914708970477,-0.20705581377830562
4,-0.13950385755434624,-0.41731652103664474
6,-0.31964602731404634,0.33584210612389975
8,-0.5097867192251178,0.39006376552050964
9,-0.543610711098525,-0.1846013577795348
12,-0.7744850564373436,-0.07327365665826388
13,-0.47600974762263276,0.5700675566532949
15,-0.10295653353501485,-0.753916812698928
16,-0.31404037665920853,-0.06922747282455338
17,-0.501538184478294,0.06434257586177176
19,-0.7003012288506777,0.19862341669507702
28,0.8271270240658395,-0.2996056067305568
32,0.1393420881935893,0.4580998400195454
33,0.6688261649925199,-0.10047240943942448
36,-0.17145497352582403,0.3086324801817377
30,-0.5916233705211926,-0.4557698412183107
40,0.028786150573280513,-0.13002582569386686
43,-0.19414134496847427,0.05178449583444118
46,0.34409668159191076,0.49640705846808203
5,-0.04313394805822868,0.6075920344113623
7,-0.7158621501362445,0.5969155466318821
18,-0.8971691677852565,0.04119011621211309
24,0.34134488796881446,-0.31266420581769266
38,0.15545651604594923,0.6732083654529558
41,-0.2505221867122444,0.6607006659721901
49,0.10991042832349131,0.07016332988346695
10,-0.1882485012755406,0.5121478460602755
23,0.7161782735264511,-0.48360517910897177
34,-0.00970077764274927,-0.3529620844441531
31,0.5397456858185147,0.5005999711781175
42,0.5090658843363142,0.1961393676546097
48,0.12365589037479364,-0.6550152260126353
20,0.17488502051806407,-0.10290732174334581
21,-0.14608812685868613,-0.5976564706588967
25,0.4233277013925614,-0.6766021817253923
22,0.43058363547897116,-0.5282468661857106
27,0.13913186969304636,0.2473350346869817
35,0.3843983672956813,-0.09402503937074622
37,0.3672116732264561,0.09922325206358482
44,0.1598056051861414,-0.3481978212744155
47,0.3783904350996757,0.3200880052233956
39,0.5060309202383086,-0.27624938235373275
14,-0.6292512557877679,-0.308813771117762
26,0.781552747232568,0.36918547111985334
11,-0.35300566297305386,-0.5719755843795434
45,0.7718060607476487,0.08961029045446213
29,1.0,-0.08727267264927076
