0,-0.6385212536761162,-0.07961629978796922
1,-0.25037151322405987,-0.10232956221122923
2,-0.2867898763172465,0.24949915437559245
6,-0.41536925991080886,0.4600388576396001
7,-0.4555506817356387,0.7067384034780666
8,0.18364917907643857,-0.10020584743873336
9,-0.12697546541973745,0.38085802160186394
12,0.20458229149599555,-0.5026328411625047
13,-0.5228789452270699,-0.7285401074761262
23,0.33373038941949956,0.09903750229439531
24,-0.5654724265004821,0.4854965229925851
27,-0.08737760255095052,1.0
29,-0.31119774465889927,0.08154880776451287
32,0.41600039332922506,-0.23788920080603645
33,0.046851989061727585,0.4762193535903418
36,-0.17207392580871195,-0.6875815640453437
44,0.08803787022852388,0.082150539307737
3,0.2135724705636916,-0.29436225089395146
4,-0.08216657490067997,-0.49868847265826294
11,-0.5074668989100911,-0.3820463624534922
15,0.2300369418315968,-0.7974078427309437
16,0.0713530128515557,-0.6590947329058027
17,-0.6305662946239269,-0.5665438795401139
18,0.0012012659814949185,-0.30803951078442887
19,0.010617409313368943,-0.885972332616923
25,0.16186689469837376,0.6417151978585368
28,0.42665007466995725,0.7232092373795759
35,0.6699640089172327,-0.35288193239572213
30,0.39478316002873476,0.269535372709134
47,-0.05286765399309872,-0.003785076924970268
48,-0.22301929775130278,0.6344425970843457
5,-0.8572603029724231,-0.13221545416597902
10,0.5595279096519682,0.0274433305603925
22,0.5260458114989841,0.43006434931811555
31,0.5872165943957963,-0.4832095405749596
40,-0.5806906816936772,0.11306314056912206
41,0.09844702278327722,0.24891707424998757
42,-0.06032846081570528,0.6778990145990881
43,-0.3707050156279582,-0.4641814666644692
45,0.22470706861856726,0.4321538610924652
20,0.7477312654742521,0.4326712274021941
38,0.4715733971012973,-0.667245352040272
14,-0.22438878633371379,-0.31850199781995475
21,-0.47998373543436096,0.28190941320161916
34,0.6549919327813398,-0.1473692558685343
39,0.6068991565104934,0.2049970536226248
46,-0.4145319305781175,-0.20756418862297768
49,-0.774286726076598,0.05822234733052905
26,0.33376525544085156,0.5831886930620598
37,0.8270382890171468,-0.1731140004947852
