0,0.20016908300542163,0.5952380854167298
1,0.30206572164008194,-0.42493496902376526
2,0.22282537068954117,0.9145544255887955
3,0.6144585748862386,-0.3142554837437502
4,0.9127563894846082,0.08491047958573898
6,0.6687550183133174,0.3018908368651442
8,0.27336890459310753,-0.1352774528011861
9,0.596967481506146,0.755758932809233
11,-0.6841474186202542,-0.3276771076564564
12,0.12017572700302458,0.3741425774947508
15,0.6328455399220085,-0.1406660090492698
20,-0.19138777657505834,-0.08668761072791413
32,-0.21753545916477782,0.12674537449783466
37,-0.9530999701551116,0.21932576959895633
31,-0.025470248623606365,-0.5083256444510913
46,-0.4374886920398478,0.2351006705568626
47,0.31489674900232745,0.18257766091568708
49,-0.7628684793851988,0.21179088924957648
5,0.8571738244528733,0.47705052291302885
7,0.11882291461285498,0.09922376931761628
10,0.01089491182161312,0.5598798624564907
13,-0.6406215242612355,0.431541762438185
17,0.3954741582016212,0.7619794790616408
21,0.5015964729873247,0.08446294216393306
41,0.4482435585883908,-0.11047383741250838
25,0.3597800931086318,-0.859538627797345
28,-0.28991214810236676,-0.322913418397188
38,-0.5109866885571898,0.0710346200653931
39,-0.6564131472977661,0.7654937727767371
42,-0.09115693550927813,0.759570898649731
45,-0.34924296315867465,0.6969213985625393
19,-0.7475582928081187,-0.5090215832198273
22,0.9036663954863489,-0.2959933016004912
24,0.2677106167157087,-0.6000739697945691
33,0.4615026468881514,-0.5405250934556277
40,-0.1971586417721267,0.547635608821827
43,-0.20422633565177783,-0.4848164812083553
16,-0.37067163892882443,-0.13367193103797964
18,0.06517541637675084,-0.3063343148790259
23,0.7529216729769216,-0.7115075066744792
26,0.017039015902119543,-0.08999666017100832
34,-0.5933336083176377,-0.15110419462830268
44,0.44631248333365336,0.4043651474854271
48,-0.07533310059202986,0.28455988003443744
14,-0.376427176128258,0.3983962967017941
27,-0.39190619384084663,-0.5791104153766127
36,-0.4443475477034911,-0.8887550681343577
30,-0.9763360492707518,-0.1237281916186777
35,-0.25788537714297843,-0.6987627911683003
29,-0.020083327891577896,-0.9999999999999999
