0,-0.5553787807647936,0.27506400556539295
1,-0.468178242140911,0.8793260136074563
3,-0.5291934938239754,0.6676369331524853
6,0.34008095927485826,0.10621161744182929
7,0.4013811658663452,0.7268414850704976
10,-0.21755025430720487,0.34647116464766164
12,0.4048879499466002,0.5116120319601517
13,-0.8742615529509847,0.016493673844050073
15,0.4707094904539952,0.9518654546853796
16,-0.7490356735418872,0.22827727777416973
17,-0.11034968897120709,0.7074457307020011
18,-0.5600754463466205,-0.1264614606547852
24,0.48396422757390495,-0.23661507287825964
27,-0.11278576502196165,0.06818057061311474
34,0.5967944547889689,0.3706312218420147
38,0.14743843030344836,0.5321883192194872
42,0.007888314618454307,-0.9305957115197755
43,-0.5050284575989874,-0.8691400284005218
48,-0.8786632894273423,-0.47526537656872003
2,-0.3566419086782034,-0.187138240644855
4,-0.5251849992803017,-0.510066124940124
5,-0.7720802675087912,0.5341527749635894
21,-0.2925527649437815,-0.5047797161910363
28,-0.14992607629357244,-0.1470555902753328
32,0.9653194114712088,0.11813928717405085
33,0.7199878797730352,0.21075991059269428
30,0.05613704468689022,0.9723821799356712
45,-0.0015927756869890128,0.7968765522683758
47,-0.6941568197101663,-0.48294985000249196
8,0.5832067542703997,-0.00385426323858436
9,-0.40052682228889497,0.1848392202190349
25,-0.93596217393348,0.2867876426164419
29,-1.0,-0.26187707413595573
37,0.64587195605702,-0.41249918470962665
31,0.10207349610845907,-0.46711488747251106
46,0.9339155080103112,-0.3741386363903535
22,0.15888642427849692,0.003022930507112287
26,0.8518273264439692,-0.10191717979278826
41,-0.07538798789777999,-0.7113699665440566
19,-0.31740233499711107,-0.8260867786893826
44,-0.05060632691893164,-0.3563070176602824
14,0.23389885785501774,-0.20788827791491046
39,0.21684055772346766,-0.8738389064771552
20,0.8979825184165705,0.4034270325483056
23,0.9058983749494012,-0.7153738125047185
35,-0.30156005662140783,0.5659705661398674
36,0.3768581759783413,0.3759273894973182
49,0.5110497959844973,-0.8529329998483232
40,0.3873486709984446,-0.5859815671634454
11,0.03383421382318325,0.380716738029822
