0,0.39927608618165394,0.4619506170600252
2,-0.7162252014957342,0.30646736757220683
5,-0.07496444505732511,-0.5202049521641682
9,-0.16973197582031987,0.12167986907139076
12,0.8069368088983216,-0.10400832615539397
14,0.73943844310998,0.14039146067524544
21,0.6911936081094567,0.835737168733903
22,1.0,0.19127787600124938
23,0.5281259026475557,0.0726836565574317
26,0.14134291646469413,0.6046277799850008
37,0.3106861174575186,0.7445492225385556
39,-0.5967168101694733,0.5424995357698338
40,0.40871445675044654,-0.35545292428405684
47,0.12728456861729484,-0.5584013459220876
1,-0.6431346612577603,0.05642688778211925
4,-0.7661216484167487,-0.0936927820649773
7,-0.048120803200633375,0.9057191565499071
8,-0.9265444531560333,0.2403261443451529
10,0.12314632504583764,-0.7519657039540765
11,-0.5605612814982526,-0.5502835543318378
20,0.25526709900888817,-0.31146791650883154
29,-0.1207003063858997,0.33213220697822027
33,-0.5086031534099812,0.2098319801754199
34,-0.4091617585722827,0.4591117649719214
35,0.12795201330450723,-0.059641244864817616
38,-0.18542678936709056,0.7493567700821344
30,-0.05005473959072425,0.5686845631927548
3,0.20712397527157625,0.16462139300821763
6,-0.9090570689965631,-0.21466415038730782
17,0.07205203610807932,-0.2189880442298703
18,-0.15250709210919525,-0.1508729154353687
25,0.6069565660070368,-0.11527312712970875
32,0.02411561481832252,0.08086251698973367
45,-0.7949634532247651,-0.6460392051029725
13,0.502714937720298,0.2833027039234639
27,0.38431401306571206,-0.10173604038577132
31,0.047342722012288826,0.31876240095124914
43,-0.25119188711327606,-0.8928791668098347
44,0.5638822911930429,-0.5316604396925736
48,-0.3798887939278362,-0.02186073357661116
49,-0.14510350245149672,-0.3661883127484828
15,-0.2675676956080634,-0.5307144891202189
16,-0.6202197975480188,-0.36022095330299103
19,-0.35851154718664474,0.29989104914472353
24,0.6296789085112074,0.5330240818216023
46,0.018983388644828764,-0.9924576432944296
28,0.24855435605307225,0.41150166666750926
36,-0.4165557699740919,-0.20655944601999293
41,0.682453984085283,-0.34087563311689845
42,0.42409749645130834,-0.6393107899456961
