0,-0.27483356325555947,-0.5357395520378292
1,-0.5421962599917072,-0.2872130829152449
3,-0.8181917590143749,-0.5049505925355127
4,-0.6806846069206723,0.2953032047873622
5,-0.716733616482893,0.017079222772510862
6,0.1256749899917396,0.25231465880651993
7,-0.22780902150984053,0.14407155722567444
8,-0.17843462013468994,-0.049109829041735525
20,0.8425922256857002,-0.20057906113211812
22,-0.42644914015738794,0.23888741537289784
25,-0.21157472229222887,0.34388001584613853
27,0.3727897199658414,-0.35528195403831087
29,0.2310662718515826,0.4151395913206888
34,0.28463449870777263,-0.8270209343625807
38,-0.2231664185051676,-0.850544986263315
30,-0.42087407629681006,-0.47241908348082745
40,-0.8866874104965544,-0.04801544111644762
42,-0.04493509318752829,-0.2550092436354045
45,-0.01436560666955573,0.7469984092233637
48,0.060423944115877294,0.1430557504650245
49,0.2610421071991131,-0.0954271947391782
9,0.06836715332227862,-0.6914888366122098
10,-0.656071650680911,-0.18859106512462756
11,0.7178564954339866,-0.3774058040472554
15,-0.43727615421783245,-0.051681776352964205
18,0.7164505554145474,-0.007392586153345193
26,0.043745364275543,-0.07102870284232796
32,-0.001787980676444693,-0.5443987869205199
36,0.048199920393926066,-0.9161859146067602
41,-0.5844128827668517,0.6964637102439791
44,0.2489975453318012,0.6682766248703084
46,0.5227232757290567,-0.2360697900316975
47,0.879783194229952,0.2600545638635193
2,-0.9052984535622752,0.40845514220516965
16,0.20142755076305438,-0.4243912725626566
17,-0.1811924545229181,0.6901030277916275
24,0.13377872057913442,1.0
14,0.4589146508509437,-0.02653249081690243
39,-0.25019248041099307,-0.25374262010256243
19,0.4139686890150222,0.6682481561699267
37,-0.4422872698675018,-0.6848695479717526
12,0.6226973372706824,-0.6320634063341181
28,-0.3807016441492131,0.8615643650555748
33,-0.04182271442306578,0.41829927862828126
35,0.346662309651473,0.1770924727248401
31,0.4303583923510749,-0.5949853056555341
43,-0.3951239125179463,0.5916224443775253
13,0.5376039288634329,0.165647127555492
23,0.6377457997662895,0.3514881677166118
21,0.7355988719510805,0.6280939544107031
