0,-0.42843892760010027,-0.15288327273227287
2,-0.4088477387847462,0.3904533141051286
3,0.03307037750403765,-0.4926647785545129
4,0.38951760222477966,-0.5890920235594156
5,-0.019907073614393957,-0.24913197930156505
6,-0.20206243669208585,0.3676657611337687
7,0.7697250473019706,-0.3234025884794428
8,-0.2960283369128203,-0.5200253510504594
10,-0.7854584630778447,-0.5058474668616336
12,0.2655386970913333,-0.4409680187986623
13,-0.3472946239119133,-0.8024110021183816
18,-0.11696670680106296,-0.6422486674274233
19,-0.6348041130407003,-0.3186593059391164
20,-0.4882971674050487,-0.4698662855470554
23,0.0009858227303355196,0.8971864111615011
26,0.07827557190239745,0.04155061654113256
34,0.4069207605483981,0.24494304725199711
35,-0.20266331788704506,-0.26780149447009016
36,-0.42886000505862754,0.1795031985534924
37,0.01471698957083993,0.6135607246441539
30,0.12107574176579275,0.5010459211077278
1,0.8368030802648097,0.38108339087622406
9,0.7617707945343358,0.028869310631011783
16,0.33067390537484087,-1.0
38,0.5867569417826353,-0.5669094652011814
39,0.6041305950478889,0.4228468837582169
31,-0.6017302716053331,0.3153422381775656
42,0.1767833184201724,0.3013681823709303
45,0.4573142668104769,-0.22107295929819834
25,-0.7322515265651621,0.4032757483440757
41,-0.15278468627778413,0.09358284323891511
47,-0.04457653012764377,0.2571372194889001
48,-0.5634302311119771,0.015012807357006337
49,-0.6833385802970577,0.7984512508251963
14,-0.7862689472148207,-0.21889224183455952
24,0.2702658888707194,0.07175226607087892
27,0.16402991110898715,0.7300853817668
33,0.6446034797640723,0.1747849889589848
17,-0.380355679421821,0.5832562388340956
21,0.22030907646613435,-0.09405725976213326
40,-0.24876502270741627,0.8043955257524387
44,0.15924555467935855,-0.2720743646221835
11,-0.04517158476916516,-0.8066174854988564
32,0.3413531927467337,0.5745877365676855
46,0.8328721955198126,-0.1226513034252581
15,0.1366972533873916,-0.6879896836184946
43,-0.2570761314821106,-0.0686342809117669
29,0.5098784880776674,-0.06035558762476088
28,-0.7929424655321705,0.07168709867842904
22,0.5350060144029448,0.6308287604411785
