0,-0.6427291448085911,-0.06761177867908247
2,0.44899611420240726,0.3951475806885867
3,0.2791609459230505,0.948665642592721
4,0.687838577010905,-0.15535402129495693
5,0.49112830717376843,0.06081458783014731
6,0.3329772667975521,-0.42445048771072635
9,0.9320495474328347,0.20732465509553663
10,-0.500882967135874,-0.03850561994876913
18,-0.6209576244650193,-0.7937418716540222
20,-0.9608089326652631,0.3197749093494554
23,0.0964061003140787,-0.07868117836543168
28,-0.421764746137615,0.7750776535564641
32,-0.1260728609620803,0.37865556136899264
33,0.24856413689098866,0.17130225497327728
34,-0.6797811031666172,-0.5258810246586278
35,-0.07456113956191346,-0.4188889276583524
31,0.3673504223312284,-0.8990040590798883
45,-0.09318536971775482,0.15289602238202868
48,0.24106421658827937,-0.20712884698990167
49,-0.3869746720581399,0.49021219348624934
1,0.8512440228266733,-0.3914151819964532
7,-0.440919528073913,-0.45071296382814413
8,-0.19241442251175753,-0.13206258305875063
17,0.6109956134661585,-0.7334003858632766
25,0.03690759510375074,0.5026667892367566
40,-0.05981348541997579,0.8101839457398897
43,0.609687121315733,0.22216090707469188
44,0.4605616850554666,-0.22354012592479078
12,0.5502053814629166,-0.4393467049120285
15,0.20683816378178116,0.4442582511413972
24,-0.6895162361746104,0.4266475658817989
36,-0.027916505990547045,-0.7425693639475426
39,-0.539339539608472,-0.24074454937485623
30,-0.9834902235774249,-0.028188072960127604
16,0.02401713566988528,0.05547051230729086
19,0.13062867761832006,-0.43617318699482704
41,0.9043704965570709,-0.16673558325257326
46,-0.3548147408000236,0.23342093468473318
13,0.20659970148769158,-0.7554360489613888
21,-0.6507171414517227,0.6814282301682374
38,0.7365393193581516,0.27593586677233284
14,-0.394417262973114,-0.8842951063806787
22,0.17203838234788899,0.8020221620887557
26,-0.2145293914390872,0.9999999999999999
29,-0.6096285804790132,0.21066687856144134
37,-0.2793895854829323,-0.5810840782410117
27,-0.7832970940152257,-0.2686199741893441
47,0.491445380117332,0.8224689425015019
11,-0.15159501519171953,-0.9354212027005863
42,0.7619030030344778,0.6317908811438748
