0,-0.12754076162933134,0.6785522593102568
1,0.21208572931386446,0.8200039219813836
2,-0.8043742641785154,0.5189411131387395
3,-0.6570495502236205,0.4450306423231358
4,-0.013987152390840737,0.44019007186731485
5,0.3117899460789929,-0.06504855843267418
6,0.0913242744677757,0.13954880521044571
8,0.3102897060021484,-0.41933848445662353
10,-0.3182493342573974,0.4385705029826177
11,0.15122201496326662,-0.2625222209745582
15,0.028226252484985608,-0.1202093314494576
23,0.6242026986575494,-0.29941680387888775
24,0.8198208691022427,0.22284277960795826
36,-0.3634240000764333,0.7215819227357962
37,-0.3244396466069881,-0.194550050151335
39,-0.80401932646674,-0.028977026208429194
30,-0.1540809078963547,0.3331787822186224
40,0.6230935698017511,0.26778357447333934
41,-0.7272922964807914,0.07334534647714355
44,-0.2959633073172193,0.20958848264581065
7,-0.4911101361212296,-0.0007758950651840836
19,-0.7667672718356883,-0.5597041979026357
27,0.047372027227166394,-0.5230626731604147
43,0.7962919366937147,-0.15681724170672465
47,0.13172311574214454,0.6669493659836544
49,0.4346152791339986,0.5671383575269778
9,0.49470815471021395,-0.5093455551378088
17,-0.43376865498785516,-0.312257483035851
21,1.0,0.6125841953674772
25,0.2553394185508295,-0.6610064718564522
35,-0.40864950086285795,-0.6179243758105105
14,-0.17118095019563606,-0.6534256441200298
31,-0.6915781503848983,-0.2482621338537876
45,-0.6186061863857844,0.25578294583691713
46,0.5134548438993219,0.7439368175134525
48,0.48764377701913436,0.3901877201262527
32,-0.14377333552240998,-0.008517138909264255
33,-0.4578333427548394,0.5609399656714842
34,-0.068765109369853,0.9335245452932704
26,0.9251546849736657,-0.0003647792897846617
29,0.643795033674696,-0.7168368863924043
12,-0.248687593297007,-0.9062842186936142
16,0.3666633437235419,-0.977897634173168
18,-0.9194895266837286,-0.25712192392310573
38,-0.5945287752863149,-0.5874671335642402
13,0.10014978304887977,-0.9597934265286551
20,-0.1455028706529867,-0.39301669193663025
28,0.620877193811417,-0.09264921950891186
22,0.5096049964911983,0.08214793910494575
42,0.25121330229282723,0.41024314272417056
