0,-0.007471997176598919,-0.5753288883133092
1,-0.3940914140897165,0.7261599917245456
2,-0.5327999652102907,0.6002592157989156
3,-0.7211346151110125,0.17198180095632135
6,-0.7541909752731272,-0.3710228672766772
7,0.335511912062466,0.5797510993983451
8,-0.1871470086637761,0.08065476338783914
17,0.6402503832972505,-0.22004901678217537
20,0.8261289611965053,0.3321339078918712
24,-0.3913680026763454,-0.14862876020483698
44,-0.05885654263654537,-0.22888156904510257
46,-0.17990131264938194,-0.089016434914735
48,0.6161198986931945,-0.6419843035407897
49,0.7777961415758158,-0.7318457245568109
4,-0.5825987651564343,-0.37862450410769216
5,-0.8122596348402515,0.5265398646841607
9,0.1429454049974894,0.8296356233486439
11,-0.15510799684709445,-1.0
16,-0.5892650413784908,0.2911812984671991
32,-0.593082423509972,-0.18647148171581787
40,0.6129564127319808,0.44759748736906685
42,0.3462864927533069,-0.20202961226582614
45,0.46908990752538104,0.8057864061188027
10,0.19183653974743345,0.4592408681826018
15,0.5244183873544076,0.12853158540869333
23,-0.24771515346965964,0.8460368521186948
27,-0.09918572251735569,0.37153261975140667
28,0.36987697727944735,0.3429150288625853
33,-0.008101277775721009,0.7398868337898925
34,-0.48859952653494165,0.16047506811151668
35,-0.9052526884920549,0.07466197752946162
30,-0.8608693077591626,-0.2670714280566558
43,0.6703772823183058,-0.04487219128113625
22,0.151482397178072,-0.44129853563180027
29,0.8131189895121327,0.12075822829842667
31,-0.2481810632685716,-0.4983385406857092
13,-0.3454626308174994,-0.6958976994964261
19,0.3490826030928746,-0.8113852027227924
26,-0.2575279098411733,0.32649106090397156
38,0.1186604955452906,-0.7682132805753616
39,0.06918034469092485,0.25231497512396794
41,0.6357364246088318,-0.38942419581132054
47,0.10954904496183797,-0.15732957954929974
14,-0.17347998972338644,-0.7600350635852802
25,-0.32695582924698074,0.5240668092874226
37,0.17173134988481914,0.09684370016628796
12,0.34377888677782686,-0.41961519174371376
21,0.7525890192905869,0.7398253012966518
36,-0.5044621847797375,-0.5526186867720285
18,0.38656472236908657,0.004720390658006833
