0,0.7860112752371745,-0.3777821651876058
1,-0.1413012087909319,0.19252853353962346
2,0.15917612566233383,-0.6899852611500894
3,-0.7707348851976004,0.1856486728561687
6,-0.04001721070823137,-0.3866485208192972
8,-0.3288986387929292,-0.6372023323081888
9,-0.1427422501289268,-0.7659417842249631
13,0.684533857724122,0.3435351377781146
15,-0.16011363305683404,0.6678849196135729
22,-0.5678103661962999,-0.5654951232419819
28,-0.27893011504710763,-0.19723031094400498
33,0.721820279579097,0.11077758017107756
34,-0.0006547475427782097,-0.7208673586178108
37,0.3344095085200362,-0.6688740256444357
40,-0.4026601608432253,0.6910158703803864
47,0.5310182306121104,-0.10556605871376272
4,0.4774036250273271,-0.4182552256673128
7,0.6945281087382247,-0.6033647083622378
11,-0.19100924028130364,-0.0006661956166838403
18,-0.7152602160759968,0.4476123376645996
19,0.2640122731142024,0.19671188134631318
20,0.09380837662571798,0.7570254777652667
29,0.22275574193504383,-0.2819366148527375
36,0.868447428762,-0.07181143704523149
38,-0.6271193122347396,0.6968228739877725
30,0.15900974546696783,-0.4006112947734033
31,0.49528345773892496,0.17565795713376672
42,-0.36748172960426784,0.17586631241058126
48,0.42563301648064783,0.519772381042779
10,-0.6554631121193661,-0.10263493223603863
17,-0.358861574486432,0.43499067150881654
27,-1.0,0.005580607742488404
45,0.32760416181388946,-0.8188110495811515
46,0.04678677417310854,0.30196825721723547
5,0.297190007634618,-0.011722533185965877
14,0.26952677966588484,0.43196077480325973
16,-0.09608325658134079,0.9174677663486583
24,-0.422593223066093,-0.4499913516309483
12,0.5325380388197967,0.6658941946334447
23,-0.5495737819402546,0.21765867405506203
25,-0.5583398559586286,0.024130831692550897
39,-0.12485765829344739,0.4616164151042348
41,0.04396924457586707,-0.11560652077330548
43,0.035947459847002594,0.10337681612210015
49,-0.570281901084388,-0.30603596965757446
26,0.05752457659100276,0.5869818600209934
35,0.6469091866035738,-0.2587731890379856
21,-0.2032150024781732,-0.45877647561322715
32,0.8635243863801091,0.4779054409802139
44,-0.7653685868194952,-0.37580180703312976
