0,-0.36160872889622997,0.1249784789384985
2,0.8613189863568694,-0.06814113946762
3,-0.06645192167377265,0.4652430778979876
4,0.8930223963801204,-0.39712747407643556
5,0.4469875153745894,0.9051068750890066
6,0.4849701093465221,-0.8443033203253434
8,0.43240483099703136,0.3765668011509063
14,0.22109024744850544,0.06351153695268207
17,0.5095298969684686,-0.3612324272258255
21,-0.34607401026118345,-0.6167027154078133
25,-0.7714562605844925,0.17656280997467344
28,-0.43580853263080743,-0.19121260831171624
36,-0.5800680795871894,-0.08800211041492499
47,-0.5401550470059443,0.7221704405905639
48,-0.58993621315895,0.26705327037705323
1,0.2534915021264807,0.4014590905319626
15,0.17353655664145615,0.7567207243733499
23,0.7167283561352578,0.19065546588588314
24,-0.741313322820447,-0.13312579538125024
32,0.015659144013598886,-0.18255561177262605
38,0.1823066725849607,-0.22821006476251526
41,-0.2563063485958195,0.3015472298918102
43,-0.628276762414893,-0.3572816789230838
49,-0.18500806805836856,-0.20964223297168713
7,0.6527332120659425,0.4211469659283972
9,0.9352882129714907,0.5953986328971375
10,0.6380905411363677,-0.2755334179517692
11,0.39435356224381823,-0.06810625501043466
13,-0.3898041591461708,-0.42957784928955367
18,-0.13094414871906218,-0.5963601011403163
19,0.5191550190006835,-0.583943340110893
34,-0.606516465882324,0.41907144258971274
31,0.1966738665796717,-0.9959071861920333
20,0.011627886812035788,0.3324298611436401
33,0.6328519030176797,-0.009790321330442331
35,-0.7437873480238222,-0.4583657053621404
40,-0.014950038914406783,0.09781323710121147
45,-0.6047161436419957,0.56271648147689
22,0.3042276782026189,0.5643793338850345
26,0.18919249694383367,-0.6348756307996594
39,-0.04703070250915387,-0.7556768677371712
42,-0.19914204819280298,-0.0004970719696081749
29,-0.25912866854232475,0.7707781006340426
44,0.4237386404232304,0.1627349197006192
46,0.306177408368314,-0.4284250591827309
30,-0.5845876576008163,-0.703153095018693
12,0.04065656287572485,-0.43360103789540727
27,-1.0,0.05211453680372132
37,-0.30831033969856875,0.5955563884792243
16,-0.044432188455720625,0.7256344157377003
