0,0.42744306517245023,-0.21748286062293953
2,-0.128937398854721,-0.05487198539495342
3,-0.2823784257783774,-0.2623018909587885
4,-0.17932946136419323,-0.78658717574946
5,-0.7197682583306101,-0.33942037636800104
6,0.09042060623295177,-0.6421021110839711
8,-0.15462042846886068,0.13917202107793147
9,-0.6633994287550701,-0.057201757217596925
10,0.16210234583313096,0.12223476818285775
13,-0.5277857718916245,0.19857873869264636
18,-0.13192328010170537,-1.0
19,-0.22787759644148411,-0.5417463225213789
20,0.0209289617985819,0.6837027563881154
21,0.3090009883638351,-0.42670229523772873
27,0.4907343328075317,-0.7647662029014953
32,-0.0066150422341775175,0.5293397240848257
35,0.3312605558854369,0.2552254801709949
36,0.5407357124062818,0.3462265894093083
30,0.5941879755344207,0.6904190290013387
43,0.29934859175145606,-0.00171845693465608
45,0.043907424120460836,0.32488192764211843
46,0.03248479633799177,-0.029635656465127773
1,-0.48864721852108567,-0.6347390294939607
15,0.2516385149565279,-0.6529388908392861
16,-0.029469153971194654,-0.34336557462002953
23,0.7393999118207951,0.06255939166218484
37,-0.7628501483818924,0.4817755582375694
38,-0.5270409903109251,0.49029546508450134
39,0.45844855835075465,-0.5281995317919115
40,0.6140510315171707,-0.38883873015698206
44,-0.2761338449708533,0.3178001362878311
47,0.24376353848286342,0.6991649459667177
49,0.18202386702436849,-0.21453895125321895
7,-0.23931069859384316,0.5854166843834934
22,0.5122599445790869,0.5161065520219086
28,0.7039091263560318,-0.126759809390347
33,-0.38657244531599727,0.8595371139537497
41,-0.8069431900933325,0.29902862581253997
42,-0.3671094821358429,0.545066333149009
26,-0.44679460466954357,-0.1357774524225402
34,0.18642111666649175,0.9949977824159335
31,0.22655315726479638,0.40661910239057786
11,-0.05156112051575344,-0.4987906753168267
17,-0.42256225561318617,-0.4903823875384248
24,0.6981336312779216,0.246696020654555
48,-0.3474005660184276,0.02812073480943639
12,-0.8880233924125056,0.06706156268201939
14,-0.5885194886053042,-0.3688639869934956
25,0.5077186718496287,-0.01547676247353872
29,0.9846972659595549,-0.36681817041548603
