0,0.152252250728723,-0.1062279702430288
1,-0.03405126105937485,-0.6083489499054833
3,-0.34317968707836216,0.5381850511328986
6,0.37246511750246053,0.47699185960971907
7,-0.7197048363212833,0.10999835704754633
10,0.19795683118649063,0.5938807126413059
12,-0.4667296275910694,-0.4021939021327951
19,0.6023798650043029,0.16424644633193022
25,-0.7454689091205848,-0.48143992725240997
26,-0.2874829622598355,0.16735181065328536
27,-0.4416474257912136,-0.0996568132495832
28,-0.23416186938552752,-0.8007565942413919
29,-0.8061257226858297,-0.7114901415174139
34,-0.4057517666320347,0.3656428308848753
35,0.8376179610846667,0.40830604368919227
36,-0.3798153950799102,-0.6185315392744442
38,0.17087164631435633,-0.6348462028070683
42,-0.12648776037931425,0.013190642821672881
43,1.0,-0.06182737446109045
44,0.27021725509578454,-0.2693555174979778
48,-0.1511581966629556,0.5506603764975573
49,0.6827075569330806,0.6609112600548963
2,0.3658623628174152,0.7561345546696963
5,0.013010063456663756,0.2795520025511517
8,-0.7389679993533871,-0.2662192958201757
9,0.5521763936178716,-0.6670489323517762
15,-0.1617018983479039,-0.40848176534789304
31,0.6214169342158509,-0.3468174526645043
41,0.2682427609943042,0.3118524114541881
46,-0.3286332715860551,-0.27386316270820643
4,0.44259109858664725,-0.45063674066736903
16,-0.015782693265162566,0.43760236541209757
22,-0.4568806580233364,0.7755523239304539
23,0.7673706420547396,-0.35362180157819956
45,-0.5259575713174723,0.28355731216266894
47,0.38171439630419385,0.11499590821668383
11,-0.5565718596886984,0.01877734331230158
21,0.30857920504610054,-0.6680148601685976
24,0.00700961860541341,-0.39506627622125
32,-0.0833800037682244,-0.12699440877157778
30,0.09121788241829348,0.7393124538275466
17,0.07948464935570455,-0.9175592943166675
33,0.32894358748966607,-0.08565645695510567
37,0.884639446815249,0.18144508255992287
18,-0.5897269355652591,0.5160595362582504
20,-0.909555460117459,0.25173045169347164
39,-0.13341742479759852,0.9243255591528418
40,0.514070064050665,0.3750083272114043
14,0.6512358920856789,-0.12784780890651498
13,-0.9216922858864592,-0.1327678347170418
