0,0.4100509101429849,-0.6054281208364937
3,-0.28915805631611846,-0.541220263402655
4,-0.7861191928842887,-0.3265657150988983
6,-0.2039718602085265,-0.1818011694235511
8,-0.5853208601872424,-0.22365077368762196
9,-0.10944980671184563,-0.38569802223301164
12,0.08310168860279486,0.7430657872374418
24,0.21919384527108615,0.5656408537749654
29,0.12038495859865218,0.2184747964233562
32,0.4385528971865038,0.37376386566952335
36,0.8596486770868852,-0.05171435593779154
40,-0.41246978618525804,0.8516407239353827
47,0.41369749101233527,-0.1627911351347299
48,-0.29199745278407413,0.7034760996306879
1,-0.5786933215651866,-0.6676439247125812
2,0.16050753369408932,-0.0927349606042079
11,-0.23953645758798858,0.0567104711904598
14,-0.4418972637398802,-0.08918423250423621
35,-0.051638890044832735,-0.583056759241877
30,0.6034152521113674,-0.47835402806898175
31,-0.3585889987357829,-0.798810173017044
5,-0.7509420745372083,-0.5201075963086509
10,0.6020487376855772,0.2187215224192314
17,-0.11382926089224978,-0.8557479016226198
18,0.6613537626497,0.0338903854132863
21,0.8751879896029531,0.2096270738996179
27,0.7383054773856798,0.7043743062225807
41,-0.21350849667837934,0.2533175388570263
46,-0.3739325504992163,0.4602809664570237
49,-0.02436368258720539,-0.10009980504023022
22,0.3051654690288668,-0.30265958119009573
25,0.4369918770710752,0.6007262460611694
38,0.17177799039108688,-0.4607348189967512
39,0.18781892482740947,-0.7436090015809205
43,-0.7534669392023565,0.1949185993668701
13,-0.44297291452127774,0.32551518392166817
15,-0.5673237990166861,0.10248053965724291
16,-0.34583232376240647,-0.3475244224609528
33,0.3402338478728235,0.17021053266480074
34,0.2967207702241143,-0.8989410883665263
7,0.5868360809132623,-0.26880132656891714
45,-0.7887435765708125,-0.034071207006147894
19,0.43816249576127037,-0.014127489687913162
37,0.6544018148237174,-0.7851797478337903
44,-0.542022713718003,0.6502567749374237
26,-0.09546206641316186,0.38706656704789283
42,-0.7425973019130947,0.4551990139621954
23,0.3244688865019266,0.8310972724548152
20,0.08469840431993239,1.0
28,0.09111386449697187,0.4098024993625396
