0,0.6623694625523913,0.7277058744684172
1,0.01771424092365579,0.005426614109041261
2,-0.31750246445432084,0.08637504811978301
3,-0.10789125793958021,0.6145738586367013
5,0.6086714680567182,0.20318373814614665
6,0.7150725902838481,-0.1473678978263752
7,0.29019654775938586,0.8659148409797323
8,0.5271580373247287,-0.6741881059549659
9,0.7537999148915151,0.3357307639591486
10,-0.4008577774857637,0.4424510317292
12,0.28509638462851195,0.3965384211464674
13,0.06544021239376822,-0.2550691139611004
17,0.3043459443942202,0.08409514344502572
22,-0.3258810503127211,0.944439039278237
25,0.44073852335208935,0.3711044365976065
27,-0.5944269549897985,0.7194497199637913
33,0.47790109023946586,-0.1938004386491888
35,0.2930395653451244,0.5624288684719551
42,-0.1832891169292109,-0.5619590425160399
44,0.37448644169828016,-0.39377471146911114
11,-0.4154945562010062,-0.35125793783598525
14,-0.6853228962548606,-0.11148570976438812
15,-0.8110168277422724,-0.31114025545213286
18,-0.24038572037474934,0.4196544646609285
20,-0.5275483358125852,0.37619002680669633
21,-0.20630929046082017,0.24483200351970252
24,0.5422449770824594,0.06570594074441373
34,-0.0012087185899866536,0.4162719197506267
39,-0.23831775913145528,-0.7848344125087195
43,-0.5469620361698402,-0.28038471744727006
47,0.31094064194353427,-0.7098364494370497
49,-0.4279176623822007,-0.6669461516549228
16,0.07636396007367095,0.6534599302473407
23,0.037899650981828216,0.8692983833762161
26,0.08376240134206465,0.20723934440894504
28,-0.577086505192047,0.13286899243103117
29,-0.7660371671922297,0.03719810809621599
31,-0.6144148080411018,-0.473949270042027
40,0.0044817924119777645,-1.0
41,0.9128123376949685,-0.012827733508136244
4,0.2712615000062589,-0.13551843281365566
36,-0.7395805876116951,0.42842913544541233
38,-0.7649384486083389,0.290827914872673
45,0.7557481260290578,-0.34807785616135584
19,0.22390838984374112,-0.5329229285401897
30,0.20335575396446504,-0.9151835395192026
46,0.7136336560201938,-0.5992951430186603
48,0.004370845748276486,-0.5475416322595047
32,-0.25498209248060993,-0.11462911309414915
37,-0.20944242262901805,-0.37940296997736256
