0,-0.03345035685617693,-0.8720695095190653
1,-0.721659148499885,0.46531287756778594
3,-0.8922319500882653,0.24980126760780821
4,-0.4520085593995572,-1.0
5,-0.19703166094948393,0.1935363093124544
6,-0.5877661919267269,-0.09103725986806141
7,-0.8380081593620351,0.07218658459841246
8,0.022221406061672982,-0.6442942503439716
9,-0.8121503437774225,-0.3620116011125272
12,0.48608907757136116,-0.17498149402500066
14,0.706553805312662,-0.5359769931673114
17,-0.004467889463941084,-0.48055269324580685
18,-0.3283721971198314,-0.5065284361378157
23,-0.10477429071206977,0.44648579724828225
26,-0.2802450235003478,-0.16499334053108672
36,0.6176069155205091,0.3367607391478714
38,-0.7962661254821498,-0.5926109482398338
40,0.9731994304686837,-0.06681416942450022
42,0.7830626392896599,0.351878985609891
2,-0.23688249297002967,0.6769772134670516
10,0.0645803214407692,0.2629567665261855
20,-0.5344395216055493,-0.7417670688683243
27,-0.6023139831081789,0.6099220622157073
28,0.3994525866331434,0.7434964711348857
33,-0.008355533399191272,-0.19464093766680338
35,-0.4663256079221238,0.8321772363583654
37,0.21078208812522828,0.8103223108968267
31,0.5202210829964051,0.09802897011310858
41,0.166536322038361,0.6050071801812874
43,0.6673615817868084,-0.07161451966035987
46,0.9775268131297639,0.2623725272360533
48,-0.08502675601078181,0.9734168361038618
39,0.3135773687306691,0.2942711040020172
45,0.026028070238983375,0.8141943704813296
15,0.3167883999211354,-0.9885099317525877
16,-0.8212146014580549,-0.21798591636257889
22,0.25550358073667,0.05548133921448644
29,-0.361286765538432,0.035184461052648115
47,0.2819939278344211,-0.5021086049536451
49,-0.35381998182534036,0.41574199399002765
11,0.23472557162278332,-0.2370537304981215
30,-0.47430904306977223,0.23043777795450587
44,0.41779743757365434,0.5374978681107333
13,0.43653052025694905,-0.7491775898662786
19,-0.20417608200730722,-0.6519890801825395
21,0.6630604658179831,0.6000875668638289
24,-0.5210695220824891,-0.4029416340477247
32,0.4903943968174896,-0.4693212231093179
25,0.781600147170276,-0.2613767617933448
34,-0.09554216896091354,0.006821077381217764
