0,0.4769128676779402,-0.18952088107257892
1,0.8650567449254851,-0.3746937475074103
3,0.8773968662026715,0.1609171548344289
8,0.9261884172001119,-0.10065530000632024
9,-0.004710772431933088,-0.7468493810642949
13,-0.6109188788712497,0.12223061050554535
19,-0.4206234613075691,0.5684731150275278
26,-0.6028104283379601,-0.3623093909120714
27,0.4328276659103099,0.19125134726424647
35,0.6045360517298488,0.36420067402227835
36,0.6920206827346584,-0.12822798179692893
39,0.3308710867288539,0.005860486644348692
31,0.4357763741101998,-0.5590923910880092
43,0.2514207256471721,0.3261798026520063
44,0.07110682549275142,0.19890023465095633
49,-0.2554590201452801,0.20344742447835892
4,-0.08897036405712419,-0.1814059601142507
6,-0.49792776325857563,-0.6720764936884446
7,0.283805733393179,-0.7738618192790343
12,-0.7424945805247541,0.27253029008373497
17,-0.09917030068218499,0.46712903662072935
21,-0.32322770736831913,0.348803499726355
24,-0.37729831256336593,-0.25086685264400577
48,0.5786708406200343,0.1297027865930342
2,-0.20334425890334337,-0.48371974081029456
5,0.41098847186598697,-0.36904967836247593
10,0.01800387277803763,0.6457559929988758
11,-0.11908673028826718,0.896011549309405
15,-0.24228516227144642,0.6292491664065583
20,-0.38321921188240937,-0.8142846096629969
34,-1.0,0.16598134203299836
41,0.20202401181908583,-0.20661716007087172
14,0.41449976984623416,0.8751996084523835
16,0.34382917476132474,0.588961259314043
23,0.23101311564676863,-0.6186801103473278
25,-0.13677661251034354,-0.6616935973385616
29,0.07377121049832701,-0.0056018705001962205
32,0.5183734486577488,0.5658952073477936
37,-0.24054051169844587,-0.003477974226246603
28,0.17888217172684348,0.8219628758140209
33,-0.4826516063421139,-0.044516390776603486
40,-0.436571482975367,-0.5069704778766014
45,-0.8094668232089329,-0.29623918330052695
46,-0.49820905196655385,0.3064833933481497
18,-0.7296437986991456,0.5986758043226306
22,-0.7718555245681865,-0.05664525119781281
38,0.1351913872458078,-0.49000980522288534
30,0.07306127884758336,0.42341236502263996
42,0.6628234703869995,-0.6816356638946727
47,-0.011789901591094918,-0.29851331471161596
