0,0.5523483823845918,0.07716790139495827
2,0.04406917561907035,-0.6453236772908488
3,0.5992230122330154,-0.6577563300609317
4,-0.5285264430423483,-0.4899674963434716
5,0.29744607264191486,-0.589638059818
6,0.07835446103941313,-0.3060663599375643
9,-0.6330634160802469,0.1948318887193271
16,0.5578465631479113,0.4772804431517511
18,0.6886573588738752,0.33529959140828625
26,0.16128919744414177,-0.7684803193097137
27,-0.30934033525183574,0.4684918920222775
30,0.08733995224340137,-0.1586258053115025
40,0.19099885435284075,0.8980365080710526
41,0.09536387515244159,0.4474765440050928
44,-0.31443848629188,-0.5111513825766383
1,-0.14446533111241616,-0.637608923977733
8,0.1387565771340192,0.185132056673247
13,0.39067482132010606,-0.41422676727239544
19,0.4731197421215923,0.7733873054390228
23,0.2762821369519138,-0.04300785601632535
38,-0.20441371435694677,-0.9528182896605945
46,0.35937391113100986,0.4181997730411549
47,-0.031680984534146105,0.7241411735498534
49,-0.7111994273815562,0.34416843253377566
7,0.47340489054068624,-0.07591149867327583
14,-0.32362501497881946,0.326667813028166
17,0.8916677738478836,0.2515094876575427
20,0.15199928599475507,0.6046193895061672
25,-0.8326110405339099,0.00790141566013247
32,-0.7792343989546285,-0.42936094191231977
33,-0.5736006549899964,0.6504898021779955
37,-0.22603167771296548,-0.20024642719866878
39,-0.40295270232533736,0.054207821271486614
42,0.8827116001050793,-0.18129772100700944
43,0.37554921063073227,-0.23417922986922865
10,0.7727208029260849,-0.40380992103409763
11,-0.17538304904327665,0.1694277410068163
15,0.7670993185228683,0.01616917602952196
21,-0.14472318744326523,-0.42824105954986147
24,-0.041972335585519376,0.34756445585662504
48,0.29733154486776486,0.18115298132736238
22,-0.7345351499408158,0.5545264481127811
28,-0.017163729829076404,0.03792245542773559
29,-0.2792948374442907,0.6533768428993428
35,-0.4385689360884107,-0.21283956314291191
31,-0.5822415497922663,-0.18505179594977403
34,0.36912861055840884,-1.0
36,-0.6392099809748221,-0.627817848065139
12,-0.3261848903089511,0.9165248790894158
45,-0.5782958577877876,0.03775305491708779
