0,-0.6201560390777016,-0.22735669248813833
1,0.5323768080529118,0.4519141036060854
3,-0.5522319642369228,-0.02564997737468371
5,1.0,0.18255164404910174
6,-0.01883911610731095,-0.5365124119046992
7,-0.09008819156163289,0.7958538379825579
8,0.07102835533088854,0.3420808066664492
9,0.5712623688429367,-0.2212685424948432
12,0.4219519727624567,-0.6976234609241418
19,0.22770284585021427,-0.8721031176735509
27,0.13869533713623983,0.4515929563351576
28,0.16259901976547034,-0.4066783174844969
34,0.27403972170631163,0.6987471250235727
43,-0.8467394736867383,0.6599230222811396
44,-0.14624467906508273,0.626811649041517
46,-0.3081210237105083,0.6161979494668153
2,-0.504014639299035,0.4139015180585582
4,0.3127156708235007,0.3445223882977902
17,-0.24996137745513153,-0.4867726805577612
18,0.5911775105117681,-0.5108801647189362
20,0.25364343974024617,0.054553775778518006
25,-0.3276269686838386,0.07765154057417274
26,0.203171485105986,-0.6868937294290121
33,0.10477461810971374,-0.19293927877053552
31,0.559619689591863,0.6283993538819856
42,0.7239019718161303,0.34330510590321717
10,-0.8059735327391113,-0.5059643770799035
21,-0.13783699678944777,-0.14339348741709293
32,-0.7977904788642547,0.4113956387556146
35,-0.4321272136234675,0.20676397014021403
36,0.5865696141030944,0.054717940119485386
39,-0.18450792275204767,-0.624759640724266
30,0.41266211087991095,-0.08647327689430882
48,-0.7308778520893612,-0.02175057412382161
49,-0.3749643936531748,-0.2035495743248469
14,-0.015517479089316643,-0.8535491656812498
16,-0.5503847608363617,-0.8532176185133927
24,0.8075592645358833,-0.31038237125894236
37,-0.10943639805091476,0.29952212865419764
38,0.5030843879003419,0.22221325833121439
40,-0.910399577045624,0.173726954918068
41,0.19742469065121143,0.8857658381832567
45,-0.5183115350288734,0.6226935018857718
13,0.6521309731280834,-0.8354904972851168
22,0.8176301837570971,-0.040633306020830484
47,-0.23508034725033777,0.895476290702536
11,0.3120327654857841,-0.26435493112192615
15,-0.3859151068226552,-0.43829074692126013
23,-0.058362095802315765,0.10899584779985633
29,-0.5262456422668731,-0.52279020524911
