0,0.25988592068975597,-0.2750049330064144
1,-0.3787972735534594,0.5122785731263739
2,-0.7995027364775942,0.18426957938707428
9,-0.24193598570090177,-0.04747878386120757
10,0.6423410046616461,-0.42713103330562324
12,-0.04996224569788139,-0.5532008806189513
15,0.5656687157912231,0.401712854968205
21,0.3789939280840447,0.4497486186792172
22,0.25627236774723255,0.3486437488952128
28,0.051277899493148926,-0.8219892978734679
32,0.01161219399828704,0.03494331529093878
33,0.5984709415810364,0.10505586792532388
35,0.5009848099474817,0.6969315981894704
38,0.41185307995489473,0.19827178326504719
40,0.5936561325550078,-0.25311793630889967
41,-0.3754451075683887,-0.478988448042524
47,0.21487461149138307,-0.5183254747799096
48,-0.4765010701583082,-0.5922464343437283
49,0.11907413319596956,-0.7034223365761019
5,-0.15800519371666413,0.6246707464154402
7,0.20374803093094737,0.6998632451264963
18,-0.330710020688803,0.04708260381038702
19,0.4299335823493753,-0.20978226124065866
23,-0.7704132909740585,-0.2616878687998691
25,-0.2792761627177245,0.3334558619647898
34,-0.1023399157278821,0.8155265091497661
31,0.7405574811029277,0.20082625957672373
43,-0.6892428205625685,-0.0036199491612767926
44,0.5040564811347904,-0.6686683249960801
3,-0.5371344725289681,-0.23459158976849187
6,-0.605827937349487,0.45901847143163826
8,0.03831803460647783,0.5419516408627106
14,-0.38984709434791714,-0.2396398042592054
16,-0.49801205414110916,0.2437252544903673
24,0.10709958908891103,0.30558633840833194
42,-0.15395386033606764,-0.8322857974565869
4,-0.40312338707107076,0.6822630836667436
13,0.15917303467481575,-0.2163171418501369
17,-0.006288127660189449,-0.17161685620557646
26,-0.199227327786781,0.1889881281033794
27,-0.27062886406132836,-0.6771417052119494
39,-0.17824474227075676,-0.24195661093037352
20,-0.5122169603180521,0.0569446385313253
29,0.36326795413577484,-0.03667687099670742
37,0.21491771477251223,0.07345982547702132
30,0.03945688381499314,1.0
36,0.6780566181467063,-0.06581526374422726
46,-0.02074395424731162,-0.42973176924148454
45,-0.054139837257844346,0.2926010735194533
11,0.3979692989717833,-0.537382247681984
