0,0.6494133229054662,0.31086399376855045
1,0.9653292667446027,0.04874064000903591
2,-0.10835363954266565,0.49513826909545433
4,0.003554602856929572,-0.252216887086206
5,0.5714530460595094,0.061644458549210725
6,0.8426975453012338,0.6030398845293552
7,0.41392606053548076,-0.7312231326329387
8,0.06155978659043594,-0.45582447227826395
9,0.5521456558002722,-0.37548952591402607
10,0.38930280502905046,0.3681411510170751
28,-1.0,-0.35494696394308617
33,-0.3932730161495157,0.2545749928591087
36,-0.337762400817605,-0.5165581761369886
30,-0.5408664155152868,0.7815083682020003
40,-0.5841410693992328,0.6123591134774432
41,-0.04696377490382297,0.8238108998590185
49,0.40073214823842274,0.5817515316306384
3,0.5517274982371957,0.3777607079414139
26,-0.23879431348749447,-0.36236882728857656
32,0.8577362181765015,0.26454196460564466
34,0.16558583725246837,0.158719599984312
42,-0.4713717720716827,-0.021229326954568507
48,-0.014717659301934395,0.2990555495514377
11,0.6295370514877144,-0.18200253645900671
13,0.40069500125509655,-0.08614978496659768
14,-0.26655635750596884,-0.6896932884082562
23,-0.6946278095309769,-0.6368865732264843
37,-0.35088341841075965,0.5526345606068137
38,-0.9412255036973287,0.14049004099434503
44,-0.15741473614840795,0.04355646439612719
12,0.6289099611000144,-0.6057487294462486
17,0.15653731003002413,0.6945428029400632
20,-0.2323219521256955,0.3206336524487902
27,-0.4953885851896971,-0.6428311089222779
29,-0.6340506888964715,-0.18443281153127586
47,0.8478941411003351,-0.24527854875866437
25,-0.049127701131004196,-0.6441189257924225
35,-0.8504481541519423,-0.0953231494737991
15,0.21924646814962984,-0.5851274932468998
18,0.14357575267913825,-0.052019136537722506
19,0.15166248788806025,0.40990474923832204
21,-0.5244406573412463,-0.3870983067793218
39,0.2949069410635057,0.878398760289063
43,-0.7582045459154405,0.2699698394496869
45,-0.569114577413464,0.24842053888959167
22,0.6014103397324232,-0.9192407650629255
24,-0.25984037708454616,-0.19850327155164404
16,0.27612583005411123,-0.3031337265874844
31,0.004185673043243413,-0.9861867664103294
46,-0.25996162557868296,0.9134297010635216
