10,0.35143474619154386,-0.11313101083752977
1,0.2992755500562484,0.2162070956858353
17,-0.0016682495657544913,-0.11184692659499411
2,0.2729432400422837,0.11215565216007026
16,0.21619319812495466,0.29927903483014623
3,-0.11314587989547743,0.3514334095918975
14,0.0577192611382573,0.6632614467075552
4,0.14239120185382495,1.0
15,-0.3835840679992748,0.0349010208612675
5,-0.7594958195314554,0.05568029653284902
6,-0.32931371843491186,-0.2591446039546545
7,-0.1754002715418652,-0.4668831662162151
20,-0.3508230858088803,-0.11502386096115637
8,-0.11504558971946675,-0.3508058496791596
9,0.08711755209565467,-0.4957158139996533
18,-0.11313592546157335,-0.3514268899720127
11,0.2162015921827829,-0.29926433111644163
12,0.3101415590475552,-0.35697197620106913
13,0.3981218639758793,-0.11129246758981491
19,-0.00992715675032553,0.29858894075308035
