11,0.3961584832556152,-0.29387731662184785
1,0.4999626580840865,0.22616501999656374
28,0.5625301882874555,0.7529861150592094
25,0.5603198641979875,0.18543596197178702
2,0.18538076417344188,0.5603351003422141
17,0.42436874981912204,0.4101985316855643
3,-0.07610809035678975,0.5852746858434097
8,0.0724139289189807,-0.18630137840893687
4,-0.3810769902123903,0.28389767574345215
15,0.09321853536049146,0.6589488719639702
19,-0.3206356733111169,0.9010870228348978
23,-0.8035555834183601,0.722507692779444
26,-1.0,0.24650327899770866
27,-0.7733157586674647,-0.1762214732577537
16,-0.553671245665387,0.2043991269575493
5,-0.4943157468963179,-0.32248423885580635
10,-0.5875285920445413,-0.05605230953087532
6,-0.3054759910840092,-0.5050234781903177
22,-0.5050475036584712,-0.30542187071684046
7,-0.05611098098743286,-0.5875294646389454
12,-0.12506399176448593,-0.7761412476833797
20,0.4796104061848016,-0.6089948542515
21,0.6691350821909821,-0.010638082292751642
9,0.297651512513091,-0.8150125255927984
18,0.18539180854964502,-0.5603129611229776
13,0.5603294807272475,-0.18541189266529756
24,0.4101571916967036,-0.4243887741496928
14,0.585277494107115,0.07607278380395069
