17 1
24 1
43 1
49 1
54 1
59 1
68 1
70 1
72 1
16 2
30 2
37 2
53 2
58 2
63 2
67 2
69 2
71 2
15 3
23 3
36 3
48 3
52 3
62 3
66 3
71 3
72 3
14 4
29 4
42 4
47 4
57 4
61 4
65 4
69 4
70 4
22 5
28 5
35 5
41 5
51 5
56 5
64 5
67 5
68 5
21 6
27 6
34 6
40 6
46 6
60 6
64 6
65 6
66 6
9 7
20 7
39 7
50 7
55 7
60 7
61 7
62 7
63 7
8 8
19 8
33 8
45 8
55 8
56 8
57 8
58 8
59 8
7 9
26 9
38 9
44 9
50 9
51 9
52 9
53 9
54 9
6 10
25 10
32 10
44 10
45 10
46 10
47 10
48 10
49 10
5 11
13 11
31 11
38 11
39 11
40 11
41 11
42 11
43 11
4 12
12 12
31 12
32 12
33 12
34 12
35 12
36 12
37 12
3 13
11 13
18 13
25 13
26 13
27 13
28 13
29 13
30 13
2 14
10 14
18 14
19 14
20 14
21 14
22 14
23 14
24 14
1 15
10 15
11 15
12 15
13 15
14 15
15 15
16 15
17 15
1 16
2 16
3 16
4 16
5 16
6 16
7 16
8 16
9 16
