3 1
32 1
63 1
64 1
3 2
31 2
32 2
62 2
7 3
16 3
6 4
15 4
30 4
33 4
6 5
33 5
46 5
61 5
7 6
16 6
8 7
15 7
10 8
14 8
35 8
10 9
22 9
29 9
35 9
14 10
17 10
13 11
36 11
38 11
45 11
13 12
36 12
53 12
60 12
14 13
17 13
15 14
31 15
18 16
39 16
18 17
39 17
19 18
22 18
21 19
40 19
21 20
25 20
28 20
40 20
22 21
30 22
25 23
34 23
37 23
42 23
25 24
41 24
42 24
44 24
29 25
28 26
43 26
49 26
52 26
28 27
43 27
56 27
59 27
29 28
30 29
31 30
63 31
34 32
47 32
34 33
47 33
38 34
37 35
48 35
37 36
48 36
38 37
46 38
41 39
50 39
41 40
50 40
45 41
44 42
51 42
44 43
51 43
45 44
46 45
62 46
49 47
54 47
49 48
54 48
53 49
52 50
55 50
52 51
55 51
53 52
61 53
56 54
57 54
56 55
57 55
60 56
58 57
59 57
58 58
59 58
60 59
61 60
62 61
63 62
64 63
64 64
