1 1
2 2
3 3
8 4
9 5
10 6
11 7
12 8
13 9
19 10
20 11
21 12
22 13
23 14
24 15
30 16
31 17
32 18
33 19
34 20
35 21
41 22
42 23
43 24
44 25
45 26
46 27
48 28
49 29
50 30
1 31
5 31
1 32
6 32
1 33
7 33
4 34
14 34
4 35
12 35
13 35
15 35
5 36
8 36
16 36
6 37
9 37
17 37
7 38
10 38
18 38
8 39
11 39
9 40
12 40
10 41
13 41
11 42
16 42
11 43
17 43
11 44
18 44
14 45
15 45
25 45
15 46
23 46
24 46
26 46
16 47
19 47
27 47
17 48
20 48
28 48
18 49
21 49
29 49
19 50
22 50
20 51
23 51
21 52
24 52
22 53
27 53
22 54
28 54
22 55
29 55
25 56
26 56
36 56
26 57
34 57
35 57
37 57
27 58
30 58
38 58
28 59
31 59
39 59
29 60
32 60
40 60
30 61
33 61
31 62
34 62
32 63
35 63
33 64
38 64
33 65
39 65
33 66
40 66
36 67
37 67
47 67
37 68
45 68
46 68
38 69
41 69
39 70
42 70
40 71
43 71
41 72
44 72
42 73
45 73
43 74
46 74
44 75
48 75
44 76
48 76
49 76
44 77
48 77
50 77
47 78
49 78
50 78
