1 2
1 3
1 4
5 6
5 7
5 8
2 3
2 4
6 7
7 8
9 10
9 4
3 4
11 12
2 13
14 7
15 4
16 17
16 3
16 18
17 3
17 18
19 20
18 3
18 13
18 3
13 4
7 14
21 22
11 23
18 24
18 25
18 2
18 13
18 3
18 4
3 24
3 25
3 2
3 13
3 4
26 2
26 24
24 25
24 2
24 4
2 25
2 4
21 22
25 4
11 12
26 24
26 25
24 18
24 25
25 18
25 3
2 16
2 27
13 3
14 7
28 4
11 12
11 29
11 23
26 30
26 24
26 21
26 25
24 18
24 4
24 25
25 31
25 4
25 18
14 7
14 29
12 29
21 32
30 32
16 3
16 27
18 4
33 4
7 29
31 3
31 4
28 4
11 12
11 34
11 23
24 16
24 4
24 25
25 16
25 4
14 7
14 29
21 30
23 35
35 7
35 29
7 29
31 3
