1 2
2 2
1 3
2 3
3 3
4 3
1 4
4 4
5 4
2 5
3 5
2 6
3 6
4 6
6 6
2 7
6 7
2 8
3 8
4 8
5 8
7 8
9 8
2 9
4 9
5 9
6 9
7 9
8 9
9 9
2 10
3 10
7 10
9 10
2 11
3 11
4 11
6 11
8 11
9 11
3 12
4 12
5 12
7 12
3 13
5 13
7 13
8 13
9 13
3 14
6 14
7 14
8 14
3 15
4 15
6 15
8 15
9 15
10 15
3 16
4 16
5 16
7 16
8 16
9 16
11 16
3 17
6 17
7 17
8 17
10 17
11 17
3 18
4 18
5 18
6 18
7 18
8 18
9 18
10 18
11 18
3 19
5 19
6 19
7 19
8 19
9 19
11 19
4 20
9 20
5 21
7 21
8 21
9 21
11 21
5 22
7 22
8 22
9 22
11 22
6 23
7 23
8 23
9 23
6 24
8 24
9 24
10 24
6 25
8 25
9 25
10 25
6 26
7 26
8 26
9 26
11 26
6 27
10 27
6 28
8 28
11 28
7 29
8 29
9 29
11 29
7 30
8 30
11 30
7 31
8 31
11 31
7 32
8 32
9 32
10 32
11 32
7 33
8 33
10 33
11 33
8 34
10 34
11 34
8 35
9 35
11 36
