0 1
0 2
0 3
1 4
1 5
1 6
1 7
2 4
2 6
2 8
2 9
3 5
3 8
3 10
3 11
3 12
3 13
4 10
4 14
4 15
5 9
5 16
5 17
5 18
5 19
6 8
6 16
6 20
6 21
6 22
6 23
7 22
7 24
7 25
7 26
8 26
8 27
8 28
8 29
8 30
8 31
9 13
9 29
9 32
10 12
10 30
10 32
10 33
10 34
10 35
10 36
11 15
11 34
11 37
11 38
12 19
12 39
12 40
13 17
13 21
13 41
13 42
13 43
13 44
14 20
14 22
14 44
14 45
14 46
14 47
14 48
14 49
15 23
15 25
15 48
15 50
15 51
16 49
16 50
16 52
16 53
16 54
16 55
17 24
17 28
17 51
17 54
17 56
17 57
17 58
18 27
18 44
18 57
18 59
18 60
18 61
19 31
19 33
19 60
19 62
19 63
20 36
20 63
20 64
20 65
20 66
20 67
20 68
21 35
21 37
21 66
21 69
21 70
22 38
22 69
22 71
22 72
23 67
23 70
23 72
23 73
23 74
23 75
23 76
24 68
24 74
24 77
24 78
25 64
25 77
25 79
25 80
25 81
25 82
26 61
26 62
26 65
26 81
26 83
26 84
26 85
27 58
27 59
27 85
27 86
27 87
28 55
28 56
28 87
28 88
28 89
28 90
29 52
29 89
29 91
29 92
29 93
29 94
30 45
30 53
30 93
30 95
30 96
30 97
31 71
31 75
31 98
31 99
32 76
32 99
32 100
32 101
32 102
33 73
33 78
33 82
33 102
33 103
33 104
33 105
33 106
34 104
34 107
34 108
34 109
34 110
35 79
35 105
35 109
35 111
35 112
36 80
36 83
36 112
36 113
36 114
37 108
37 111
37 114
37 115
37 116
37 117
37 118
38 84
38 86
38 90
38 113
38 116
38 119
38 120
38 121
38 122
39 44
39 88
39 94
39 121
39 123
39 124
39 125
40 43
40 120
40 125
40 126
40 127
41 46
41 91
41 124
41 128
41 129
41 130
41 131
42 45
42 92
42 95
42 130
42 132
42 133
42 134
43 44
43 135
43 136
43 137
43 138
44 135
44 139
44 140
44 141
45 139
45 142
45 143
45 144
46 47
46 142
46 145
46 146
47 97
47 145
47 147
47 148
47 149
48 96
48 134
48 147
48 150
48 151
48 152
49 129
49 132
49 153
49 154
49 155
50 133
50 150
50 154
50 156
50 157
50 158
51 136
51 141
51 159
51 160
51 161
52 138
52 162
52 163
52 164
53 137
53 161
53 162
53 165
53 166
53 167
54 163
54 167
54 168
54 169
54 170
54 171
55 166
55 168
55 172
55 173
55 174
56 140
56 144
56 159
56 175
56 176
56 177
57 143
57 146
57 149
57 177
57 178
57 179
58 148
58 152
58 178
58 180
58 181
58 182
58 183
59 151
59 158
59 183
59 184
60 157
60 180
60 184
60 185
60 186
60 187
60 188
60 189
61 185
61 190
61 191
61 192
61 193
62 100
62 194
63 98
63 101
63 106
63 194
63 195
64 103
64 110
64 195
64 196
65 107
65 117
65 196
65 197
66 118
66 197
66 198
66 199
67 198
67 200
68 115
68 122
68 199
68 200
68 201
69 119
69 127
69 201
69 202
70 123
70 126
70 131
70 202
70 203
71 128
71 155
71 203
71 204
72 153
72 156
72 189
72 193
72 204
72 205
73 190
73 205
73 206
73 207
74 206
74 208
75 186
75 191
75 207
75 208
75 209
75 210
76 209
76 211
77 187
77 192
77 210
77 211
77 212
78 181
78 188
78 212
78 213
79 175
79 179
79 182
79 213
79 214
80 160
80 165
80 172
80 176
80 214
80 215
81 173
81 215
81 216
82 169
82 174
82 216
82 217
83 170
83 217
83 218
84 164
84 171
84 218
