0 1
0 2
0 3
0 4
0 5
0 6
0 7
0 8
0 9
0 10
0 11
0 12
0 13
0 14
0 15
0 16
0 17
0 18
0 19
0 20
1 2
1 20
1 21
1 22
1 23
1 24
1 25
1 26
1 27
1 28
1 29
1 30
1 31
1 32
1 33
1 34
1 35
1 36
1 37
1 38
3 56
4 55
5 54
6 53
7 52
8 51
9 50
10 49
11 48
12 47
13 46
14 45
15 44
16 43
17 42
18 41
19 40
20 39
20 40
20 41
20 42
20 43
20 44
20 45
20 46
20 47
20 48
20 49
20 50
20 51
20 52
20 53
20 54
20 55
20 56
21 39
22 40
23 41
24 42
25 43
26 44
27 45
28 46
29 47
30 48
31 49
32 50
33 51
34 52
35 53
36 54
37 55
38 56
39 56
39 57
39 58
39 59
39 60
39 61
39 62
39 63
39 64
39 65
39 66
39 67
39 68
39 69
39 70
39 71
39 72
39 73
40 55
40 73
40 74
40 90
40 91
40 92
40 93
40 94
40 95
40 96
40 97
40 98
40 99
40 100
40 101
40 102
40 103
40 104
41 54
41 72
41 75
41 104
41 105
41 119
41 120
41 121
41 122
41 123
41 124
41 125
41 126
41 127
41 128
41 129
41 130
41 131
42 53
42 71
42 76
42 103
42 106
42 131
42 132
42 144
42 145
42 146
42 147
42 148
42 149
42 150
42 151
42 152
42 153
42 154
43 52
43 70
43 77
43 102
43 107
43 130
43 133
43 154
43 155
43 165
43 166
43 167
43 168
43 169
43 170
43 171
43 172
43 173
44 51
44 69
44 78
44 101
44 108
44 129
44 134
44 153
44 156
44 173
44 174
44 182
44 183
44 184
44 185
44 186
44 187
44 188
45 50
45 68
45 79
45 100
45 109
45 128
45 135
45 152
45 157
45 172
45 175
45 188
45 189
45 195
45 196
45 197
45 198
45 199
46 49
46 67
46 80
46 99
46 110
46 127
46 136
46 151
46 158
46 171
46 176
46 187
46 190
46 199
46 200
46 204
46 205
46 206
47 48
47 66
47 81
47 98
47 111
47 126
47 137
47 150
47 159
47 170
47 177
47 186
47 191
47 198
47 201
47 206
47 207
47 209
48 65
48 82
48 97
48 112
48 125
48 138
48 149
48 160
48 169
48 178
48 185
48 192
48 197
48 202
48 205
48 208
48 209
49 64
49 83
49 96
49 113
49 124
49 139
49 148
49 161
49 168
49 179
49 184
49 193
49 196
49 203
49 204
49 207
49 208
50 63
50 84
50 95
50 114
50 123
50 140
50 147
50 162
50 167
50 180
50 183
50 194
50 195
50 200
50 201
50 202
50 203
51 62
51 85
51 94
51 115
51 122
51 141
51 146
51 163
51 166
51 181
51 182
51 189
51 190
51 191
51 192
51 193
51 194
52 61
52 86
52 93
52 116
52 121
52 142
52 145
52 164
52 165
52 174
52 175
52 176
52 177
52 178
52 179
52 180
52 181
53 60
53 87
53 92
53 117
53 120
53 143
53 144
53 155
53 156
53 157
53 158
53 159
53 160
53 161
53 162
53 163
53 164
54 59
54 88
54 91
54 118
54 119
54 132
54 133
54 134
54 135
54 136
54 137
54 138
54 139
54 140
54 141
54 142
54 143
55 58
55 89
55 90
55 105
55 106
55 107
55 108
55 109
55 110
55 111
55 112
55 113
55 114
55 115
55 116
55 117
55 118
56 57
56 74
56 75
56 76
56 77
56 78
56 79
56 80
56 81
56 82
56 83
56 84
56 85
56 86
56 87
56 88
56 89
