0 1
0 2
0 3
0 4
0 5
0 6
1 2
1 3
1 7
1 8
1 9
2 3
2 4
2 5
2 8
2 10
3 5
3 8
4 7
4 12
4 13
4 18
4 19
4 20
5 10
5 21
6 12
6 15
6 22
6 23
6 24
6 25
6 26
7 8
7 11
7 12
7 13
7 14
7 15
8 9
8 16
8 17
9 16
9 17
10 27
11 14
11 28
11 29
12 15
12 24
13 14
13 19
13 30
13 31
14 31
15 22
15 29
15 32
16 17
16 33
17 33
17 34
18 19
18 20
18 37
18 40
18 41
18 46
19 40
19 44
20 24
20 46
20 93
21 23
21 73
21 74
21 166
22 23
22 28
22 29
22 32
23 26
23 73
23 74
24 25
24 93
24 115
24 122
25 26
25 115
26 73
27 34
27 35
27 36
27 37
27 39
28 29
28 32
28 67
28 68
29 32
30 31
30 44
30 90
30 96
31 96
32 67
32 68
32 70
33 47
34 36
34 39
35 36
35 37
35 38
36 37
36 39
37 38
37 40
37 41
37 42
38 42
38 43
40 41
40 44
40 45
41 42
41 43
41 46
42 43
43 46
43 95
44 45
44 90
44 91
45 91
45 92
46 93
46 94
46 95
47 66
48 49
48 50
48 51
49 50
49 51
49 52
49 53
49 54
49 55
50 51
50 56
51 56
51 57
52 53
52 54
52 58
53 54
53 59
53 60
53 61
53 62
53 63
54 59
54 60
55 64
55 65
56 57
57 65
57 66
58 61
59 60
59 96
59 165
60 63
60 148
60 165
61 62
61 89
61 141
61 174
61 175
62 63
62 140
62 141
63 139
63 140
63 148
64 116
64 117
65 90
65 91
65 97
67 68
67 69
67 70
67 71
68 70
68 71
69 70
69 71
69 72
70 71
72 108
72 146
72 147
73 74
73 166
74 166
75 76
75 77
75 78
75 79
75 80
76 77
76 78
76 81
76 82
76 83
77 78
77 79
77 80
77 86
77 87
78 79
78 82
78 83
78 87
79 80
80 87
81 82
81 83
81 84
81 85
82 83
82 84
82 85
83 84
83 85
84 85
84 88
85 88
86 87
86 89
88 151
90 91
91 92
91 97
92 97
92 98
93 94
93 123
93 124
94 95
94 169
97 98
97 176
97 177
98 176
98 179
99 100
99 101
99 102
100 101
100 103
101 102
101 103
101 104
102 106
102 107
103 104
103 105
104 105
104 113
104 114
104 115
105 114
106 107
106 108
106 109
106 110
106 111
107 109
107 110
107 112
108 109
108 112
108 147
109 110
109 112
109 139
109 148
110 131
110 133
110 139
111 181
112 148
112 149
112 150
113 114
113 115
113 122
113 126
114 115
115 122
116 117
116 118
117 118
118 119
118 120
119 120
119 121
121 144
121 159
122 123
122 124
122 127
123 124
123 127
123 132
123 137
125 126
125 127
125 128
125 129
125 130
126 127
126 128
126 131
127 129
127 132
128 130
128 131
128 133
128 134
129 132
130 134
130 135
130 136
131 133
132 138
133 134
133 139
133 140
134 140
134 141
135 136
135 142
135 143
136 143
136 144
136 145
137 138
137 167
137 168
137 169
137 170
138 170
138 171
139 140
139 148
140 141
141 159
142 182
143 145
143 173
144 159
144 160
145 173
146 147
148 150
149 150
149 162
150 164
150 165
151 152
152 153
153 154
153 155
153 156
154 155
154 156
154 157
154 158
155 156
157 158
157 161
157 164
157 165
159 160
161 162
161 163
161 164
162 163
164 165
167 168
167 169
170 171
170 172
171 172
171 173
174 175
176 177
176 178
176 179
176 180
177 178
177 179
177 180
178 179
178 180
179 180
181 182
181 183
182 183
