0 1
0 2
0 3
1 2
1 3
1 4
1 5
1 6
1 7
2 5
2 8
3 9
3 10
4 5
4 6
4 8
4 11
4 12
4 13
4 14
5 6
5 8
6 12
6 13
6 14
7 15
7 16
7 17
7 18
7 19
7 20
8 12
9 21
9 22
10 22
10 23
10 24
10 25
11 13
11 14
11 133
11 134
11 135
11 136
12 13
13 14
13 133
14 133
14 134
15 16
15 18
15 19
15 126
15 129
15 178
16 19
16 20
16 126
16 129
16 130
16 178
17 18
17 19
17 136
17 140
17 141
18 19
18 136
18 141
19 136
20 130
20 178
21 22
21 103
21 106
22 25
22 103
23 24
23 25
23 99
23 100
24 99
24 100
25 100
25 103
25 106
26 27
26 28
26 29
27 28
27 30
27 31
27 32
27 33
27 34
28 34
28 36
28 37
30 33
30 34
31 32
31 35
32 33
34 36
34 38
35 39
36 40
36 41
36 42
37 43
37 44
37 45
38 40
38 41
38 46
38 47
38 48
39 176
40 42
40 47
40 69
40 74
41 48
41 75
41 76
41 77
42 43
42 74
42 119
43 44
43 119
43 120
44 45
44 120
44 181
44 183
44 184
45 185
46 47
46 67
46 68
47 69
47 70
48 78
48 79
48 80
49 50
49 51
49 52
49 53
49 54
49 55
50 51
50 56
51 52
51 53
51 56
51 57
51 58
52 55
52 56
53 54
53 55
53 59
54 55
54 59
54 60
54 61
54 62
55 59
55 62
56 57
57 63
58 63
58 64
58 65
58 66
59 60
59 61
59 62
60 61
60 62
60 110
60 142
61 62
61 142
63 64
65 66
65 143
65 144
66 143
66 144
67 70
67 71
67 72
67 73
68 70
68 71
69 74
69 81
69 82
69 83
70 71
70 73
70 82
71 72
71 84
72 73
72 84
72 85
74 83
74 119
75 76
75 78
75 121
76 77
76 126
77 126
77 128
78 79
79 80
81 82
81 83
81 104
81 105
82 104
82 121
82 122
82 123
83 105
83 112
83 124
83 125
84 182
85 175
85 182
86 87
86 88
86 89
86 90
87 88
87 89
87 91
88 89
90 93
90 94
91 92
92 187
93 94
93 95
93 96
93 97
93 98
94 98
95 96
95 97
95 98
95 149
95 150
95 151
96 149
96 150
96 151
97 150
99 100
99 101
99 102
100 101
100 103
100 104
100 105
101 107
101 108
102 108
102 109
103 106
103 110
103 111
104 105
104 106
105 112
106 122
107 108
107 113
107 114
107 115
108 115
109 116
109 117
109 118
110 111
110 142
111 142
112 124
112 125
112 161
113 114
113 163
113 168
114 115
114 168
114 169
116 117
116 170
116 179
116 180
117 118
117 179
118 179
119 120
120 181
121 122
121 127
122 123
123 127
123 131
123 156
124 125
124 161
124 172
125 161
125 172
125 173
125 174
125 175
126 128
126 129
126 130
127 131
127 132
128 129
128 176
128 177
129 130
129 177
129 178
130 178
131 132
131 156
131 157
131 158
131 159
132 156
132 157
132 158
133 134
133 135
133 137
133 138
134 135
134 138
134 139
135 138
135 139
136 140
136 141
137 138
137 140
137 145
137 146
137 147
138 139
138 148
139 148
140 141
140 147
143 168
143 169
145 146
145 149
145 150
145 151
145 152
146 147
146 151
146 152
147 152
148 153
148 154
148 155
149 150
149 151
149 152
150 151
151 152
153 154
153 155
153 162
153 166
153 167
153 170
153 171
154 155
154 161
154 167
154 173
155 167
156 157
156 158
157 158
157 159
158 159
159 160
160 182
161 172
161 173
162 163
162 164
162 165
162 166
162 167
163 164
163 168
164 165
166 167
166 170
166 171
167 171
168 169
170 171
170 179
170 180
171 180
172 173
172 174
173 174
174 175
176 177
179 180
181 184
183 184
183 185
183 186
185 187
