0 1
0 2
0 3
0 4
1 2
1 5
2 4
2 5
2 6
3 4
3 11
3 12
5 7
5 8
5 9
5 10
6 7
6 8
7 8
7 9
7 10
7 104
8 10
9 10
9 104
9 105
9 106
10 104
10 106
11 12
11 13
12 14
12 15
14 15
14 135
14 136
14 137
15 69
15 73
16 17
16 18
16 19
16 20
16 21
16 22
16 23
16 24
17 18
17 19
17 20
17 25
17 26
18 19
18 21
18 22
18 23
19 20
19 22
19 26
20 25
20 26
20 27
21 22
21 23
21 24
21 29
21 30
22 23
22 31
22 32
23 24
24 33
25 26
25 27
26 27
26 28
27 28
27 34
27 35
28 35
28 36
29 30
29 111
29 113
29 118
29 158
30 113
31 32
31 82
31 84
31 99
32 84
33 183
34 87
34 90
34 91
34 95
34 98
35 36
35 98
37 38
37 39
37 40
38 41
38 42
38 43
39 40
39 46
40 42
40 43
41 43
41 44
41 45
42 43
42 45
43 45
44 188
45 188
46 47
47 136
48 49
48 50
49 51
49 52
49 53
49 54
50 63
51 54
51 55
51 56
51 57
51 58
52 53
52 59
52 60
53 54
53 59
53 60
53 61
54 57
54 62
55 56
55 64
56 58
56 65
56 66
56 67
57 58
57 62
57 68
57 69
58 66
58 67
59 61
59 70
59 71
59 72
60 61
60 72
61 71
61 72
62 73
62 74
63 151
63 154
64 65
64 151
64 152
65 152
65 153
66 67
66 97
66 153
67 68
67 97
67 156
68 69
68 135
68 156
68 172
69 135
70 71
70 117
70 120
70 122
71 72
71 120
71 122
73 74
75 76
75 77
75 78
75 79
76 80
77 78
77 80
77 81
77 83
78 79
78 80
78 84
79 84
80 81
80 82
81 83
81 85
82 84
82 99
83 86
85 86
85 100
85 101
85 102
86 102
87 88
87 89
87 90
87 91
87 92
88 89
88 90
88 93
89 90
89 92
89 93
89 94
90 91
90 95
91 95
91 98
92 93
92 94
92 96
93 94
93 96
93 97
94 96
94 97
95 98
96 97
97 156
99 103
100 126
100 129
100 133
100 134
101 102
101 126
102 126
102 127
103 158
103 159
103 160
104 105
104 106
104 121
105 106
105 115
105 121
106 115
106 175
107 108
107 109
107 110
108 109
108 111
108 112
109 111
109 112
109 113
110 112
110 114
110 115
110 116
110 117
111 113
112 114
113 118
114 115
114 116
114 117
114 119
114 120
115 119
115 121
116 117
116 120
116 122
117 120
117 122
118 158
118 159
118 160
119 157
119 174
120 122
123 124
123 125
123 126
123 127
124 125
124 126
125 128
126 127
128 129
128 130
128 131
128 132
129 133
129 134
129 152
129 162
130 131
130 132
130 151
130 154
130 178
130 182
131 151
131 154
132 182
133 161
133 162
133 163
134 155
135 137
135 173
137 173
137 176
137 177
138 139
138 140
138 141
138 142
138 143
138 144
139 140
139 145
139 146
140 141
140 142
140 145
140 146
141 145
141 150
142 143
142 150
143 144
143 150
145 146
145 147
145 148
145 149
146 147
146 148
146 149
147 148
147 149
147 178
148 149
148 178
148 179
149 178
149 179
149 180
151 152
151 154
152 155
153 157
156 172
157 174
158 159
158 160
159 160
161 162
161 163
161 164
161 165
163 164
163 165
163 166
164 165
164 166
164 167
165 166
165 167
165 168
166 167
166 168
166 169
167 168
167 169
167 170
168 169
168 171
169 170
169 171
170 171
171 176
172 173
175 184
175 185
175 186
175 187
175 189
176 177
178 179
178 181
179 180
180 181
181 190
182 190
183 189
184 185
184 186
184 187
184 188
185 186
186 187
186 189
187 188
