0 1
0 2
0 3
0 4
0 5
1 2
1 3
1 6
1 7
1 8
1 9
1 10
2 3
2 4
2 8
2 10
3 4
3 5
3 10
3 11
4 5
4 11
4 16
5 11
5 17
5 18
5 19
5 20
6 7
6 8
6 9
6 10
6 12
7 8
7 9
7 12
7 13
7 14
8 9
8 10
10 15
11 21
12 13
12 14
12 124
13 14
13 124
13 125
14 124
15 23
15 24
15 79
15 84
16 21
16 22
16 23
16 24
16 25
16 26
16 27
17 18
17 28
17 29
17 30
18 19
18 20
18 30
18 31
19 20
19 21
22 23
22 24
22 25
22 26
22 79
23 24
23 25
23 84
24 84
25 26
25 27
25 96
26 27
26 133
27 96
27 133
27 134
28 29
28 47
28 50
28 109
29 30
29 31
29 42
29 47
30 31
30 42
30 47
30 116
31 118
31 119
31 120
31 121
31 122
32 33
32 34
32 35
32 36
33 37
33 38
34 37
34 39
34 40
34 41
34 45
35 36
35 40
36 46
37 38
37 39
37 40
37 41
37 42
38 41
38 43
38 44
39 41
39 42
39 44
39 47
39 48
40 41
40 45
40 49
41 42
41 44
41 47
42 47
42 50
42 51
42 52
42 53
43 44
43 54
43 55
43 56
43 57
44 48
44 56
45 49
45 58
45 59
45 60
46 139
47 50
47 51
47 52
48 52
48 56
48 61
49 62
49 63
49 64
49 65
50 51
50 109
50 111
50 112
50 113
51 53
51 109
51 112
51 114
52 63
52 92
52 117
53 113
53 114
54 55
54 56
54 77
54 78
54 79
54 80
55 57
55 79
55 80
55 85
56 61
56 78
57 80
57 85
58 59
58 66
58 67
58 68
59 60
59 62
59 67
59 68
60 67
60 68
60 69
60 70
60 71
61 78
61 92
62 63
62 64
62 65
62 74
62 75
63 65
63 117
63 128
64 65
64 75
64 94
64 95
65 75
65 94
65 128
67 68
68 69
69 70
69 71
69 72
69 73
70 71
70 72
70 73
71 72
71 73
71 76
72 73
73 76
73 104
73 105
74 75
74 126
76 104
76 105
76 106
77 78
77 79
77 81
78 79
78 81
78 82
78 83
79 84
80 85
80 86
81 82
81 83
82 83
82 87
83 88
83 89
83 90
83 91
85 97
85 98
85 99
86 100
87 90
87 91
88 93
89 92
89 94
89 95
90 91
92 94
92 117
92 128
93 129
93 130
94 95
94 128
96 133
96 135
97 98
97 99
97 101
97 102
98 101
98 102
98 103
100 103
101 102
104 105
104 106
104 107
105 106
105 108
106 108
106 143
107 108
107 115
107 143
108 115
108 143
109 110
109 111
110 115
111 112
112 113
112 114
113 114
115 143
116 117
116 121
116 123
117 128
118 119
118 140
119 122
119 140
119 141
120 121
120 122
120 123
120 135
120 138
121 122
121 123
122 123
123 138
124 125
125 139
125 142
126 127
129 130
129 131
129 132
130 132
131 136
133 134
133 135
134 135
134 138
135 138
136 137
137 138
139 142
140 141
