0 1
0 2
0 3
0 4
0 5
0 6
0 7
1 2
1 3
1 4
1 8
1 9
2 3
2 4
3 4
3 7
3 9
4 9
5 6
5 7
5 12
5 13
5 14
5 15
5 16
6 7
6 14
6 16
6 17
7 14
7 17
8 9
8 10
8 11
10 11
10 84
10 85
10 86
11 84
11 86
12 17
12 18
13 15
13 16
13 19
13 20
13 21
13 22
13 23
13 24
13 25
13 26
14 17
15 16
15 20
15 23
16 24
16 25
16 26
18 19
18 67
18 68
18 69
19 21
19 22
19 67
19 70
19 71
19 72
20 23
20 90
20 94
20 100
20 104
21 22
21 24
21 26
22 24
22 71
23 24
23 104
24 25
25 26
27 28
27 29
27 30
27 31
27 32
28 29
28 30
28 33
28 34
29 33
29 34
29 36
29 37
29 38
30 32
30 34
30 39
31 32
31 40
31 41
31 42
31 43
31 44
31 45
32 39
32 44
33 34
33 35
33 36
33 37
34 37
35 36
35 37
35 38
35 46
35 47
36 37
36 48
36 49
38 46
38 47
38 48
38 50
38 51
40 41
40 42
40 111
40 112
40 113
40 117
41 42
41 43
41 45
42 43
42 45
42 120
43 45
43 120
44 123
46 47
46 50
47 48
48 49
49 135
50 51
52 53
52 54
52 55
52 56
52 57
53 54
54 58
54 59
54 60
54 61
55 56
55 57
55 62
55 63
55 64
56 62
56 63
56 64
57 61
58 59
58 61
59 60
59 65
60 66
62 63
62 108
62 109
62 110
62 124
62 125
62 126
63 64
63 106
63 127
64 106
64 128
65 133
66 133
66 134
67 72
67 73
67 74
67 75
67 76
67 77
68 69
68 78
68 79
68 80
68 81
68 82
68 83
69 75
69 82
70 71
70 72
70 78
70 105
71 72
72 73
72 74
73 74
73 76
74 76
74 77
75 106
75 107
76 77
76 108
77 108
77 109
77 110
78 80
78 81
78 105
79 80
79 81
79 105
79 136
80 81
80 105
80 136
81 82
81 83
81 136
82 83
82 130
82 131
82 132
82 136
83 132
83 136
84 85
84 86
84 118
84 119
85 116
85 118
85 119
87 88
87 89
88 90
88 91
88 92
89 93
89 98
90 91
90 92
90 93
90 94
90 95
90 96
90 97
91 92
91 96
92 96
92 97
93 94
93 99
93 100
93 101
93 102
93 103
93 104
94 99
94 100
94 102
94 103
95 97
95 105
96 97
96 105
97 105
98 101
99 100
99 101
99 102
99 103
99 114
99 117
100 102
100 104
100 114
101 102
101 103
102 103
106 107
106 109
106 128
107 127
107 128
108 109
108 110
109 110
109 125
110 125
110 126
111 112
111 113
111 114
111 115
111 116
112 113
112 114
112 117
113 114
113 115
114 115
114 116
114 117
114 118
115 116
115 118
115 119
116 118
116 119
118 119
120 121
120 122
121 122
122 123
124 125
124 126
125 126
127 128
127 129
129 130
129 131
130 131
130 132
131 132
132 136
133 134
135 137
137 138
