0 1
0 2
0 3
0 4
1 2
1 3
1 5
1 6
1 7
2 3
2 4
2 5
2 7
2 8
3 4
3 5
3 7
3 8
3 9
3 10
4 16
4 17
5 6
5 7
5 9
5 11
6 7
6 11
6 12
6 13
6 14
6 15
7 13
8 9
8 18
8 19
8 20
8 21
8 22
9 10
9 21
9 22
9 24
9 25
10 21
10 22
10 24
10 26
11 12
11 13
11 42
11 43
12 13
12 42
12 43
12 44
13 42
14 15
14 31
14 48
14 49
14 50
14 51
15 31
15 45
15 48
15 49
15 50
15 52
16 17
17 23
18 19
18 20
18 27
19 20
19 21
19 22
19 27
19 28
19 29
20 22
20 27
20 29
21 22
21 24
23 150
24 25
24 26
24 53
25 26
25 53
25 54
25 55
26 53
26 54
26 55
27 30
28 31
28 32
28 33
28 34
28 35
28 36
28 37
29 30
29 33
29 35
29 36
29 38
29 39
29 40
29 41
30 38
30 39
31 32
31 34
31 37
31 50
31 51
32 33
32 34
32 37
32 51
33 34
33 35
33 36
33 38
34 35
34 37
35 36
35 39
35 125
36 39
36 40
37 50
37 51
38 39
38 126
39 40
39 41
39 126
40 41
41 127
42 43
42 44
42 45
42 46
43 44
43 46
43 47
44 46
44 47
44 61
44 78
45 48
45 49
45 52
46 47
46 78
46 137
47 78
47 136
47 137
48 49
49 50
49 52
50 51
51 102
52 123
53 54
53 55
54 55
54 57
56 57
56 58
56 59
57 58
57 60
58 59
58 60
58 61
58 62
58 63
58 64
59 61
59 62
59 67
60 63
60 64
60 65
60 66
61 62
61 67
61 68
61 69
62 67
62 70
63 64
63 65
63 66
63 68
63 69
63 71
64 66
64 72
64 73
65 66
65 71
65 74
66 73
66 74
67 68
67 75
67 76
67 77
68 69
68 76
68 79
69 80
70 81
71 74
71 80
71 82
72 83
73 84
73 85
74 82
74 121
74 122
75 76
75 77
75 86
75 87
76 77
76 79
76 87
76 93
77 86
77 87
77 88
78 136
78 137
79 80
79 93
79 102
79 103
79 104
80 103
80 104
80 138
81 109
82 104
82 121
82 122
82 125
82 127
83 110
83 112
83 113
84 85
84 141
84 149
85 148
85 149
86 87
86 88
86 89
86 90
86 91
86 92
87 90
87 94
88 91
88 92
88 95
88 96
89 90
89 97
89 98
90 94
90 98
90 99
90 100
91 92
91 95
92 101
93 94
93 102
94 99
94 128
94 133
95 96
95 105
95 106
95 107
96 107
96 114
96 115
97 98
97 134
97 142
98 130
98 131
98 134
99 128
99 129
99 130
99 131
99 132
100 135
100 136
102 103
102 133
103 138
104 122
104 125
104 138
105 106
105 107
105 108
106 107
106 108
106 109
107 108
107 109
107 110
108 109
108 110
108 111
108 112
108 113
110 111
110 112
110 113
111 114
111 116
111 117
112 113
114 115
114 116
114 117
114 118
115 119
115 120
116 117
116 118
116 119
116 124
117 118
117 124
118 119
118 124
118 148
119 120
119 124
120 150
121 127
121 141
122 125
122 139
122 148
123 129
123 132
124 126
124 139
124 140
126 139
126 140
128 129
128 133
129 132
129 133
130 131
130 134
130 135
131 132
134 135
134 142
134 145
136 137
139 140
139 148
139 149
141 149
142 143
142 144
142 145
143 144
143 145
143 146
143 147
144 145
144 146
145 146
146 147
148 149
