0 1
0 2
0 3
0 4
1 5
2 8
2 9
2 10
2 11
3 11
3 12
3 13
3 14
4 7
4 9
4 11
4 15
5 6
5 7
6 7
6 16
7 16
7 17
8 9
8 10
8 106
9 10
9 15
9 102
10 11
10 105
10 148
10 149
11 12
11 13
11 105
11 148
12 13
12 14
13 148
13 152
14 120
15 17
15 102
15 150
17 135
17 150
17 167
18 19
18 20
18 21
18 22
18 23
19 20
19 24
19 25
19 26
20 21
20 27
20 28
20 29
21 29
21 35
21 36
21 37
22 23
22 38
22 39
23 37
23 39
24 25
24 26
24 30
24 31
24 32
25 28
25 30
25 31
25 33
26 34
27 28
27 29
27 40
27 41
28 33
28 40
29 36
29 42
30 31
30 33
31 32
31 80
32 85
33 40
33 80
34 38
34 48
35 36
35 37
35 43
36 44
38 45
38 46
38 47
38 48
39 46
40 81
41 42
41 81
41 100
41 103
41 104
42 44
42 103
43 44
43 184
44 103
44 151
44 184
45 46
45 47
45 65
45 67
45 72
45 73
45 74
45 75
46 47
46 74
46 75
47 48
49 50
49 51
49 52
49 53
50 51
50 52
50 54
50 55
51 52
51 54
51 55
51 56
51 57
52 57
52 58
53 59
53 60
54 55
54 59
54 60
54 61
54 62
54 63
54 64
55 62
56 57
56 58
56 65
56 66
57 58
57 65
57 66
57 67
58 68
59 60
59 61
60 64
60 69
60 70
60 71
61 64
61 71
61 122
61 123
62 63
62 64
63 64
63 124
64 125
65 66
65 67
66 67
66 72
66 73
67 72
67 74
68 194
69 70
69 126
69 127
69 128
70 71
70 128
71 122
71 129
71 130
71 131
72 73
72 74
72 75
74 75
75 76
75 77
75 78
75 79
76 77
76 78
76 79
76 122
76 137
77 78
77 79
77 137
78 79
78 137
80 82
80 83
80 84
81 99
81 100
81 101
82 83
82 175
83 176
83 177
84 175
84 178
85 143
86 87
86 88
86 89
87 88
87 89
87 90
87 91
87 92
88 89
89 93
89 94
90 91
90 93
90 95
90 96
91 92
92 93
92 97
92 98
94 97
95 96
95 148
95 149
95 152
96 149
96 151
96 185
97 98
97 145
97 146
97 147
98 145
98 146
99 100
99 101
100 101
101 102
103 105
104 106
104 107
104 108
105 149
106 107
107 108
109 110
109 111
109 112
110 111
111 112
111 113
111 114
111 115
112 116
113 117
113 118
113 119
114 115
114 117
114 118
114 120
114 121
115 118
115 121
116 188
117 118
118 119
118 121
119 192
121 152
122 130
122 131
122 132
122 133
123 125
123 130
123 134
123 135
123 136
124 153
125 135
125 150
126 127
126 128
126 170
127 170
127 171
129 130
129 131
129 172
129 173
130 131
130 134
131 132
131 133
131 137
131 173
132 136
132 174
133 137
133 173
134 135
134 136
134 159
135 150
135 167
136 165
136 169
138 139
138 140
139 141
140 142
142 143
142 144
143 144
145 146
145 155
145 156
145 163
146 163
147 162
147 191
148 149
149 151
150 153
151 184
154 155
154 156
154 157
154 158
154 159
155 156
155 160
155 161
156 162
157 158
157 166
158 159
158 167
159 167
160 161
160 164
160 165
161 163
161 164
162 166
162 168
164 165
164 169
165 169
166 168
166 189
168 189
168 190
169 174
169 182
169 183
170 171
172 173
172 180
173 180
174 181
174 182
174 183
175 178
175 186
176 177
177 187
178 186
179 180
179 181
181 182
181 183
182 183
184 185
187 194
188 189
190 191
190 192
190 193
191 192
192 193
