0 1
0 2
0 3
1 4
1 5
1 6
2 3
2 17
2 18
2 19
3 4
3 17
3 19
4 7
4 8
4 9
5 6
5 10
5 11
5 12
5 13
5 14
6 10
6 14
6 15
6 16
7 8
7 9
7 151
8 9
8 151
10 12
10 14
10 15
10 16
11 12
11 13
11 144
11 145
11 146
12 13
13 14
13 145
15 104
15 105
15 110
16 153
17 20
17 21
18 20
18 21
18 22
19 21
20 21
20 22
20 126
21 127
22 102
22 126
22 127
22 128
22 129
23 24
23 25
23 26
24 27
24 28
24 29
25 26
25 33
26 33
26 34
27 28
27 29
27 30
27 31
27 32
28 29
28 30
28 32
29 32
30 31
30 32
30 115
30 117
31 32
31 117
32 117
33 34
33 35
33 36
33 37
35 83
35 131
35 132
35 136
36 37
36 98
36 139
36 140
38 39
38 40
38 41
38 42
39 40
39 43
39 44
39 45
39 46
40 43
40 46
41 42
41 48
41 49
42 46
42 48
42 49
42 50
43 44
43 45
43 46
43 47
44 45
44 47
45 46
45 47
47 51
47 52
47 53
48 49
48 50
48 81
48 82
49 81
50 75
50 81
50 82
51 52
52 53
52 54
52 55
53 54
53 55
53 56
54 55
54 56
54 85
56 84
56 87
57 58
57 59
57 60
57 61
58 62
59 60
59 61
59 64
60 61
62 63
63 65
64 93
65 154
65 155
66 67
66 68
66 69
66 70
66 71
66 72
66 73
66 74
67 68
67 69
67 70
67 71
68 69
68 70
68 75
68 76
68 77
69 70
69 71
69 76
71 72
71 73
71 74
72 73
72 78
72 79
73 74
73 78
73 80
74 78
74 80
75 76
75 77
75 81
75 82
76 77
77 82
78 79
78 80
79 80
79 83
81 82
83 131
83 136
84 85
84 86
84 87
85 86
86 87
86 88
86 89
87 88
87 90
88 89
88 90
88 91
89 90
89 91
89 92
90 91
90 92
90 118
91 92
91 118
91 119
92 118
92 119
92 120
93 110
94 95
94 96
95 97
96 100
96 101
97 98
97 99
98 99
98 102
98 103
99 102
99 103
100 130
100 134
100 135
100 137
101 157
101 158
102 103
102 126
102 128
102 129
103 128
104 105
104 106
104 107
104 108
104 109
105 106
105 107
105 110
106 107
106 108
106 109
106 111
107 110
108 109
108 111
109 111
109 112
111 112
111 113
111 114
112 113
112 116
113 114
113 115
113 116
114 115
114 116
114 117
115 116
115 117
116 117
118 119
118 121
119 120
119 121
119 122
120 121
120 122
120 123
121 122
121 123
121 124
121 125
122 123
122 124
122 125
122 141
123 124
123 125
123 141
124 125
124 141
124 142
125 141
125 142
125 143
126 127
126 128
126 129
128 129
130 131
130 132
130 133
130 134
130 135
131 132
131 133
131 136
132 133
132 134
132 135
132 136
133 136
134 135
134 137
134 138
135 137
137 138
137 149
137 150
138 148
138 149
138 150
139 140
140 141
140 142
140 143
141 142
141 143
142 143
144 145
144 146
144 147
145 146
145 148
146 147
146 148
146 149
147 148
147 149
147 150
148 149
148 150
149 150
151 152
154 155
154 156
156 159
156 160
157 158
157 159
159 160
