0 1
0 2
0 3
0 4
1 2
1 3
1 4
1 5
2 4
2 6
2 7
2 8
2 9
3 8
3 10
3 11
3 12
3 13
3 14
3 15
4 6
4 7
5 16
5 17
5 18
6 7
6 9
6 19
6 20
7 9
7 19
8 13
9 19
9 20
9 21
10 11
10 12
10 22
10 23
10 24
11 12
11 23
11 24
11 25
12 24
12 25
13 14
13 15
13 26
14 15
16 17
16 23
16 98
16 104
17 18
17 44
17 106
18 34
19 20
19 21
19 131
20 21
20 51
20 131
21 51
21 131
22 23
22 36
22 97
22 103
22 104
22 120
23 104
24 25
24 121
24 122
25 120
25 121
25 122
26 74
26 80
26 82
26 83
27 28
27 29
27 30
28 29
28 31
28 32
29 31
29 32
29 35
30 32
30 36
31 33
31 34
31 35
33 34
33 35
33 37
33 38
33 39
33 40
33 41
34 42
34 43
34 44
35 39
35 40
36 120
37 38
37 39
37 41
37 85
38 39
38 40
38 85
39 40
39 85
41 42
41 43
41 85
41 86
41 87
42 43
42 44
42 86
42 87
42 88
43 87
44 106
44 108
45 46
46 47
46 48
47 48
47 49
47 50
48 49
48 50
48 51
49 51
49 59
49 61
50 51
51 131
52 53
52 54
52 55
53 54
53 56
53 57
53 58
54 55
54 59
54 60
54 61
54 62
56 57
56 58
56 63
56 64
57 58
57 63
57 64
59 60
59 61
59 65
59 66
60 61
60 62
60 65
60 67
60 68
60 69
62 69
62 70
63 64
63 139
63 168
64 139
65 67
65 88
65 109
66 89
66 113
66 114
67 109
67 110
68 69
68 110
68 115
68 116
69 115
69 117
70 117
70 132
71 72
71 73
72 74
72 75
73 81
74 75
74 76
74 77
74 78
74 79
74 80
75 76
76 78
76 79
77 78
77 79
77 80
77 84
78 80
78 84
79 84
80 83
81 152
82 83
82 134
82 135
83 134
83 135
84 177
86 87
86 88
86 89
87 89
88 108
90 91
90 92
90 93
90 94
90 95
91 92
91 93
91 96
92 93
92 94
92 95
92 96
93 94
93 96
93 98
94 95
94 99
94 100
94 101
95 100
95 101
95 102
96 97
97 103
98 104
98 105
98 106
98 107
99 100
99 102
99 146
99 148
100 101
101 148
102 146
102 147
102 148
103 120
104 107
105 106
105 108
105 111
105 126
105 127
106 108
107 133
107 134
107 135
108 111
109 111
109 112
110 112
112 118
112 119
113 114
113 142
115 116
115 117
115 177
116 167
117 163
117 164
117 177
118 119
118 140
118 141
118 166
119 130
120 123
121 122
121 124
121 125
123 153
123 154
124 125
124 169
124 175
125 172
125 175
126 127
126 128
127 128
127 129
127 130
128 129
128 133
129 130
129 136
129 137
129 138
130 140
130 141
132 162
132 164
132 165
134 135
136 137
136 138
137 138
137 139
138 139
139 168
140 141
140 150
142 143
142 144
142 145
143 144
143 146
143 147
143 148
143 149
144 145
144 146
144 147
144 148
144 149
145 149
146 147
146 148
147 148
150 151
151 152
153 154
153 169
153 170
153 171
153 172
153 173
153 174
154 170
154 174
154 176
155 156
155 157
155 158
155 159
156 157
156 158
156 160
157 158
157 159
157 161
158 160
159 162
161 162
161 163
162 163
162 164
162 165
163 164
163 177
166 167
169 170
169 171
169 172
169 175
170 171
170 173
170 174
170 176
171 172
171 173
171 175
173 174
173 176
174 176
