0 1
0 2
0 3
0 4
0 5
0 6
0 7
1 2
1 8
1 9
1 10
1 11
2 4
2 5
2 7
2 9
3 4
3 15
4 6
4 7
5 7
6 7
8 10
8 11
8 12
8 13
10 11
10 12
10 13
10 14
11 12
11 13
12 13
12 14
13 14
14 16
14 17
15 36
16 17
16 52
16 54
16 63
17 54
17 65
18 19
18 20
18 21
18 22
19 20
19 23
19 24
19 25
20 21
20 26
21 22
21 25
21 26
21 32
22 26
22 32
22 33
22 34
23 24
23 27
23 28
24 27
24 29
25 29
25 30
25 31
26 32
26 33
27 28
27 127
28 120
28 127
28 128
29 30
29 111
29 120
30 139
31 141
31 143
31 144
31 145
31 146
32 33
32 34
32 35
33 34
33 35
34 35
36 37
36 38
36 39
37 38
37 39
37 94
37 95
37 96
38 39
38 95
39 95
39 96
40 41
40 42
40 43
40 44
42 43
42 44
42 45
42 46
42 47
43 44
43 47
44 46
45 46
45 47
45 48
45 49
45 50
45 51
46 47
46 49
46 50
47 49
47 50
48 49
48 50
48 116
48 117
48 118
48 121
49 50
49 116
49 118
50 116
50 118
51 121
51 122
51 123
51 124
51 129
51 130
51 131
52 53
52 54
52 55
52 56
53 54
53 57
53 58
54 58
55 56
55 64
56 64
57 58
57 59
57 60
58 59
58 60
58 61
58 62
59 61
60 61
60 62
61 62
61 66
61 67
61 68
62 66
62 67
62 68
63 64
63 69
63 71
64 69
64 70
65 87
65 88
66 67
66 68
67 68
69 70
71 72
71 73
72 73
72 74
73 75
73 76
74 75
74 76
74 77
74 78
75 79
75 80
75 81
76 79
76 81
77 78
77 82
77 83
77 84
77 85
78 82
78 83
78 84
78 85
78 86
79 80
79 81
80 81
82 83
82 84
82 85
82 106
83 84
83 86
84 85
86 121
86 123
86 125
87 88
87 89
88 89
88 90
89 90
89 91
90 91
91 92
91 93
92 93
92 97
92 98
92 99
93 98
93 99
94 95
94 96
94 97
94 98
94 99
95 96
96 97
96 98
97 98
97 99
98 99
100 101
100 102
100 103
100 104
100 105
100 106
100 107
101 102
101 103
101 108
101 109
102 103
102 106
102 108
102 109
102 110
103 104
103 106
103 109
104 105
104 106
104 107
105 107
105 113
106 107
106 113
108 109
108 110
108 111
108 112
109 110
109 112
110 111
110 112
111 112
112 132
113 114
114 147
115 116
115 117
115 118
115 119
115 120
116 117
116 118
116 121
117 118
117 119
117 120
118 119
119 120
120 127
120 128
121 122
121 123
121 124
121 125
121 126
122 123
122 124
122 129
122 131
123 124
123 125
123 126
124 126
124 131
125 126
127 128
129 130
129 131
130 131
130 149
132 133
132 134
132 135
132 136
132 137
132 138
133 134
133 135
133 148
134 135
134 148
135 148
136 137
136 138
136 145
136 146
136 150
137 145
137 146
137 150
138 145
138 146
139 140
139 141
140 141
140 142
141 142
141 143
142 143
143 144
144 145
144 146
144 150
145 146
145 150
146 150
147 148
