0 1
0 2
0 3
1 2
1 4
2 4
3 6
3 7
4 5
5 109
6 7
6 8
6 9
6 10
7 11
8 9
8 10
9 10
10 11
10 152
10 153
11 88
11 95
11 152
11 153
11 154
12 13
12 14
12 15
12 16
13 14
13 15
13 16
13 17
14 15
15 19
15 20
16 17
16 18
17 18
18 21
18 22
19 20
19 23
19 24
20 23
20 24
21 22
21 69
22 55
22 69
22 70
22 71
22 72
23 24
23 109
23 110
24 109
24 110
25 26
25 27
25 28
25 29
25 30
25 31
26 27
26 28
26 29
26 30
27 28
27 29
27 32
28 30
28 31
29 33
29 34
30 31
30 32
30 35
30 36
31 35
31 37
31 38
32 36
32 44
32 45
32 46
32 47
33 34
33 48
33 49
33 50
34 48
34 50
35 36
35 37
35 38
35 39
35 40
35 41
36 40
36 44
36 45
36 73
36 74
37 38
37 41
37 42
37 43
38 43
39 40
39 41
39 73
39 74
39 75
39 77
40 44
40 45
40 73
40 74
40 82
41 42
41 43
41 77
41 83
41 84
41 85
42 43
42 84
42 85
43 85
44 45
44 47
44 74
44 86
44 87
45 46
45 47
45 74
45 86
45 87
45 88
46 47
46 86
46 87
47 87
48 49
48 50
48 57
48 61
48 62
48 68
49 61
49 62
49 68
50 62
50 68
51 52
51 53
52 53
53 54
54 55
54 56
55 56
55 69
55 72
56 69
56 91
56 127
57 58
57 59
57 60
57 61
57 62
58 59
58 60
58 63
58 64
59 60
59 61
59 63
59 64
60 61
60 62
60 63
61 62
62 68
63 64
63 65
63 66
64 65
64 66
64 67
65 66
65 67
65 130
65 131
65 132
66 67
66 132
67 130
67 131
67 132
70 71
70 72
70 102
70 103
70 104
70 106
71 72
71 103
71 106
72 106
73 74
73 75
73 76
74 75
75 76
75 77
75 78
76 77
76 78
76 79
77 78
77 79
77 80
77 81
78 79
78 80
78 89
78 90
79 80
79 89
79 91
80 81
80 89
80 92
81 83
81 89
81 92
81 93
81 94
82 95
82 96
82 97
82 98
82 99
82 100
83 84
83 85
83 89
83 93
83 94
84 85
84 94
86 87
86 165
88 95
88 98
88 100
88 152
88 154
89 92
89 93
89 127
90 124
90 125
90 126
90 162
90 163
90 164
91 127
92 93
92 94
92 127
92 129
92 156
92 158
93 94
93 158
95 100
95 154
96 97
96 99
96 159
96 160
96 161
97 98
97 99
98 99
98 100
99 100
99 161
100 154
101 102
101 103
101 104
101 105
102 103
102 104
102 106
103 104
103 106
104 106
105 107
107 108
108 165
109 110
109 160
111 112
111 113
111 114
111 115
111 116
112 113
112 114
112 115
112 116
112 117
113 114
113 115
113 121
114 115
114 121
115 116
115 117
115 119
115 120
115 121
115 122
115 123
116 117
116 119
116 120
117 118
117 119
117 120
118 119
118 120
118 124
118 125
118 126
119 120
119 126
120 125
120 126
121 122
122 123
124 125
124 126
124 162
124 163
124 164
125 126
125 162
127 128
127 129
128 129
128 147
128 156
128 157
128 158
129 156
129 157
130 131
130 132
130 133
130 134
130 135
131 132
131 133
131 135
132 133
133 134
133 135
133 155
134 135
134 149
134 150
134 155
135 149
135 155
136 137
136 138
136 139
137 138
137 139
137 140
137 141
138 139
138 140
138 141
138 142
138 143
138 144
139 140
139 144
139 145
140 144
140 145
141 142
141 143
141 146
142 143
142 146
142 147
142 148
143 146
143 148
144 145
144 149
144 150
144 151
146 148
146 158
147 148
147 156
147 157
147 158
148 156
148 158
149 150
149 151
149 155
150 151
150 155
151 155
152 153
152 154
156 157
156 158
157 158
159 160
159 162
159 163
159 164
160 161
160 163
160 164
161 163
162 163
162 164
163 164
