0 1
0 2
0 3
0 4
0 5
0 6
1 2
1 3
1 7
1 8
1 9
1 10
1 11
2 4
2 5
2 12
3 6
3 8
3 13
3 14
4 5
4 12
4 27
5 6
6 14
6 28
7 8
7 13
7 15
7 16
7 17
7 18
7 19
8 13
8 14
8 20
9 10
9 20
9 21
9 22
9 23
10 11
10 24
10 25
11 25
11 26
12 27
12 29
13 14
13 16
13 19
15 17
15 76
15 77
16 17
16 18
16 19
17 18
17 76
17 77
18 19
18 76
20 23
21 24
21 53
21 105
22 106
22 107
22 108
22 109
22 110
23 105
23 106
24 25
24 40
24 42
24 43
25 26
25 57
26 29
26 57
26 60
27 30
29 30
29 60
29 67
29 68
30 67
30 72
31 32
31 33
31 34
31 35
31 36
31 37
31 38
32 39
32 40
33 40
33 44
33 45
34 35
34 36
35 46
36 37
36 38
37 47
37 48
37 49
38 48
38 50
38 51
38 52
39 41
39 42
40 42
40 43
41 53
41 54
41 55
41 56
42 53
43 44
44 45
44 57
44 58
44 59
44 62
45 47
45 62
46 54
46 104
47 48
47 49
47 64
47 66
47 99
48 49
48 100
48 101
49 99
49 101
50 51
50 52
50 149
50 150
51 52
51 149
52 79
52 149
52 150
53 105
53 111
53 112
54 55
54 56
54 104
54 130
54 133
55 56
55 130
55 133
57 58
57 59
57 60
58 59
58 61
58 62
59 60
59 62
59 63
60 67
60 68
61 64
61 65
61 66
62 66
63 69
63 70
63 71
64 65
64 102
65 102
65 103
66 118
67 68
67 70
67 72
67 73
67 74
68 70
68 74
68 75
69 71
69 82
69 86
69 87
69 89
69 90
70 74
70 75
71 89
71 141
72 73
72 74
72 97
72 98
73 91
73 94
73 97
73 98
73 127
73 128
74 92
74 97
75 92
76 77
76 78
76 79
76 80
77 78
77 79
77 80
78 79
78 80
78 149
78 150
79 149
79 150
80 150
81 82
81 83
81 84
81 85
82 86
82 87
82 88
83 85
83 86
83 92
83 93
84 85
84 86
84 88
85 93
85 94
85 95
85 96
86 87
86 88
87 88
87 89
88 91
89 90
89 144
89 146
89 148
90 138
90 139
90 141
91 96
91 128
92 93
92 94
93 94
94 95
94 96
94 97
95 96
95 97
95 98
96 98
97 98
98 128
99 116
99 117
100 101
100 102
102 103
104 133
105 106
105 111
105 112
106 107
106 111
108 109
108 110
108 113
108 114
108 115
109 110
109 113
110 113
110 115
111 112
111 119
111 120
111 121
111 122
113 114
113 115
113 129
114 115
114 127
114 128
114 129
115 127
115 129
116 117
116 138
116 140
116 142
117 118
118 141
119 120
119 122
119 123
119 124
119 125
119 126
120 121
120 122
120 124
120 125
120 126
121 122
121 126
122 126
123 124
123 125
123 143
123 145
123 147
124 125
124 143
124 145
125 126
125 143
127 128
127 129
128 129
130 131
130 132
130 133
130 134
131 132
131 133
131 134
131 135
131 136
132 134
132 136
132 137
132 138
133 134
134 136
135 136
135 137
135 138
135 139
136 138
137 138
137 139
138 139
138 140
138 141
139 140
139 151
140 142
140 151
143 144
143 145
144 145
144 146
144 147
145 146
145 147
146 147
146 148
149 150
