0 1
0 2
0 3
0 4
0 5
0 6
0 7
0 8
0 9
0 10
1 2
1 3
1 4
1 5
2 3
2 5
2 11
2 12
3 4
3 6
3 7
3 9
3 13
4 6
4 13
4 14
5 11
5 15
5 16
5 17
5 18
5 19
6 13
6 14
7 8
7 9
7 10
7 20
7 21
8 9
8 10
8 20
8 21
8 22
8 23
9 10
9 13
9 24
9 25
9 26
9 27
9 28
10 20
10 21
10 26
11 16
11 17
11 29
11 30
11 31
12 17
12 19
12 32
13 14
13 27
13 33
13 34
13 35
14 33
14 34
14 35
15 17
15 18
15 23
15 36
15 38
15 50
15 55
16 17
16 29
16 50
17 18
17 19
17 50
17 59
18 22
18 36
18 38
18 55
18 64
18 65
19 55
19 59
20 21
20 22
20 23
20 36
20 37
21 22
21 23
21 37
22 23
22 36
22 38
23 36
23 38
24 39
24 40
24 41
24 42
24 43
24 44
24 45
25 26
25 32
25 43
25 46
25 47
26 27
26 28
26 46
26 47
27 43
28 30
28 47
28 48
29 31
29 51
30 47
30 48
30 118
31 118
32 39
32 40
32 42
32 43
32 65
32 77
32 83
33 34
33 35
33 40
33 43
33 44
33 101
33 108
34 35
34 44
34 108
36 38
37 89
37 90
37 91
37 93
37 95
37 96
38 55
38 64
39 41
39 42
39 43
39 49
39 53
39 60
40 41
40 42
40 101
40 102
40 103
40 104
41 42
41 45
41 101
41 105
41 106
42 83
42 101
42 102
42 106
42 107
43 44
43 112
44 45
44 108
45 106
45 108
46 47
46 48
46 112
46 114
46 115
47 112
48 123
49 50
49 51
49 52
49 53
49 54
50 51
50 52
50 55
52 55
52 56
52 57
53 54
53 60
53 61
53 62
54 61
54 63
55 58
55 59
56 63
56 66
56 67
56 68
56 69
57 58
57 68
57 69
57 70
57 71
57 72
58 69
58 71
58 73
58 74
58 75
60 61
61 62
62 72
63 66
63 67
63 109
64 65
64 76
64 77
64 78
64 79
64 80
65 76
65 77
65 78
65 79
65 84
66 67
66 68
67 68
68 69
68 70
69 71
69 73
70 72
70 119
71 73
71 74
71 75
72 119
72 121
73 74
73 75
73 122
74 75
75 122
76 77
76 78
76 79
76 81
76 82
76 83
76 84
77 78
77 81
77 82
77 83
77 84
77 85
78 79
78 80
78 86
79 80
79 86
79 87
79 88
80 86
80 87
80 88
81 82
81 83
81 85
81 93
81 97
81 98
81 99
82 93
82 96
82 97
83 84
83 85
83 100
85 93
85 97
85 98
85 99
85 100
86 87
86 91
86 92
86 94
87 88
87 91
87 92
88 94
89 90
89 91
89 92
89 93
89 94
90 91
90 92
90 95
90 96
91 92
91 94
91 95
92 94
92 95
93 96
93 97
95 96
97 99
98 99
98 100
98 110
98 116
98 117
99 100
99 116
100 109
100 116
100 117
101 102
101 103
101 104
101 105
102 106
102 107
102 109
102 110
102 111
103 104
103 105
104 105
104 111
105 113
106 107
107 109
109 110
109 111
109 116
110 111
110 117
111 117
112 114
113 120
114 115
115 124
116 117
118 123
118 125
118 126
119 121
123 125
123 126
124 125
124 126
124 127
124 128
124 129
125 126
125 127
125 128
127 128
127 129
127 130
128 129
128 130
129 130
