0 1
0 2
0 3
0 4
1 2
1 3
1 5
1 6
2 3
2 4
2 5
2 7
3 4
3 6
3 7
3 8
4 7
4 13
4 14
5 6
5 9
5 10
6 9
6 10
6 11
6 12
7 8
7 13
7 14
8 13
8 14
8 16
9 10
9 11
9 29
9 39
9 40
10 12
11 25
11 29
11 31
11 39
13 14
13 15
13 16
13 17
14 16
14 17
15 16
15 17
15 36
15 159
15 160
15 161
15 162
15 163
16 17
16 163
16 164
17 23
17 36
17 37
17 164
18 19
18 20
18 21
18 22
18 23
18 24
19 20
19 25
19 26
19 27
19 28
20 25
20 31
20 32
21 22
21 32
22 23
22 32
23 24
23 36
23 37
24 27
24 37
24 38
25 26
25 29
25 30
26 27
26 28
26 33
27 28
27 33
27 34
28 30
28 33
28 35
29 30
29 40
29 41
30 35
30 41
30 42
31 32
31 39
31 43
33 34
33 44
33 45
34 38
34 45
34 46
35 42
35 47
35 48
36 160
37 38
37 152
38 46
38 145
38 152
39 43
40 62
40 63
41 42
41 62
41 64
42 47
42 48
42 68
43 61
44 45
44 100
44 105
44 106
45 105
45 106
46 140
46 145
47 48
47 68
47 71
47 72
47 73
47 74
48 73
48 74
48 75
49 50
49 51
50 52
51 56
52 53
52 54
52 55
53 54
53 56
53 57
53 58
54 57
54 58
54 59
55 60
55 61
56 119
56 122
57 58
57 59
57 112
57 113
58 119
59 83
59 114
59 115
59 118
60 62
60 65
60 66
62 63
62 64
62 65
62 66
63 66
63 67
64 65
64 68
64 69
65 69
65 76
65 77
65 78
66 80
66 81
67 80
67 125
67 126
68 70
68 71
69 70
69 76
69 79
70 71
70 89
71 72
71 73
71 89
71 90
72 73
72 90
72 104
73 74
73 104
74 75
74 135
74 136
75 130
75 131
75 136
76 77
76 78
76 79
76 82
77 78
77 83
77 84
78 83
78 84
78 85
79 82
79 86
79 87
79 88
80 124
80 125
80 127
81 127
81 129
81 132
82 86
82 154
83 114
83 115
83 118
84 85
84 118
84 120
84 121
84 155
85 118
85 121
85 149
86 89
86 102
86 108
87 88
87 142
87 143
87 149
88 109
88 142
88 147
89 90
89 94
89 102
90 94
90 98
90 102
90 110
91 92
91 93
91 94
91 95
91 96
91 97
92 93
92 94
92 95
92 98
92 99
93 95
93 99
93 100
93 101
94 95
94 96
94 102
94 103
95 101
96 97
96 107
96 108
97 107
98 104
99 100
99 101
99 105
99 106
100 101
100 105
100 106
101 105
102 103
102 108
102 110
102 111
103 110
103 111
105 106
107 109
110 111
112 113
112 114
112 115
113 114
113 116
113 117
114 115
114 117
115 118
116 117
118 120
118 121
119 122
119 123
120 155
120 156
120 157
121 157
122 123
122 124
123 124
126 128
126 130
126 131
127 128
127 129
128 129
128 132
128 133
128 134
129 132
130 131
130 134
130 135
130 136
131 136
132 133
132 134
133 134
133 135
134 135
134 136
135 136
137 138
137 139
137 140
137 141
138 139
138 142
138 143
138 144
138 145
139 141
139 142
139 146
139 147
139 148
140 145
141 146
142 143
142 144
142 149
143 144
143 149
143 150
143 151
143 152
144 150
144 152
145 152
146 148
146 153
147 148
147 153
148 153
149 150
149 151
150 151
151 164
154 155
154 156
154 157
154 158
155 156
157 158
159 160
159 161
159 162
160 161
161 162
162 163
163 164
