0 1
0 2
0 3
0 4
0 5
0 6
1 2
1 3
1 7
1 8
1 9
2 4
2 7
2 10
2 11
2 12
2 13
2 14
3 6
3 8
3 16
3 17
4 10
4 12
4 21
4 22
4 23
5 6
5 22
5 24
5 25
5 26
5 27
6 27
7 9
7 13
7 15
8 9
8 16
8 17
8 18
8 19
8 20
9 19
10 11
10 12
10 28
10 29
11 12
11 13
11 14
11 30
12 13
12 21
12 28
12 30
13 30
14 16
15 31
15 32
15 33
15 34
15 35
15 36
16 17
17 18
17 20
17 37
18 19
18 20
19 20
20 37
21 23
21 67
21 68
21 105
21 106
22 23
22 26
22 101
23 101
23 105
23 106
23 118
24 25
24 26
24 92
24 93
25 92
25 93
25 94
25 95
25 96
25 97
25 98
26 93
26 101
27 96
28 29
28 30
28 51
28 66
28 67
29 67
29 105
30 66
31 32
31 36
31 69
31 70
31 71
31 72
32 33
32 35
32 36
32 71
32 73
32 74
32 75
33 34
33 35
33 36
33 76
34 35
34 76
34 77
34 78
35 76
35 77
35 78
36 70
36 71
36 72
36 73
36 79
38 39
38 40
38 41
38 42
38 43
39 40
39 44
39 45
39 46
40 43
40 47
40 48
41 42
41 44
41 52
41 54
42 54
42 55
42 56
43 57
43 58
43 59
44 45
44 49
44 50
44 51
44 52
45 46
45 49
45 50
46 53
47 48
47 53
47 60
47 61
47 62
48 61
48 62
48 63
48 64
48 65
49 50
49 51
49 66
50 51
51 52
51 66
51 67
52 54
52 67
52 68
53 62
54 68
54 134
55 56
55 123
55 130
55 132
55 133
56 83
56 132
56 134
57 58
57 119
57 120
57 121
57 122
57 123
58 59
58 120
58 133
59 133
59 135
60 61
60 119
60 120
60 121
61 119
63 64
63 65
63 69
63 70
63 72
63 80
64 65
64 72
64 80
65 81
65 107
67 68
67 105
67 106
68 106
68 128
68 129
69 70
69 71
69 72
69 80
70 71
70 72
70 80
71 72
71 80
72 80
72 81
72 82
73 74
73 82
73 83
73 84
73 85
73 86
74 75
74 83
74 85
74 87
74 88
75 83
75 87
75 88
75 89
76 77
76 78
76 90
76 91
77 78
77 90
78 90
79 108
79 109
79 110
81 82
81 84
81 86
81 107
81 115
82 83
82 84
82 85
82 86
82 130
83 85
83 88
84 86
84 107
84 113
84 114
84 115
84 116
85 86
85 113
86 107
86 116
86 130
86 131
87 88
87 89
87 103
87 104
88 89
88 103
89 100
89 103
89 104
90 91
91 117
92 93
92 94
92 95
93 94
93 95
93 98
93 100
93 101
94 95
94 96
94 97
94 99
95 98
95 100
96 97
97 99
97 102
98 100
98 103
98 104
99 102
100 103
100 104
101 118
102 117
103 104
105 106
105 125
106 118
106 128
107 115
108 109
108 110
108 111
109 110
110 112
110 113
111 112
111 114
111 115
112 113
112 114
113 114
113 116
114 115
114 116
116 126
116 127
118 128
119 120
119 121
119 122
120 121
121 122
122 123
122 124
123 130
124 131
125 139
126 127
127 131
128 129
129 134
130 132
133 135
135 136
136 137
136 138
137 138
137 139
