0 1
0 2
0 3
1 2
1 4
2 3
2 4
2 5
2 6
3 5
3 7
3 8
3 9
4 6
5 7
5 8
5 10
7 8
7 10
7 11
8 9
8 12
9 11
9 12
10 97
10 98
10 99
10 100
11 94
12 88
12 135
13 14
13 15
13 16
13 17
14 15
14 18
14 19
15 16
15 17
15 18
15 19
15 20
16 18
16 24
17 24
17 25
17 26
17 27
18 20
19 20
19 21
19 22
19 23
20 23
20 29
21 22
21 25
21 30
21 128
21 129
22 31
22 131
22 132
23 29
23 133
23 142
24 28
25 26
25 27
25 30
25 31
26 27
26 32
26 33
26 34
27 30
28 37
28 38
28 42
29 133
29 138
29 139
30 128
31 130
32 35
32 36
32 37
32 38
32 39
33 34
33 49
33 53
33 54
33 58
34 43
34 54
34 57
34 58
35 36
35 40
36 39
36 40
37 38
37 39
37 40
37 41
37 42
38 42
38 43
38 44
39 40
40 41
43 44
43 57
43 59
43 145
44 59
44 145
45 46
45 47
45 48
45 49
45 50
46 47
46 48
46 51
47 48
47 51
48 50
49 50
49 53
49 54
49 55
50 56
51 52
52 84
52 85
52 86
52 87
53 54
54 55
54 57
54 58
54 59
55 60
56 61
56 62
56 63
57 58
57 59
57 145
58 130
59 145
60 157
60 158
60 159
61 62
62 63
63 146
64 65
64 66
64 67
65 66
65 68
66 67
66 69
67 68
67 72
67 73
67 74
67 75
68 69
68 70
68 71
68 72
69 76
69 77
69 78
70 71
70 79
70 80
70 81
70 82
71 72
71 73
71 80
71 82
72 73
72 83
73 75
74 75
76 77
76 78
76 79
76 116
77 78
79 116
80 81
80 82
80 83
80 138
80 140
80 141
81 82
81 141
81 143
83 137
83 140
84 88
84 89
84 90
84 91
85 86
85 87
85 88
85 92
85 93
85 94
85 95
85 96
86 87
86 96
87 95
88 135
88 136
89 90
89 91
89 147
89 157
90 157
90 158
90 159
90 160
91 135
92 93
92 97
92 101
92 104
92 106
93 95
93 101
93 104
93 106
94 96
97 98
97 100
97 101
98 99
98 100
98 101
98 102
99 100
99 102
99 103
100 101
100 102
100 104
100 105
101 104
101 105
102 107
102 108
103 108
103 109
103 110
103 111
103 112
104 106
104 113
104 114
105 109
105 114
105 115
106 113
107 108
107 125
107 126
107 127
108 123
108 125
109 110
109 115
109 121
109 122
109 123
109 124
110 121
111 112
113 114
115 123
115 124
116 117
117 118
117 119
117 120
118 119
118 120
118 134
118 137
118 138
118 141
119 120
119 134
119 138
119 141
119 142
119 143
119 144
120 134
120 144
121 122
123 124
123 125
124 125
125 126
126 149
127 149
127 150
127 151
128 129
129 133
129 134
131 132
131 144
133 134
133 138
133 139
134 137
135 136
136 160
137 138
137 139
138 139
138 140
138 141
139 140
141 142
141 143
142 143
143 156
144 156
145 147
145 148
146 161
147 148
149 150
149 151
150 151
150 152
150 153
151 152
151 154
151 155
152 153
152 154
152 155
153 154
153 155
154 155
157 158
157 159
158 159
159 161
