0 1
0 2
0 3
0 4
0 5
0 6
0 7
1 2
1 3
1 4
1 8
1 9
1 10
2 4
2 6
2 8
2 11
3 16
3 17
4 6
4 11
4 12
4 13
5 6
5 7
5 17
5 22
6 7
6 11
6 23
7 23
7 24
8 9
8 12
8 13
8 14
8 15
9 15
9 18
9 19
9 20
10 21
11 12
11 23
12 13
12 14
12 25
13 15
14 25
14 26
14 27
14 28
15 20
15 29
15 30
16 17
18 19
18 89
18 91
18 93
19 91
19 93
19 96
20 29
20 98
20 111
20 112
20 113
21 140
21 158
22 31
22 32
23 24
23 33
24 32
24 33
24 34
24 35
25 27
25 28
25 108
25 109
26 93
26 97
26 98
27 28
27 108
27 110
28 108
28 109
28 110
29 111
29 112
30 112
30 114
31 76
31 77
31 78
31 79
32 34
32 65
32 66
33 34
33 102
34 35
34 66
34 102
35 66
35 67
35 100
35 101
35 103
35 104
36 37
36 38
36 39
36 40
37 38
37 39
37 41
37 42
38 40
38 43
38 44
38 45
39 46
39 47
39 48
39 49
40 53
41 50
42 49
42 51
42 52
43 44
43 54
43 55
44 45
44 54
44 56
44 57
45 58
45 59
46 47
46 48
46 49
46 60
46 61
47 61
47 62
47 63
47 64
48 49
48 60
48 65
48 66
48 67
49 52
49 67
49 68
50 69
50 70
51 71
51 72
51 73
51 74
51 75
52 68
52 73
53 92
53 97
53 100
54 56
54 57
54 134
55 148
55 155
56 58
56 125
56 126
56 131
56 133
57 134
58 59
58 125
58 131
58 133
59 133
59 135
60 61
60 65
60 84
60 85
61 62
61 84
61 85
61 86
62 63
62 84
62 87
63 64
63 89
63 90
63 91
64 89
64 92
65 66
65 76
65 80
66 67
67 68
69 70
69 156
69 157
70 85
70 88
70 157
71 72
71 122
71 123
71 142
72 73
72 74
72 120
72 122
72 123
72 124
72 142
73 74
73 75
73 143
74 142
74 143
75 143
76 77
76 80
77 78
77 79
78 79
78 81
78 82
79 81
79 82
79 83
81 82
81 83
81 94
82 83
82 116
83 94
83 116
84 85
84 86
85 86
85 88
86 87
86 88
87 95
87 117
87 136
88 157
89 91
89 92
89 93
90 91
90 94
90 95
91 96
92 93
92 97
93 97
94 116
94 117
94 118
95 117
96 137
96 138
96 139
96 140
96 141
97 98
97 99
98 111
99 115
100 104
100 105
100 107
101 102
101 103
104 105
104 106
105 107
105 148
105 149
105 150
105 151
106 151
107 115
107 149
107 152
108 109
108 110
110 120
110 121
111 113
112 114
113 153
116 118
116 119
117 136
118 119
119 144
120 121
120 122
120 123
120 124
121 123
122 123
122 124
122 142
123 124
125 126
125 127
125 128
125 129
125 130
125 131
125 132
126 127
127 131
127 132
128 129
128 130
129 130
129 131
130 131
130 132
131 132
133 135
135 156
135 157
137 138
137 139
137 140
137 144
137 145
138 139
138 146
139 141
139 146
140 145
141 147
145 158
146 159
147 162
147 163
148 150
148 152
148 155
149 152
149 160
150 151
152 155
153 154
154 161
156 157
159 162
160 161
162 163
