0 1
0 2
0 3
0 4
0 5
0 6
0 7
1 2
1 8
1 9
1 10
1 11
1 12
2 7
2 8
2 13
2 14
3 4
3 6
3 25
3 26
3 27
4 5
4 6
4 25
4 26
4 27
5 13
5 28
6 7
6 25
7 14
7 15
7 16
7 28
8 10
8 15
8 16
9 10
9 12
9 17
9 18
9 19
9 20
10 11
10 15
10 17
11 12
11 21
11 22
12 22
12 23
12 24
13 14
13 28
13 33
14 28
15 16
15 17
15 34
15 35
17 20
17 30
17 35
18 19
18 23
18 117
19 20
19 117
21 73
22 24
22 73
22 75
22 78
23 24
24 78
25 29
25 30
26 27
26 31
26 32
27 32
29 30
31 32
31 56
31 59
31 61
31 76
32 61
32 76
32 79
32 80
33 80
33 102
33 122
33 123
33 124
33 125
34 35
36 37
36 38
36 39
36 40
37 38
37 39
37 41
37 42
37 43
37 44
38 43
38 44
38 45
39 41
39 42
40 53
41 42
41 46
41 47
42 47
42 48
42 49
43 44
43 45
43 50
43 51
43 52
44 45
44 47
45 54
46 118
47 48
48 49
48 67
48 126
48 127
48 128
49 67
49 68
49 126
49 127
50 52
50 109
50 143
51 52
51 111
51 143
52 109
52 111
53 55
54 118
55 115
55 116
56 57
56 58
56 59
56 60
56 61
57 58
57 62
57 63
57 64
58 59
58 60
58 63
58 65
58 66
59 61
59 72
60 61
60 73
60 74
61 72
61 73
61 75
62 63
62 67
62 68
63 66
63 69
63 70
64 71
65 66
65 77
67 126
67 127
67 142
68 128
69 70
69 77
69 98
69 101
69 107
70 74
70 77
70 98
70 107
70 113
72 75
72 78
73 74
73 75
75 78
76 81
77 93
77 101
79 120
79 121
79 123
80 121
80 122
80 123
81 119
82 83
82 84
82 85
82 86
82 87
82 88
83 89
83 90
83 91
83 92
84 85
84 86
84 87
84 88
84 89
84 93
84 97
84 98
85 86
85 87
85 97
85 99
86 87
86 99
86 100
87 93
87 97
88 89
88 93
89 90
89 91
89 93
90 91
90 92
90 94
92 94
92 95
92 96
93 97
93 98
93 101
94 95
94 102
94 103
94 104
94 105
95 96
95 104
95 105
98 101
98 106
98 107
99 100
99 108
99 109
102 103
102 123
102 124
102 125
103 104
103 105
103 124
103 125
104 105
104 125
106 107
106 110
106 111
106 112
106 113
107 112
107 113
108 109
108 143
109 111
109 112
109 143
110 111
110 112
110 129
110 132
111 112
111 113
111 143
112 113
113 127
114 115
114 116
115 116
119 120
119 121
120 121
121 122
122 123
122 124
123 124
124 125
126 127
126 137
126 142
129 130
129 131
129 132
130 131
130 132
130 133
130 134
130 135
131 133
131 134
131 136
132 133
132 135
132 137
132 138
133 134
133 135
133 136
134 136
135 138
137 138
137 139
137 140
137 141
137 142
138 139
139 140
139 141
140 141
140 142
141 142
