0 1
0 2
0 3
0 4
0 5
0 6
0 7
1 2
1 3
1 8
2 3
2 5
2 6
3 8
3 9
4 14
4 15
4 16
5 6
5 7
6 7
6 17
6 18
7 17
7 18
8 9
8 10
8 11
8 12
8 13
9 12
10 11
10 13
10 61
10 62
10 64
10 66
10 69
10 71
11 13
11 20
11 61
11 64
11 66
12 13
12 71
12 101
12 102
13 71
14 19
15 16
15 20
17 18
17 21
17 22
17 23
19 124
19 125
19 126
20 64
20 66
21 113
21 114
21 115
21 117
22 23
22 117
22 120
22 125
22 127
23 125
24 25
24 26
24 27
24 28
24 29
25 26
25 27
25 28
25 30
25 31
25 32
25 33
26 28
26 34
26 35
26 36
27 28
27 29
27 30
27 31
27 33
27 37
27 38
27 39
28 31
28 32
28 36
28 39
28 40
28 41
28 42
29 33
29 37
29 43
29 45
30 31
30 32
30 33
30 37
30 43
31 32
31 36
31 41
31 42
31 44
32 36
33 43
34 35
34 46
34 47
34 48
34 49
35 49
36 40
36 41
36 42
36 50
37 43
38 39
38 44
38 51
38 52
39 41
39 44
39 52
39 53
40 41
40 42
40 50
40 54
40 55
41 42
41 50
41 55
42 50
44 51
44 105
45 56
45 57
45 58
45 59
45 60
46 47
46 48
46 61
47 48
47 61
47 62
47 63
47 65
48 49
50 54
50 55
50 67
51 52
51 53
51 103
51 104
51 105
51 106
52 53
52 58
52 59
52 103
52 108
52 112
53 103
53 104
53 105
53 106
53 107
53 108
54 55
54 61
54 66
54 67
54 68
55 67
55 68
56 57
56 58
56 78
56 83
56 84
56 85
57 58
57 78
57 79
57 84
58 59
59 60
59 112
59 123
60 123
61 62
61 63
61 64
62 63
62 65
62 69
62 70
63 65
64 66
64 67
64 68
65 70
65 72
66 67
66 68
67 68
69 70
69 71
69 107
69 108
70 72
70 108
70 112
71 102
71 107
72 112
72 123
73 74
73 75
73 76
73 77
73 78
73 79
73 80
73 81
73 82
74 75
74 76
74 77
74 83
75 78
75 83
75 84
75 85
75 86
76 77
77 82
77 87
77 88
78 79
78 84
79 80
79 89
79 90
80 81
81 82
81 87
81 89
81 91
81 92
82 87
83 84
83 85
83 86
84 85
84 86
85 86
87 88
87 91
87 96
87 99
87 100
88 99
88 100
89 90
89 92
89 93
90 93
90 94
91 92
91 95
91 96
92 93
92 95
92 97
92 98
93 94
93 98
93 109
93 110
93 111
94 109
94 110
94 123
95 96
95 97
95 101
95 103
96 99
96 100
96 103
96 104
97 101
98 110
98 111
99 100
99 105
100 105
101 102
103 104
103 107
103 108
104 106
104 107
107 108
108 112
109 110
109 119
109 122
110 111
110 119
111 116
111 119
112 123
113 114
113 115
113 116
113 117
113 118
113 119
114 115
114 116
116 119
117 118
117 120
117 121
118 119
118 121
118 122
119 122
120 121
120 127
121 122
122 123
124 125
124 126
124 127
125 126
125 127
126 127
