0 1
0 2
0 3
0 4
0 5
0 6
0 7
0 8
1 2
1 3
1 4
1 5
1 6
1 9
1 10
2 4
2 6
2 7
2 8
2 11
2 12
3 5
3 6
3 7
4 5
4 8
4 9
4 13
5 9
5 13
5 14
5 15
6 7
6 16
7 12
7 22
7 23
8 12
8 24
8 25
9 10
9 15
10 17
10 18
10 19
10 20
10 21
11 24
11 25
11 26
11 27
11 28
11 29
12 22
12 24
12 30
13 14
13 15
13 31
14 15
14 31
14 32
15 31
16 21
16 33
16 34
16 35
16 36
16 37
17 18
17 19
17 20
17 86
17 87
17 91
17 92
18 19
18 20
18 86
18 87
19 21
19 60
19 92
20 90
21 37
21 60
21 62
21 92
22 23
22 29
22 30
22 134
23 29
23 36
23 131
24 25
24 26
24 28
24 30
25 28
26 27
26 28
26 65
26 72
27 28
27 29
27 35
27 72
27 78
29 30
29 35
29 36
29 131
30 131
30 132
30 134
31 32
31 128
31 129
32 128
32 129
32 130
33 35
33 78
33 92
33 96
34 36
34 37
34 49
34 107
34 113
34 114
35 36
36 113
37 49
37 60
37 61
37 62
37 63
37 117
38 39
38 40
38 41
39 40
39 42
39 43
40 41
40 42
40 43
40 44
40 45
40 46
40 47
41 46
41 47
41 50
41 51
42 43
42 44
42 48
42 49
44 45
44 48
44 50
44 52
45 46
45 47
46 47
46 50
48 49
48 52
48 106
48 107
48 109
48 114
49 114
49 117
50 51
50 52
50 53
51 53
51 54
52 53
52 106
52 109
52 111
53 54
53 93
54 87
54 89
54 93
55 56
55 57
55 58
55 59
56 57
56 58
56 59
56 60
56 61
57 58
57 59
57 61
58 59
60 61
60 62
61 62
61 63
62 63
63 117
64 65
64 66
64 67
64 68
65 66
65 67
65 69
65 70
66 67
67 68
67 71
68 71
68 76
68 77
69 70
69 72
69 73
69 74
70 72
70 75
71 77
72 75
72 78
73 74
73 76
73 77
73 79
73 80
73 81
73 82
74 77
74 80
74 83
74 84
74 85
75 78
75 125
75 127
76 81
76 82
78 96
78 127
79 80
79 81
79 101
79 125
79 126
80 84
80 101
81 82
81 125
81 126
83 84
83 85
83 98
83 99
83 100
83 104
84 98
84 101
84 102
84 104
85 97
85 98
85 100
86 87
86 88
86 89
86 90
87 89
87 91
87 93
87 94
88 89
88 90
88 91
88 95
88 97
88 98
89 91
89 95
90 97
91 92
91 94
91 95
91 96
92 96
93 94
93 96
94 96
94 103
95 98
95 101
95 102
97 98
97 99
97 100
98 100
98 101
98 102
99 100
99 104
99 105
100 104
101 102
103 127
104 105
106 107
106 108
106 109
106 110
106 111
107 108
107 109
107 112
107 113
107 114
108 110
108 112
108 115
108 116
109 111
109 114
110 115
110 118
110 119
111 120
112 113
112 116
114 117
115 116
115 118
115 121
115 122
116 122
118 119
118 121
118 123
118 124
119 120
119 123
121 122
121 151
121 152
122 152
123 124
123 136
124 136
124 138
125 126
125 127
127 135
128 129
128 130
129 130
131 132
131 133
131 134
132 133
132 134
132 146
132 147
132 148
133 134
135 136
135 137
135 138
135 139
135 140
135 141
136 137
136 138
137 139
137 140
137 141
137 142
138 139
138 141
138 143
138 144
138 145
139 141
139 142
139 143
139 145
140 141
141 143
142 145
142 153
143 149
144 145
144 151
145 153
146 147
146 148
146 149
146 150
147 148
147 149
147 150
149 150
151 152
152 154
