0 1
0 2
0 3
0 4
0 5
1 2
1 6
1 7
2 4
2 5
2 8
2 9
3 6
3 7
3 11
3 13
3 14
4 5
4 8
4 9
5 8
5 9
5 15
5 16
6 7
7 10
7 11
7 12
8 9
8 15
8 17
8 18
9 15
9 16
9 17
10 12
10 19
10 20
11 12
11 13
11 19
11 21
12 19
12 22
13 14
13 21
13 47
14 47
14 98
14 99
14 106
14 107
14 145
14 146
15 17
15 18
15 126
16 21
16 48
16 49
16 50
16 100
17 18
17 48
17 100
17 126
17 127
18 126
18 127
18 128
19 20
19 22
19 42
19 43
19 44
20 45
20 46
21 33
21 48
21 49
21 50
21 51
22 43
22 44
22 49
22 50
22 136
23 24
23 25
23 26
23 27
23 28
24 25
24 29
25 31
25 32
26 27
26 28
26 33
26 34
26 35
27 28
27 34
27 35
27 36
27 37
28 34
28 35
29 30
30 38
31 32
31 39
32 36
32 39
32 40
32 41
33 34
33 35
33 48
33 49
33 50
33 81
33 100
34 35
34 49
34 100
35 36
35 49
36 37
36 41
36 153
36 155
37 152
37 153
37 154
37 155
38 67
38 72
38 79
38 80
39 41
40 91
40 136
40 137
40 138
40 139
40 141
40 142
41 153
41 155
42 43
42 44
42 84
42 88
42 89
43 44
43 88
43 89
43 136
44 89
44 136
44 137
45 71
45 151
46 129
46 130
46 131
46 133
46 134
46 135
47 51
47 102
47 110
47 111
47 146
48 49
48 100
49 50
49 100
51 97
51 101
51 102
51 103
52 53
52 54
52 55
52 56
52 57
53 54
53 55
53 58
53 59
54 57
54 59
55 56
55 58
55 60
55 62
55 63
56 57
56 61
56 62
56 64
57 59
57 61
58 60
59 61
60 63
60 65
60 66
60 67
61 64
62 63
62 64
62 112
62 113
63 65
63 113
63 115
63 116
63 117
64 112
65 67
65 116
65 117
66 67
66 103
66 104
66 117
67 117
68 69
68 70
68 71
68 72
69 70
69 71
69 73
69 74
70 71
70 72
70 73
70 74
70 75
70 76
71 73
71 74
71 76
72 79
72 80
73 74
73 76
74 75
74 76
74 77
74 78
75 76
75 77
75 78
75 81
76 77
76 78
76 81
77 78
77 81
77 95
77 98
77 99
78 81
78 95
78 96
78 97
79 80
79 82
79 83
80 83
81 95
81 96
81 97
82 83
82 99
82 115
82 117
82 121
83 121
84 85
84 86
84 87
84 88
84 89
84 90
85 86
85 87
85 88
86 87
86 88
86 89
87 90
88 89
88 91
88 92
90 92
90 93
90 94
91 92
91 136
91 138
91 139
91 140
91 141
91 142
92 93
92 94
92 140
92 141
92 142
92 143
92 144
93 94
93 143
93 144
94 131
94 143
94 144
95 96
95 97
96 97
96 98
96 101
96 102
97 101
97 102
97 103
98 99
98 104
98 105
98 106
98 107
99 104
99 106
99 107
101 102
101 103
101 108
101 109
102 103
102 108
102 110
102 111
103 105
103 108
103 109
104 105
104 106
104 108
104 109
105 106
105 108
105 109
106 107
106 109
106 145
108 109
110 111
110 145
110 148
110 149
110 150
112 113
112 114
113 114
113 116
113 118
113 119
113 120
113 121
114 118
114 120
115 116
115 117
115 121
116 117
116 120
116 121
118 119
118 120
119 120
119 122
119 123
119 124
119 125
120 121
120 122
122 123
123 124
123 125
124 125
126 127
126 128
126 129
127 128
127 129
127 130
127 131
128 129
128 130
128 131
129 130
129 131
130 131
130 132
130 133
130 134
130 135
131 134
132 133
132 135
132 152
133 134
133 135
133 151
134 135
136 137
137 138
137 139
138 139
139 142
140 141
140 142
140 143
140 144
141 142
141 143
143 144
145 146
145 147
147 148
147 149
148 149
148 150
152 153
152 154
153 154
153 155
154 155
