0 1
0 2
0 3
0 4
1 2
1 3
1 4
1 5
1 6
1 7
1 8
2 4
2 8
3 6
3 7
3 9
3 10
4 7
4 8
5 8
5 11
6 7
6 9
6 10
6 12
7 8
9 10
9 12
9 13
10 12
10 13
10 14
10 15
11 131
11 132
12 13
12 15
13 15
14 15
14 32
14 35
14 46
15 52
16 17
16 18
16 19
17 20
17 21
18 19
18 26
18 27
18 28
18 29
19 21
19 24
19 27
20 22
20 23
21 23
21 24
21 25
22 23
22 137
22 139
22 140
22 141
22 142
23 77
23 78
23 141
24 25
24 41
24 42
25 61
25 63
25 78
26 27
26 28
26 30
26 31
26 32
26 33
26 34
26 35
27 28
28 29
28 30
28 36
29 31
29 37
29 38
29 39
29 40
30 36
30 44
30 50
31 37
31 43
31 46
31 51
32 33
32 34
32 35
33 34
33 35
33 87
33 97
34 87
34 97
36 41
36 50
36 56
37 38
37 40
37 43
37 45
37 47
38 40
38 47
38 55
39 40
39 51
39 53
40 48
41 42
41 56
41 59
41 60
42 59
42 61
43 44
43 45
43 46
44 45
44 47
45 47
45 48
45 49
46 52
48 49
48 53
49 53
49 54
50 57
50 58
51 53
51 127
51 128
51 129
52 130
53 54
53 127
53 128
55 70
55 74
55 75
56 59
56 60
56 62
57 67
57 133
57 134
58 67
58 122
60 62
61 63
62 64
62 65
62 66
62 67
62 68
63 71
63 73
63 76
63 78
64 65
64 68
64 91
64 92
64 108
65 68
65 92
65 93
65 94
66 67
66 68
66 120
66 121
67 121
67 122
69 70
69 71
69 72
69 73
70 71
70 74
70 75
71 72
71 73
71 74
71 76
72 74
72 77
73 76
74 75
76 79
76 80
77 78
79 80
79 123
81 82
81 83
81 84
81 85
81 86
81 87
82 88
82 89
82 90
82 91
82 92
82 93
82 94
83 84
83 85
83 86
83 102
83 103
84 85
84 102
84 103
84 104
85 86
85 87
85 103
86 87
86 97
88 90
88 91
88 92
88 95
89 91
89 92
89 93
89 94
89 96
90 92
90 95
90 97
90 98
90 99
91 92
92 93
92 94
93 94
93 96
93 100
94 96
94 100
94 101
95 98
95 99
95 105
96 100
96 101
98 99
98 105
98 106
98 107
99 107
100 101
100 109
101 109
102 103
102 104
102 135
102 137
103 104
103 137
103 138
104 135
104 136
105 106
105 107
105 110
106 107
106 110
106 111
107 110
108 120
108 126
109 152
110 111
110 112
111 112
111 113
112 114
112 115
113 115
114 116
114 117
114 118
114 119
115 116
116 117
116 118
117 118
117 119
119 122
120 121
120 126
123 124
123 125
124 125
124 143
125 143
125 144
125 145
127 128
128 129
128 130
129 130
129 131
131 132
133 134
133 150
133 151
134 150
134 151
135 136
135 137
135 138
136 138
137 138
137 139
137 140
138 139
138 140
139 140
140 142
141 142
142 153
143 144
143 145
143 146
143 147
144 145
144 146
144 147
145 146
145 147
145 148
146 147
146 148
146 149
147 148
147 150
148 149
148 150
149 150
150 151
