0 1
0 2
0 3
0 4
1 5
1 6
2 3
2 4
2 10
2 11
3 4
3 10
4 10
4 11
4 12
5 6
5 7
5 8
5 9
6 7
6 8
7 8
7 68
7 74
7 75
8 69
8 74
8 75
8 88
9 88
9 98
10 11
10 12
10 13
11 12
11 13
11 14
12 13
12 14
13 14
13 15
14 15
14 144
14 145
14 146
15 144
15 145
15 146
16 17
16 18
16 19
16 20
16 21
17 22
17 23
18 19
18 27
18 28
19 21
19 27
19 29
19 30
20 21
20 22
20 23
20 24
20 25
20 31
20 32
21 30
21 31
22 23
22 24
22 25
22 26
23 25
24 25
24 32
24 40
24 41
25 31
25 42
26 110
27 28
27 33
27 34
27 35
28 36
28 37
29 30
29 35
29 38
29 39
30 31
30 38
31 32
31 43
32 41
32 43
32 44
33 34
33 35
33 83
33 84
33 85
33 106
33 118
34 35
34 37
34 83
34 84
34 106
35 118
35 119
36 37
36 103
36 105
36 107
37 83
37 103
37 105
38 120
38 121
38 122
38 123
39 119
39 123
40 41
40 110
40 111
40 112
41 44
41 87
41 109
41 112
42 58
42 114
43 44
43 73
43 76
43 81
43 96
44 73
44 87
44 109
45 46
45 47
45 48
45 49
46 50
47 49
47 52
47 53
48 54
48 55
49 53
49 56
49 57
50 51
51 112
52 58
52 59
52 60
53 60
54 56
54 61
55 62
56 57
56 61
58 59
58 161
58 163
59 60
59 163
60 163
62 109
63 64
63 65
63 66
63 67
64 65
64 66
64 68
64 69
64 70
64 71
64 72
65 66
65 69
65 72
65 75
66 71
66 72
66 77
67 82
67 83
67 84
67 85
68 69
68 70
68 73
68 74
68 75
68 76
69 72
69 74
69 75
70 76
70 78
70 79
70 80
70 81
71 77
72 75
73 76
73 86
73 87
74 86
74 88
74 89
75 78
76 81
77 90
77 91
77 92
77 93
78 79
79 80
79 94
79 95
80 81
80 94
81 96
81 97
82 83
82 84
82 103
83 84
83 85
83 103
83 106
84 85
85 106
86 89
86 103
86 104
87 108
87 109
89 103
90 91
90 92
90 121
90 124
90 128
90 129
91 92
91 93
91 123
91 127
91 128
91 129
92 93
92 128
92 129
93 128
94 95
94 97
94 136
94 141
95 141
96 120
97 131
97 136
98 99
99 100
99 101
99 102
100 101
100 102
100 115
101 102
101 115
104 105
107 115
107 116
107 117
108 109
108 159
109 112
110 111
111 112
111 113
113 159
113 160
114 162
114 164
114 165
114 166
115 116
115 117
116 117
118 167
119 123
120 124
121 122
121 123
121 124
121 127
122 130
123 127
124 125
124 126
125 126
125 130
126 130
126 131
126 132
127 128
127 129
127 133
127 134
127 135
128 129
128 133
129 133
129 135
131 136
131 137
131 138
131 139
132 138
132 140
133 134
133 135
134 135
136 137
136 139
136 141
136 142
136 143
137 138
137 139
137 142
137 156
137 157
138 139
138 140
138 157
140 157
141 143
142 143
142 156
144 145
144 146
144 147
144 148
145 146
145 147
145 148
146 148
147 148
147 149
147 150
148 149
148 150
149 150
149 154
149 158
150 154
150 158
151 152
151 153
151 154
152 155
153 156
153 157
154 155
154 158
156 157
159 160
161 162
161 163
162 164
164 165
165 169
165 170
165 172
166 173
166 174
167 168
168 169
168 170
168 171
169 170
169 171
172 173
173 174
