0 1
0 2
0 3
1 2
2 3
2 4
2 5
3 6
3 7
4 5
4 8
4 9
4 10
5 8
5 9
5 10
6 7
6 60
6 61
6 62
6 63
7 58
7 63
7 67
7 68
8 9
8 10
9 10
9 75
11 12
11 13
11 14
11 15
12 16
13 18
13 19
14 15
14 20
14 21
14 22
14 23
15 23
16 17
17 24
17 25
17 26
18 19
18 98
19 82
20 21
20 22
20 99
20 100
21 22
21 82
21 99
21 100
22 23
22 100
23 101
24 25
24 26
24 51
24 59
24 101
25 51
26 101
27 28
27 29
27 30
27 31
28 29
28 32
28 33
29 31
29 32
30 31
30 37
30 38
31 39
32 34
32 35
33 34
33 36
34 44
34 45
35 44
35 48
35 49
35 50
35 51
36 45
36 78
37 38
37 40
38 39
39 41
39 42
39 43
40 103
40 107
40 112
40 113
41 42
41 43
41 118
42 43
44 46
45 46
45 47
45 52
46 47
47 52
47 53
48 49
48 54
49 50
49 54
49 55
49 56
49 57
50 51
50 58
50 59
51 59
52 78
52 81
53 81
53 86
54 55
55 56
55 87
55 88
55 89
55 90
56 57
56 94
56 95
57 58
57 68
57 74
57 94
58 59
60 61
60 62
61 62
61 63
61 64
61 65
61 66
62 65
62 66
62 70
63 67
63 68
64 65
64 69
65 66
65 71
66 70
66 72
67 68
67 73
68 74
69 71
70 75
71 76
72 77
73 146
73 152
74 94
74 146
74 151
76 133
77 93
77 131
78 79
79 80
79 81
80 81
80 82
80 83
80 84
81 82
81 85
81 86
82 85
83 84
83 99
83 100
83 148
83 149
83 150
84 100
84 148
84 149
84 150
85 86
85 153
86 153
86 161
87 88
87 89
87 90
88 89
88 90
88 91
88 92
89 90
89 91
89 92
89 93
90 91
91 92
91 93
91 96
92 93
93 96
93 97
94 95
94 129
95 129
95 130
96 138
96 143
97 138
97 139
97 140
97 143
98 153
99 100
99 150
102 103
102 104
102 105
102 106
103 104
103 107
104 105
104 108
104 109
105 108
105 114
106 110
106 115
107 110
107 111
107 112
108 109
108 114
108 116
109 113
109 117
110 111
110 112
110 115
111 112
113 118
113 119
114 116
114 120
114 121
116 120
116 122
117 123
117 124
117 125
118 119
118 123
118 127
119 127
120 121
120 144
120 145
121 144
121 145
122 145
122 146
123 124
123 126
123 128
124 125
124 128
124 129
124 130
125 129
125 151
126 127
128 130
128 131
128 132
129 130
129 151
130 131
130 132
131 132
133 134
134 135
134 136
134 137
135 136
135 137
135 138
135 139
135 140
135 141
135 142
136 137
136 141
136 142
137 139
137 141
137 142
138 139
138 140
138 143
139 140
139 141
139 142
139 143
140 141
140 142
140 143
141 142
144 145
144 147
145 147
145 148
145 149
145 150
146 151
146 152
147 152
148 149
148 150
149 150
153 161
154 155
154 156
155 157
156 158
156 159
158 159
158 160
159 160
160 161
