0 1
0 2
0 3
0 4
0 5
0 6
0 7
1 2
1 3
2 6
2 7
2 8
3 9
3 10
3 11
4 5
4 6
4 12
4 13
4 14
5 11
5 12
5 14
5 15
6 7
6 8
6 13
8 16
9 10
9 17
10 11
10 18
10 19
11 15
11 20
12 13
12 14
12 61
12 62
12 63
13 62
14 61
14 64
14 65
15 20
15 65
16 138
17 18
17 21
17 22
18 21
18 22
18 23
19 20
19 23
19 70
19 71
21 22
21 23
23 24
24 31
24 70
24 99
25 26
25 27
25 28
25 29
26 27
26 30
27 29
27 31
27 32
27 33
28 29
28 32
28 37
28 38
29 30
29 31
29 34
29 36
30 34
30 35
30 36
31 32
31 33
31 34
32 33
32 39
32 40
32 41
33 39
33 40
34 35
34 36
34 42
34 43
35 36
35 42
35 43
35 44
35 45
36 45
37 38
37 125
37 127
37 129
38 127
39 40
39 41
39 139
40 41
40 138
40 139
41 138
41 139
42 43
42 44
42 45
43 45
44 93
44 95
46 47
46 48
46 49
46 50
46 51
47 48
47 49
47 52
47 53
48 49
48 50
48 51
48 52
49 52
49 53
49 54
50 51
51 57
52 53
52 54
52 55
52 56
53 54
53 55
53 56
54 55
54 56
55 56
55 58
55 59
55 60
56 58
56 60
57 133
58 59
58 60
58 105
58 106
59 60
59 105
59 106
59 107
60 105
60 106
61 64
61 66
62 67
63 67
63 68
64 65
64 66
64 69
66 69
67 68
67 97
68 100
70 71
70 99
70 101
70 103
71 79
71 103
71 132
72 73
72 74
72 75
73 74
73 75
73 76
74 75
75 77
76 77
76 78
77 79
78 132
80 81
80 82
80 83
80 84
80 85
80 86
80 87
81 82
81 83
81 84
81 85
81 88
82 83
82 88
82 89
83 84
83 88
83 89
83 90
84 85
84 86
84 87
85 86
85 87
86 87
86 92
86 93
87 92
87 93
88 89
88 91
89 91
90 91
90 96
90 97
90 98
90 99
91 98
92 93
92 94
93 94
93 95
94 95
94 130
95 130
95 131
96 97
96 99
96 100
96 101
97 98
97 99
97 100
99 101
100 101
100 102
101 102
101 103
102 104
103 132
104 134
105 106
105 108
106 107
106 108
106 109
107 108
108 109
108 110
109 110
109 111
110 114
110 115
110 116
110 118
110 119
111 112
111 113
112 113
112 114
114 115
114 116
115 116
115 117
115 118
115 119
117 118
117 119
117 123
117 128
118 119
118 128
119 128
120 121
120 122
120 123
120 124
121 122
121 123
121 124
121 125
121 126
122 123
122 124
122 126
123 124
123 128
124 125
124 126
124 127
124 128
125 126
125 127
126 127
126 129
127 129
130 131
133 135
133 136
133 137
135 136
135 137
136 137
138 139
