0 1
0 2
0 3
0 4
0 5
0 6
0 7
1 2
1 3
1 4
1 5
1 8
2 3
2 4
2 6
2 7
2 9
2 10
2 11
3 4
3 5
3 8
3 12
3 13
4 6
4 7
4 9
5 8
5 12
5 13
6 7
6 9
6 10
6 15
6 16
7 9
7 10
7 15
8 12
8 13
8 14
9 10
9 11
9 15
9 16
9 17
9 18
9 19
10 15
10 16
10 18
11 20
11 21
11 22
11 23
11 24
11 25
12 13
12 14
12 26
12 27
13 14
13 26
13 27
13 28
14 26
14 27
14 29
15 16
15 18
16 17
16 18
17 18
17 20
17 21
17 23
18 21
19 79
19 115
19 123
19 124
19 125
20 21
20 22
20 23
20 82
20 88
21 23
22 23
22 24
22 25
22 88
23 25
24 25
24 28
24 86
24 87
24 88
25 87
25 88
26 27
26 29
26 112
27 29
27 112
27 113
28 82
28 83
28 84
28 85
28 86
28 87
28 88
29 112
29 113
29 145
30 31
30 32
30 33
30 34
30 35
30 36
30 37
31 32
31 33
31 34
31 38
31 39
31 40
32 33
32 34
32 35
32 36
32 38
33 34
33 38
33 39
33 40
33 42
33 43
34 35
34 36
34 37
35 36
35 37
35 47
35 48
35 49
36 37
36 49
36 50
37 47
37 48
37 49
38 39
38 40
38 41
39 40
39 41
39 44
39 45
39 46
40 41
40 44
40 46
41 44
41 45
41 46
42 43
42 51
42 52
42 53
42 54
42 55
42 56
42 57
43 55
43 56
43 57
43 58
43 59
44 45
44 46
44 51
44 60
44 61
44 62
45 46
45 60
45 61
45 62
46 60
47 48
47 49
47 90
47 92
47 100
47 102
48 49
48 100
48 102
48 103
48 116
49 102
49 103
50 59
50 116
50 130
51 52
51 53
51 54
51 63
51 64
51 65
52 53
52 54
52 55
52 65
53 54
53 63
53 65
54 55
54 57
55 56
55 57
55 77
55 78
56 57
56 58
56 59
56 79
57 58
57 77
57 80
57 81
58 59
58 79
58 123
58 124
59 79
59 123
59 124
60 61
60 62
60 69
61 62
61 69
61 70
61 71
61 72
62 69
62 71
63 64
63 65
63 66
63 67
64 65
64 66
64 67
64 68
65 66
66 67
66 68
66 72
66 73
67 68
67 72
67 73
67 74
67 75
68 72
68 73
68 74
68 76
69 70
69 71
69 107
70 71
70 72
70 107
70 108
70 109
70 110
71 107
71 109
72 73
72 74
72 76
73 74
73 76
74 76
75 130
75 132
76 120
77 78
77 80
77 81
77 117
77 118
78 117
78 119
79 115
79 123
79 124
80 81
80 118
80 126
81 118
81 126
81 127
81 128
81 129
82 83
82 84
82 85
82 86
82 87
83 84
83 85
83 89
83 90
83 91
84 85
84 86
84 90
85 89
85 90
85 91
86 87
86 88
87 88
89 90
89 91
89 92
89 93
89 94
90 91
90 92
91 92
91 93
91 94
91 95
92 93
92 94
92 95
92 97
93 94
93 95
93 104
93 106
94 95
94 104
95 97
95 99
95 101
95 104
95 105
95 106
96 97
96 98
96 99
96 100
97 98
97 99
97 100
98 99
99 101
100 102
100 103
101 104
101 105
101 114
102 103
103 115
103 116
104 105
104 106
104 114
104 120
104 121
105 106
105 114
105 121
106 108
106 114
106 120
106 121
106 122
107 108
107 109
107 110
107 111
108 109
108 110
108 111
108 120
108 121
108 122
109 110
109 111
110 111
111 121
111 122
112 113
112 143
112 144
112 145
113 142
113 143
113 144
113 145
114 120
114 121
115 123
115 124
115 125
118 126
118 127
118 128
118 129
119 149
120 121
121 122
123 124
123 125
124 125
124 131
125 131
126 127
126 128
127 128
127 129
127 130
127 132
128 129
128 132
129 132
132 146
133 134
133 135
133 136
134 137
135 136
135 139
135 140
135 141
136 139
136 140
136 141
136 142
136 143
137 138
138 146
138 148
139 140
139 141
139 142
139 143
139 144
140 141
140 142
141 142
141 143
142 143
142 144
142 145
143 144
143 145
144 145
146 147
146 148
147 149
