0 1
0 2
0 3
0 4
0 5
0 6
0 7
1 2
1 3
1 8
1 9
2 4
2 8
2 10
3 7
3 11
3 12
4 5
4 10
4 17
4 18
5 6
5 17
5 19
5 20
6 7
6 19
6 21
7 11
7 19
7 22
8 13
8 14
9 12
9 14
9 15
9 16
10 18
11 12
11 27
12 16
12 27
12 28
12 29
13 117
14 28
15 39
15 56
15 57
15 58
15 108
16 29
16 185
17 18
17 20
17 23
17 24
17 25
17 26
18 26
19 21
19 30
19 31
20 24
20 25
21 22
21 32
22 33
22 34
23 24
23 25
23 76
24 25
24 26
27 29
27 96
27 97
28 119
29 97
29 183
30 31
30 43
31 32
31 114
31 139
31 140
32 33
32 139
33 143
34 96
34 143
35 36
35 37
35 38
35 39
35 40
35 41
35 42
36 37
36 38
36 43
36 44
36 45
36 46
37 41
37 44
37 45
37 47
37 48
37 49
37 50
38 40
38 46
38 52
38 53
39 40
39 56
39 57
39 58
40 41
40 52
40 56
40 59
41 42
41 49
41 60
41 61
41 62
42 60
42 63
43 51
44 45
44 46
44 54
45 46
45 48
45 49
46 53
46 54
46 55
47 48
47 64
47 65
47 66
47 67
48 64
49 61
49 62
49 66
49 68
50 65
51 69
51 70
52 53
52 59
52 71
52 72
53 55
53 72
54 55
54 73
55 74
55 75
56 106
56 107
56 108
57 58
58 108
59 71
59 109
60 66
60 67
61 62
61 68
62 68
63 76
64 65
66 67
66 68
66 179
68 179
69 70
69 73
69 180
70 180
71 72
71 109
71 114
71 115
72 74
72 114
72 116
74 75
74 116
74 139
74 144
75 144
75 161
75 162
77 78
77 79
77 80
77 81
77 82
77 83
78 79
78 80
78 84
79 82
79 85
79 86
79 87
80 84
80 88
80 89
81 83
81 92
81 93
81 94
81 95
82 83
82 85
82 86
82 96
82 97
83 88
83 96
83 98
84 89
84 90
84 91
85 86
85 87
85 99
86 87
86 100
86 101
87 100
87 102
88 90
88 98
88 103
89 90
90 91
90 103
90 104
91 105
92 93
92 94
92 170
93 94
93 170
94 170
95 143
96 97
97 101
98 103
98 168
98 188
99 187
100 101
100 172
100 175
100 176
101 175
101 183
102 105
102 176
102 178
103 104
103 168
104 166
105 177
105 178
106 107
106 109
106 110
106 111
106 112
107 108
107 112
109 110
109 113
110 111
110 120
110 122
111 112
111 125
113 115
113 123
114 115
114 116
114 140
115 140
115 142
116 139
116 140
116 144
116 145
117 118
118 169
118 170
119 187
120 121
120 122
120 123
120 124
120 125
121 122
121 123
121 124
121 126
121 127
121 128
122 124
122 127
122 129
123 126
124 125
124 127
126 128
126 130
127 128
128 130
128 131
128 132
128 133
129 134
129 135
130 136
130 137
131 132
131 133
131 138
132 133
132 137
134 135
134 184
134 186
135 174
135 175
135 184
135 186
136 137
136 159
136 163
136 164
136 165
136 166
137 165
138 153
139 140
140 141
140 142
141 142
141 145
141 146
141 147
142 146
142 148
144 145
144 162
145 155
145 162
146 147
146 148
146 151
146 155
146 164
147 148
147 164
147 167
147 181
147 182
148 164
148 167
148 168
149 150
149 151
149 152
149 153
149 154
150 151
150 152
150 153
150 155
150 156
150 157
150 158
151 152
151 154
151 155
151 159
152 154
152 155
152 159
153 154
153 157
154 159
154 163
155 156
156 157
156 158
156 160
156 161
157 158
157 160
158 160
158 161
158 162
159 163
161 162
163 165
164 166
164 167
166 167
166 168
167 168
167 181
168 181
168 188
169 170
171 172
171 173
172 174
173 177
174 175
175 183
175 184
177 178
181 182
181 188
183 184
183 185
184 185
184 186
