0 1
0 2
0 3
0 4
0 5
0 6
1 2
1 3
1 7
2 7
2 8
2 9
3 12
3 13
3 14
4 5
4 6
4 15
4 16
4 17
4 18
5 6
5 17
5 18
7 8
7 9
7 10
7 11
8 9
8 10
8 11
8 19
8 20
9 10
10 11
10 21
10 22
11 19
11 21
11 23
12 13
12 14
12 25
12 27
13 14
13 24
13 27
13 29
13 31
14 28
14 29
14 33
14 34
14 35
15 16
15 17
15 18
15 26
15 28
15 30
15 32
16 17
16 18
16 32
16 85
16 87
17 18
19 20
19 23
19 65
19 114
19 115
20 115
21 23
21 63
21 71
21 129
22 129
22 131
23 48
23 63
23 65
23 114
24 25
24 26
24 27
25 26
25 28
26 28
28 29
28 30
29 30
29 31
29 33
29 36
29 37
29 38
30 32
30 36
31 33
31 35
31 37
31 39
31 40
31 41
32 36
32 85
32 86
33 34
33 35
33 36
33 37
33 38
34 35
34 123
35 37
35 39
35 123
35 124
36 38
36 86
36 89
37 38
37 40
37 41
37 125
38 40
38 89
38 125
38 126
38 127
39 124
39 136
40 41
40 125
41 125
42 43
42 44
42 45
42 46
42 47
42 48
43 44
43 45
43 49
43 50
43 51
43 52
44 48
44 49
44 53
44 54
45 46
45 51
45 52
45 55
46 55
46 62
47 63
47 64
48 54
48 63
48 65
49 51
49 53
49 56
49 57
50 52
50 58
50 59
51 57
51 60
52 55
52 58
52 61
53 54
53 56
53 66
54 65
54 67
55 61
55 62
55 68
55 69
56 57
56 60
56 66
56 116
56 117
56 118
57 60
58 61
58 77
58 78
58 138
58 139
59 98
59 106
59 107
59 108
60 117
60 118
60 120
61 69
61 77
61 78
61 79
62 68
62 70
63 64
63 71
64 71
64 72
64 73
65 67
65 114
66 116
66 117
67 102
67 104
67 114
68 69
68 70
68 74
68 75
69 75
69 79
70 74
70 76
71 72
71 129
72 73
72 129
72 130
72 132
72 133
72 134
73 133
74 75
74 76
74 80
74 81
74 82
75 81
75 83
75 84
76 82
77 78
77 138
77 139
78 79
78 138
78 139
79 84
80 81
80 82
80 85
80 86
80 88
81 83
81 85
82 88
83 84
83 85
83 87
85 87
86 88
86 89
88 89
89 126
90 91
90 92
90 93
90 94
91 92
91 93
91 95
91 96
91 97
91 98
91 99
92 94
92 97
92 98
92 100
92 101
93 94
93 95
93 102
94 101
94 109
94 110
94 111
95 99
95 102
95 103
95 104
95 105
96 97
96 99
96 105
97 98
97 106
98 101
98 106
98 107
98 108
99 105
100 101
100 107
100 110
100 111
100 112
100 113
101 107
101 110
101 111
102 104
103 104
103 105
103 114
103 115
104 114
106 107
106 108
106 139
107 108
107 141
109 110
109 118
109 119
110 111
110 112
110 141
111 112
112 113
112 141
113 141
114 115
116 117
116 118
116 119
117 118
117 120
118 119
118 120
118 121
118 122
120 122
121 122
122 140
123 135
123 136
124 136
124 137
125 127
126 127
126 128
128 133
128 134
129 130
129 131
130 131
130 132
130 137
130 142
131 135
131 137
132 133
132 134
132 137
132 142
133 134
134 143
135 137
137 142
138 139
140 141
143 144
143 145
144 145
145 146
