0 1
0 2
0 3
0 4
0 5
0 6
0 7
0 8
1 2
1 3
1 9
1 10
2 4
2 5
2 6
2 9
3 9
3 10
3 11
3 12
4 5
4 6
4 7
4 14
5 6
5 14
6 7
7 8
7 15
8 15
9 10
9 12
10 11
10 12
10 13
11 12
11 13
11 16
11 17
12 13
12 17
13 16
13 17
14 32
14 46
14 48
14 49
15 146
16 17
16 66
16 79
17 79
18 19
18 20
18 21
18 22
18 23
18 24
19 20
19 21
19 25
20 24
20 25
20 26
21 22
21 27
22 27
22 29
22 30
22 31
23 24
23 31
23 32
23 33
24 32
24 33
24 34
25 26
25 28
26 34
26 35
27 29
27 36
28 35
28 37
28 38
29 30
29 104
29 105
30 31
30 104
31 32
31 54
32 46
32 48
32 53
32 54
33 34
33 53
33 116
33 117
34 117
34 120
35 43
36 105
36 107
37 38
37 39
37 43
38 43
39 40
40 41
41 42
42 44
42 45
43 83
44 45
44 86
44 124
46 47
46 48
47 48
47 49
48 49
48 52
49 50
49 51
49 52
50 51
50 55
50 56
50 57
51 52
51 55
51 56
51 57
53 54
53 116
53 123
55 56
55 57
56 57
56 111
56 112
57 111
57 112
58 59
58 60
58 61
58 62
58 63
58 64
59 60
59 61
59 65
59 66
59 67
60 68
60 69
60 70
60 71
61 64
61 72
61 73
61 74
62 63
62 81
63 77
63 80
63 81
64 74
64 82
65 72
65 73
65 75
65 76
66 67
66 77
66 78
66 79
67 79
67 80
68 69
68 78
68 83
70 71
70 84
70 85
70 86
71 85
71 86
72 73
72 87
72 88
72 89
73 89
74 82
74 90
74 91
74 92
74 93
74 94
74 95
75 87
75 117
75 120
76 78
76 83
76 120
77 79
77 80
78 83
80 98
81 96
81 97
82 99
82 100
83 113
84 85
84 86
84 126
84 134
85 86
87 114
87 115
88 89
88 115
89 90
90 95
90 121
90 122
91 92
91 93
91 94
91 124
92 93
92 94
93 94
93 95
93 121
94 95
95 122
96 97
96 154
96 155
97 98
98 159
99 100
99 154
99 155
101 102
101 103
101 104
102 103
103 104
103 105
103 106
103 107
104 105
105 107
106 108
106 109
107 110
108 109
108 156
108 157
109 110
109 156
109 157
111 112
111 113
114 116
114 117
114 118
115 118
115 119
116 117
116 123
116 146
118 147
119 148
119 150
119 151
119 152
119 153
121 122
121 131
121 132
122 131
122 132
123 139
123 143
123 146
124 125
124 126
125 127
125 128
126 128
126 129
126 130
127 128
127 129
127 133
128 130
129 130
129 133
129 134
130 133
130 134
131 132
131 136
131 137
131 138
131 142
132 136
132 138
135 136
135 137
135 138
135 139
135 140
135 141
136 137
136 138
136 142
137 138
137 141
137 142
138 142
139 140
139 141
139 143
139 144
139 145
140 141
140 143
141 143
141 145
143 144
143 145
143 149
144 145
144 149
145 149
147 148
148 150
148 151
148 152
150 151
151 152
151 153
152 153
152 163
153 163
153 164
153 165
154 155
156 157
156 158
157 158
159 160
159 161
159 162
160 161
160 162
160 163
160 164
160 165
161 162
161 164
161 165
162 164
162 165
163 164
164 165
