0 1
0 2
0 3
0 4
0 5
1 2
1 3
1 6
1 7
1 8
1 9
2 3
2 5
2 10
2 11
3 5
3 6
3 7
3 9
3 12
3 13
4 5
4 10
4 21
4 22
4 23
5 10
6 7
6 8
6 14
6 15
6 16
6 17
7 8
7 15
7 16
7 17
8 9
8 15
8 16
9 13
9 18
9 19
9 20
10 21
10 23
11 14
11 27
11 28
11 29
11 30
12 13
12 18
12 31
12 32
13 18
13 32
13 33
14 17
14 30
14 36
14 37
14 38
14 39
15 16
15 124
15 126
16 17
16 37
16 124
16 125
16 126
17 29
17 30
17 38
18 19
18 20
18 33
19 20
19 80
19 81
19 82
20 81
20 82
21 23
21 24
21 25
21 26
22 23
22 26
23 26
24 25
24 27
24 28
25 35
27 28
28 34
29 30
29 38
30 37
30 38
30 39
31 32
31 35
31 40
31 41
31 42
32 42
34 35
34 40
35 40
36 37
36 39
36 44
36 50
37 38
37 39
37 50
39 50
39 56
40 41
40 45
40 46
41 42
41 43
41 44
41 45
41 46
41 47
42 43
42 45
43 47
43 48
44 45
44 46
44 47
44 48
44 49
44 50
45 46
45 47
48 51
48 52
48 53
49 54
49 55
49 56
50 56
51 52
51 53
51 60
51 64
51 69
52 53
52 64
52 69
53 69
53 83
54 55
54 83
55 56
56 85
57 58
57 59
57 60
57 61
57 62
57 63
57 64
58 59
58 60
58 61
59 61
59 62
59 63
60 61
60 64
61 62
61 63
62 63
62 65
62 66
63 65
63 66
63 67
63 68
64 69
65 66
65 68
65 70
66 68
66 70
66 71
66 72
67 73
67 74
67 75
67 76
68 70
68 71
68 72
68 77
68 78
68 79
70 72
70 79
70 115
70 120
71 78
71 98
71 100
71 107
71 108
71 109
72 79
72 120
72 128
72 130
73 74
73 75
73 115
73 116
73 117
74 116
74 117
75 76
75 91
75 92
75 93
75 117
76 91
76 93
76 117
77 78
77 95
77 96
77 97
77 98
78 95
78 96
78 100
79 120
79 128
79 130
80 81
80 82
81 82
83 84
85 86
85 89
85 90
86 87
86 88
87 88
87 91
87 92
88 91
88 92
88 93
89 90
91 92
91 93
92 93
93 94
94 99
94 101
94 102
94 103
94 104
94 111
95 96
95 97
95 99
96 97
97 99
97 105
97 106
98 100
99 101
99 102
99 103
99 104
100 107
101 102
101 110
101 111
101 112
102 112
103 104
103 105
104 105
105 113
106 113
106 114
107 108
108 109
110 112
110 121
110 122
111 112
111 122
112 122
112 123
113 114
113 118
114 118
114 129
114 132
115 116
115 118
115 119
116 117
118 119
120 127
120 128
120 129
121 122
121 123
121 124
121 125
121 126
122 123
123 124
123 126
124 125
124 126
125 126
127 128
127 129
127 130
127 131
128 129
128 130
128 131
129 131
129 132
130 131
