0 1
0 2
0 3
0 4
0 5
1 2
1 3
1 6
1 7
2 3
2 4
2 9
3 7
4 5
4 9
4 11
4 12
4 13
4 14
4 15
4 16
5 15
5 16
6 8
7 8
7 10
8 10
8 17
8 18
8 19
9 11
9 13
9 20
9 21
9 22
10 17
10 140
11 12
11 13
11 20
12 13
12 16
13 14
13 16
13 22
13 33
14 15
14 16
14 33
14 36
14 37
14 38
15 16
15 37
15 38
16 38
17 18
17 140
18 19
18 140
19 135
20 21
20 23
20 24
21 23
21 24
21 25
21 26
21 27
22 27
22 33
22 34
22 35
23 24
23 25
24 25
24 28
24 29
24 30
24 31
24 32
25 26
25 28
26 27
26 28
26 42
26 43
26 44
26 45
27 35
27 42
27 48
28 29
28 44
28 46
28 47
29 46
29 47
29 49
30 31
30 32
31 32
31 50
32 50
32 51
32 52
33 34
33 36
33 39
33 40
33 41
34 35
34 39
34 54
34 56
35 48
35 56
36 37
36 39
36 41
36 57
36 58
36 61
37 38
37 41
39 53
39 54
39 55
39 57
39 58
40 52
40 62
40 126
40 127
41 57
41 58
41 61
42 45
42 48
42 124
42 134
43 44
43 134
43 135
43 136
43 137
44 45
44 124
44 134
45 112
45 124
45 130
46 47
46 49
47 49
48 59
49 89
51 52
51 125
51 126
51 127
51 129
51 130
51 131
52 62
52 126
52 127
53 54
53 55
54 56
55 57
55 60
56 59
57 58
57 61
58 61
59 139
60 62
62 126
63 64
63 65
63 66
63 67
63 68
63 69
64 65
64 66
64 67
65 70
65 71
65 72
66 67
66 68
66 70
66 73
66 74
67 75
68 69
68 76
68 77
68 78
69 70
69 77
69 79
70 71
70 73
70 77
71 72
73 74
73 96
73 98
73 102
73 115
74 102
74 115
75 166
75 167
75 169
75 170
75 171
76 77
76 78
77 78
77 79
77 80
77 81
78 82
78 83
79 81
80 81
80 84
80 85
80 86
80 87
82 83
82 88
82 93
82 94
84 85
84 86
84 87
84 88
84 89
85 86
85 87
85 90
85 91
86 90
86 91
87 92
88 89
90 91
91 95
92 96
92 97
93 94
93 123
94 111
94 115
94 123
96 97
96 98
96 99
96 101
96 102
97 101
98 99
98 100
98 101
98 102
99 100
99 101
99 103
99 104
100 102
100 105
100 106
101 104
101 108
101 112
102 106
102 115
103 107
103 108
103 109
103 110
103 111
104 108
104 113
104 114
105 116
105 117
105 118
106 107
106 115
106 117
107 110
107 117
107 119
107 120
107 121
107 122
108 109
108 112
108 113
108 114
109 110
110 119
111 115
111 120
111 123
112 113
112 124
113 114
113 124
113 138
114 138
115 123
116 118
116 122
116 150
116 152
116 153
117 118
117 121
117 122
118 122
119 121
119 122
119 146
119 153
120 121
120 123
120 155
120 156
120 161
121 122
121 156
122 153
123 161
124 134
125 126
125 127
125 128
125 129
125 130
125 131
126 127
127 131
128 129
128 130
128 131
128 132
128 133
129 130
129 131
129 132
130 131
130 132
131 132
131 133
132 133
132 138
133 138
133 168
134 135
135 136
135 137
136 137
138 168
139 144
140 141
140 142
140 143
141 142
141 143
141 144
142 143
142 144
145 146
145 147
145 148
145 149
146 147
146 150
147 148
147 149
147 151
148 149
148 151
149 154
150 152
150 153
151 155
151 156
151 157
152 153
154 158
154 159
155 156
155 157
155 160
156 161
158 159
158 160
159 160
160 163
160 164
160 165
161 162
162 166
162 167
163 164
163 165
163 169
164 165
164 166
164 169
164 170
165 169
165 170
166 167
167 171
169 170
170 171
