0 1
0 2
0 3
0 4
1 2
1 5
1 6
1 7
1 8
2 3
2 4
2 5
2 7
2 9
3 4
3 7
3 9
3 13
4 9
4 13
4 14
5 6
5 7
5 8
5 10
6 8
6 10
6 11
6 12
7 8
8 11
9 17
10 11
10 44
11 12
11 44
11 51
12 44
12 50
13 14
13 15
13 16
14 15
14 16
14 18
14 19
15 16
15 18
15 19
15 20
16 18
17 70
17 71
17 72
17 73
17 74
17 103
17 104
18 19
18 20
18 21
18 22
19 20
19 21
19 22
19 24
20 21
20 22
20 23
21 22
21 23
21 25
22 23
22 25
22 26
23 25
23 27
24 28
24 29
24 30
25 26
25 27
26 27
27 87
28 29
28 57
28 61
28 62
29 30
29 57
29 62
29 70
30 62
30 71
30 74
31 32
31 33
31 34
31 35
31 36
32 33
32 34
32 35
32 37
32 38
33 37
33 38
33 39
33 40
34 35
34 36
34 38
35 36
35 42
35 43
36 42
36 43
36 45
37 38
37 39
37 40
37 41
38 39
38 44
39 40
39 46
40 41
40 46
40 47
41 46
41 47
41 48
42 43
42 45
43 45
44 49
44 50
44 51
46 47
46 48
46 108
47 48
47 108
47 110
48 108
48 109
48 110
49 50
49 51
49 52
49 54
49 55
49 56
50 51
50 55
50 56
51 56
52 53
52 54
52 55
52 56
53 54
53 55
54 55
54 56
55 56
57 58
57 59
57 60
57 61
57 62
58 59
58 63
58 64
58 65
58 66
59 60
59 61
59 63
59 66
60 61
60 66
61 66
62 70
62 71
63 64
63 65
63 67
63 68
63 69
64 65
64 68
64 69
65 66
65 69
67 68
67 69
67 100
67 112
67 113
68 69
69 113
70 71
70 72
70 73
70 74
71 73
71 74
72 73
72 103
72 104
73 74
73 103
73 104
75 76
75 77
75 78
75 79
75 80
76 77
76 78
76 81
77 79
77 80
77 82
79 80
79 82
80 82
80 84
81 83
82 84
82 85
82 86
83 87
84 85
84 86
84 115
84 116
85 86
85 114
85 115
85 116
86 115
86 116
88 89
88 90
88 91
88 92
89 90
89 93
90 91
90 92
90 93
90 94
90 95
91 92
91 94
91 97
91 98
93 94
93 95
93 96
94 95
94 99
95 96
95 100
95 101
95 102
96 100
96 101
96 102
97 98
97 99
97 118
97 120
97 121
97 122
98 118
98 120
98 121
98 122
98 123
99 107
99 117
99 118
99 119
99 120
100 101
100 102
100 112
100 113
101 102
101 112
102 105
102 112
102 113
103 104
103 105
103 106
104 105
104 106
104 107
105 106
105 107
106 107
106 117
107 117
108 109
108 110
108 111
109 110
109 111
109 114
109 116
110 114
110 116
111 114
111 115
111 116
112 113
114 115
114 116
115 116
117 118
117 119
118 119
118 120
119 120
120 122
121 122
121 123
121 125
121 128
122 123
122 128
123 125
123 127
123 128
124 125
124 126
124 127
124 128
124 129
124 130
125 126
125 127
125 128
126 127
126 129
126 130
127 128
127 129
129 130
