0 1
0 2
0 3
0 4
0 5
0 6
1 2
1 3
1 7
2 3
2 4
2 6
2 7
3 4
3 7
3 9
3 10
3 11
3 12
4 5
4 6
4 13
5 6
5 13
5 14
6 13
6 14
7 8
8 9
8 15
9 10
9 12
9 15
9 16
9 17
10 12
10 15
10 16
10 17
10 18
10 19
10 20
11 12
11 21
11 22
11 23
12 17
12 18
12 19
12 21
12 24
13 14
13 106
14 106
14 107
14 108
14 109
15 16
15 17
15 103
15 112
16 17
16 114
17 24
17 99
17 103
17 112
17 114
18 19
18 22
18 87
18 116
19 20
19 82
19 88
20 88
20 117
21 23
21 24
21 37
21 93
22 23
22 40
22 116
22 122
23 28
23 29
23 37
23 40
24 93
24 98
24 99
25 26
25 27
25 28
25 29
25 30
26 27
26 31
26 32
26 33
27 28
27 32
27 34
28 29
29 30
29 37
30 38
30 39
31 33
31 35
31 36
32 33
32 36
33 35
33 36
34 40
35 36
35 41
35 42
35 43
35 44
36 41
37 93
38 39
38 47
38 51
38 52
38 54
38 55
38 56
39 55
39 70
39 151
40 122
41 168
41 174
42 43
42 44
42 175
42 176
43 44
45 46
45 47
46 48
46 49
47 50
47 51
47 52
48 49
50 51
50 53
51 54
52 53
52 55
53 55
54 71
54 72
55 56
55 70
57 58
57 59
57 60
57 61
57 62
57 63
58 59
58 60
58 64
58 65
58 66
59 60
59 62
59 64
60 64
60 65
60 66
60 67
61 62
61 63
61 68
62 63
62 68
63 68
64 66
65 66
65 67
66 67
67 69
68 144
68 145
69 104
70 151
70 152
70 153
71 72
71 100
73 74
73 75
73 76
73 77
73 78
74 75
74 76
74 77
74 79
74 80
75 76
75 77
75 78
75 81
76 77
76 79
76 80
76 82
77 78
77 81
77 83
78 81
78 85
79 80
79 84
80 84
81 83
81 85
81 86
82 84
82 87
82 88
83 86
84 88
85 86
85 89
85 90
87 116
88 117
89 90
89 176
91 92
91 93
92 94
92 95
93 97
93 98
93 99
94 95
95 96
96 160
97 98
97 100
97 101
98 99
98 102
99 102
99 103
101 105
102 121
102 162
102 170
103 113
104 143
105 159
106 107
106 108
106 109
107 108
107 109
108 109
108 110
108 111
109 111
110 111
110 157
110 161
111 157
111 161
112 113
112 114
112 115
113 115
115 118
115 119
115 120
115 121
116 122
117 128
117 129
118 119
118 120
118 158
119 120
119 158
120 148
120 158
121 162
122 123
122 124
122 125
123 124
123 125
125 126
125 127
126 127
126 130
126 134
126 139
127 139
127 147
127 148
127 149
127 150
128 129
128 130
128 131
128 132
128 133
129 131
130 131
130 132
130 133
130 134
131 133
132 133
132 134
132 135
132 136
133 134
134 136
134 137
134 138
134 139
135 136
135 140
136 137
137 138
137 147
138 139
138 147
139 147
140 141
140 142
140 143
141 142
141 143
142 143
144 145
144 146
147 148
148 149
148 150
148 158
149 150
149 158
150 158
151 152
153 154
153 155
153 156
153 157
154 155
154 156
155 156
156 157
157 161
159 160
162 170
162 171
163 164
163 165
163 166
163 167
163 168
163 169
164 165
164 170
164 171
164 172
164 173
165 166
165 167
165 171
165 172
165 173
166 167
166 168
167 168
167 169
168 174
169 173
170 171
170 172
171 172
171 173
175 176
