0 1
0 2
0 3
0 4
0 5
1 2
1 6
1 7
2 6
2 7
2 11
3 4
3 5
3 8
4 5
4 8
4 16
5 8
5 16
5 17
6 7
6 8
6 9
6 10
6 11
7 9
7 10
7 11
7 12
7 13
7 14
7 15
8 16
8 17
8 18
9 10
9 12
9 13
9 44
9 45
10 44
10 47
10 49
11 12
11 14
11 15
12 13
12 45
12 50
12 51
12 55
12 56
13 14
13 50
13 54
13 55
13 56
14 15
14 56
16 17
16 18
16 19
16 20
17 18
17 19
17 20
18 19
18 20
18 40
19 20
19 40
19 41
20 40
20 41
20 42
20 43
21 22
21 23
21 24
21 25
21 26
21 27
22 23
22 24
22 25
22 26
22 28
22 29
22 30
23 26
23 30
24 25
24 26
24 27
24 31
25 27
25 31
25 32
25 33
26 28
26 30
27 31
27 32
27 33
27 37
28 29
28 34
28 35
28 36
29 30
29 35
29 36
31 32
31 33
31 37
32 33
32 37
32 38
32 39
33 37
33 39
34 35
34 36
34 87
34 93
34 101
34 108
35 87
35 88
35 97
36 108
36 111
37 38
37 39
37 72
38 39
38 70
38 72
38 73
39 70
39 72
40 41
40 42
40 43
41 42
41 43
41 94
41 104
42 43
42 94
42 103
42 104
43 103
43 104
44 45
44 46
44 47
44 48
45 46
45 50
45 51
45 52
45 53
45 54
46 48
46 54
46 57
47 48
48 57
48 58
48 59
49 60
49 61
49 62
49 63
49 64
50 51
50 52
50 54
50 55
51 52
51 53
51 65
52 53
52 65
52 66
53 65
53 66
53 67
53 68
54 55
54 56
55 56
57 58
57 92
57 100
57 105
57 106
58 59
58 92
58 93
58 101
59 61
59 101
59 107
59 109
60 63
60 64
60 79
60 80
60 81
60 119
61 62
61 63
61 107
61 109
61 110
62 63
62 64
62 107
63 64
65 66
65 67
65 68
66 67
66 68
66 99
67 68
67 99
68 99
69 70
69 71
69 72
69 73
69 74
69 75
70 71
70 72
70 73
71 72
71 73
71 74
71 75
71 76
72 73
72 77
72 78
73 74
74 75
74 76
75 76
77 78
77 79
77 80
77 81
78 79
78 80
78 81
78 82
79 80
79 81
79 82
79 115
79 119
80 82
80 115
80 116
81 119
82 115
82 116
82 118
83 84
83 85
83 86
83 87
83 88
83 89
83 90
83 91
84 85
84 86
85 89
86 87
86 92
86 93
86 94
87 88
87 93
88 89
88 91
88 95
88 96
88 97
88 98
89 90
89 91
89 98
90 91
90 99
91 95
91 98
92 93
92 100
92 101
93 101
94 102
94 103
94 104
95 96
95 97
95 98
95 121
96 97
96 117
96 118
96 120
96 121
97 98
97 117
97 118
97 120
97 121
98 121
100 102
100 105
100 106
101 107
101 108
102 105
102 106
103 104
105 106
107 108
107 109
107 110
107 111
107 112
107 113
107 114
108 114
109 110
109 114
110 112
110 113
110 114
111 112
111 113
112 113
112 114
113 114
115 116
115 117
115 118
116 117
116 118
116 120
117 118
117 120
117 121
118 120
120 121
