0 1
0 2
0 3
1 4
1 5
2 3
2 4
2 11
2 12
3 6
3 11
3 12
3 13
3 14
3 15
4 6
4 7
4 8
4 9
5 10
6 7
6 8
6 9
6 13
6 17
7 8
7 9
8 22
9 13
9 17
9 22
10 145
11 12
11 15
12 15
12 16
13 14
13 17
13 18
14 15
14 18
14 19
14 20
15 20
15 21
16 131
17 22
17 23
17 24
17 25
18 19
18 23
18 27
18 28
19 27
19 86
19 88
20 21
20 88
21 138
22 24
22 26
23 29
23 30
23 31
23 32
24 25
24 33
25 33
25 34
26 114
26 115
26 116
27 28
27 86
27 87
28 89
29 30
29 44
29 45
29 46
29 49
30 31
30 32
30 46
30 49
31 32
31 43
31 117
32 49
32 117
33 34
33 119
34 118
34 119
35 36
35 37
35 38
35 39
36 37
36 38
37 38
37 40
39 41
40 42
41 43
42 86
43 117
44 45
44 46
44 47
44 48
45 46
45 47
45 48
45 50
46 48
46 49
47 48
47 50
47 51
48 50
48 52
50 51
50 52
50 53
50 54
51 52
51 53
51 55
51 56
52 55
52 56
53 55
53 76
54 78
54 79
54 80
54 81
54 82
55 56
55 75
56 75
56 76
57 58
57 59
57 60
57 61
57 62
57 63
57 64
57 65
58 59
58 60
58 61
58 66
59 60
59 66
59 67
59 68
60 64
60 66
60 68
60 69
62 63
62 64
62 70
62 71
63 64
63 65
63 72
64 69
64 70
64 73
65 72
66 67
66 68
67 68
67 74
68 69
69 73
70 71
70 73
70 92
70 118
71 118
71 119
72 99
72 106
73 92
74 120
74 121
75 76
75 77
76 83
76 84
76 85
77 84
77 85
78 79
78 115
78 116
79 81
79 115
79 116
80 81
80 82
80 116
81 82
81 135
82 135
82 136
82 137
83 85
83 121
84 85
86 87
86 88
87 90
87 91
89 92
90 91
91 93
91 94
92 118
93 94
93 95
93 96
93 97
94 95
94 96
94 97
95 96
95 97
95 98
95 99
96 97
97 100
97 101
97 102
98 99
98 103
98 104
98 105
99 103
99 106
100 101
100 102
100 107
101 102
101 107
101 108
101 109
102 107
102 109
103 104
103 105
103 110
104 110
104 111
104 112
105 111
107 109
108 109
108 142
108 143
108 144
109 142
109 143
110 111
110 112
110 127
110 134
111 112
111 127
112 127
112 129
112 134
113 114
115 116
118 119
120 122
122 123
122 124
122 125
123 124
123 125
123 139
124 125
124 139
125 139
126 127
126 128
126 129
126 130
126 131
126 132
126 133
127 128
127 129
127 134
128 129
128 130
128 132
129 130
129 134
130 131
130 132
131 132
131 133
132 133
135 136
135 137
135 139
136 137
136 139
137 139
138 140
138 141
138 142
140 141
140 143
141 142
141 143
141 144
142 143
142 144
143 144
