0 1
0 2
0 3
0 4
0 5
1 2
1 3
1 4
2 5
2 6
2 7
2 8
3 4
3 9
3 10
4 5
4 7
4 9
4 10
4 11
5 7
5 8
5 12
5 13
6 8
6 14
7 12
7 15
8 12
8 16
9 11
9 17
10 13
10 18
10 19
11 17
11 20
11 21
12 16
12 22
13 19
13 22
13 23
13 24
14 166
15 20
15 104
15 108
15 111
16 24
17 110
18 22
18 23
18 179
18 180
20 21
20 103
20 104
21 103
21 109
21 110
22 23
22 180
22 182
23 24
23 180
23 183
25 26
25 27
25 28
26 29
26 30
27 29
27 30
27 31
28 33
28 34
29 30
29 31
29 32
31 32
31 35
32 35
33 34
33 90
33 91
34 91
35 146
35 155
35 157
36 37
36 38
36 39
36 40
36 41
37 38
37 39
37 42
38 39
38 40
38 43
38 44
38 45
38 46
39 41
39 42
39 47
39 48
40 50
40 51
41 48
41 51
41 52
42 47
42 49
43 44
43 45
43 46
44 45
44 46
45 46
45 57
46 57
47 48
47 58
47 59
48 58
48 60
48 61
49 123
50 53
50 54
50 55
51 55
52 61
52 62
52 63
53 54
53 55
53 56
56 126
57 166
58 59
58 60
58 108
59 107
59 108
60 61
60 111
61 63
61 116
62 118
62 119
63 116
63 119
63 120
63 142
64 65
64 66
64 67
65 66
65 67
65 68
65 69
65 70
65 71
65 72
66 67
66 69
66 70
66 71
66 72
66 73
66 74
67 68
67 75
68 75
68 76
68 77
69 70
69 71
70 71
71 72
71 74
71 78
72 73
72 74
72 78
72 79
73 74
73 80
74 78
74 81
75 76
75 82
75 83
76 77
76 80
76 117
77 82
77 86
77 93
77 117
78 79
78 81
78 160
78 163
79 81
79 160
79 161
79 163
80 117
80 118
81 161
81 163
82 86
82 121
83 122
84 85
84 86
84 87
85 88
85 89
86 93
86 94
87 95
87 96
87 97
87 98
88 89
88 90
89 91
89 92
90 91
92 99
92 100
92 101
92 102
93 94
93 119
93 120
94 101
94 120
95 96
95 121
96 97
96 98
96 149
97 98
97 149
97 150
97 151
98 149
98 150
98 151
99 133
99 135
99 136
100 133
100 134
101 102
101 120
101 144
102 137
103 104
103 105
103 106
103 107
104 107
104 108
105 106
105 112
105 113
106 109
109 110
109 114
110 114
110 115
112 113
112 124
113 170
114 168
115 167
115 168
116 120
116 142
116 143
116 145
117 118
117 119
118 119
120 143
121 147
122 148
123 124
124 125
125 170
125 172
126 127
126 128
126 129
127 128
127 129
127 130
128 129
128 130
128 131
128 132
129 130
129 131
129 132
130 131
131 132
131 153
131 154
132 153
132 154
132 156
133 134
135 137
135 138
135 139
136 140
136 141
137 144
138 144
138 146
138 157
139 158
139 159
139 160
140 141
140 173
142 145
142 146
143 144
143 146
145 146
145 153
145 155
147 148
149 150
149 151
149 152
150 151
150 152
150 174
150 175
151 152
151 174
151 175
152 174
152 175
152 176
152 177
153 154
153 155
154 155
154 156
155 156
157 164
158 159
158 161
158 162
158 163
159 164
159 165
160 163
161 162
161 163
164 165
165 173
167 169
168 169
170 171
170 172
171 172
174 175
174 176
174 177
174 178
175 176
175 177
176 177
176 178
177 178
179 180
179 181
180 182
181 184
182 183
182 185
183 185
