0 1
0 2
0 3
0 4
0 5
0 6
0 7
1 2
1 3
1 8
2 4
2 7
2 8
2 10
2 11
3 4
4 6
4 12
4 13
4 14
5 6
5 7
5 15
6 12
6 15
6 16
6 17
7 11
8 9
8 10
9 10
9 18
9 19
9 20
10 11
10 20
10 21
11 21
11 22
12 13
12 14
12 16
12 23
13 14
15 16
15 17
15 165
16 17
16 23
17 157
17 163
17 164
17 165
18 19
18 20
18 63
18 64
18 68
18 71
19 20
19 68
19 71
20 21
20 71
20 79
20 80
21 80
21 144
22 92
22 99
22 144
22 146
24 25
24 26
24 27
24 28
24 29
24 30
25 26
25 27
25 31
25 32
25 33
25 34
26 27
26 34
26 35
26 36
27 32
27 37
27 38
28 30
28 44
28 45
29 35
29 36
29 44
30 45
30 46
30 47
30 48
31 32
31 33
31 39
32 33
32 34
32 38
32 39
32 40
33 34
33 39
33 40
33 41
34 40
34 41
34 42
34 43
35 36
35 44
35 49
36 42
36 49
36 50
36 51
37 38
37 56
37 57
37 58
38 59
39 40
40 41
40 43
40 130
41 43
42 50
42 116
42 120
43 120
44 45
44 52
44 53
44 54
45 53
45 55
46 56
47 48
47 60
47 61
48 61
49 51
49 149
50 51
50 116
50 124
50 125
50 126
51 148
51 149
52 53
52 82
52 83
52 84
52 85
53 54
54 55
54 93
55 93
56 66
57 58
57 97
57 115
57 116
57 117
57 118
58 118
59 131
60 77
60 87
62 63
62 64
62 65
62 66
63 67
63 68
63 69
64 65
64 74
65 66
65 74
65 75
65 76
65 77
66 78
67 68
67 69
67 70
69 70
69 72
69 73
70 72
70 73
71 74
71 79
71 80
72 73
72 81
73 81
74 76
74 79
74 103
75 77
75 78
75 84
75 87
75 88
76 77
76 88
76 103
77 88
77 103
78 84
78 89
78 97
79 80
79 142
80 144
81 157
82 86
83 84
83 87
84 85
84 87
84 88
84 89
85 89
85 90
85 91
85 92
86 94
86 95
86 96
87 88
89 91
89 92
89 97
89 98
89 99
90 91
90 92
90 100
90 101
90 102
91 92
92 102
94 95
94 96
94 106
95 96
97 98
98 99
98 104
100 101
100 107
100 108
100 109
100 112
101 107
101 109
102 159
102 160
103 143
104 121
104 127
105 106
105 107
105 108
107 109
107 110
107 111
109 111
109 112
110 111
110 113
110 114
112 158
113 114
113 166
115 116
115 117
115 118
115 119
115 120
116 117
116 120
116 121
117 119
117 120
117 122
118 119
119 123
121 127
122 123
122 128
122 129
123 128
124 125
124 126
124 134
124 136
125 126
125 136
125 148
126 136
127 170
127 172
128 129
130 131
132 133
132 134
132 135
132 136
133 134
133 135
133 137
133 138
134 135
134 136
135 136
135 138
137 138
137 139
138 139
139 140
139 141
140 141
140 161
142 143
142 145
143 145
144 146
144 147
146 147
146 153
146 156
147 156
147 162
148 149
150 151
150 152
150 153
150 154
150 155
151 152
151 153
151 156
152 154
154 155
157 163
157 165
158 159
159 161
160 161
160 162
163 164
163 165
164 165
166 167
168 169
169 170
169 171
170 171
170 172
171 172
