0 1
0 2
0 3
0 4
0 5
1 2
1 3
1 6
1 7
2 3
2 6
2 7
3 4
4 5
4 10
4 11
5 10
6 7
6 8
7 8
7 9
8 9
8 12
9 12
10 11
10 74
10 75
11 74
11 76
12 32
12 33
13 14
13 15
13 16
13 17
13 18
14 15
14 16
14 19
14 20
15 19
15 20
15 21
15 22
16 17
16 18
17 18
17 25
17 26
17 27
18 26
18 27
18 28
19 20
19 23
19 24
20 21
20 23
20 24
21 22
21 29
22 30
22 31
23 24
23 29
23 31
25 26
25 32
25 33
25 34
26 34
26 35
26 36
27 35
27 37
27 38
28 39
28 40
28 41
28 42
28 43
29 31
30 55
30 89
32 33
32 129
32 130
32 133
34 39
34 136
35 36
35 87
36 87
36 103
36 137
37 38
37 133
37 135
37 148
38 148
38 150
39 40
39 43
39 136
39 138
40 41
40 42
40 43
40 140
41 42
41 43
41 121
41 140
42 121
42 124
42 140
43 136
44 45
44 46
44 47
44 48
44 49
44 50
45 46
45 51
45 52
45 53
46 53
46 54
47 49
47 58
47 61
47 62
48 50
48 54
48 63
49 52
49 58
50 63
50 64
51 52
51 53
51 55
51 56
51 57
52 58
52 59
52 60
53 56
54 63
55 56
55 57
55 89
57 60
57 90
57 91
58 59
58 62
58 65
59 60
59 92
60 90
60 92
61 66
61 67
61 68
62 68
62 69
63 70
64 66
64 70
64 71
64 72
64 73
65 99
65 100
66 178
66 179
67 68
67 174
68 69
69 99
69 173
69 174
70 71
70 72
71 72
71 73
72 73
74 76
74 77
75 78
75 79
75 80
76 77
76 81
76 82
76 83
76 84
77 85
78 79
78 80
78 132
78 135
78 149
79 80
79 146
79 149
79 151
80 192
80 193
81 82
81 83
81 84
82 83
82 84
82 85
82 86
82 87
83 88
84 87
85 102
86 87
86 101
86 102
86 103
88 104
90 96
90 98
91 126
92 93
92 94
92 95
92 96
92 97
93 94
94 95
95 96
95 97
95 191
96 97
96 191
97 191
98 191
101 102
101 103
101 188
103 137
104 167
104 175
105 106
105 107
105 108
105 109
105 110
105 111
105 112
106 107
106 108
106 109
106 110
106 113
107 108
107 109
107 113
107 114
107 115
108 109
108 113
108 115
109 113
110 112
110 116
111 112
111 117
111 118
111 119
112 120
113 114
113 115
114 115
114 121
114 122
114 123
115 122
115 124
116 117
116 125
116 126
117 118
117 125
117 160
118 119
118 160
118 161
119 160
120 161
120 162
120 180
120 181
120 182
120 183
121 122
121 124
121 140
122 124
122 140
123 155
123 156
123 157
123 158
123 159
124 140
127 128
127 129
127 130
128 129
128 130
128 131
129 130
129 132
129 133
130 133
131 134
132 135
134 192
135 148
135 149
136 138
136 139
137 153
137 188
138 141
139 176
141 164
141 168
141 176
142 143
142 144
142 145
142 146
143 144
143 145
143 147
144 145
145 147
145 148
145 149
146 149
146 151
146 152
147 148
147 150
150 153
150 154
151 194
153 188
153 189
154 187
154 189
154 190
155 156
155 157
155 158
156 157
156 158
156 180
156 183
157 158
158 180
158 181
158 183
159 187
161 162
161 163
162 163
162 180
162 181
162 182
163 182
163 184
163 185
164 165
164 166
164 167
164 168
165 166
165 169
165 170
166 167
166 170
166 171
166 172
167 171
167 175
168 177
169 170
169 173
169 174
170 172
170 174
171 172
171 175
176 177
176 178
176 179
177 178
177 179
178 179
180 181
180 182
180 183
181 182
181 183
182 183
184 185
184 186
185 186
187 189
187 190
188 189
189 190
192 193
