0 1
0 2
0 3
0 4
0 5
0 6
0 7
1 2
1 3
1 8
1 9
1 10
1 11
1 12
2 4
2 8
2 13
3 6
3 7
3 10
3 12
3 14
4 5
4 12
4 13
4 15
4 23
4 24
4 25
5 6
5 23
5 26
5 27
5 28
6 7
6 27
6 28
6 29
7 14
7 29
7 30
8 9
8 13
8 15
8 16
8 17
9 11
9 17
9 18
10 11
10 12
10 14
10 19
10 20
10 21
11 12
11 15
11 18
11 19
11 22
12 19
13 15
13 16
13 24
13 25
13 31
13 32
14 20
14 21
14 35
15 16
15 19
15 22
15 31
15 33
16 17
16 22
16 32
16 69
16 113
17 18
17 69
17 70
17 112
18 22
18 112
19 31
19 33
19 77
20 21
20 35
20 114
21 35
22 33
22 112
22 113
23 24
23 26
24 25
24 31
25 31
25 32
25 34
26 27
26 36
27 28
27 29
27 36
28 29
28 36
28 37
29 30
30 38
30 39
30 40
31 32
31 33
31 34
31 77
32 34
33 72
33 75
33 77
34 81
35 39
35 43
35 44
36 37
38 39
38 41
38 42
38 43
39 40
39 42
39 43
39 44
41 42
41 43
41 44
41 81
41 82
42 43
42 44
43 44
43 82
43 86
44 82
44 86
44 88
45 46
45 47
45 48
45 49
45 50
45 51
45 52
46 47
46 48
46 53
47 48
47 53
47 57
47 58
48 50
48 52
48 57
49 50
49 51
49 59
50 51
50 52
50 55
50 57
50 59
50 60
50 61
51 55
51 59
52 61
52 62
52 63
53 54
53 55
53 56
54 55
54 56
54 64
55 60
55 64
56 64
56 65
57 58
57 60
57 66
57 67
58 67
58 68
58 69
58 70
58 71
60 66
61 62
61 63
61 93
62 63
62 65
62 93
62 123
62 124
63 93
65 93
65 117
65 118
65 123
65 124
66 67
66 112
66 113
67 70
67 112
68 71
68 95
68 96
68 104
69 70
69 71
69 113
70 71
70 112
71 104
72 73
72 74
72 75
73 74
74 76
75 77
75 78
75 79
76 80
77 79
77 114
77 115
78 79
78 115
78 116
78 117
78 118
78 119
78 120
78 121
79 114
79 115
79 121
79 122
80 84
80 89
80 101
80 102
81 82
81 83
81 84
81 85
82 86
82 87
82 88
83 84
83 85
84 85
84 89
84 90
85 89
86 87
86 88
86 90
87 88
87 90
87 91
87 92
88 90
88 91
88 92
89 101
89 102
89 105
90 91
90 92
90 104
91 92
91 103
91 104
92 103
92 104
92 109
93 117
93 123
93 124
94 95
94 96
94 97
94 98
94 99
95 96
95 97
95 100
95 101
95 102
96 99
96 103
96 104
97 100
98 106
99 103
99 107
99 108
99 109
99 110
99 111
100 101
100 102
100 105
101 102
101 105
102 105
103 104
103 108
103 109
104 108
104 109
106 110
106 125
107 108
107 109
107 110
107 111
107 116
107 125
108 109
108 110
108 111
109 110
110 111
110 125
111 125
112 113
114 115
114 122
115 120
115 121
115 122
116 117
116 118
116 119
116 120
116 123
117 118
117 119
117 123
117 124
118 119
118 123
119 120
119 121
120 121
123 124
