0 1
0 2
0 3
0 4
0 5
0 6
1 2
1 3
1 7
1 8
1 9
2 3
2 7
2 8
3 4
3 6
3 7
3 10
3 11
3 12
3 13
4 5
4 6
4 10
5 10
5 18
5 19
5 20
6 10
6 13
7 8
7 9
7 11
7 12
7 14
8 9
8 15
9 11
9 14
9 15
9 16
9 17
10 13
10 18
10 19
10 21
10 22
11 12
11 14
11 23
11 24
12 13
12 24
12 25
13 22
13 25
13 26
14 17
14 23
14 59
15 16
15 61
16 17
16 46
16 61
17 36
17 37
17 46
17 59
18 19
18 20
18 103
18 104
19 21
19 22
19 104
19 105
20 96
20 98
20 103
20 108
20 109
21 22
21 106
22 107
23 24
23 56
23 58
23 59
24 25
24 56
25 26
25 54
25 57
26 54
26 57
27 28
27 29
27 30
27 31
27 32
27 33
28 29
28 30
28 34
28 35
29 33
29 34
30 31
30 41
31 41
31 42
31 43
31 44
32 33
32 42
32 45
33 34
33 36
33 45
33 46
34 35
34 36
34 37
35 37
35 38
35 39
35 40
36 37
36 46
37 59
37 60
37 80
38 39
38 40
38 53
39 80
40 101
41 43
41 50
41 51
42 44
43 44
43 47
43 48
43 49
43 50
43 51
44 48
44 49
44 52
45 46
47 49
47 50
47 64
47 69
47 77
47 78
48 49
48 52
49 50
49 77
49 78
50 51
52 126
53 54
53 55
53 56
54 55
54 57
55 57
56 58
58 59
58 60
59 60
59 80
60 80
61 62
61 63
62 63
62 81
62 82
63 81
63 82
63 83
63 84
63 85
63 86
63 87
64 65
64 66
64 67
64 68
64 69
65 66
65 67
65 68
65 70
65 71
65 72
66 67
66 68
66 70
67 68
67 70
68 70
68 71
69 77
69 78
70 71
70 72
70 73
71 72
71 73
71 74
72 73
72 74
72 75
72 76
73 74
73 75
73 76
73 79
74 75
74 76
74 79
75 76
75 79
75 92
75 100
76 79
76 100
77 78
77 129
77 136
78 129
78 136
79 92
79 93
79 94
79 100
80 88
81 82
81 86
81 87
81 106
81 107
82 107
82 128
82 130
83 84
83 116
83 117
83 118
83 119
83 120
84 85
84 86
84 117
84 118
84 119
85 86
85 118
86 87
87 106
87 107
88 91
88 95
88 99
88 102
89 90
89 91
89 92
89 93
89 94
89 95
90 91
90 96
90 97
91 93
91 95
91 97
92 93
92 94
92 100
93 94
93 95
93 100
93 101
94 100
95 101
96 97
96 98
97 98
97 99
98 99
98 108
98 109
98 110
99 121
102 121
102 129
103 108
103 109
103 110
103 111
104 105
105 112
105 113
105 114
105 115
106 107
107 115
107 130
108 109
109 110
110 111
111 113
112 113
112 114
112 115
112 130
112 131
112 132
113 114
114 115
114 131
114 132
114 133
115 130
115 131
116 117
116 118
116 119
116 120
117 118
117 119
117 120
119 120
122 123
122 124
122 125
123 124
123 125
123 126
124 125
124 127
125 127
127 128
128 130
129 136
131 132
131 133
132 133
132 134
132 135
133 134
134 135
