0 1
0 2
0 3
0 4
1 2
1 5
1 6
2 3
2 4
2 5
3 4
3 12
3 13
3 14
4 5
4 8
5 6
5 7
5 8
6 7
6 9
6 10
6 11
7 8
7 11
7 15
7 16
7 17
7 18
8 17
8 18
9 10
9 11
9 19
9 20
9 21
9 22
10 22
10 23
10 24
11 17
11 21
12 13
12 14
12 86
12 87
12 88
13 14
13 88
13 136
13 137
14 88
15 16
15 17
15 80
15 81
15 82
15 85
15 89
16 17
16 18
16 82
17 21
17 89
19 20
19 22
19 65
19 66
19 73
20 21
20 73
20 101
20 104
21 89
21 104
21 106
22 23
22 71
23 24
23 71
23 79
23 132
23 133
24 134
24 135
25 26
25 27
25 28
25 29
25 30
25 31
25 32
26 27
26 28
26 33
26 34
26 35
27 28
27 32
27 34
27 35
27 36
28 29
28 32
28 34
28 41
29 30
29 32
29 41
30 31
31 42
31 43
31 44
31 45
33 34
33 35
33 37
33 38
33 39
33 40
34 35
34 38
34 40
35 38
35 39
35 40
36 46
36 47
36 48
36 49
36 50
36 51
37 46
37 47
37 52
37 53
37 54
38 39
38 40
38 55
39 40
39 55
39 56
39 57
41 47
41 48
41 131
41 134
42 43
42 141
42 143
43 44
43 45
43 143
44 45
44 143
44 144
44 150
44 151
45 113
45 143
45 144
46 47
46 48
46 49
46 52
46 53
46 54
47 48
47 54
47 128
47 131
48 136
49 50
49 51
49 136
50 51
50 136
52 53
52 117
52 118
52 119
53 54
53 117
53 119
53 120
53 122
53 124
54 124
54 128
54 129
55 56
55 57
56 57
56 140
57 70
58 59
58 60
58 61
58 62
59 60
59 61
59 62
59 63
59 64
59 65
60 61
60 66
60 67
61 62
61 63
61 64
61 69
62 63
62 64
63 64
63 68
63 69
64 68
64 69
64 70
65 66
65 71
65 72
66 67
66 72
66 73
66 74
67 72
67 74
67 75
68 69
68 70
68 76
68 77
69 70
69 76
70 76
70 77
70 78
71 79
72 75
73 104
73 111
74 75
74 148
75 149
76 77
76 78
76 146
77 78
77 145
77 146
78 145
78 146
79 132
79 133
79 140
79 147
80 81
80 82
80 83
80 84
80 85
81 82
81 83
81 86
81 87
81 88
82 83
82 85
82 86
82 87
83 85
83 86
84 90
84 91
84 92
84 93
84 94
84 95
86 87
86 88
87 88
89 106
89 114
90 91
90 92
90 109
90 110
90 116
91 92
91 93
91 94
91 116
92 93
92 94
92 110
92 116
93 94
93 95
94 95
94 138
95 137
95 138
96 97
96 98
96 99
96 100
96 101
97 98
97 99
97 100
97 101
97 102
97 103
98 99
98 100
99 101
99 102
99 103
100 104
100 105
100 106
100 107
101 102
101 103
101 108
102 103
102 108
102 109
103 108
103 109
103 110
104 105
104 106
104 111
105 111
105 112
105 113
106 107
106 114
106 115
107 114
107 115
108 109
108 110
108 116
109 110
109 116
110 116
111 112
112 113
112 151
113 143
113 144
113 151
114 115
117 118
117 119
117 120
117 121
118 120
118 121
119 120
119 121
119 122
119 123
120 121
120 122
120 123
122 123
122 124
122 125
122 126
123 126
123 127
124 125
124 129
124 130
125 127
125 130
126 127
128 129
128 131
128 133
128 139
128 140
129 139
129 152
129 153
130 152
131 132
131 133
131 134
132 133
132 134
132 135
133 139
133 140
133 147
134 135
136 137
136 138
137 138
139 147
139 153
140 147
141 142
142 145
143 144
144 150
144 151
145 146
148 154
149 155
150 151
152 153
154 156
155 157
156 158
