0 1
0 2
0 3
0 4
0 5
1 2
1 3
1 6
2 3
2 4
2 5
2 7
3 4
3 5
4 5
4 7
4 10
4 11
5 7
6 8
6 9
7 10
7 11
8 12
8 13
8 14
8 15
8 16
9 15
10 11
10 21
11 96
11 103
11 110
12 13
12 91
12 92
12 96
12 97
12 104
12 105
13 96
13 104
14 15
14 16
14 105
14 141
14 142
15 16
15 105
15 141
15 142
16 105
16 142
17 18
17 19
17 20
17 21
17 22
18 19
18 20
18 21
18 22
18 23
18 24
18 25
19 21
19 24
19 25
20 21
20 22
21 22
23 24
23 25
23 26
23 27
23 28
24 25
25 27
25 29
25 30
26 27
26 28
26 29
26 30
26 31
26 32
26 33
27 28
27 30
28 32
29 30
29 33
29 34
29 35
29 36
30 33
30 36
30 37
30 38
30 39
31 32
31 33
31 40
32 33
32 40
33 34
33 40
33 42
34 35
34 36
34 42
34 46
34 54
35 36
35 54
36 39
37 38
37 67
37 87
37 89
38 39
38 89
39 89
39 91
40 41
40 42
41 42
41 43
41 44
42 44
42 45
42 46
43 44
43 45
43 47
44 45
44 48
45 47
45 48
45 49
45 50
45 51
45 52
46 48
46 53
46 54
47 49
47 52
47 69
47 70
48 50
48 53
48 155
48 156
49 52
49 68
49 69
49 70
50 51
50 52
50 155
50 156
50 157
50 158
51 52
53 54
53 155
53 156
55 56
55 57
55 58
56 57
56 58
56 59
56 60
57 58
57 59
57 61
59 60
59 62
59 63
60 62
61 64
61 65
62 63
63 64
63 65
63 66
63 67
64 65
64 66
64 67
66 67
66 87
66 90
68 69
68 70
68 71
68 72
69 70
69 71
70 73
71 72
71 74
71 75
71 76
71 77
71 78
72 74
72 79
72 80
72 81
72 82
73 82
73 83
73 84
73 85
73 86
74 75
74 76
74 79
74 101
74 102
75 76
75 95
75 101
76 77
76 78
76 136
76 151
77 78
79 101
79 102
80 81
80 82
80 153
80 154
81 82
82 86
83 84
83 85
83 148
83 149
83 150
84 85
84 148
84 149
84 150
87 88
87 89
87 90
87 91
88 89
88 90
88 91
88 92
88 93
89 91
90 93
90 94
90 95
91 92
91 96
91 97
92 93
92 97
93 94
93 98
93 99
93 100
94 95
94 98
94 99
94 101
94 102
95 101
96 97
96 103
96 104
97 104
98 99
98 102
99 100
100 106
100 107
100 108
101 102
103 104
103 109
103 110
103 111
103 112
104 109
104 113
105 141
105 142
105 143
106 107
106 108
106 127
106 128
106 130
106 132
107 108
107 163
108 128
109 110
109 111
109 112
109 113
110 111
110 114
111 114
112 114
112 115
113 116
115 117
115 118
116 119
116 120
117 118
118 163
119 120
121 122
121 123
121 124
121 125
121 126
122 123
122 124
122 127
123 124
123 125
123 127
123 130
124 125
124 127
124 130
124 131
124 132
124 133
125 126
125 131
125 134
125 135
126 135
126 136
126 137
127 128
127 129
127 130
128 129
128 138
128 139
129 138
129 139
129 140
130 132
131 132
131 133
132 133
133 134
133 135
134 135
136 137
136 151
136 152
137 151
137 152
138 139
138 140
138 154
138 159
139 140
139 154
139 162
140 154
140 159
141 142
141 143
141 144
141 145
142 144
142 145
143 144
143 145
143 146
143 147
144 145
144 146
144 147
144 148
145 146
145 147
145 148
146 147
146 148
146 149
146 150
147 148
147 149
147 150
148 149
148 150
149 150
151 152
152 162
153 154
153 159
153 160
154 159
154 160
155 156
155 157
157 158
159 160
160 161
161 164
