0 1
0 2
0 3
0 4
1 2
1 3
1 5
1 6
1 7
1 8
1 9
2 4
2 6
2 10
2 11
3 5
3 9
3 12
3 13
4 10
4 17
5 9
5 12
5 14
5 15
6 7
6 11
7 8
8 9
8 16
9 12
9 14
10 11
10 17
10 18
10 19
11 18
12 13
12 14
12 15
12 20
13 14
13 21
13 22
13 23
13 24
14 15
14 20
14 21
14 86
14 125
15 126
15 127
15 128
16 136
16 141
17 19
18 19
18 146
18 148
19 148
19 149
20 21
20 125
20 128
20 132
21 22
21 78
21 83
21 86
21 125
22 23
22 24
22 61
22 83
22 132
23 24
23 50
24 50
24 55
24 61
24 132
25 26
25 27
25 28
25 29
25 30
25 31
25 32
25 33
25 34
26 27
26 28
26 29
26 30
27 29
27 30
27 34
27 35
28 29
28 30
28 31
28 36
29 30
29 31
30 36
31 36
31 37
31 38
31 39
32 33
32 34
32 40
32 41
32 42
32 43
33 34
33 41
33 42
34 35
34 42
36 37
37 39
37 72
38 39
38 71
38 73
38 104
39 71
39 72
39 73
39 105
40 41
40 43
40 102
40 122
40 123
40 141
40 142
40 143
41 42
41 43
41 142
43 102
43 104
43 143
44 45
44 46
44 47
44 48
45 46
45 47
45 49
45 50
46 47
46 48
46 49
46 50
46 51
47 48
48 51
48 56
49 50
49 51
49 52
49 53
49 54
50 55
51 53
51 56
51 57
52 53
52 54
52 55
53 54
53 57
53 58
53 59
53 60
54 58
55 61
56 66
56 71
56 72
56 103
57 59
57 64
57 65
57 66
58 59
58 60
58 62
58 63
59 60
59 63
59 64
59 65
60 63
60 65
61 83
61 84
61 132
62 63
62 67
63 65
63 68
64 65
64 66
64 68
64 69
64 70
65 68
66 70
66 71
66 72
66 73
67 75
67 76
67 77
68 69
68 93
69 70
69 93
69 94
69 98
69 99
70 99
71 72
71 73
71 103
71 104
72 73
72 103
72 105
73 102
73 104
74 75
74 76
74 77
74 78
74 79
74 80
75 76
75 77
75 81
76 78
76 83
76 84
77 81
77 85
78 79
78 83
78 84
78 86
79 80
79 87
79 88
79 89
80 81
80 82
80 88
80 89
81 82
82 89
82 90
82 91
82 92
83 84
85 90
85 93
85 94
85 95
85 96
85 97
86 125
86 129
87 88
87 129
87 133
87 134
88 89
89 92
89 118
89 147
90 91
90 96
90 137
91 92
91 137
91 139
92 147
93 94
93 98
94 96
94 97
94 98
95 96
95 98
95 100
96 97
96 137
98 99
98 100
98 101
99 101
99 102
100 101
100 113
100 122
101 122
101 143
102 104
102 143
103 105
103 144
103 145
105 144
105 145
105 146
106 107
106 108
107 108
107 109
107 110
107 111
108 112
108 113
108 114
108 115
109 110
109 111
109 116
109 117
109 118
109 119
110 111
110 117
111 116
111 117
111 118
111 119
112 113
112 120
112 121
113 114
113 115
113 120
113 122
114 115
115 122
115 123
115 124
116 117
116 118
116 119
116 147
118 119
118 147
119 147
120 121
120 138
120 139
120 140
121 138
122 123
122 143
123 124
123 130
123 133
123 135
123 141
123 142
124 130
124 133
124 135
125 126
125 128
125 129
126 127
126 128
126 129
127 129
127 130
127 131
129 130
129 133
129 134
130 131
130 133
130 134
130 135
131 135
131 136
133 134
135 136
135 141
136 141
137 138
137 139
137 140
138 139
138 140
139 140
141 142
144 145
144 146
145 146
146 148
146 149
148 149
