0 1
0 2
0 3
2 3
2 4
2 5
2 6
2 7
3 5
3 8
4 5
4 6
4 7
4 120
4 124
4 128
4 129
4 130
5 8
5 117
5 124
5 131
6 7
8 117
8 118
9 10
9 11
9 12
9 13
10 14
11 12
11 13
11 16
12 13
12 16
12 17
12 18
13 19
13 20
14 15
15 17
15 21
15 22
16 18
16 20
16 82
17 21
17 22
17 23
18 20
18 51
18 82
18 83
19 70
19 75
19 76
19 78
19 79
19 137
20 69
21 22
21 23
22 23
23 128
23 131
24 25
24 26
25 27
25 28
26 30
26 33
27 29
27 30
27 31
28 32
29 30
29 31
29 34
29 35
30 34
30 36
31 35
31 37
31 38
33 36
33 140
34 36
34 107
34 108
34 111
35 37
35 38
36 111
36 116
37 38
39 40
39 41
39 42
39 43
39 44
40 41
40 45
41 43
42 43
42 51
42 52
44 53
44 54
45 46
45 47
45 48
45 49
45 50
46 47
46 48
46 49
46 55
46 56
47 48
47 50
47 57
47 58
48 49
48 50
48 55
48 56
49 50
49 55
49 56
51 81
51 82
51 83
52 83
52 84
53 80
53 93
54 90
54 93
55 56
55 86
55 88
56 85
56 88
57 58
59 60
59 61
59 62
59 63
59 64
59 65
59 66
60 61
60 62
60 63
60 67
60 68
60 69
61 62
61 63
61 68
62 65
63 65
63 68
63 69
63 70
63 71
63 72
63 73
64 65
64 66
64 70
64 75
64 76
65 66
65 70
65 72
65 77
66 70
66 76
67 68
67 69
67 74
68 69
68 74
69 74
70 75
70 76
71 72
71 73
71 77
71 80
72 73
72 77
72 80
73 74
73 77
75 76
75 78
75 79
76 78
77 80
78 79
78 94
78 137
78 138
79 137
79 138
80 93
80 99
80 100
80 101
81 82
81 83
81 84
81 142
82 83
83 84
85 86
85 87
85 88
85 89
85 90
86 87
86 88
86 89
87 89
87 91
87 92
88 89
89 92
90 93
90 94
90 95
91 92
91 96
91 97
91 98
92 97
92 98
93 100
94 95
95 142
95 143
95 144
95 145
96 104
97 98
99 101
99 102
100 101
100 103
101 102
101 104
101 105
101 106
102 105
102 106
103 104
103 105
104 105
105 106
107 108
107 109
107 110
108 111
108 112
109 110
111 112
111 113
112 113
112 114
112 115
113 114
113 116
113 117
113 118
114 115
114 131
114 139
115 138
115 139
115 142
115 143
115 144
116 118
116 140
117 118
119 120
119 121
119 122
119 123
120 121
120 122
120 124
120 125
120 126
121 122
121 127
122 123
122 127
123 125
124 131
125 126
125 132
125 133
125 134
126 130
126 135
127 136
128 129
128 131
129 130
132 133
132 134
132 146
133 134
133 146
133 147
133 149
134 146
134 147
135 161
136 141
137 138
138 139
140 141
142 143
142 144
143 144
143 145
144 145
146 147
146 148
146 149
147 148
147 149
147 150
148 149
148 150
148 151
148 152
148 153
148 154
149 150
149 151
149 153
150 151
150 155
151 153
152 153
152 155
152 156
153 155
154 155
154 156
154 157
154 158
154 159
154 160
155 156
155 157
156 157
157 158
157 160
158 159
158 160
159 160
159 161
