0 1
0 2
0 3
0 4
0 5
0 6
1 2
1 3
1 7
1 8
2 3
2 5
2 6
2 7
2 8
3 4
3 7
3 8
3 9
3 10
4 9
4 11
4 12
5 6
5 13
5 14
5 15
6 13
6 16
6 17
7 8
7 9
9 10
9 11
9 18
10 18
10 19
10 20
11 18
11 22
11 30
12 30
12 41
12 43
12 46
13 14
13 16
13 115
13 130
14 16
14 47
14 53
15 47
15 48
15 54
15 58
16 17
16 130
17 132
18 19
18 22
18 28
19 28
19 29
19 40
19 42
20 42
20 61
20 63
21 22
21 23
21 24
21 25
22 26
23 24
23 31
23 32
24 25
24 33
24 34
24 35
24 36
24 37
25 26
25 27
25 34
25 35
25 36
26 27
26 28
26 29
27 38
27 39
28 29
29 39
29 40
30 31
30 41
31 44
31 52
32 33
32 52
32 73
32 74
33 37
34 35
34 36
34 78
35 38
35 79
36 78
36 80
36 81
36 82
37 83
38 79
40 42
40 60
41 43
41 44
41 45
42 60
42 61
43 45
43 46
44 49
44 50
45 51
46 47
46 48
47 53
47 54
48 54
48 55
48 56
48 57
48 58
48 59
49 89
49 90
49 96
50 96
50 105
50 124
51 122
52 74
53 54
53 131
54 58
54 59
54 131
55 56
55 155
55 156
55 157
56 57
56 58
56 156
56 157
57 58
57 59
57 157
58 59
60 61
60 62
61 62
61 63
61 64
61 65
62 65
62 66
63 64
64 65
64 67
65 66
65 68
66 68
66 69
66 70
68 69
68 71
68 72
69 70
69 72
69 148
70 72
70 147
70 148
71 72
71 141
71 142
71 143
71 144
71 145
72 142
72 143
72 146
72 147
73 74
74 75
74 76
74 77
75 90
75 102
75 120
75 121
76 77
76 120
76 121
76 127
76 128
77 110
77 119
77 122
78 82
78 83
79 84
79 85
79 86
80 81
80 82
80 92
80 95
81 82
81 91
81 92
81 95
81 104
84 85
84 86
84 133
85 133
85 134
85 135
85 136
85 137
86 134
87 88
87 89
87 90
87 91
88 89
88 92
88 93
89 90
89 93
89 96
89 97
90 102
91 92
91 103
91 104
92 94
92 95
93 98
93 99
93 100
93 101
94 95
94 99
96 105
97 106
98 100
98 101
98 107
99 101
99 107
100 101
100 107
101 107
102 119
102 120
103 104
103 129
105 106
105 124
105 125
105 126
106 126
108 109
108 110
109 111
109 112
109 113
111 112
111 113
111 114
112 113
112 114
112 115
112 116
113 114
113 116
114 115
114 116
115 116
115 117
115 118
116 117
116 118
117 118
117 130
118 130
119 122
120 121
121 123
123 127
123 129
124 149
125 126
125 142
125 143
125 150
126 150
127 128
132 140
133 134
133 135
134 136
135 136
135 137
135 138
136 137
136 138
136 139
137 138
137 139
137 140
138 139
139 140
141 142
141 143
141 149
142 143
142 146
142 150
143 145
143 146
143 151
144 145
144 152
144 153
144 154
145 151
145 152
146 147
146 150
146 151
147 148
152 153
152 154
152 155
152 156
153 154
153 155
153 156
153 157
155 156
155 157
156 157
