0 1
0 2
0 3
0 4
1 2
1 5
1 6
2 3
2 7
2 8
3 7
3 12
3 13
4 13
4 14
5 9
6 10
6 11
7 8
7 12
7 15
7 16
8 17
9 18
10 19
10 20
11 21
12 15
12 57
12 58
12 59
13 58
13 62
13 63
14 42
15 57
15 60
15 61
16 17
16 60
16 66
16 67
17 67
18 22
19 159
19 162
20 75
20 78
21 143
22 41
23 24
23 25
23 26
24 25
24 27
24 28
25 26
25 29
25 30
25 31
26 32
26 33
26 34
27 28
27 31
29 30
29 35
30 32
32 33
32 36
33 34
33 36
33 37
33 38
33 39
34 38
34 39
34 40
35 116
35 117
35 118
35 172
35 174
36 37
37 38
37 95
38 39
38 40
39 40
40 208
40 209
41 42
42 43
43 171
44 45
44 46
44 47
45 46
45 47
45 48
45 49
46 47
47 48
48 50
48 51
48 52
48 53
48 54
49 55
49 56
50 51
50 52
50 53
50 175
50 177
51 52
51 54
51 175
51 177
51 178
52 53
52 54
52 83
52 87
52 177
53 54
53 87
53 177
54 87
55 112
55 119
55 120
55 121
56 126
57 59
57 61
58 62
58 63
58 64
58 65
59 64
59 65
60 66
60 138
60 139
60 140
61 140
62 63
62 64
62 68
62 69
63 70
64 65
65 69
66 67
66 125
66 138
67 125
67 142
67 143
68 70
68 71
68 72
68 73
68 75
69 161
70 71
70 72
71 72
71 73
72 74
73 75
74 76
74 77
75 78
76 77
76 168
76 169
79 80
79 81
79 82
80 81
80 83
80 84
81 82
81 85
81 86
82 89
82 90
82 91
82 92
83 87
83 88
84 85
84 88
85 97
86 98
87 88
88 106
89 90
89 91
89 92
89 93
89 94
90 91
90 95
91 92
91 93
91 96
92 94
93 96
93 183
93 184
94 186
96 184
96 187
97 111
97 193
97 195
97 198
98 153
98 157
98 206
99 100
99 101
99 102
99 103
100 101
100 102
100 104
100 105
102 103
102 104
102 106
104 105
104 107
104 108
104 109
104 110
105 110
106 108
106 111
107 109
107 191
107 196
108 111
108 191
109 196
109 208
109 209
111 191
111 193
112 113
112 114
112 115
113 114
113 115
113 116
114 115
116 117
116 118
117 118
117 172
118 174
119 120
119 121
119 122
119 123
119 124
120 122
120 125
120 126
121 123
121 124
121 125
122 123
122 125
122 138
122 141
123 124
123 144
125 126
126 142
127 128
127 129
128 129
128 130
128 131
129 130
129 132
129 133
130 131
130 134
130 135
131 134
131 136
132 133
132 137
134 135
134 136
134 182
134 188
134 189
135 188
135 189
136 179
136 182
137 146
137 147
138 139
138 141
139 140
139 141
141 144
143 145
145 162
145 163
145 166
146 147
146 148
146 149
146 150
146 151
147 151
147 152
148 150
148 153
148 154
149 150
149 151
149 155
149 156
150 153
150 156
150 157
151 152
151 158
152 158
153 157
154 201
154 202
155 156
155 203
155 204
155 205
156 157
156 204
157 206
158 207
159 160
159 161
160 161
160 162
160 163
160 164
162 163
163 164
163 165
163 166
164 165
164 176
165 173
165 175
165 176
165 178
166 178
167 168
167 169
167 170
168 169
169 170
169 171
170 171
172 173
172 174
173 174
173 175
173 176
174 175
174 176
174 177
175 176
175 177
175 178
179 180
179 181
179 182
180 181
180 183
180 184
181 182
181 183
181 185
181 186
182 185
182 188
183 184
183 186
184 187
185 186
185 188
187 190
187 192
188 189
190 191
190 192
190 193
190 194
191 192
191 193
193 194
193 195
194 195
194 197
195 197
195 198
195 199
196 209
197 199
197 200
198 199
198 206
199 200
199 204
200 204
200 205
201 202
201 210
202 210
203 207
204 205
208 209
