0 1
0 2
0 3
0 4
0 5
1 2
1 6
3 4
3 5
3 9
3 10
4 5
4 9
4 10
4 11
5 9
6 7
6 8
7 8
7 12
8 12
9 10
9 148
10 11
10 143
11 141
11 145
11 148
12 64
13 14
13 15
13 16
13 17
13 18
14 19
14 20
14 21
15 17
15 28
16 17
16 22
16 29
16 30
16 31
17 28
17 29
17 30
17 32
17 33
18 19
18 30
19 21
19 22
19 23
19 24
19 25
20 26
20 27
22 23
22 25
22 37
22 38
23 24
23 25
23 34
23 37
23 38
23 59
24 37
24 124
25 37
26 27
26 109
26 114
28 32
29 30
29 31
29 34
29 35
29 36
30 34
31 39
31 40
31 41
31 42
32 33
34 35
34 54
35 36
35 54
35 56
36 39
36 56
36 60
37 38
37 59
37 136
38 59
38 136
38 138
38 140
39 40
39 66
40 41
40 42
40 66
40 69
40 71
41 42
41 66
41 71
41 75
42 71
43 44
43 45
43 46
43 47
44 45
44 48
45 48
46 47
46 49
48 49
48 50
49 50
49 51
50 51
50 52
50 53
51 52
51 53
52 72
52 73
53 94
54 55
55 57
55 58
56 60
56 61
56 62
57 58
57 63
59 136
59 138
59 140
60 62
60 65
60 67
61 62
61 72
62 72
62 73
62 74
63 125
64 65
65 67
66 68
66 69
66 70
67 68
69 70
69 71
69 76
70 77
70 78
71 76
71 115
71 116
72 73
72 74
72 91
72 92
74 91
74 92
75 146
76 115
77 78
77 146
79 80
79 81
79 82
79 83
79 84
80 85
81 82
81 83
81 84
81 87
81 88
81 89
82 83
82 84
82 85
82 89
83 84
85 86
86 90
87 88
87 89
87 97
87 100
87 102
87 105
87 106
88 89
88 105
88 106
89 105
90 120
91 92
91 93
91 94
92 93
92 95
93 94
93 125
95 147
96 97
96 98
96 99
97 98
97 100
97 101
98 99
98 100
98 101
98 103
98 104
99 103
100 102
101 104
101 107
101 108
102 106
103 104
103 109
103 110
104 107
104 108
104 110
104 111
105 106
107 108
107 111
108 111
108 112
108 113
109 114
110 115
111 112
111 113
111 145
112 113
112 141
112 145
112 148
113 141
114 115
114 116
115 116
117 118
117 119
117 120
118 119
118 121
119 120
121 122
122 123
123 132
123 137
124 135
126 127
126 128
126 129
126 130
126 131
126 132
127 128
127 133
127 134
128 129
128 132
130 131
130 132
130 136
131 132
131 136
132 133
132 134
132 137
133 134
133 135
135 137
136 138
136 139
138 140
138 141
138 142
139 140
139 142
139 143
139 144
140 142
140 143
140 144
141 145
141 148
142 143
142 144
143 144
144 149
144 150
145 148
147 149
147 150
147 153
149 150
149 151
149 152
149 153
150 152
150 153
150 154
151 152
151 155
151 156
153 154
154 155
155 156
