0 1
0 2
0 3
0 4
0 5
1 2
1 6
1 7
1 8
2 4
2 5
2 7
2 8
3 4
3 5
3 15
3 16
3 17
4 5
4 15
4 17
4 18
4 19
5 7
5 17
6 7
6 8
6 9
6 10
6 11
6 12
6 13
7 8
7 13
8 12
8 14
9 10
9 20
9 21
9 22
9 23
9 24
10 13
10 21
10 22
10 23
10 24
10 25
11 12
11 14
11 25
11 26
11 27
12 14
12 25
13 23
13 24
13 28
13 29
13 30
14 25
14 27
15 16
15 17
15 18
15 130
15 139
15 140
16 17
16 134
16 139
16 140
17 139
17 140
18 19
18 131
18 132
18 136
18 144
18 146
19 28
19 29
19 30
19 144
19 146
20 22
20 25
20 31
20 33
20 35
21 22
21 23
21 33
22 33
23 24
23 30
24 29
25 26
25 27
25 35
26 27
26 35
26 78
26 80
27 35
27 80
28 29
28 30
28 144
28 146
29 30
29 146
31 32
31 33
31 34
32 33
34 36
35 77
35 78
35 80
36 111
36 112
36 148
37 38
37 39
37 40
37 41
37 42
37 43
38 39
38 40
38 41
38 42
38 44
39 42
39 43
39 45
40 41
40 44
40 46
40 47
41 42
41 43
41 44
41 47
43 45
43 49
43 50
43 51
44 46
44 47
44 48
46 47
46 48
46 52
46 53
46 54
47 48
47 53
47 54
47 55
48 52
48 54
49 51
49 56
50 51
50 93
52 53
52 54
52 77
52 78
52 79
53 54
53 77
53 78
53 79
54 79
55 83
55 87
55 89
55 93
56 57
56 58
57 58
59 60
59 61
59 62
59 63
59 64
60 61
60 62
60 63
60 65
60 66
60 67
61 62
61 64
61 66
62 63
62 64
62 65
62 66
63 64
63 68
63 69
63 70
64 68
65 66
65 71
65 72
65 73
66 71
66 72
67 68
67 69
67 70
67 71
67 74
67 75
67 76
68 69
68 70
69 70
69 75
70 75
71 72
71 73
71 126
72 73
72 120
72 121
72 126
73 120
73 121
73 126
74 75
74 76
74 98
74 99
75 76
77 78
77 79
77 80
78 79
78 80
79 80
81 82
81 83
81 84
81 85
81 86
81 87
82 83
82 84
82 85
82 86
82 88
83 84
83 86
83 87
83 89
84 86
84 87
84 89
85 86
85 88
85 90
85 91
86 88
86 90
86 91
87 89
88 90
88 91
88 92
89 93
90 91
90 92
90 94
91 92
91 95
91 96
92 94
92 95
92 108
94 95
94 108
94 109
95 104
95 105
95 108
95 109
96 111
96 112
96 113
96 114
96 115
96 116
97 98
97 99
97 100
97 101
97 102
97 103
98 99
98 100
99 100
99 103
101 102
101 103
101 104
101 105
101 106
102 103
102 104
102 106
103 106
103 107
104 105
104 106
104 108
104 109
104 123
105 106
105 108
105 109
106 109
107 117
107 118
107 119
107 120
107 121
107 122
108 109
108 110
110 114
110 115
110 116
110 118
110 123
110 124
110 125
111 112
111 113
111 147
111 148
111 149
112 113
112 114
112 147
112 149
113 114
113 116
114 115
114 116
115 116
115 124
115 125
116 124
117 118
117 119
117 120
117 123
118 119
118 122
118 123
118 124
118 125
119 122
119 123
119 124
119 125
120 121
120 122
120 126
121 122
121 126
122 126
123 124
123 125
124 125
127 128
127 129
127 130
127 131
127 132
128 129
128 130
128 131
128 133
128 134
129 130
129 133
129 134
129 135
130 131
130 132
130 134
130 136
131 132
131 134
131 136
132 136
132 144
133 135
133 137
133 138
134 139
134 140
134 141
134 142
134 143
135 137
135 138
135 145
136 144
136 146
137 138
137 141
137 142
137 143
137 150
137 151
138 141
138 145
138 150
138 151
139 140
139 142
139 143
140 143
141 142
141 143
141 150
141 151
142 143
142 150
144 146
145 152
145 155
147 148
147 149
148 149
150 151
151 152
151 153
151 154
151 155
152 153
152 154
152 155
152 156
153 154
153 155
153 156
154 155
154 156
