0 1
0 2
0 3
0 4
1 2
1 3
1 5
1 6
1 7
2 3
2 4
2 6
2 7
3 4
3 7
4 10
4 11
4 12
4 13
5 6
5 7
5 8
5 9
6 7
6 9
7 9
8 9
8 136
8 137
9 136
9 137
10 14
10 15
10 16
10 17
11 12
11 13
11 18
12 18
12 19
14 15
14 17
14 34
14 35
15 16
15 36
15 37
16 40
16 41
16 42
17 19
17 34
18 19
19 34
20 21
20 22
20 23
20 24
20 25
20 26
20 27
21 22
21 23
21 24
22 23
22 25
22 26
23 25
23 26
24 28
25 26
25 27
25 29
25 30
26 27
26 30
27 29
27 30
27 31
28 32
28 33
29 30
29 31
29 44
29 116
30 31
30 116
31 44
31 116
32 33
32 46
32 131
32 132
32 133
32 134
32 135
33 134
33 135
34 43
35 38
35 39
35 44
35 45
36 37
36 38
36 39
37 39
38 39
38 45
40 42
40 46
40 47
40 48
41 42
41 47
42 48
43 91
43 94
43 117
44 45
44 116
46 47
46 48
46 131
46 132
47 48
47 131
48 131
48 132
49 50
49 51
49 52
49 53
50 51
50 52
50 53
50 54
50 55
50 56
50 57
51 53
51 55
52 54
53 55
53 57
54 58
55 56
55 57
55 59
55 60
56 57
56 59
57 59
57 60
58 61
58 62
59 60
59 63
59 64
60 63
60 64
61 62
61 99
61 100
62 99
62 100
62 101
62 102
62 103
63 77
63 138
64 77
64 138
65 66
65 67
65 68
65 69
66 67
66 70
67 70
67 71
68 73
68 74
68 75
69 75
69 76
69 77
70 71
70 72
71 72
71 78
72 78
72 79
73 75
73 108
73 114
74 108
74 114
75 76
75 115
76 77
76 123
76 124
78 79
79 128
79 129
80 81
80 82
80 83
80 84
80 85
80 86
81 82
81 83
81 87
81 88
82 83
82 87
82 88
82 89
83 85
83 87
84 85
84 86
84 92
85 86
85 92
86 92
86 93
87 88
87 89
87 90
87 91
88 89
88 91
89 90
89 91
89 94
90 91
90 94
90 117
91 94
91 117
92 93
92 95
92 96
93 95
93 96
93 97
93 98
94 117
95 96
95 97
95 98
95 118
96 118
97 98
97 118
97 127
98 118
98 127
98 129
99 100
99 101
100 101
100 103
101 102
101 103
101 104
102 103
102 104
102 105
102 106
103 104
103 105
104 105
104 106
105 106
105 120
105 121
106 120
106 121
107 108
107 109
107 110
107 111
107 112
108 109
108 113
108 114
109 110
109 111
109 113
109 114
110 111
110 112
111 112
111 113
112 113
115 119
115 120
115 121
115 122
118 127
119 122
119 123
119 124
119 130
120 121
122 130
123 124
124 130
125 126
125 127
125 128
125 129
126 127
126 128
126 129
127 129
128 129
131 132
131 133
132 134
133 134
133 135
134 135
136 137
136 139
136 141
136 142
137 142
139 140
139 141
140 141
141 142
