0 1
0 2
0 3
0 4
0 5
1 2
1 3
1 4
1 6
2 3
2 6
2 7
3 4
3 5
3 7
4 5
4 9
4 10
5 9
5 11
6 7
6 8
8 12
8 13
9 10
9 11
9 14
9 15
10 11
10 14
10 15
11 14
11 15
12 128
13 130
13 132
14 15
14 187
14 188
14 189
15 187
15 188
15 189
16 17
16 18
17 19
17 20
17 21
18 24
18 25
19 20
19 21
20 21
20 22
20 23
21 23
22 26
22 27
23 26
24 25
24 98
24 103
25 41
25 42
25 85
25 103
27 28
29 30
29 31
29 32
29 33
29 34
29 35
29 36
30 31
30 32
30 33
30 37
31 33
31 38
32 34
32 35
33 36
33 39
33 40
34 35
34 44
34 45
34 46
35 45
35 46
36 40
36 47
36 48
37 41
37 42
37 43
38 51
38 52
38 53
39 40
39 54
39 55
40 55
40 56
41 42
41 71
41 85
41 86
41 123
41 126
42 43
42 85
42 127
43 86
43 127
43 173
44 45
44 46
44 49
45 46
45 49
46 49
46 50
47 48
47 57
47 58
48 57
48 58
49 50
49 168
50 162
50 168
50 169
50 170
50 184
51 52
51 53
51 181
52 53
52 181
53 181
54 55
54 179
55 179
56 140
56 142
57 58
57 183
57 185
58 182
58 185
59 60
59 61
59 62
59 63
59 64
59 65
60 61
60 66
60 67
60 68
61 63
61 66
61 67
62 63
62 64
63 64
63 65
63 73
63 74
63 75
63 76
64 65
64 76
65 76
66 67
66 68
66 69
66 70
67 68
68 69
68 71
68 72
69 71
69 72
69 77
69 78
69 79
70 80
70 81
70 82
70 83
70 84
71 72
71 78
71 79
71 85
71 86
72 78
73 74
73 76
74 75
74 76
75 82
75 84
75 93
77 78
77 90
77 96
77 99
78 79
79 85
79 127
80 81
80 82
80 83
80 87
81 82
81 83
81 87
81 88
81 89
82 83
82 93
83 88
84 93
85 86
85 103
85 127
86 172
87 88
87 89
87 90
87 91
87 92
88 89
88 90
88 91
88 94
88 95
89 91
89 94
90 94
90 95
90 96
91 92
91 97
91 98
92 94
92 98
94 95
96 99
96 100
96 101
97 98
97 102
98 103
99 116
99 121
100 101
100 121
100 122
101 186
102 125
102 158
102 163
102 166
103 123
103 124
103 125
104 105
104 106
104 107
104 108
104 109
104 110
104 111
105 106
105 107
105 112
105 113
105 114
105 115
105 116
106 107
106 108
106 109
106 112
106 117
106 118
106 119
107 111
107 120
108 112
108 114
108 117
108 118
109 110
109 111
109 119
110 111
112 113
112 114
112 117
112 118
113 114
113 115
113 116
114 115
115 116
116 121
117 118
117 119
120 122
123 124
123 164
123 171
124 125
124 159
124 164
125 158
126 171
126 172
126 173
126 174
126 175
128 129
129 130
129 131
130 131
132 180
133 134
133 135
133 136
134 135
134 137
135 136
137 138
138 186
139 140
139 141
139 142
139 143
139 144
139 145
140 141
140 142
141 142
141 144
142 144
142 145
143 144
143 145
143 146
143 147
144 145
144 146
144 147
144 148
145 147
146 147
146 148
146 161
146 165
148 165
148 176
149 150
149 151
149 152
149 153
150 154
150 155
150 156
151 152
151 158
151 159
151 160
152 153
152 161
153 162
154 155
154 156
154 157
155 156
157 187
158 160
158 163
159 161
159 164
159 165
160 163
160 166
160 167
161 165
162 168
162 169
162 170
163 166
163 167
164 165
164 171
164 176
165 176
166 167
168 169
169 170
169 184
171 177
172 173
172 174
172 178
173 178
173 179
174 175
174 180
175 177
176 177
178 179
178 180
181 182
182 183
183 185
187 188
188 189
