0 1
0 2
0 3
0 4
0 5
0 6
0 7
0 8
1 2
1 3
1 4
1 9
1 10
1 11
2 3
2 7
2 11
2 12
4 6
4 7
4 9
4 13
4 14
5 6
5 8
5 20
5 21
6 7
6 8
6 14
6 20
6 21
6 22
6 23
6 24
7 8
7 22
7 25
7 26
7 27
7 28
8 21
8 22
8 23
8 25
9 10
9 13
9 15
10 11
10 15
10 16
10 17
10 18
10 19
11 18
11 19
12 29
12 30
13 14
13 31
14 32
14 33
15 16
15 31
15 32
15 96
16 65
16 66
16 85
16 86
17 18
17 85
17 92
17 93
17 94
17 95
18 19
18 66
18 85
19 93
20 21
20 23
20 24
20 34
20 35
20 36
20 37
21 23
21 36
22 25
22 26
22 27
23 24
23 25
23 38
23 39
24 36
24 37
24 38
24 39
25 26
26 27
26 28
26 30
26 40
27 28
27 30
27 40
28 30
28 40
28 41
28 42
29 30
29 42
29 77
30 40
30 41
30 42
30 77
31 32
31 80
31 96
32 33
32 81
32 83
32 147
33 83
33 115
33 116
33 147
33 148
34 35
34 36
34 37
34 50
34 55
34 57
35 37
35 50
35 55
35 57
36 37
36 38
36 39
36 68
37 55
38 39
38 71
40 41
40 42
40 77
41 42
41 77
42 77
43 44
43 45
43 46
43 47
43 48
43 49
44 45
44 46
44 50
44 51
44 52
44 53
45 46
45 49
45 51
45 53
46 47
46 49
46 51
46 53
46 60
47 48
47 49
47 62
47 63
47 64
48 49
48 62
48 63
49 62
49 65
50 54
50 55
50 56
50 57
51 52
51 53
51 58
51 59
52 53
52 58
52 59
52 61
53 58
53 59
54 55
54 56
54 57
54 66
54 67
54 68
54 69
55 57
56 57
56 66
56 67
56 68
56 69
56 70
57 68
58 59
58 61
58 71
59 61
59 71
60 72
60 73
60 74
61 71
61 75
61 76
62 63
62 65
62 78
63 64
63 65
63 79
64 79
64 80
64 81
64 82
64 83
64 84
65 79
65 85
65 86
66 67
66 70
66 85
67 69
67 70
68 69
68 70
69 70
71 75
71 76
72 73
72 74
72 147
72 148
73 74
73 76
73 146
74 76
75 76
75 146
76 146
78 87
78 88
78 89
78 90
78 91
79 82
79 84
79 86
79 133
79 135
80 81
80 82
80 96
80 133
81 83
82 84
82 86
82 133
82 134
82 135
83 147
84 133
84 135
86 96
87 88
87 89
87 149
87 150
88 89
88 149
89 90
89 91
89 125
90 91
90 125
90 126
90 130
91 125
91 130
92 94
92 95
92 97
92 98
92 99
93 94
93 100
93 101
93 102
94 95
95 99
95 103
97 98
97 99
97 137
97 138
97 139
98 137
98 138
99 103
99 139
100 101
100 102
100 113
100 117
100 118
101 102
101 113
101 117
101 118
102 118
103 139
103 143
103 144
104 105
104 106
104 107
104 108
104 109
104 110
104 111
105 106
105 107
105 108
105 109
105 112
106 107
106 108
106 110
106 111
106 113
106 114
107 108
107 109
107 112
107 115
108 110
108 111
109 112
109 115
109 116
110 111
110 113
110 114
111 113
111 114
112 115
112 116
113 114
113 117
113 118
114 117
114 118
115 116
115 119
115 120
116 119
116 120
116 148
117 118
119 120
119 148
120 148
121 122
121 123
121 124
121 125
121 126
121 127
122 123
122 124
122 125
122 126
123 124
123 126
123 127
123 128
124 126
124 127
124 128
124 129
125 126
125 130
127 128
127 129
127 131
127 132
128 129
128 131
128 132
129 131
129 132
130 151
131 132
133 134
133 135
133 136
134 135
134 136
134 141
134 142
134 145
135 136
135 142
135 145
136 141
136 142
136 145
137 138
137 140
137 141
137 142
138 140
138 141
139 143
139 144
140 141
141 142
141 145
142 145
143 144
143 149
143 150
144 150
147 148
149 150
