0 1
0 2
0 3
0 4
1 2
1 3
1 5
1 6
1 7
2 3
2 4
2 5
2 6
3 5
4 11
5 6
5 7
6 7
6 8
7 8
7 9
7 10
8 9
8 13
8 14
9 10
9 14
10 14
10 15
11 12
12 73
13 66
13 68
13 71
14 15
14 68
14 70
14 72
15 72
15 149
15 150
16 17
16 18
16 19
16 20
16 21
16 22
16 23
17 18
17 19
17 24
17 25
18 19
18 20
18 24
18 25
19 22
19 25
20 21
20 22
20 23
20 29
21 22
21 23
21 30
22 23
22 30
23 29
23 30
23 31
23 32
24 25
24 26
24 27
24 28
26 27
26 28
26 144
26 145
27 73
27 144
27 145
29 30
29 33
29 34
30 33
30 35
31 32
31 36
31 37
32 38
32 39
33 34
33 35
33 139
33 158
34 35
34 159
35 129
35 130
35 158
35 159
35 160
36 37
36 75
36 76
36 80
36 84
36 85
37 84
37 85
38 39
38 69
39 103
40 41
40 42
40 43
41 42
41 43
41 44
42 45
43 44
43 46
45 47
45 48
46 49
47 48
47 114
47 115
47 122
47 123
47 164
48 123
48 170
49 131
49 132
49 133
50 51
50 52
50 53
51 52
52 54
53 55
53 56
53 57
54 58
54 59
54 60
54 61
55 56
55 62
55 63
55 64
56 57
56 62
56 65
58 59
58 60
58 120
58 126
59 61
59 120
59 126
59 165
60 61
61 165
61 178
62 63
62 65
62 66
63 64
63 65
63 151
63 154
64 121
64 129
64 154
65 71
65 78
65 79
66 67
66 68
67 69
68 70
69 70
70 72
71 79
73 102
73 104
73 105
74 75
74 76
74 77
74 78
74 79
75 76
75 77
75 80
75 81
76 77
76 79
76 80
76 81
76 82
77 80
77 83
78 79
78 83
78 89
80 84
81 82
81 86
81 87
81 88
82 83
82 87
82 90
83 89
83 90
84 85
86 87
86 88
86 95
86 103
87 90
87 106
88 103
89 90
89 151
89 152
89 153
91 92
91 93
91 94
91 95
92 93
92 96
92 97
93 95
93 96
93 97
93 98
94 102
95 103
96 97
96 99
96 100
96 101
98 101
98 106
99 100
99 140
99 141
99 146
100 140
100 141
100 142
101 106
101 146
101 168
102 104
102 105
104 105
104 142
104 143
106 155
106 168
107 108
107 109
107 110
107 111
108 109
108 110
108 112
108 113
109 110
109 113
109 117
110 117
111 117
112 113
112 114
112 115
112 116
113 118
113 119
113 120
113 121
114 115
114 116
114 118
114 122
114 123
115 116
115 123
116 123
117 124
118 119
118 122
118 125
119 121
119 125
120 121
120 126
120 127
120 128
121 127
121 128
121 129
121 130
122 125
122 157
122 164
125 153
125 157
126 128
127 128
127 130
128 166
128 167
129 130
129 154
130 160
131 132
131 134
132 133
133 134
133 135
133 136
134 135
134 136
134 137
135 136
135 137
135 138
135 139
136 137
136 138
137 138
137 139
137 161
138 139
138 161
138 162
139 161
139 162
139 163
140 141
140 142
140 143
140 144
141 142
142 143
142 144
142 145
143 147
144 145
144 147
146 148
148 168
148 169
149 150
149 175
150 175
150 176
151 153
151 154
152 153
152 155
152 156
152 157
153 154
153 157
155 156
155 168
156 157
156 168
156 169
157 164
158 159
158 160
158 171
161 162
161 163
161 171
162 163
162 171
162 172
162 173
163 171
163 172
163 173
164 169
165 178
166 167
166 172
166 174
167 174
171 172
171 173
171 174
172 173
172 174
173 174
176 177
