0 1
0 2
0 3
0 4
1 2
1 5
1 6
1 7
2 3
2 4
2 5
2 7
2 8
3 8
3 13
4 8
4 14
5 6
5 7
6 7
6 9
6 10
7 10
7 11
7 12
8 13
9 10
9 138
9 139
9 143
10 12
10 143
11 12
11 144
11 145
11 146
12 144
12 145
14 64
15 16
15 17
15 18
15 19
15 20
15 21
15 22
15 23
16 17
16 24
16 25
16 26
16 27
16 28
17 18
17 19
17 20
17 28
17 34
17 35
17 36
18 19
18 20
18 39
19 20
19 21
19 23
19 25
19 33
19 34
19 39
21 22
21 23
22 23
22 40
22 41
22 42
22 43
24 26
24 29
24 30
24 31
24 32
25 26
25 33
25 34
26 30
26 31
26 37
26 38
27 28
27 29
28 35
29 32
30 31
30 37
30 38
30 41
30 44
30 45
31 32
31 38
31 45
32 45
33 34
33 39
33 46
33 47
33 48
33 49
34 39
35 36
35 50
35 51
36 50
36 51
37 38
37 44
37 52
37 53
37 54
38 52
38 54
39 46
40 41
40 42
40 44
40 84
40 98
40 127
41 42
41 43
41 44
41 45
42 43
43 45
44 52
44 53
44 79
44 84
46 47
46 48
46 49
47 48
47 49
47 118
47 119
47 120
48 49
48 118
48 119
48 120
49 118
50 51
50 135
50 136
50 137
52 53
52 54
52 68
52 79
52 80
52 81
52 82
52 85
52 87
53 79
53 85
53 86
53 87
53 100
54 81
54 85
54 87
55 56
55 57
55 58
55 59
55 60
55 61
55 62
55 63
56 57
56 64
56 65
56 66
56 67
57 58
57 59
57 60
57 61
57 64
57 65
58 59
58 60
58 68
58 69
58 70
58 71
59 60
59 61
59 62
59 69
59 70
60 61
60 70
61 62
61 67
62 72
62 73
63 74
63 75
63 76
63 77
63 78
64 65
66 67
68 69
68 70
68 79
68 80
68 81
68 82
69 70
69 80
69 82
70 80
71 88
71 89
71 90
71 91
71 92
71 93
72 73
72 96
72 99
72 125
74 77
74 78
74 125
74 126
74 130
74 131
75 76
75 88
75 90
75 91
76 77
77 78
79 81
79 83
79 84
79 85
79 86
80 81
80 82
81 82
81 85
81 87
83 84
83 86
83 94
83 95
83 96
83 97
84 94
84 98
85 87
85 99
86 97
86 100
86 101
88 89
88 90
88 91
88 93
89 92
89 93
89 147
89 148
90 91
91 93
92 93
92 147
92 148
92 149
93 148
94 95
94 98
94 126
94 127
95 96
95 125
95 126
96 97
96 125
98 127
99 100
99 103
99 107
99 108
99 109
100 101
100 109
100 141
101 141
101 142
102 103
102 104
102 105
102 106
103 104
103 107
103 108
104 105
104 107
105 106
105 110
106 110
106 111
107 108
107 109
108 109
109 141
110 111
110 112
111 112
111 113
112 113
112 114
113 114
113 115
114 115
114 116
114 117
115 117
116 117
118 119
118 120
118 121
119 120
119 121
119 122
119 123
120 121
120 122
120 123
120 124
121 122
121 123
121 124
122 123
122 124
122 127
122 128
122 132
122 133
124 127
124 132
124 133
125 126
125 131
126 127
126 128
126 129
126 130
126 131
127 128
127 129
127 132
128 129
128 132
128 133
128 134
129 130
129 132
129 133
130 131
132 133
133 134
134 142
135 136
135 138
135 139
136 137
136 138
136 139
137 140
138 139
139 143
144 145
144 146
144 150
145 146
145 149
145 150
146 147
146 149
146 150
147 148
147 149
147 150
148 149
148 150
149 150
