0 1
0 2
0 3
0 4
0 5
1 2
1 3
1 6
1 7
2 3
2 5
2 8
2 9
2 10
3 6
3 7
3 8
3 11
4 14
4 15
4 16
4 17
4 18
5 9
5 19
5 20
6 7
6 12
7 13
8 10
8 11
8 21
8 22
9 10
9 19
9 23
10 22
10 24
10 25
11 21
12 26
12 27
13 18
13 28
13 29
13 30
14 17
14 97
14 100
14 101
14 102
15 16
15 17
16 17
17 100
17 102
18 29
18 108
18 109
19 20
19 23
19 63
19 80
20 80
20 108
20 117
21 22
21 64
22 25
22 54
22 65
23 24
23 40
23 46
23 63
24 25
24 38
24 40
25 38
25 42
25 54
26 27
26 172
28 29
28 30
28 86
28 87
28 88
28 89
29 30
29 87
30 87
30 88
30 92
31 32
31 33
31 34
31 35
31 36
31 37
32 38
32 39
32 40
32 41
33 34
33 48
33 49
34 35
34 36
34 49
35 50
36 37
36 50
36 51
36 52
36 53
37 50
37 51
38 42
39 40
39 43
39 44
39 45
40 43
40 46
41 42
41 47
42 47
42 54
42 55
42 56
42 57
43 44
43 58
44 58
44 59
44 60
44 61
45 46
45 62
46 63
47 57
48 118
48 119
48 120
48 121
49 120
49 121
50 51
51 52
51 53
52 53
54 55
54 65
54 68
55 56
55 68
55 72
56 57
56 110
57 111
58 61
58 82
58 83
58 84
58 85
59 60
59 62
59 122
59 123
60 61
60 62
60 126
60 127
61 126
62 122
62 123
63 80
63 81
64 67
65 66
65 67
65 68
65 69
66 67
66 68
66 70
66 71
68 69
68 71
68 72
69 71
69 72
69 75
69 76
70 73
70 74
71 72
73 74
73 103
73 107
75 76
75 77
75 78
75 79
76 78
76 79
77 78
77 79
77 172
78 79
78 172
79 172
80 81
80 115
80 116
81 116
82 83
82 84
82 85
82 137
82 138
83 85
83 138
83 139
83 140
84 141
85 139
85 140
85 142
86 87
86 88
86 89
86 90
87 88
87 89
87 90
88 91
89 90
90 91
90 93
90 94
91 93
91 94
91 95
92 145
92 170
93 94
93 95
94 95
95 112
95 165
96 97
96 98
96 99
97 98
97 100
97 101
97 102
98 99
98 101
98 102
99 101
99 103
99 104
99 105
100 102
101 102
103 104
103 105
103 106
103 107
104 105
104 106
105 106
105 107
106 107
108 109
108 117
108 138
108 145
108 155
109 145
109 155
109 166
110 111
110 112
110 113
110 114
111 112
111 113
111 114
111 161
111 163
111 164
112 113
112 163
112 164
112 165
113 114
113 164
113 165
115 116
115 117
115 137
115 152
116 135
116 136
116 152
117 138
117 145
117 155
118 119
118 128
118 129
119 120
119 130
120 128
120 130
121 130
122 123
122 124
124 125
125 159
126 127
126 143
127 143
128 129
129 131
131 132
132 133
133 134
133 135
133 136
134 135
135 136
137 144
138 140
138 145
139 140
139 142
139 146
139 147
140 142
140 146
141 144
141 148
141 149
141 150
142 146
142 147
142 151
144 148
144 149
144 153
144 154
145 166
145 168
146 147
146 151
146 161
147 151
147 162
148 149
148 150
148 153
148 157
148 160
149 153
149 157
150 159
150 160
151 161
151 162
151 163
152 154
152 156
152 157
152 158
153 154
153 156
153 157
153 159
153 160
154 156
154 159
155 166
155 167
156 157
156 158
157 158
159 160
161 162
161 163
161 164
162 163
163 164
166 167
166 168
167 168
167 169
168 169
168 170
168 171
170 171
