0 1
0 2
1 2
1 3
1 4
1 5
2 3
3 4
3 5
3 6
4 5
4 6
4 7
4 8
5 6
5 9
6 7
6 8
6 9
7 8
7 9
7 72
7 128
8 9
8 72
8 128
9 72
9 130
10 11
10 12
11 12
11 13
12 14
12 15
13 16
13 17
13 18
14 15
15 19
15 20
16 18
16 85
16 86
16 87
17 18
17 91
17 92
18 91
18 93
19 20
19 44
19 45
19 46
19 47
20 45
20 47
20 48
20 53
20 54
21 22
21 23
21 24
21 25
21 26
22 23
22 24
22 25
23 24
23 25
23 26
24 25
24 27
24 28
24 29
25 26
25 29
26 30
26 31
26 32
27 28
27 29
27 36
28 29
28 36
30 31
30 32
30 33
30 34
31 33
31 34
31 35
32 33
33 34
33 35
33 117
33 118
33 126
34 35
34 125
35 125
35 127
37 38
37 39
37 40
37 41
37 42
37 43
38 39
38 40
38 44
38 45
38 46
39 40
39 43
39 44
39 46
40 42
40 43
40 44
41 42
41 43
41 50
42 43
42 51
42 52
44 45
44 46
45 46
45 47
46 47
46 48
46 49
48 53
48 54
48 55
48 56
49 57
49 58
49 59
50 51
51 52
51 88
52 74
52 88
52 89
52 90
53 54
53 55
53 75
53 76
54 76
55 75
55 77
55 78
56 59
56 76
56 81
57 59
57 81
57 107
57 108
58 81
58 107
59 81
60 61
60 62
60 63
60 64
61 65
62 63
62 64
62 67
62 68
62 69
62 70
63 64
63 70
63 71
63 72
64 68
64 70
65 66
66 73
66 74
67 68
67 69
67 97
67 100
68 73
68 101
68 105
69 70
69 71
69 100
70 71
71 128
71 129
71 130
71 131
72 128
72 130
73 74
73 90
73 105
74 88
74 89
75 78
77 78
77 79
77 80
78 79
78 80
79 80
79 99
79 102
81 106
82 83
82 84
82 85
83 84
83 85
83 86
84 85
85 86
86 87
87 93
89 90
89 108
90 105
90 108
90 109
91 92
91 93
91 94
91 95
92 94
92 96
93 94
93 95
94 95
94 97
95 98
95 99
96 97
96 100
97 98
98 99
98 101
99 101
99 102
99 103
101 103
101 105
103 104
103 105
104 105
104 110
104 111
104 112
106 107
106 108
107 108
108 109
109 110
111 112
113 114
113 115
113 116
113 117
113 118
114 115
114 116
114 119
114 120
115 116
115 117
116 117
116 118
117 118
117 123
117 124
117 125
118 123
118 124
118 126
119 120
119 121
119 122
121 122
121 125
121 127
122 125
123 124
123 126
123 137
123 138
124 126
124 138
125 127
126 137
126 138
126 139
128 130
129 132
129 133
129 134
129 135
130 131
131 136
132 134
132 136
132 141
133 134
133 135
133 142
134 135
134 142
135 142
135 143
136 137
136 139
136 140
136 141
137 138
137 139
137 140
138 139
138 140
139 140
139 141
142 143
