0 1
0 2
0 3
1 4
2 3
2 6
2 7
2 8
2 9
3 8
3 9
4 5
5 10
6 7
6 8
6 9
6 103
6 110
7 8
7 103
7 104
7 110
8 9
8 110
10 53
10 64
10 69
11 12
11 13
11 14
11 15
11 16
11 17
12 13
12 18
12 19
12 20
12 21
13 15
13 18
13 20
13 22
13 24
14 16
14 17
14 25
15 17
15 24
15 26
16 17
16 25
16 27
16 28
16 29
16 30
17 26
17 29
17 31
18 19
18 20
18 21
18 22
18 23
19 20
19 21
20 21
21 23
22 23
22 24
22 34
22 35
22 77
23 77
23 81
24 26
24 32
24 34
25 27
26 31
26 32
26 33
27 28
27 35
29 30
29 31
29 36
29 37
30 38
30 39
30 40
31 33
31 37
31 41
32 33
32 114
33 41
33 118
33 123
34 35
34 75
35 75
35 76
35 77
36 37
36 38
36 66
36 90
37 41
37 90
37 98
38 39
38 40
38 46
39 40
39 45
39 46
39 54
40 45
41 98
41 123
42 43
42 44
42 45
42 46
42 47
43 44
43 45
43 48
43 49
43 50
44 47
44 48
44 51
44 52
44 53
45 46
45 54
46 60
46 61
47 53
47 61
47 62
47 63
47 64
48 50
48 51
48 52
49 50
49 54
49 55
49 56
50 55
50 57
50 58
50 59
51 52
52 53
53 63
53 64
53 69
54 78
55 56
55 58
55 70
56 70
56 71
56 73
56 79
57 59
57 124
57 125
58 59
58 126
59 124
59 127
59 128
59 129
60 61
60 65
60 66
60 67
61 67
61 68
62 64
62 67
62 68
62 70
62 71
63 64
63 69
63 72
63 73
63 74
64 69
64 71
64 73
65 66
65 67
65 83
65 84
65 85
66 84
66 90
66 94
67 68
67 85
67 91
67 95
68 95
68 105
70 71
70 126
71 73
71 126
72 73
72 74
72 76
72 79
72 80
72 82
73 74
73 79
74 82
75 76
75 78
76 78
76 79
76 80
77 80
77 81
78 79
80 81
80 82
81 82
81 131
81 132
83 84
83 85
83 86
83 87
83 88
84 86
84 89
84 90
85 91
86 87
86 88
86 89
86 92
87 88
87 93
88 93
89 90
89 92
89 96
89 97
89 98
90 98
91 95
91 105
91 106
92 97
92 135
92 139
92 140
93 102
94 99
94 100
94 101
94 102
94 103
94 104
95 105
95 106
95 107
96 97
96 98
96 102
96 130
97 130
97 135
98 130
99 101
99 102
99 108
99 109
100 101
100 103
100 104
100 108
100 110
101 102
101 104
101 108
101 109
102 109
103 104
103 110
104 110
105 106
105 107
105 147
106 107
106 147
107 147
108 109
111 112
111 113
111 114
111 115
111 116
111 117
111 118
112 113
112 114
113 116
114 118
115 116
115 119
116 117
116 119
116 120
116 121
117 118
117 121
117 122
117 123
118 123
119 120
119 121
120 121
121 122
122 123
122 130
123 130
124 128
124 129
124 144
125 145
125 146
126 136
126 137
127 128
127 138
127 143
128 129
128 144
129 144
131 132
132 133
133 134
135 139
135 140
135 142
136 137
136 138
136 139
136 140
136 141
137 138
137 140
137 141
138 139
138 140
138 141
138 142
138 143
139 140
139 141
140 142
142 143
145 147
146 148
