0 1
0 2
0 3
0 4
0 5
1 2
1 3
1 4
1 6
1 7
2 3
2 4
2 7
2 8
3 4
3 5
4 5
4 6
4 9
5 6
5 9
5 14
6 9
7 8
7 10
7 11
7 12
7 13
8 10
8 15
9 14
9 16
9 17
9 18
10 15
10 19
10 20
11 12
11 21
11 22
11 23
11 24
11 25
12 13
12 23
12 25
12 26
12 27
13 19
13 23
13 25
13 26
13 27
14 16
14 17
14 32
15 19
15 20
16 17
16 28
16 29
16 30
16 32
17 28
18 125
18 126
18 127
18 128
19 26
19 27
19 103
19 104
19 105
19 106
20 121
21 22
21 137
22 24
22 137
22 138
23 24
23 25
24 25
24 127
25 26
26 27
26 104
27 104
28 29
28 30
28 31
28 32
29 30
29 31
29 32
30 31
30 32
31 33
33 34
33 35
34 35
34 45
34 52
34 54
35 54
36 37
36 38
36 39
36 40
36 41
37 38
37 39
37 40
37 42
37 43
38 39
38 40
38 42
39 40
39 41
39 44
40 41
40 42
40 43
40 45
40 46
40 47
40 48
41 46
42 43
42 48
42 49
43 48
43 49
43 50
44 51
45 47
45 52
45 53
45 54
45 55
45 56
46 47
46 55
47 56
48 49
48 50
49 50
50 57
51 82
52 53
52 54
53 54
53 55
54 55
54 56
55 56
57 132
57 133
57 134
58 59
58 60
58 61
58 62
58 63
58 64
58 65
59 60
59 61
59 62
59 66
60 62
60 66
60 67
60 68
60 69
60 70
61 63
61 65
61 71
62 65
62 66
62 68
62 70
63 64
63 65
63 71
63 72
64 71
64 72
64 73
64 74
65 66
65 71
66 68
67 68
67 69
67 70
67 75
67 76
68 69
68 70
68 75
68 77
69 70
69 75
70 75
70 77
71 72
71 74
72 73
72 74
72 78
73 74
73 78
73 79
73 80
74 78
74 79
75 76
75 77
76 77
76 112
76 113
76 114
76 115
76 116
76 117
77 114
77 116
77 117
78 79
78 101
79 80
79 99
79 100
79 101
80 96
80 101
81 82
81 83
81 84
81 85
81 86
81 87
81 88
82 83
82 84
83 85
83 86
84 85
84 86
84 87
84 88
84 89
85 86
87 88
87 89
87 90
87 91
88 89
88 90
89 90
89 91
90 91
90 92
91 92
91 93
92 93
92 130
92 135
92 136
93 130
93 135
94 95
94 96
94 97
94 98
94 99
95 96
95 100
95 101
96 97
96 98
96 99
97 98
97 102
98 102
99 100
99 101
100 101
103 104
103 105
103 106
103 107
103 108
103 109
104 105
105 106
105 107
106 107
106 109
107 108
107 109
107 110
108 109
108 110
109 110
110 111
111 121
111 122
111 123
112 113
112 114
112 118
112 119
113 114
113 115
113 118
113 119
113 120
114 115
114 116
115 116
116 117
118 119
118 120
118 142
118 143
118 145
119 120
119 145
120 142
120 145
121 122
122 124
123 124
125 128
125 152
125 153
126 127
126 128
126 138
126 140
127 138
127 140
127 141
128 140
128 153
129 130
129 131
129 132
129 133
129 134
130 131
130 135
130 136
131 132
131 135
131 136
132 133
132 134
133 134
135 136
137 138
137 139
138 139
138 140
138 141
139 141
140 141
142 143
142 144
142 145
143 144
143 145
143 146
144 145
144 146
144 147
145 146
146 147
147 148
147 149
147 150
147 151
148 149
148 152
149 150
150 151
