0 1
0 2
0 3
1 2
1 4
1 5
1 6
2 3
2 4
2 8
2 16
2 17
3 17
3 18
3 19
4 7
4 8
4 9
5 6
5 7
5 10
5 11
5 12
5 13
6 12
6 14
6 15
7 9
7 11
7 20
7 21
8 9
8 16
8 22
8 23
9 20
9 22
9 24
10 11
10 12
10 13
10 21
10 25
10 26
10 27
11 12
11 13
11 21
12 13
12 14
13 28
14 15
16 17
16 23
17 19
18 19
18 104
18 111
19 111
20 21
20 24
20 82
20 95
21 80
21 95
22 23
22 24
22 97
22 138
23 138
24 82
24 83
24 97
25 26
25 28
25 102
25 106
25 107
26 27
26 92
26 93
26 106
26 107
27 89
27 93
28 102
28 103
28 107
29 30
29 31
29 32
29 33
29 34
29 35
29 36
30 31
30 32
30 37
30 38
30 39
31 33
31 37
32 36
32 39
32 42
32 45
33 46
33 47
34 35
35 46
35 48
35 49
35 50
36 45
36 51
36 52
37 38
37 40
38 40
38 41
39 42
39 43
39 44
40 41
40 53
40 54
40 55
41 54
41 56
41 57
42 43
42 45
42 58
42 59
42 60
43 44
43 56
43 58
43 59
43 61
44 61
44 62
45 52
45 58
45 60
46 47
46 48
46 49
47 49
47 50
47 100
47 101
48 49
48 100
49 100
49 120
50 101
50 120
50 126
50 127
51 52
51 126
51 127
51 147
52 126
52 127
53 54
53 55
53 114
53 115
53 119
54 57
54 119
54 132
55 115
56 57
56 72
56 85
56 128
57 85
57 129
57 132
58 59
58 87
58 112
59 60
59 113
59 114
60 113
60 114
61 62
61 72
61 86
62 133
63 64
63 65
63 66
63 67
63 68
63 69
64 65
64 70
64 71
65 67
65 70
65 72
65 73
66 76
66 77
66 78
67 68
67 69
67 72
67 79
68 69
68 80
68 81
69 79
69 80
69 82
69 83
69 84
70 73
70 74
71 75
72 79
72 85
72 86
73 74
73 87
73 88
74 88
75 88
75 114
75 116
75 118
76 77
76 78
76 89
77 78
78 89
78 90
78 91
78 92
78 93
79 83
79 86
79 94
80 81
80 84
80 95
80 96
81 96
82 83
82 84
82 95
83 94
83 97
84 95
84 96
84 98
84 99
85 128
85 129
85 130
85 131
86 94
86 133
87 112
87 117
88 118
89 93
90 91
90 92
90 93
90 139
91 134
91 135
91 140
92 93
92 106
92 108
92 139
94 97
94 133
94 137
96 98
96 99
97 137
97 138
98 99
100 120
100 121
101 120
102 103
102 104
102 105
103 104
103 105
103 106
103 107
104 105
104 111
105 106
105 111
106 107
106 108
106 109
106 110
107 110
108 109
108 139
108 141
108 142
109 110
109 139
109 143
109 144
109 145
110 143
110 144
110 145
112 117
113 114
113 115
113 116
114 115
114 116
116 118
117 128
119 132
119 140
120 121
120 122
120 123
120 124
121 123
121 125
122 123
122 124
122 125
122 146
123 125
124 126
124 146
124 147
126 127
126 146
126 147
128 131
129 130
129 131
129 132
129 134
130 131
130 134
130 135
131 134
131 135
131 136
132 134
132 140
133 137
134 135
134 140
135 136
135 139
135 141
136 139
136 141
137 138
139 141
141 142
142 143
142 144
143 144
143 145
144 145
146 147
