0 1
0 2
0 3
0 4
0 5
0 6
1 2
1 3
1 7
2 3
2 5
2 6
2 8
3 4
3 7
3 9
4 7
4 9
4 10
4 11
5 6
5 12
5 13
5 14
6 8
8 15
8 16
8 17
8 18
9 10
9 11
10 11
10 19
10 20
10 21
11 21
11 22
12 13
12 14
12 84
12 85
13 65
13 66
13 84
13 85
13 89
15 16
15 17
15 82
15 159
16 17
16 18
16 82
16 157
17 159
18 82
18 157
18 158
18 161
19 20
19 23
20 23
20 24
21 23
21 24
21 25
21 26
21 27
22 27
22 28
23 24
23 25
23 55
23 62
24 25
24 26
25 26
25 62
26 27
28 172
29 30
29 31
29 32
29 33
29 34
29 35
29 36
29 37
30 31
30 32
30 33
31 37
31 38
32 33
32 39
32 40
32 41
33 39
33 40
33 42
34 35
34 37
34 43
35 36
35 43
35 44
35 45
36 39
36 46
37 43
37 47
38 41
39 40
39 48
40 41
40 42
40 49
40 50
40 51
41 51
42 49
43 44
43 47
43 62
43 165
44 45
44 57
44 62
44 63
45 63
45 95
46 48
46 95
46 142
47 141
47 166
48 49
48 67
48 68
49 68
50 51
50 69
50 70
50 71
50 72
51 72
52 53
52 54
52 55
53 54
53 56
54 55
54 56
54 57
54 58
54 59
54 60
55 57
55 62
56 61
57 58
57 62
57 63
58 60
58 63
58 64
59 60
59 64
59 65
61 169
63 64
63 66
64 65
64 66
64 89
65 84
65 85
65 86
65 89
65 90
66 89
66 91
66 95
67 68
67 142
67 143
67 145
68 145
69 70
69 71
69 173
69 174
70 173
70 174
70 175
73 74
73 75
73 76
74 75
74 77
76 80
76 81
77 78
77 79
78 79
78 82
79 83
80 81
80 111
80 112
81 111
81 113
81 114
82 83
82 157
82 158
83 147
84 85
84 86
84 87
84 88
85 89
86 87
86 90
86 92
87 88
87 92
87 93
88 94
89 91
91 95
91 96
91 97
91 98
92 93
93 99
93 100
93 101
94 170
95 98
95 142
96 97
96 128
97 116
98 116
98 142
99 100
99 101
99 102
99 103
99 104
100 101
102 103
102 104
103 104
103 105
103 106
104 105
104 106
104 107
105 106
105 107
106 108
107 108
107 109
107 110
108 109
108 110
108 148
109 110
109 148
109 149
109 150
110 148
110 149
111 112
111 113
112 115
113 114
113 116
114 116
114 117
115 118
115 119
116 117
117 143
117 144
117 146
118 119
118 173
118 175
118 176
118 177
119 177
120 121
120 122
120 123
120 124
120 125
121 122
121 123
121 126
121 127
122 123
122 124
122 127
122 128
122 129
123 124
123 127
123 130
124 125
124 130
124 135
125 130
125 135
125 136
125 137
126 127
126 131
126 132
126 133
126 134
127 131
127 133
128 129
129 134
129 138
130 135
130 136
131 132
131 133
131 153
131 154
132 153
132 154
132 155
132 156
133 153
133 154
134 138
134 155
135 136
135 137
135 139
136 137
136 139
136 140
137 139
137 141
139 140
139 141
139 167
140 141
140 167
140 168
141 167
141 168
143 144
143 145
144 145
144 146
146 147
148 149
149 150
149 151
150 152
151 152
151 165
153 154
155 156
157 158
157 161
157 162
158 161
158 162
158 163
159 160
160 178
160 179
161 162
161 163
161 164
162 163
162 164
163 164
164 171
166 168
167 168
169 170
171 172
173 174
173 175
174 176
175 176
175 177
176 177
178 179
