0 1
0 2
0 3
0 4
0 5
1 2
1 6
1 7
1 8
1 9
2 8
3 4
3 5
3 21
3 22
3 23
3 24
4 5
4 24
4 25
4 26
4 27
4 28
5 29
5 30
5 31
6 10
6 11
6 12
6 13
7 9
7 13
7 14
7 15
7 16
8 9
8 17
8 18
8 19
8 20
9 14
9 17
10 11
10 32
10 33
11 12
11 33
11 34
12 13
12 34
13 16
13 35
13 36
14 15
14 37
15 37
17 18
17 82
17 84
17 86
18 19
18 20
18 96
19 20
19 98
19 102
20 102
20 111
20 112
21 22
21 31
22 23
24 26
24 27
24 28
24 67
25 26
25 78
25 79
26 27
26 78
26 79
26 80
27 67
27 79
27 80
27 81
28 53
28 67
29 30
29 31
29 97
30 97
30 98
32 33
32 121
32 122
33 122
35 36
35 127
35 133
36 127
36 133
37 95
38 39
38 40
38 41
38 42
38 43
38 44
39 40
39 41
39 45
39 46
39 47
40 42
40 43
40 45
40 48
40 49
40 50
41 44
41 46
41 51
41 52
41 53
42 43
42 48
42 50
42 55
42 56
42 57
43 48
43 55
43 58
43 59
44 52
44 60
45 49
45 54
46 47
46 51
46 52
47 51
48 55
48 58
48 59
48 61
48 62
48 63
49 50
49 54
49 64
49 65
49 66
50 56
50 57
50 64
51 53
52 53
52 67
54 66
54 130
55 57
55 63
55 68
55 69
55 70
56 57
56 71
56 72
56 73
56 74
57 69
57 74
58 59
58 63
59 63
60 75
60 76
60 77
61 62
61 132
61 134
61 135
62 63
62 68
62 134
63 68
64 66
64 71
64 107
64 108
65 66
65 108
65 113
65 129
66 108
66 129
66 130
68 69
68 70
69 70
69 74
71 72
71 107
71 116
71 117
71 128
72 73
72 96
72 121
72 128
73 74
73 96
75 76
75 77
75 83
75 84
75 93
76 77
76 81
76 84
76 89
77 93
77 139
77 142
78 79
78 80
79 80
79 114
80 81
80 89
80 94
80 115
81 89
81 94
82 83
82 84
82 85
82 86
83 84
83 85
83 87
83 88
84 86
84 89
84 90
84 91
85 87
85 88
86 91
87 88
87 92
88 92
89 90
89 94
90 91
90 94
90 95
91 95
93 139
93 141
93 142
94 95
94 115
96 121
96 122
97 98
97 99
97 100
98 100
98 101
98 102
98 103
99 100
99 104
99 105
99 106
100 101
100 103
100 105
101 103
101 105
101 107
101 108
101 109
101 110
102 103
102 111
102 112
103 110
103 111
104 106
105 108
105 113
106 113
107 108
107 109
107 116
107 128
108 113
109 110
109 123
109 124
109 131
110 111
110 123
110 124
110 131
111 112
111 123
111 124
111 125
111 126
112 126
112 127
114 116
114 117
114 118
114 119
115 120
116 117
116 118
116 128
116 131
117 118
117 128
117 132
118 119
119 136
119 137
119 138
120 139
120 141
120 144
121 122
121 128
123 124
123 125
124 131
125 126
126 127
126 133
127 133
128 131
129 130
132 134
132 135
132 136
134 135
136 137
136 138
137 138
139 140
139 141
139 142
140 141
140 143
141 143
141 144
143 144
