0 1
0 2
0 3
0 4
0 5
0 6
0 7
0 8
1 2
1 3
1 9
1 10
1 11
2 3
2 5
2 9
3 5
3 6
3 9
4 5
4 14
4 15
4 16
5 6
5 7
5 16
6 7
6 16
7 16
8 14
8 17
8 18
8 19
9 10
9 11
10 11
10 12
10 13
11 12
11 13
12 13
12 20
14 15
15 17
15 53
15 54
17 18
17 56
18 19
18 55
18 56
18 84
18 87
18 89
19 89
20 88
20 104
21 22
21 23
21 24
21 25
21 26
22 23
22 24
22 27
23 25
23 26
23 27
24 26
24 28
25 26
25 27
26 27
26 28
26 29
26 30
26 31
27 29
27 30
27 31
28 32
28 33
29 30
29 31
29 34
29 35
29 36
30 31
30 34
31 32
31 34
31 35
31 36
31 37
32 50
33 36
33 100
33 142
33 144
34 35
34 37
35 37
36 100
36 142
36 144
37 81
38 39
38 40
38 41
39 42
39 43
39 44
40 41
40 47
40 48
41 47
41 48
41 49
42 43
42 44
42 45
43 44
43 45
44 46
45 50
45 51
46 49
46 52
47 48
47 136
47 137
48 49
48 137
48 141
49 85
50 51
53 55
53 56
53 57
53 58
54 58
54 59
54 60
55 56
55 78
55 79
55 84
56 79
56 85
57 58
57 85
57 141
58 60
58 138
58 141
59 60
59 61
59 68
60 138
60 139
60 140
61 62
62 63
62 64
63 64
63 65
63 66
64 67
65 66
65 67
65 69
65 70
65 71
66 69
66 70
67 69
67 70
67 71
67 72
67 73
68 109
68 110
68 111
68 118
68 119
69 70
69 71
69 77
70 71
71 72
71 73
71 76
72 73
72 74
72 75
72 76
73 74
73 76
74 75
74 76
74 96
75 95
75 106
76 106
77 156
77 157
78 79
78 80
78 81
78 82
78 83
79 85
79 86
80 81
80 84
80 87
80 88
80 90
80 91
80 92
81 93
81 94
82 83
82 95
82 96
82 97
82 98
83 86
83 92
83 97
83 99
84 87
84 88
84 89
86 94
87 89
87 90
87 100
87 101
87 102
88 91
88 92
88 104
88 105
89 101
90 100
90 102
90 103
91 92
91 104
91 105
92 98
93 94
95 96
95 97
95 106
96 97
96 106
97 99
98 99
100 101
100 103
100 142
100 143
100 144
101 102
101 121
101 143
102 103
103 145
104 105
105 146
105 147
107 108
107 109
107 110
107 111
108 109
108 112
108 113
108 114
108 115
109 110
109 112
109 115
110 111
110 118
111 118
111 119
112 113
112 114
112 115
113 114
113 115
113 116
113 117
114 116
114 117
116 117
116 120
116 121
117 120
117 121
118 119
118 153
118 154
119 154
120 121
120 142
120 143
121 143
122 123
122 124
122 125
122 126
122 127
123 124
123 128
123 129
124 126
124 129
125 126
125 127
125 135
125 136
125 137
126 136
127 130
127 135
128 130
128 131
128 132
128 133
129 134
130 133
131 148
131 151
132 133
134 151
135 138
135 139
135 140
136 137
137 138
137 141
138 141
139 140
139 158
139 159
139 160
142 143
142 144
143 144
145 146
145 147
146 147
148 149
148 150
148 151
149 150
149 152
150 151
150 152
153 154
153 155
154 155
156 157
156 159
156 160
156 161
158 159
158 160
158 161
159 160
159 161
160 161
