0 1
0 2
0 3
0 4
1 2
1 3
2 3
2 4
2 5
3 6
4 5
4 7
4 8
5 8
5 9
7 8
7 9
7 10
7 11
8 11
9 10
9 11
9 131
10 11
10 92
10 103
10 131
11 92
11 131
12 13
12 14
12 15
13 14
13 15
13 16
14 15
15 20
15 21
15 22
16 17
16 18
16 19
17 18
17 19
17 23
18 19
18 24
19 24
19 25
19 26
20 21
20 22
20 27
21 22
21 26
21 28
22 27
22 28
23 25
23 29
23 30
24 30
25 29
25 30
25 31
26 27
26 29
26 31
26 32
26 33
27 28
27 58
27 133
27 134
27 135
28 133
28 135
29 31
29 33
29 49
29 50
31 32
31 33
31 58
31 59
32 33
32 49
32 58
32 59
32 60
33 58
33 59
34 35
34 36
34 37
34 38
35 36
35 37
35 39
35 40
35 41
36 37
36 38
36 42
37 42
38 46
39 40
39 41
39 42
39 43
40 41
40 43
40 44
41 43
41 44
41 45
43 44
43 45
44 45
45 47
46 61
47 63
47 138
48 49
48 50
48 51
48 52
48 53
49 50
49 51
49 52
49 53
50 51
51 53
52 53
52 54
52 55
52 56
52 57
53 57
54 55
54 61
55 61
56 57
56 60
56 62
58 59
58 60
58 63
58 64
59 60
59 63
59 64
59 65
60 62
60 64
60 66
62 96
62 97
63 133
63 134
63 135
63 137
63 138
64 65
64 66
64 101
65 66
65 103
66 101
66 103
66 104
67 68
67 69
67 70
67 71
67 72
68 69
68 73
69 72
69 74
69 75
70 71
70 79
70 80
70 81
71 81
72 75
72 82
72 83
72 84
72 85
73 76
73 77
73 78
74 91
74 92
75 84
75 93
76 77
76 78
76 105
77 78
77 105
77 106
78 91
78 105
78 106
78 107
79 80
79 81
79 86
79 87
79 88
79 89
79 90
80 81
80 90
81 88
81 89
81 90
82 83
82 84
82 85
82 94
83 85
83 94
84 85
84 95
85 94
86 87
86 136
87 88
87 89
87 90
88 89
88 90
89 90
91 92
91 106
91 107
92 107
92 131
93 95
93 123
93 124
95 112
95 124
96 97
96 98
96 99
96 100
97 100
97 101
98 100
98 102
99 100
99 102
101 103
101 104
103 104
103 128
103 132
104 126
104 128
104 132
105 107
106 107
108 109
108 110
108 111
108 112
108 113
109 110
109 114
109 115
109 116
109 117
110 112
110 113
110 115
110 116
110 117
111 112
111 121
111 122
111 123
111 124
111 125
111 126
112 113
112 121
112 122
112 124
112 127
113 115
113 127
114 116
114 117
114 118
114 119
114 120
115 116
115 117
116 117
116 120
118 119
118 120
118 136
119 120
119 136
121 122
121 127
122 127
123 124
123 125
123 126
123 128
124 125
125 126
125 129
125 130
126 128
126 129
126 130
128 132
129 130
129 132
133 134
133 135
134 135
137 138
