0 1
0 2
0 3
0 4
0 5
1 6
1 7
2 4
2 12
3 4
3 5
3 13
3 14
3 15
4 14
5 15
5 16
6 7
6 8
6 9
7 9
7 10
7 11
8 9
8 17
8 18
9 19
10 11
10 12
10 19
10 20
10 21
11 12
12 21
13 14
13 104
13 106
13 111
14 111
15 153
15 154
16 172
17 18
17 19
17 151
18 153
19 130
20 69
20 131
21 131
22 23
22 24
22 25
23 24
24 26
25 27
25 28
26 29
26 30
27 29
27 30
28 152
29 146
31 32
31 33
31 34
31 35
31 36
31 37
32 33
32 38
33 36
33 39
34 35
34 42
34 43
34 44
34 45
35 36
35 43
35 46
36 47
37 38
37 45
37 48
37 49
38 40
38 41
39 47
39 50
39 51
40 41
40 49
40 52
41 53
42 43
42 44
42 158
43 46
43 84
43 158
44 45
44 159
45 48
45 159
45 160
46 47
46 158
46 161
46 162
46 163
47 50
47 152
47 162
47 165
48 49
48 159
48 160
49 52
49 160
50 152
50 162
50 165
50 168
51 168
52 122
52 160
52 169
53 121
53 128
53 142
54 55
55 56
55 57
55 58
55 59
55 60
56 61
57 58
57 60
57 62
58 60
58 62
59 60
59 62
59 63
59 64
59 65
60 62
60 64
61 66
61 67
62 64
62 68
63 65
63 68
63 69
63 70
63 71
63 72
64 65
64 73
65 67
65 72
65 74
65 75
66 92
66 102
67 74
67 114
68 69
68 73
68 131
69 70
69 149
70 71
70 74
70 75
70 148
70 149
70 155
70 156
71 72
71 73
71 156
71 157
72 73
72 75
72 156
72 157
73 157
74 75
74 148
75 156
76 77
76 78
76 79
77 78
78 80
78 81
78 82
79 83
80 81
80 84
80 85
80 86
81 82
81 84
81 86
83 87
83 88
84 85
84 86
85 86
85 158
87 88
87 135
87 137
87 138
88 135
88 136
88 137
88 138
88 139
89 90
89 91
89 92
89 93
90 91
90 92
90 94
90 95
90 96
91 96
91 99
91 101
92 93
92 95
92 96
92 102
93 96
93 105
94 95
94 97
94 98
94 99
94 100
94 101
95 97
95 100
95 102
95 103
96 97
96 102
96 104
97 100
97 102
97 103
97 104
97 106
97 107
98 99
98 100
98 107
99 101
100 103
100 107
103 108
103 109
103 110
104 106
104 111
105 111
105 129
106 107
106 153
106 154
107 153
108 109
108 110
109 110
109 112
109 113
110 113
112 113
112 114
113 114
115 116
115 117
115 118
116 117
116 119
116 120
117 120
117 121
118 126
118 127
119 120
119 122
119 123
120 121
120 124
120 125
121 124
121 128
122 159
122 160
123 125
123 159
124 125
124 128
124 133
124 134
125 134
126 127
128 133
128 141
128 142
129 132
129 133
129 135
129 136
130 149
130 150
130 151
132 133
132 134
133 135
135 136
135 137
135 138
135 139
135 140
135 141
136 139
137 138
137 139
137 143
137 144
138 141
138 144
139 143
140 141
140 143
140 144
140 145
141 146
141 147
142 146
142 147
143 145
144 145
144 146
144 147
145 147
146 147
148 155
148 164
149 150
150 151
150 155
152 162
153 154
156 157
156 164
159 160
161 162
161 163
161 165
161 166
161 167
162 165
163 166
163 167
165 167
165 168
166 167
167 168
169 170
170 171
171 172
