0 1
0 2
0 3
0 4
0 5
0 6
1 2
1 3
1 7
1 8
2 3
2 6
2 7
2 9
2 10
2 11
3 4
3 5
3 8
3 12
3 13
4 12
4 18
4 19
4 20
5 8
5 13
6 9
6 10
6 21
7 11
7 14
7 15
7 16
7 17
8 13
9 10
9 21
10 11
10 21
10 22
11 17
11 23
12 13
12 20
12 24
13 24
13 25
14 15
14 16
14 26
15 16
15 26
16 17
16 26
17 27
17 28
18 19
18 20
18 56
18 80
18 81
19 40
19 55
19 56
20 81
20 82
20 83
21 22
21 50
22 39
22 50
22 51
23 27
23 51
23 90
24 25
24 83
24 85
24 104
25 103
25 104
27 28
27 90
27 123
28 123
28 125
28 126
28 136
29 30
29 31
29 32
29 33
29 34
29 35
29 36
30 31
30 32
30 33
30 34
30 37
31 32
31 33
31 34
31 37
31 38
32 33
32 34
32 35
32 39
33 35
33 36
33 40
34 37
34 38
34 41
35 36
35 39
35 40
35 42
35 43
36 40
36 43
36 44
36 45
37 38
38 41
38 46
39 47
39 48
39 49
39 50
39 51
40 43
40 55
40 56
41 46
42 43
42 47
42 52
42 53
42 54
43 54
43 55
44 45
44 80
45 56
45 80
46 115
46 116
46 134
46 135
47 48
47 49
47 52
47 86
47 87
48 50
48 86
48 87
49 51
49 52
49 88
49 89
51 90
52 53
52 72
52 89
53 54
53 72
53 91
53 92
54 92
54 93
54 94
54 95
56 80
57 58
57 59
57 60
57 61
57 62
58 59
58 63
58 64
59 61
59 63
59 65
59 66
59 67
59 68
60 62
60 64
60 69
60 70
60 71
61 62
61 68
62 70
62 72
63 66
64 69
65 66
65 76
66 76
66 77
66 78
67 68
67 79
68 79
69 71
69 73
70 71
70 72
70 74
71 74
71 75
72 89
72 91
73 109
73 112
73 120
74 75
74 88
74 89
74 119
75 112
75 119
75 120
75 121
76 77
76 78
76 132
77 78
77 132
77 133
78 132
78 133
79 128
80 81
81 82
82 83
82 84
83 84
83 85
84 85
84 105
85 98
85 104
85 105
86 87
86 93
86 113
86 114
87 113
88 89
88 90
88 118
88 119
90 118
90 123
91 92
91 131
92 94
92 95
92 131
93 113
93 115
93 116
93 117
94 95
95 131
96 97
96 98
96 99
96 100
96 101
96 102
97 98
97 99
97 103
97 104
98 101
98 104
98 105
99 100
99 103
99 108
100 108
100 109
100 110
100 111
101 102
101 105
102 109
103 104
103 106
103 107
106 107
107 136
108 111
109 110
109 112
110 111
110 112
112 120
112 121
113 114
113 115
113 116
114 116
115 116
115 117
115 134
115 135
116 117
116 135
117 134
117 135
118 119
118 121
118 122
118 123
118 124
119 121
120 121
121 122
122 124
122 125
123 124
123 125
123 126
124 125
125 126
127 128
127 129
129 130
130 131
132 133
134 135
