0 1
0 2
0 3
0 4
1 2
1 3
1 5
1 6
1 7
2 3
2 4
2 5
2 7
3 4
3 8
4 8
4 12
4 13
5 6
5 7
5 9
5 10
6 7
6 9
6 10
6 11
7 9
7 10
8 12
8 13
8 17
9 10
9 11
9 23
10 23
11 23
11 24
11 26
11 27
12 13
12 14
12 15
12 16
12 17
13 16
13 17
14 15
14 18
14 19
14 20
14 21
15 18
16 17
16 22
18 36
19 20
19 21
19 46
19 47
19 48
20 21
21 47
21 48
22 49
23 24
23 25
24 26
24 28
24 29
24 30
25 26
25 28
25 29
26 28
26 29
26 30
26 31
27 31
27 32
27 33
27 34
27 35
28 29
28 30
30 31
31 33
31 34
32 33
32 34
32 35
32 119
32 127
32 128
32 129
33 34
33 35
33 127
34 35
34 127
35 129
36 37
36 38
36 39
37 38
37 39
37 40
37 41
37 42
37 43
37 44
37 45
38 39
38 44
39 44
39 45
40 41
40 42
40 91
40 92
40 93
41 42
41 45
41 91
41 92
42 43
42 44
42 45
42 92
43 44
43 45
46 47
46 48
46 95
46 96
46 98
46 99
47 48
47 96
48 99
49 50
50 144
50 145
50 146
51 52
51 53
51 54
51 55
52 53
52 54
52 55
52 56
53 54
53 58
54 55
54 59
55 56
55 57
55 60
56 57
57 61
57 62
58 63
58 64
59 60
59 61
59 65
59 66
59 67
60 61
60 65
60 66
60 67
60 68
61 62
61 65
61 123
62 123
63 91
63 92
63 93
63 94
64 94
65 123
66 67
66 68
66 124
66 125
66 126
67 68
67 124
67 125
67 126
68 125
68 126
69 70
69 71
69 72
69 73
69 74
70 71
70 72
70 75
70 76
70 77
71 73
71 74
72 74
72 78
73 74
73 78
74 78
74 83
75 76
75 77
75 79
75 80
75 81
75 82
76 77
76 81
76 82
77 82
78 83
78 84
78 85
79 80
79 81
79 82
79 106
80 81
80 82
80 106
81 82
81 106
83 84
83 85
84 85
85 104
86 87
86 88
87 89
89 90
90 105
91 92
91 93
91 94
92 93
93 94
95 96
95 97
95 98
95 99
95 100
95 101
96 97
96 98
96 99
97 98
97 100
97 101
97 102
98 99
98 100
100 101
100 102
100 103
101 102
101 103
102 103
103 106
104 105
107 108
107 109
107 110
107 111
107 112
108 109
108 110
108 113
109 110
109 112
109 113
109 114
109 115
110 111
110 113
110 114
110 116
111 112
112 114
112 117
112 118
113 116
114 115
114 117
114 118
114 119
114 120
115 117
115 118
115 119
115 120
115 121
116 122
117 118
118 119
119 120
119 121
120 121
121 127
121 128
121 129
122 143
124 125
124 126
124 135
124 136
124 137
125 126
125 135
126 135
126 137
127 128
127 129
128 129
130 131
130 132
131 133
132 134
134 143
135 137
135 138
136 137
136 138
136 139
137 138
137 139
138 139
138 140
138 141
139 140
139 141
139 142
140 141
140 142
140 144
141 142
141 144
142 144
144 145
145 146
