0 1
0 2
0 3
0 4
0 5
1 2
1 3
1 6
1 7
1 8
1 9
2 3
2 5
2 7
3 7
4 5
4 15
4 18
4 19
4 20
4 21
5 21
6 7
6 9
6 10
6 11
6 12
7 10
7 13
8 9
8 14
8 15
9 11
9 16
9 17
10 12
10 13
10 22
10 23
11 12
11 17
11 24
11 25
12 13
12 22
12 25
12 26
12 27
12 28
13 22
13 26
13 29
14 16
14 30
14 31
15 20
15 31
16 34
16 35
17 24
17 34
18 19
18 21
18 65
18 69
18 75
19 20
19 69
19 84
20 84
21 75
22 26
22 28
22 29
23 27
23 28
23 32
23 33
24 25
24 36
24 37
24 38
25 38
26 29
26 39
26 40
27 28
27 32
27 41
27 42
27 43
28 33
28 42
29 40
29 181
30 35
30 122
30 123
30 127
31 84
31 127
32 33
32 41
32 42
32 184
32 186
33 42
34 36
34 87
34 90
35 90
35 122
35 124
36 85
36 86
36 87
37 38
37 85
37 86
37 88
38 93
39 40
39 181
40 163
41 59
41 184
41 186
43 94
44 45
44 46
45 46
45 47
45 48
46 48
46 49
47 48
47 50
47 51
48 52
48 53
48 54
49 55
49 56
49 57
49 58
49 59
50 55
50 56
50 78
50 112
51 110
52 53
52 54
52 152
52 153
53 54
53 91
53 153
54 153
55 56
55 78
55 112
56 57
56 58
56 112
57 58
57 59
57 112
57 184
57 185
58 59
58 184
58 185
58 186
59 184
59 185
60 61
60 62
60 63
60 64
60 65
60 66
61 62
61 63
61 64
61 65
61 67
61 68
61 69
62 65
62 70
63 64
63 67
63 68
64 71
64 72
65 66
65 69
65 70
65 73
66 73
66 75
67 68
68 74
69 72
70 73
70 76
70 77
70 78
71 72
71 79
73 77
73 78
73 80
74 81
74 82
74 83
76 77
76 80
76 108
77 78
77 111
78 112
79 180
80 108
80 109
80 110
81 82
81 83
81 168
81 170
82 145
82 162
82 168
82 170
84 127
84 128
84 133
85 86
86 88
86 89
87 90
87 91
87 92
88 93
89 94
91 92
91 152
93 115
93 116
95 96
95 97
95 98
95 99
95 100
96 97
97 100
97 101
97 102
98 99
98 100
98 102
99 100
99 102
99 103
100 102
100 103
100 104
101 105
101 106
102 103
102 104
102 107
103 104
103 107
103 114
104 107
104 114
105 106
105 139
105 142
107 114
109 110
111 113
113 133
113 138
114 122
114 125
114 130
115 116
116 117
117 118
117 119
117 120
117 121
118 119
118 120
118 154
118 155
118 156
119 120
119 121
119 155
119 156
120 121
122 123
122 124
122 125
122 126
123 129
123 130
123 131
124 132
125 126
127 128
127 129
128 134
128 135
129 130
129 135
130 132
130 136
130 137
131 136
131 137
132 136
133 134
133 138
134 138
134 142
134 143
135 143
136 137
138 142
139 140
139 141
140 141
140 142
140 143
140 144
141 142
141 144
141 145
141 146
142 143
144 145
144 146
144 147
144 148
145 146
145 148
146 148
147 148
147 149
147 150
147 151
148 149
148 150
149 150
149 151
151 171
152 153
154 155
154 156
154 157
154 158
154 159
154 160
155 156
155 157
156 159
157 158
157 159
157 161
158 159
158 161
158 162
159 161
160 163
160 164
160 165
160 166
160 167
161 168
161 169
162 168
162 169
162 170
163 164
163 165
164 165
164 166
164 167
165 167
165 182
166 167
166 182
166 183
167 182
168 169
168 170
169 170
171 172
172 173
172 174
172 179
173 174
173 175
173 176
173 177
173 178
173 179
174 175
175 176
175 177
175 179
176 177
176 178
176 179
177 178
177 179
178 179
180 182
180 183
182 183
184 185
184 186
