0 1
0 2
1 3
2 9
3 4
3 5
3 6
3 7
3 8
4 5
4 8
4 10
4 11
5 7
5 8
5 10
5 12
5 13
6 8
6 14
6 15
6 16
6 17
7 12
7 18
7 19
7 20
7 21
8 17
9 20
10 11
10 12
10 13
10 133
11 134
11 135
12 13
12 18
12 127
13 114
13 127
13 133
14 15
14 16
14 39
15 16
15 39
15 41
15 50
15 51
16 17
16 50
16 52
17 50
17 52
17 135
17 140
18 19
18 119
18 123
18 127
18 128
19 21
19 119
19 122
19 128
21 122
21 126
22 23
22 24
22 25
22 26
22 27
22 28
23 24
23 25
23 29
24 25
24 26
24 27
24 29
24 30
24 31
25 29
25 32
25 33
26 27
27 28
27 34
28 34
29 31
29 33
30 31
30 35
30 36
31 33
32 37
32 38
33 38
35 36
35 101
35 106
35 107
36 107
36 112
37 38
37 88
37 109
38 64
39 40
39 41
40 41
40 42
40 43
41 42
41 44
41 45
42 44
42 46
42 47
42 48
43 48
43 49
44 45
44 47
44 53
44 54
45 51
45 53
45 54
46 47
46 100
46 101
47 101
48 49
48 94
49 93
49 94
49 95
50 51
50 52
50 55
51 55
52 73
52 135
52 140
53 54
53 108
53 109
54 76
55 69
55 73
55 74
55 76
56 57
56 58
56 59
56 60
56 61
57 58
57 59
57 62
58 59
58 60
58 61
58 63
59 61
60 63
60 65
60 66
60 67
61 62
62 64
63 65
63 66
63 67
65 66
65 67
65 148
65 149
66 67
66 148
66 149
67 148
67 149
68 69
68 70
68 71
68 72
69 73
69 74
69 75
70 71
70 79
70 80
70 81
71 82
72 82
73 74
73 75
73 77
74 77
75 77
75 78
77 78
78 87
78 156
79 81
79 83
79 84
80 84
80 85
80 86
80 87
81 82
81 83
81 88
82 88
83 88
83 101
83 106
84 86
84 106
84 110
84 113
85 86
85 113
85 114
85 115
85 116
86 87
86 113
86 116
87 116
87 117
88 109
89 90
89 91
89 92
89 93
90 91
90 92
90 94
90 95
90 96
91 92
93 94
93 95
94 95
95 96
96 97
96 98
96 99
97 98
97 99
97 102
97 104
97 105
98 99
98 159
100 102
101 106
101 107
101 108
102 103
102 104
102 105
103 151
103 157
103 158
103 159
104 105
104 158
105 158
106 107
106 110
107 110
107 111
107 112
110 111
110 132
111 112
111 132
111 154
111 155
112 155
113 114
113 138
114 115
114 127
114 133
115 133
115 136
115 137
116 131
117 156
118 119
118 120
118 121
119 122
119 123
119 124
119 125
120 121
121 131
122 126
123 125
123 127
123 128
123 129
124 125
124 128
125 130
127 138
129 132
129 138
129 152
129 154
130 143
130 146
130 150
130 152
132 138
132 154
133 136
133 137
134 136
134 139
135 140
135 141
135 142
136 137
136 139
140 141
140 142
140 160
141 142
141 160
142 160
143 144
143 145
143 146
144 145
145 147
145 148
145 149
146 150
146 151
146 152
146 153
147 148
147 149
148 149
150 151
150 157
150 158
151 153
151 157
151 158
152 153
152 154
153 154
153 155
154 155
157 158
157 159
