0 1
0 2
0 3
0 4
0 5
1 2
1 3
1 6
1 7
1 8
2 4
2 8
3 7
3 12
3 13
3 14
4 16
4 17
4 18
5 14
5 16
5 19
5 20
6 7
6 8
6 9
6 10
6 11
7 9
7 12
8 11
8 15
9 10
9 21
9 22
10 11
10 21
10 23
10 24
11 15
11 25
12 13
12 26
12 27
12 28
12 29
12 30
12 31
13 27
13 29
13 30
13 32
14 20
15 37
15 103
15 104
15 156
16 19
16 33
17 18
17 34
17 35
17 36
18 36
18 37
18 38
19 39
20 40
21 23
21 24
21 141
22 23
22 26
22 28
22 72
22 146
23 24
23 130
23 141
24 141
24 143
24 144
24 145
25 103
25 144
25 145
26 27
26 28
26 29
26 134
27 29
27 30
27 32
27 134
27 136
28 29
28 72
29 30
29 31
29 147
30 31
30 32
31 147
31 148
32 136
33 35
33 157
33 158
34 35
34 36
34 101
34 113
34 129
35 115
35 129
35 157
36 97
36 98
36 113
37 38
37 156
39 159
39 172
39 173
41 42
41 43
41 44
41 45
41 46
41 47
41 48
42 43
42 49
42 50
42 51
42 52
43 49
43 50
43 56
44 45
44 60
44 62
45 46
45 47
45 63
45 64
45 65
46 47
46 48
46 63
46 66
46 67
47 48
48 49
48 54
48 55
48 68
48 69
49 50
49 53
49 54
49 55
50 56
50 57
51 52
51 57
51 58
51 59
52 58
52 59
52 60
52 61
53 54
53 55
53 70
54 69
54 70
54 71
55 68
55 72
56 57
56 73
56 74
57 73
57 75
58 59
58 60
58 61
58 76
58 77
59 61
59 78
60 76
61 77
61 78
61 79
62 65
62 116
62 171
63 64
63 67
63 89
63 100
64 65
64 89
64 101
65 129
66 67
66 100
66 124
66 128
67 130
68 70
68 128
69 71
69 128
70 128
71 128
72 130
72 146
73 74
73 140
73 167
74 167
75 137
75 138
75 139
75 140
76 168
77 168
78 79
78 169
79 169
79 170
80 81
80 82
80 83
81 84
81 85
82 93
82 94
83 85
83 91
83 92
83 95
84 86
84 87
84 88
85 89
85 90
85 91
85 92
86 87
86 90
86 96
87 88
87 96
87 97
87 98
87 99
89 90
89 96
89 100
89 101
90 96
90 100
90 102
91 92
91 95
91 103
92 95
92 103
92 104
93 94
93 124
93 149
93 150
94 102
94 124
94 125
94 149
95 103
96 97
96 98
97 98
97 99
97 113
98 99
98 101
98 113
99 109
99 113
100 102
100 124
101 129
102 124
102 125
102 126
102 127
103 104
103 156
104 156
105 106
105 107
105 108
106 107
106 109
107 110
107 111
107 112
108 109
108 113
109 113
109 114
110 112
110 115
110 116
111 117
111 118
111 119
111 120
111 121
112 122
112 123
114 119
114 120
114 121
115 157
115 162
116 122
116 171
117 118
117 119
117 171
118 122
119 120
119 121
120 121
122 123
122 170
123 170
124 125
124 126
125 126
125 127
126 127
130 141
130 142
131 132
131 133
131 134
131 135
132 133
132 134
132 136
133 134
133 135
133 137
133 138
134 138
135 137
135 139
137 138
137 139
137 140
138 139
138 140
139 140
141 142
141 143
142 143
142 152
142 153
143 144
143 145
143 153
143 154
143 155
144 145
144 155
147 148
148 158
148 163
148 165
149 150
150 151
150 152
151 152
151 153
151 154
151 155
152 153
153 154
153 155
154 155
157 159
157 160
157 161
158 159
158 162
158 163
158 164
158 165
158 166
159 160
159 161
159 162
159 164
160 161
160 162
161 162
162 163
162 164
162 166
163 164
163 165
163 166
164 165
164 166
165 166
169 170
172 173
