0 1
0 2
0 3
1 4
2 3
2 6
2 7
2 8
3 7
4 5
5 9
5 10
6 7
6 8
6 27
7 8
7 27
8 27
9 10
9 116
9 120
9 123
9 132
10 132
11 12
11 13
11 14
11 15
12 13
12 14
12 16
12 17
13 14
13 15
13 16
14 15
14 16
14 18
15 22
15 23
15 24
16 17
16 18
16 19
16 20
17 18
17 20
17 21
18 20
18 21
19 64
19 69
19 75
19 76
19 77
19 78
20 21
20 79
20 82
21 69
21 70
21 79
22 25
23 24
23 26
24 25
26 135
26 142
26 143
27 28
27 29
28 30
28 31
28 32
28 33
29 30
29 34
29 35
29 36
30 31
30 32
30 36
30 40
31 32
31 33
31 36
31 49
31 50
32 33
32 50
32 51
33 49
33 51
34 35
34 36
34 37
34 38
34 39
34 42
35 38
35 42
35 43
35 44
35 45
36 37
36 39
36 40
37 38
37 39
37 40
37 41
38 39
38 42
38 43
39 40
39 41
40 41
42 43
42 44
42 45
43 44
43 45
44 45
44 46
44 47
44 48
45 47
45 48
46 47
46 48
46 87
46 88
47 48
47 87
48 87
48 88
49 50
49 51
50 51
50 137
52 53
52 54
52 55
52 56
53 54
53 55
53 57
53 58
54 56
54 59
55 58
55 60
56 57
56 61
57 59
58 60
59 61
59 62
59 63
60 64
60 65
60 66
61 62
61 63
61 67
62 63
62 113
62 114
63 67
63 113
63 114
64 65
64 66
64 77
64 78
64 85
64 86
65 66
65 77
66 77
66 78
67 114
68 69
68 70
68 71
68 72
68 73
68 74
69 70
69 75
69 76
70 72
70 74
70 75
70 76
71 72
71 73
71 80
72 73
73 74
73 80
73 81
75 76
75 77
76 78
77 78
79 82
79 83
79 84
80 81
80 111
81 109
81 110
81 111
82 83
82 84
82 141
83 84
83 141
83 144
84 141
84 144
84 145
85 86
85 95
85 96
85 97
85 98
85 99
86 97
86 98
86 99
86 100
86 101
87 88
87 89
87 90
87 91
87 92
88 89
88 91
88 92
88 93
88 94
89 94
89 122
89 126
89 127
89 140
90 91
90 92
90 130
90 136
91 92
91 130
91 136
92 130
93 94
93 115
93 116
93 120
93 121
93 122
94 116
94 120
94 121
94 122
95 96
95 97
95 146
95 147
96 97
96 146
96 147
97 98
97 99
98 99
98 100
99 100
99 101
100 101
100 126
100 140
101 126
101 127
101 140
102 103
102 104
102 105
102 106
103 104
103 107
103 108
104 107
104 108
105 106
106 112
107 108
107 109
107 110
107 111
109 110
109 111
110 111
112 152
113 114
113 115
113 118
113 131
114 115
114 118
115 116
115 117
115 118
115 119
116 120
116 123
117 118
117 128
117 129
118 129
118 130
118 131
119 129
119 131
120 123
120 124
120 125
121 122
121 126
121 127
122 126
122 127
123 124
123 125
123 132
124 125
125 132
126 127
126 140
127 140
128 129
128 133
129 131
130 134
130 135
130 136
134 135
134 136
134 142
134 143
135 136
135 142
135 143
136 143
137 138
137 139
138 139
138 144
138 145
139 145
141 144
141 145
142 143
144 145
146 147
146 148
146 149
148 149
148 150
148 151
149 151
150 152
