0 1
0 2
0 3
0 4
0 5
1 2
1 3
1 6
1 7
1 8
2 3
2 4
2 7
3 5
3 7
4 5
4 11
4 12
4 13
5 11
5 12
5 13
6 7
6 8
6 9
7 8
8 9
8 10
9 10
10 59
11 12
11 13
11 14
11 15
12 13
12 14
13 14
13 15
14 15
14 38
14 39
14 40
15 38
16 17
16 18
16 19
16 20
16 21
16 22
17 23
17 24
18 28
18 29
18 30
18 31
19 20
19 21
19 22
19 32
19 33
20 21
20 29
20 32
20 34
21 32
21 33
22 23
22 24
22 33
23 24
23 25
23 26
23 27
24 26
25 26
25 27
25 35
25 36
25 37
26 27
26 35
27 35
27 36
28 29
28 30
28 58
28 59
28 60
28 61
29 30
29 59
30 58
30 59
30 62
31 61
31 66
31 68
34 77
35 36
35 50
35 57
36 37
36 50
36 56
37 56
37 57
38 41
38 42
39 40
39 43
39 44
40 41
40 43
40 45
41 42
41 48
41 49
42 49
43 44
43 45
43 51
43 123
44 123
44 124
45 48
45 51
46 47
46 48
46 49
46 50
47 48
47 51
47 52
48 49
48 50
50 56
51 52
51 53
52 53
52 54
52 55
53 54
53 122
53 125
54 125
54 135
55 135
55 136
56 57
58 59
58 60
58 63
60 64
60 65
61 64
61 66
61 67
62 69
63 65
63 79
64 67
64 114
64 118
65 120
65 137
65 138
66 67
66 68
66 70
66 71
67 70
67 114
68 72
69 78
70 90
70 91
70 116
71 72
71 91
71 95
72 95
72 121
73 74
73 75
73 76
74 75
74 77
75 76
76 78
79 153
79 155
80 81
80 82
80 83
80 84
80 85
80 86
80 87
81 82
81 83
81 88
82 83
82 84
82 85
82 88
82 89
83 90
84 88
84 89
84 91
84 92
85 86
85 87
86 87
87 93
88 89
88 90
88 91
89 92
89 94
90 91
90 99
90 100
91 95
91 96
92 94
92 97
92 98
93 101
93 102
94 97
94 98
94 132
95 96
95 122
96 100
96 122
96 123
96 124
97 98
98 132
99 116
100 124
101 147
101 150
101 152
102 136
102 152
102 156
103 104
103 105
103 106
103 107
104 105
104 106
105 106
106 108
107 108
107 109
107 110
107 111
108 111
109 110
109 126
109 127
109 128
109 129
109 130
110 111
110 125
110 127
111 131
112 113
112 114
112 115
112 116
113 114
113 117
113 118
114 115
114 116
114 118
115 116
117 119
118 120
119 151
120 137
121 125
121 126
122 123
123 124
125 126
125 127
126 127
128 129
128 132
128 133
128 134
129 130
129 133
131 135
132 133
132 134
133 134
136 156
136 157
137 138
138 139
139 140
140 154
141 142
141 143
141 144
142 143
142 145
142 146
142 147
143 144
143 145
143 148
144 148
145 146
145 147
145 149
146 147
146 150
147 149
147 150
148 151
149 150
152 156
152 157
153 154
153 155
154 155
156 157
