0 1
0 2
0 3
0 4
1 2
1 5
1 6
2 3
2 6
2 7
3 4
3 12
3 13
3 14
4 12
4 15
4 16
5 8
5 9
6 10
6 11
7 11
7 14
7 17
8 9
8 18
8 19
8 20
8 21
8 22
9 22
9 23
9 24
10 23
10 25
11 17
11 25
12 13
12 14
12 16
13 16
13 115
13 116
14 116
15 19
15 20
15 21
15 147
15 149
16 115
16 150
17 25
18 20
18 22
18 81
19 20
19 145
19 147
20 21
20 145
20 147
21 149
21 150
21 151
22 24
22 80
22 87
23 24
23 117
23 119
24 87
24 119
24 143
25 117
26 27
26 28
26 29
27 28
27 29
27 30
27 31
28 29
29 32
30 31
30 32
30 33
31 32
31 33
31 34
31 35
33 34
33 35
33 90
34 35
34 92
35 90
35 92
36 37
36 38
36 39
36 40
36 41
36 42
36 43
37 38
37 39
37 44
37 45
38 40
38 41
38 46
39 44
39 45
39 48
40 41
40 42
40 51
40 52
41 46
41 51
41 52
41 53
42 51
42 52
42 54
43 54
43 55
43 56
44 45
44 47
44 48
44 49
45 48
45 50
46 52
47 57
48 49
48 50
48 56
48 58
49 56
49 58
49 59
49 60
50 58
51 52
53 184
54 55
54 166
54 167
55 85
55 166
56 89
57 152
57 153
57 154
58 60
58 140
58 172
58 173
59 60
59 78
59 88
59 89
59 143
59 169
59 171
60 140
60 171
60 172
61 62
61 63
61 64
61 65
61 66
62 63
62 64
62 67
62 68
62 69
63 65
63 69
63 70
63 71
64 67
64 68
64 72
64 73
65 66
65 71
65 78
65 79
65 80
66 73
66 79
66 80
66 81
67 68
67 74
67 75
68 72
69 70
69 76
69 77
70 71
70 76
70 77
70 82
70 83
71 79
71 82
71 84
71 85
72 86
73 80
73 81
73 87
74 75
74 123
74 124
74 125
75 124
75 126
76 77
76 83
76 164
77 126
78 79
78 80
78 88
78 89
79 85
79 89
80 87
80 89
81 86
81 87
82 83
82 161
82 162
82 163
82 164
83 164
84 85
84 162
84 166
85 89
85 166
86 127
87 143
88 143
88 169
88 171
90 91
91 92
91 121
91 122
92 122
93 94
93 95
93 96
93 97
93 98
93 99
93 100
94 95
94 96
94 97
94 101
95 100
95 101
95 102
96 97
96 99
96 103
98 99
98 100
98 106
98 107
98 108
99 103
99 106
99 109
100 110
100 111
101 102
101 104
101 105
102 111
102 112
102 113
103 114
104 105
104 115
104 116
106 108
106 109
106 135
107 108
107 142
107 174
107 176
108 132
108 139
108 174
108 176
109 114
109 135
110 111
110 168
110 176
111 112
111 151
111 168
112 113
112 150
112 151
113 115
113 150
115 116
115 150
117 118
118 119
118 120
119 120
119 143
119 169
120 169
120 170
121 122
121 165
121 166
121 167
122 167
123 124
123 125
127 141
128 129
128 130
128 131
128 132
128 133
129 134
129 135
130 131
130 133
130 137
131 137
131 138
132 133
132 135
132 139
133 139
134 136
136 140
137 138
137 155
137 156
138 152
138 155
138 156
139 175
140 172
140 173
141 142
142 174
143 169
144 145
144 146
145 147
146 148
148 163
151 168
152 153
153 154
154 155
154 156
154 157
154 158
154 159
155 156
155 157
156 157
156 160
157 158
157 160
158 159
158 160
158 177
158 183
159 160
159 177
160 177
161 162
161 163
161 164
162 163
162 165
162 166
165 166
165 167
166 167
169 171
170 171
170 172
171 172
172 173
174 175
174 176
177 179
177 181
177 183
178 179
178 180
178 181
178 182
179 180
179 181
179 183
180 182
180 183
180 184
181 182
181 183
182 183
182 184
