0 1
0 2
0 3
0 4
0 5
1 2
1 6
1 7
1 8
2 3
2 4
2 9
2 10
2 11
2 12
2 13
3 9
3 14
3 20
4 13
4 21
5 17
5 22
5 23
5 24
6 13
6 14
6 15
7 16
7 17
7 18
7 19
8 12
8 13
8 26
9 10
9 21
9 25
10 11
10 26
10 30
11 12
11 13
11 34
12 15
12 38
13 14
13 21
13 26
14 26
16 29
16 42
17 20
17 22
17 25
17 30
17 34
17 38
17 45
17 46
17 47
17 48
17 49
18 27
18 40
18 45
18 49
18 50
18 51
18 52
18 53
19 24
19 29
19 33
19 37
19 41
19 44
19 66
19 69
19 70
20 27
20 28
20 29
22 33
23 31
23 43
23 45
23 49
23 54
23 55
23 56
24 29
24 50
24 66
24 71
24 72
25 31
25 32
25 33
27 37
28 35
28 45
28 49
28 57
28 58
28 59
28 60
29 33
29 66
29 77
29 78
30 35
30 36
30 37
31 41
32 39
32 45
32 46
32 49
32 61
32 62
33 37
33 66
33 82
33 83
34 39
34 40
34 41
35 44
36 42
36 45
36 49
36 51
36 63
36 64
36 65
37 41
37 66
37 87
37 88
38 42
38 43
38 44
39 66
40 49
40 54
41 44
41 66
41 92
41 93
42 45
42 57
42 67
42 68
43 49
43 58
44 66
44 97
44 98
45 62
45 67
45 106
45 107
46 47
47 79
47 80
47 105
47 106
48 55
48 62
48 106
48 109
48 110
49 61
50 63
51 52
52 68
52 84
52 85
52 105
53 59
53 62
53 106
53 108
53 111
54 55
55 89
55 90
55 105
56 61
56 62
56 106
56 110
56 112
57 67
58 59
59 94
59 95
59 105
60 62
60 64
60 106
60 111
60 113
61 99
61 100
61 105
62 65
62 68
62 112
63 64
64 102
64 103
64 105
65 106
65 107
65 108
65 109
65 110
65 111
65 112
65 113
67 73
67 74
67 105
68 106
68 107
68 108
69 70
69 73
70 74
70 75
70 76
71 72
71 79
72 75
72 80
72 81
73 120
73 121
74 114
74 115
74 116
74 117
75 76
75 78
75 81
75 83
75 86
75 88
75 91
75 93
75 96
75 98
75 101
75 104
77 78
77 84
78 85
78 86
79 119
79 120
80 105
80 115
80 118
80 122
82 83
82 89
83 90
83 91
84 120
84 125
85 115
85 121
85 123
85 124
87 88
87 94
88 95
88 96
89 120
89 128
90 115
90 119
90 126
90 127
92 93
92 99
93 100
93 101
94 120
94 131
95 115
95 125
95 129
95 130
97 98
97 102
98 103
98 104
99 120
99 134
100 115
100 128
100 132
100 133
102 120
103 115
103 131
103 135
103 136
105 117
105 118
105 119
105 120
106 109
107 114
108 123
109 118
110 126
111 129
112 132
113 135
114 117
115 116
115 122
115 124
115 127
115 130
115 133
115 136
117 119
117 121
117 125
117 128
117 131
117 134
119 126
119 128
119 134
120 131
120 134
121 123
121 125
121 134
125 129
125 131
125 134
128 132
128 134
131 134
131 135
