0 1
0 2
0 3
0 4
0 5
0 6
0 7
0 8
0 9
0 10
0 11
1 14
1 21
1 35
1 39
1 43
1 47
1 53
1 58
1 67
1 71
1 75
1 79
1 84
1 119
2 10
2 14
2 21
2 35
2 40
2 44
2 48
2 54
2 59
2 68
2 72
2 76
2 80
2 121
3 11
3 41
3 45
3 49
3 55
3 60
3 69
3 73
3 77
3 81
3 125
4 22
4 32
4 37
4 52
4 78
4 108
5 32
5 37
5 52
5 78
5 108
6 32
6 37
6 52
6 78
6 108
7 35
7 52
7 97
8 22
8 32
8 35
8 37
8 74
8 93
8 96
8 107
8 108
8 127
9 22
9 32
9 35
9 37
9 88
9 93
9 96
9 107
9 108
9 129
10 22
10 32
10 35
10 37
10 74
10 93
10 103
10 107
10 108
11 22
11 32
11 35
11 37
11 88
11 93
11 103
11 107
11 108
12 13
12 14
12 15
12 16
12 17
12 18
12 19
12 20
13 15
13 16
13 18
13 19
13 20
14 21
15 37
15 51
15 96
15 108
16 37
16 51
16 103
16 108
17 32
17 82
18 32
18 37
18 51
18 85
18 96
18 108
19 32
19 37
19 51
19 85
19 103
19 108
20 51
21 22
21 23
21 24
21 25
21 26
21 27
21 28
22 29
22 30
22 31
22 32
22 33
23 24
23 25
23 26
23 31
23 35
23 94
23 121
23 125
23 129
24 35
24 109
25 35
25 109
26 35
27 32
27 35
27 37
27 86
27 108
27 109
28 32
28 35
28 37
28 98
28 108
28 109
29 34
29 35
29 36
29 37
30 31
30 94
30 111
30 121
30 125
30 131
30 132
31 62
31 100
31 101
31 102
31 134
31 135
32 64
32 83
32 84
32 89
32 90
32 91
32 95
32 112
32 115
32 137
33 35
33 107
33 123
34 38
34 39
34 40
34 41
35 65
35 83
35 84
35 101
35 102
35 106
35 114
35 122
35 127
35 130
35 132
35 136
35 137
36 121
36 125
36 126
36 129
37 83
37 84
37 89
37 90
37 91
37 95
37 104
37 105
37 110
37 113
37 115
37 116
37 117
37 118
37 124
38 42
38 43
38 44
38 45
39 124
40 127
41 129
42 46
42 47
42 48
42 49
43 124
44 127
45 129
46 57
46 58
46 59
46 60
47 124
48 127
49 129
50 51
50 52
50 53
50 54
50 55
51 56
52 61
52 62
52 63
52 64
52 65
53 124
54 127
55 129
57 66
57 67
57 68
57 69
58 124
59 127
60 129
61 70
61 71
61 72
61 73
62 94
62 121
62 125
63 100
65 97
65 109
66 74
66 75
66 76
66 77
67 124
68 127
69 129
70 78
70 79
70 80
70 81
71 124
72 127
73 129
74 82
74 83
74 84
75 124
76 127
77 129
78 85
79 124
80 127
81 129
82 86
82 87
83 96
83 107
83 108
83 124
84 103
84 107
84 108
85 88
85 89
85 90
85 91
86 92
87 99
88 93
89 96
89 108
89 126
90 96
90 107
90 108
90 119
90 130
91 103
91 107
91 108
91 119
91 130
92 94
92 95
93 96
94 100
94 101
94 102
95 108
96 103
96 104
96 105
96 106
97 98
97 99
99 105
99 113
99 119
99 120
100 121
100 122
101 109
101 121
101 125
102 121
102 125
103 107
103 109
103 113
103 114
103 116
103 119
103 128
103 130
104 108
105 107
105 108
105 131
106 107
106 123
107 108
107 109
107 110
107 111
107 112
107 113
107 114
108 110
108 113
108 115
108 116
108 117
108 118
109 119
109 130
113 131
114 123
119 124
119 133
120 131
121 127
121 134
123 124
123 125
125 129
125 135
126 127
126 128
130 133
