0 1
0 2
0 3
0 4
0 5
1 2
1 3
1 4
1 5
2 3
2 4
2 5
3 4
3 5
3 6
3 7
3 8
3 9
4 5
5 6
5 7
5 8
5 9
6 7
6 8
6 9
7 8
7 9
7 10
7 11
7 12
7 13
8 9
9 10
9 11
9 12
9 13
10 11
10 12
10 13
11 12
11 13
11 14
11 15
11 16
11 17
12 13
13 14
13 15
13 16
13 17
14 15
14 16
14 17
15 16
15 17
15 18
15 19
15 20
15 21
16 17
17 18
17 19
17 20
17 21
18 19
18 20
18 21
19 20
19 21
19 22
19 23
19 24
19 25
20 21
21 22
21 23
21 24
21 25
22 23
22 24
22 25
23 24
23 25
23 26
23 27
23 28
23 29
24 25
25 26
25 27
25 28
25 29
26 27
26 28
26 29
27 28
27 29
27 30
27 31
27 32
27 33
28 29
29 30
29 31
29 32
29 33
30 31
30 32
30 33
31 32
31 33
31 34
31 35
31 36
31 37
32 33
33 34
33 35
33 36
33 37
34 35
34 36
34 37
35 36
35 37
35 38
35 39
35 40
35 41
36 37
37 38
37 39
37 40
37 41
38 39
38 40
38 41
39 40
39 41
39 42
39 43
39 44
39 45
40 41
41 42
41 43
41 44
41 45
42 43
42 44
42 45
43 44
43 45
43 46
43 47
43 48
43 49
44 45
45 46
45 47
45 48
45 49
46 47
46 48
46 49
47 48
47 49
47 50
47 51
47 52
47 53
48 49
49 50
49 51
49 52
49 53
50 51
50 52
50 53
51 52
51 53
51 54
51 55
51 56
51 57
52 53
53 54
53 55
53 56
53 57
54 55
54 56
54 57
55 56
55 57
55 58
55 59
55 60
55 61
56 57
57 58
57 59
57 60
57 61
58 59
58 60
58 61
59 60
59 61
59 62
59 63
59 64
59 65
60 61
61 62
61 63
61 64
61 65
62 63
62 64
62 65
63 64
63 65
63 66
63 67
63 68
63 69
64 65
65 66
65 67
65 68
65 69
66 67
66 68
66 69
67 68
67 69
67 70
67 71
67 72
67 73
68 69
69 70
69 71
69 72
69 73
70 71
70 72
70 73
71 72
71 73
71 74
71 75
71 76
71 77
72 73
73 74
73 75
73 76
73 77
74 75
74 76
74 77
75 76
75 77
75 78
75 79
75 80
75 81
76 77
77 78
77 79
77 80
77 81
78 79
78 80
78 81
79 80
79 81
79 82
79 83
79 84
79 85
80 81
81 82
81 83
81 84
81 85
82 83
82 84
82 85
83 84
83 85
83 86
83 87
83 88
83 89
84 85
85 86
85 87
85 88
85 89
86 87
86 88
86 89
87 88
87 89
87 90
87 91
87 92
87 93
88 89
89 90
89 91
89 92
89 93
90 91
90 92
90 93
91 92
91 93
91 94
91 95
91 96
91 97
92 93
93 94
93 95
93 96
93 97
94 95
94 96
94 97
95 96
95 97
95 98
95 99
95 100
95 101
96 97
97 98
97 99
97 100
97 101
98 99
98 100
98 101
99 100
99 101
100 101
