0 1
0 2
0 3
0 4
0 5
0 6
0 7
0 8
1 2
2 7
2 9
2 10
2 11
3 4
3 5
3 12
4 6
4 12
4 13
4 14
4 15
5 6
5 8
5 16
5 17
6 8
6 15
6 16
6 17
7 8
7 11
7 21
7 26
8 16
8 26
9 10
9 18
9 19
10 11
10 18
10 19
10 21
11 21
12 13
12 14
13 14
14 15
15 17
16 17
16 26
16 38
17 38
17 39
18 19
18 20
19 20
19 21
19 22
19 23
19 24
19 25
20 22
20 23
21 24
21 25
21 26
21 35
21 36
22 23
22 27
22 28
22 29
23 25
23 29
24 25
24 35
24 37
25 29
25 32
25 37
26 35
26 36
26 38
26 40
26 41
26 42
26 43
27 28
27 30
27 31
28 29
28 30
28 31
29 31
29 32
29 33
30 31
31 32
31 33
31 34
32 34
32 37
32 44
33 34
33 45
33 46
33 47
33 48
33 49
33 50
34 44
34 45
34 47
34 51
35 36
35 37
35 41
35 42
35 52
37 44
37 46
37 51
37 52
38 40
38 53
39 53
39 54
40 43
40 53
40 55
40 56
40 57
41 42
41 43
41 61
42 52
42 61
42 62
43 57
43 61
44 45
44 51
45 47
45 48
45 51
46 48
46 49
46 51
46 52
46 60
46 63
47 48
48 49
48 51
49 50
49 60
49 63
49 75
49 76
50 76
50 77
51 52
51 59
51 60
52 59
52 60
52 62
53 54
53 55
53 56
53 57
53 58
54 56
54 58
54 71
55 56
55 57
56 58
57 58
57 61
57 66
57 68
57 69
57 70
58 68
58 71
59 60
59 62
59 72
60 72
60 74
60 75
61 62
61 64
61 65
61 66
61 67
62 64
62 72
62 73
63 75
63 76
63 77
63 78
63 79
64 67
64 73
64 75
66 67
66 69
66 70
66 80
67 70
67 75
67 80
67 81
67 82
67 83
67 84
67 85
67 86
67 87
68 69
68 70
68 71
68 88
69 70
69 81
70 80
70 81
70 83
70 84
70 88
70 90
72 73
72 75
73 75
74 75
75 78
75 80
75 82
75 89
76 77
76 79
77 78
77 79
77 94
77 95
77 96
78 82
78 94
78 95
78 97
78 98
81 83
81 84
82 85
82 97
84 87
84 90
84 91
84 99
84 100
84 101
85 86
85 97
85 98
86 87
86 97
86 98
86 100
86 103
86 104
86 108
86 109
87 99
87 100
87 101
87 110
88 90
88 91
88 92
88 93
90 91
91 92
91 93
91 99
93 99
93 110
93 113
93 114
93 115
93 116
94 95
95 96
95 98
95 104
95 105
95 106
95 107
96 107
96 111
96 112
97 98
98 102
98 103
98 104
99 110
99 115
100 101
100 108
100 109
100 117
100 118
100 119
100 120
101 110
101 119
101 121
102 103
102 104
103 104
104 105
104 106
104 109
105 106
106 107
106 109
106 117
106 126
106 127
107 111
107 127
107 128
107 129
107 130
108 109
109 117
110 115
110 119
110 121
110 122
110 123
111 112
111 129
112 129
112 130
113 114
113 115
113 116
114 116
115 116
115 122
115 123
115 124
115 125
116 124
117 120
117 126
117 131
118 119
119 120
119 121
119 123
119 132
119 133
119 134
119 135
120 126
120 127
120 128
120 131
120 132
120 133
120 136
121 123
122 123
123 124
123 125
123 134
123 135
123 138
123 139
124 125
124 137
125 137
125 138
126 127
127 128
127 136
128 130
128 136
129 130
130 136
131 132
131 133
131 136
132 133
133 134
133 140
134 135
134 140
137 138
137 139
138 139
