0 1
0 2
0 3
0 4
1 2
1 3
1 4
1 5
1 6
2 3
2 8
2 9
2 10
2 11
2 12
2 13
2 14
2 15
2 16
2 17
2 18
2 19
2 20
2 21
2 22
2 23
2 24
2 25
2 26
2 27
3 4
3 5
3 6
3 7
4 6
4 7
4 10
4 12
4 18
4 22
4 25
4 29
5 6
5 7
6 28
6 29
6 30
6 31
7 14
7 30
7 32
7 33
7 34
8 9
8 10
8 11
8 12
8 13
8 14
8 20
8 21
8 22
8 23
8 24
8 26
8 27
8 35
8 36
8 37
8 38
8 39
8 40
8 41
8 42
8 43
8 44
8 45
9 11
9 12
9 14
9 20
9 24
9 27
9 40
9 44
9 46
9 47
9 48
9 49
9 50
9 51
10 11
10 12
10 15
10 16
10 19
10 21
10 36
10 37
10 38
10 52
10 53
10 54
11 12
11 13
11 14
11 17
11 20
11 21
11 22
11 26
11 27
11 29
11 44
11 46
11 49
11 55
12 13
12 14
12 15
12 17
12 18
12 23
12 24
12 35
12 36
12 39
12 40
12 43
12 45
12 46
12 52
12 53
12 54
12 56
12 57
13 17
13 29
13 35
13 39
13 41
13 42
13 43
13 46
13 58
14 25
14 26
14 32
15 16
15 54
17 46
19 54
19 55
19 59
20 24
20 39
20 47
20 48
20 58
20 60
21 23
22 25
22 39
22 51
23 27
23 35
23 36
23 46
23 57
24 26
24 39
24 46
24 60
25 39
26 39
26 44
26 46
26 60
27 39
27 40
27 46
27 57
28 61
28 62
30 31
30 32
30 59
30 61
30 63
30 64
30 65
30 66
30 67
30 68
30 69
30 70
30 71
30 72
30 73
30 74
30 75
30 76
31 48
31 59
31 65
31 66
31 67
31 68
31 71
31 77
31 78
32 34
32 48
32 49
32 50
32 51
32 59
32 79
32 80
32 81
32 82
33 59
33 62
33 64
33 65
33 66
33 67
33 68
33 69
33 70
33 71
33 72
33 77
33 82
33 83
34 61
34 62
34 80
35 36
36 38
36 46
36 52
36 53
37 38
37 39
37 42
37 43
37 52
37 53
37 56
37 84
38 46
38 52
38 84
39 40
39 41
39 43
39 44
39 46
39 53
39 57
39 60
40 46
40 56
40 57
41 42
41 46
41 53
42 55
44 46
45 46
45 85
46 56
46 57
47 48
47 58
48 58
48 62
48 68
50 51
50 79
50 80
50 81
51 79
52 53
52 84
53 84
55 58
56 84
59 67
59 68
60 68
61 62
61 63
61 64
61 65
61 66
61 68
61 70
61 73
61 74
61 75
61 76
61 79
61 86
61 87
61 88
61 89
61 90
61 91
62 64
62 65
62 66
62 67
62 68
62 69
62 70
62 71
62 73
62 74
62 77
62 78
62 87
62 88
62 89
62 92
62 93
63 79
63 80
63 94
63 95
64 67
64 79
64 89
65 66
65 67
65 71
65 72
65 73
65 74
65 75
65 76
65 86
65 88
65 90
65 91
65 93
65 96
65 97
65 98
66 67
66 69
66 71
66 73
66 76
66 77
66 78
66 87
66 92
66 98
67 68
67 69
67 71
67 72
67 73
67 77
67 78
67 93
68 71
68 72
68 73
68 74
69 73
69 78
69 86
71 73
72 73
72 86
72 92
73 74
73 76
73 83
73 86
73 87
73 88
73 90
73 91
73 92
73 97
73 99
73 100
73 101
74 75
74 83
74 86
74 88
74 91
74 99
74 101
74 102
75 76
75 85
75 97
76 86
76 89
76 99
76 100
76 103
76 104
78 86
78 89
78 98
79 80
79 81
79 82
80 81
80 82
81 95
83 91
85 96
85 97
86 90
86 98
86 100
86 101
87 88
90 91
90 97
92 98
94 95
96 97
96 102
97 101
99 100
99 103
99 104
100 103
100 104
101 102
102 103
103 104
