0 1
0 2
0 3
0 4
0 5
0 6
0 7
0 8
0 9
1 4
1 5
1 6
1 10
1 11
1 12
2 7
2 8
2 9
2 13
2 14
3 15
3 16
3 17
3 18
4 5
4 6
4 10
4 11
4 26
5 6
5 10
5 11
5 12
5 26
6 10
6 11
7 8
7 9
7 13
8 9
8 13
8 76
9 13
9 14
9 76
10 19
11 12
11 26
11 27
11 28
11 29
11 30
11 31
11 32
11 33
11 34
11 35
11 36
11 37
11 38
11 39
11 40
11 41
11 42
11 43
11 44
11 45
11 46
11 47
11 48
11 49
11 50
11 51
11 52
11 53
11 54
11 55
11 56
11 57
11 58
11 59
11 60
11 61
11 62
11 63
13 19
15 16
15 17
15 18
15 97
15 104
16 17
16 18
16 97
17 18
17 97
17 105
18 97
18 104
18 105
19 20
19 21
20 22
20 23
20 24
20 25
22 23
22 24
22 25
22 108
22 119
23 24
23 25
23 108
24 25
24 108
24 120
25 108
25 119
25 120
27 28
27 29
27 52
27 53
27 64
27 65
28 29
28 30
28 52
28 53
28 64
28 65
30 52
31 32
31 33
31 54
31 55
31 66
31 67
32 33
32 34
32 54
32 55
32 66
32 67
34 54
35 36
35 37
35 56
35 57
35 68
35 69
36 37
36 38
36 56
36 57
36 68
36 69
38 56
39 40
39 41
39 58
39 59
39 70
39 71
40 41
40 42
40 58
40 59
40 70
40 71
42 58
43 44
43 45
43 60
43 61
43 72
43 73
44 45
44 46
44 60
44 61
44 72
44 73
46 60
47 48
47 49
47 62
47 63
47 74
47 75
48 49
48 50
48 62
48 63
48 74
48 75
50 62
52 53
52 64
52 65
53 64
53 65
54 55
54 66
54 67
55 66
55 67
56 57
56 68
56 69
57 68
57 69
58 59
58 70
58 71
59 70
59 71
60 61
60 72
60 73
61 72
61 73
62 63
62 74
62 75
63 74
63 75
64 77
64 78
64 79
64 80
64 81
65 88
66 91
66 92
66 93
66 94
66 96
68 74
68 84
68 85
68 86
68 87
68 106
68 107
70 72
70 99
70 100
70 101
70 102
70 121
73 124
73 125
73 126
73 127
75 114
75 115
75 116
75 117
77 79
77 80
77 81
77 82
77 83
78 84
78 85
78 86
78 87
79 80
79 81
79 82
80 81
80 82
80 95
81 82
81 83
81 95
82 88
84 85
84 86
84 87
84 108
84 109
85 86
85 87
85 108
85 118
86 87
86 108
87 108
87 109
87 118
88 89
88 90
89 91
89 92
89 93
89 94
91 92
91 93
91 94
91 97
91 98
92 93
92 94
92 97
92 103
93 94
93 97
94 97
94 98
94 103
96 99
96 100
96 101
96 102
99 100
99 101
99 102
99 122
99 123
100 101
100 102
100 122
100 128
101 102
101 122
102 122
102 123
102 128
106 110
106 111
106 112
106 113
107 114
107 115
107 116
107 117
110 111
110 112
110 113
110 122
110 129
111 112
111 113
111 122
112 113
112 122
112 130
113 122
113 129
113 130
114 115
114 116
114 117
114 133
115 116
115 117
116 117
116 134
117 133
117 134
121 124
121 125
121 126
121 127
124 125
124 126
124 127
124 131
125 126
125 127
126 127
126 132
127 131
127 132
