0 1
1 2
2 33
2 66
2 111
3 4
4 5
4 6
4 7
4 8
4 9
4 10
4 11
5 9
5 11
5 22
5 25
5 26
5 29
5 31
5 32
5 34
5 36
5 37
5 38
5 75
5 79
6 7
6 8
6 9
6 31
6 79
6 83
7 8
7 9
7 10
7 11
7 25
7 26
7 27
7 28
7 29
7 35
7 41
7 43
7 44
7 45
7 46
7 53
7 84
8 9
8 10
8 11
8 26
8 41
8 43
8 44
8 45
8 46
8 53
8 82
8 86
8 87
8 88
8 89
9 10
9 11
9 26
9 29
9 36
9 39
9 43
9 44
9 45
9 46
9 53
9 86
9 90
9 91
10 11
10 55
10 61
10 77
11 22
11 25
11 26
11 29
11 30
11 31
11 32
11 34
11 36
11 37
11 38
11 39
11 44
12 13
12 14
12 15
12 16
12 17
12 18
12 19
12 20
12 21
13 16
13 18
13 22
13 23
14 18
14 24
15 16
15 21
15 23
15 27
15 33
15 47
16 18
16 21
16 23
16 48
17 20
17 57
17 58
17 60
18 19
18 23
18 34
18 59
18 73
18 98
18 99
19 34
20 60
20 62
20 102
20 104
21 34
21 83
21 102
22 25
22 26
22 27
22 28
22 29
22 30
22 31
22 32
22 33
22 34
22 35
22 36
22 37
22 38
22 39
23 34
23 56
23 59
23 98
24 56
25 26
25 29
25 30
25 31
25 32
25 35
25 37
25 38
25 40
25 41
26 29
26 31
26 35
26 37
26 38
26 42
26 43
26 44
26 45
26 46
27 28
28 31
28 36
28 39
28 41
28 49
28 50
29 30
29 31
29 32
29 37
29 38
29 39
29 51
29 52
29 53
29 54
30 31
31 33
31 37
31 39
31 41
31 55
32 34
32 36
32 37
32 38
32 77
32 78
33 39
33 50
34 36
34 56
34 59
34 68
34 93
36 41
36 63
36 68
36 117
37 38
37 82
37 86
38 41
38 126
39 44
39 46
39 50
41 49
41 50
41 61
41 63
41 64
43 44
43 45
43 46
43 114
43 115
43 116
44 45
44 46
44 115
44 116
44 122
44 123
45 46
45 83
45 85
45 86
46 86
46 116
47 71
47 74
47 117
48 130
49 84
50 61
50 64
51 52
51 55
52 61
52 77
52 99
53 105
53 106
53 107
54 133
55 77
55 92
57 58
57 59
58 60
58 109
61 62
61 63
61 64
62 67
62 73
62 77
62 86
62 101
62 102
62 103
62 104
63 98
63 99
63 117
63 118
65 66
65 67
65 68
65 69
65 70
65 71
66 67
66 68
66 69
66 70
66 71
66 72
66 73
66 74
66 75
66 76
67 68
67 69
67 70
67 71
67 73
67 93
68 69
68 70
68 93
69 70
69 71
69 93
71 73
71 74
71 80
72 80
73 74
73 98
73 99
75 80
75 100
76 127
77 85
77 92
79 83
80 81
80 82
81 115
81 122
81 125
82 123
83 85
85 97
85 99
86 100
86 103
86 115
86 119
86 120
86 121
87 88
89 116
89 126
90 91
90 106
94 95
94 96
95 96
96 97
97 98
97 110
98 99
98 110
98 112
98 113
102 104
102 131
104 131
105 107
107 108
109 132
116 125
116 126
120 121
122 123
123 124
124 126
125 128
129 130
