0 1
0 2
0 3
1 2
1 4
1 5
1 6
1 7
1 8
1 9
1 10
1 11
1 12
2 3
2 4
2 5
2 7
2 9
2 10
2 13
2 14
2 15
2 16
2 17
2 18
2 19
2 20
2 21
2 22
2 23
3 4
3 5
3 7
3 10
3 12
3 13
3 14
3 17
3 19
3 20
3 22
3 24
3 25
4 7
4 8
4 11
4 12
4 14
4 15
4 17
4 18
4 19
4 20
4 21
4 26
4 27
4 28
4 29
4 30
4 31
4 32
5 6
5 8
5 11
5 17
5 19
5 24
5 26
5 30
5 33
6 8
6 10
6 13
6 16
6 19
6 20
6 21
6 23
6 34
6 35
6 36
6 37
6 38
6 39
6 40
6 41
6 42
7 8
7 9
7 11
7 12
7 13
7 15
7 17
7 19
7 20
7 21
7 24
7 28
7 29
7 30
7 31
7 32
7 33
7 34
7 36
7 38
7 42
7 43
7 44
7 45
7 46
7 47
7 48
7 49
8 9
8 10
8 14
8 15
8 16
8 17
8 19
8 20
8 21
8 23
8 28
8 29
8 30
8 31
8 32
8 34
8 42
8 43
8 45
8 46
8 49
8 50
8 51
8 52
8 53
8 54
9 10
9 13
9 15
9 16
9 18
9 19
9 21
9 22
9 28
9 29
9 30
9 31
9 32
9 34
9 35
9 37
9 40
9 41
9 42
9 45
9 46
9 47
9 48
9 49
9 51
9 52
9 53
9 54
9 55
9 56
9 57
9 58
9 59
9 60
9 61
9 62
10 11
10 12
10 13
10 18
10 19
10 21
10 22
10 24
10 25
10 28
10 30
10 31
10 32
10 33
10 35
10 37
10 40
10 41
10 44
10 45
10 46
10 47
10 48
10 49
10 56
10 58
10 59
10 62
10 63
11 12
11 17
11 18
11 20
11 21
11 26
11 28
11 30
11 31
11 32
11 37
11 49
11 50
11 54
11 56
11 64
11 65
11 66
11 67
12 13
12 17
12 18
12 19
12 20
12 21
12 27
12 28
12 29
12 30
12 31
12 32
12 36
12 37
12 38
12 40
12 43
12 46
12 48
12 49
12 50
12 54
12 55
12 56
12 57
12 62
12 64
12 65
12 66
12 67
12 68
12 69
13 17
13 19
13 20
13 22
13 25
13 27
13 29
13 31
13 37
13 44
13 48
13 49
13 56
13 58
13 59
13 64
13 69
14 17
14 18
14 20
14 21
14 23
14 28
14 30
14 31
14 32
14 37
14 40
14 43
14 45
14 46
14 49
14 50
14 51
14 52
14 54
14 55
14 56
14 60
14 62
14 64
14 65
14 66
14 67
14 68
14 70
14 71
14 72
14 73
15 18
15 19
15 21
15 22
15 31
15 32
15 45
15 46
15 48
15 49
15 51
15 54
15 55
15 57
15 58
15 59
15 60
15 61
15 62
15 64
15 65
15 66
15 68
15 69
15 70
15 71
15 72
15 73
16 17
16 18
16 19
16 20
16 21
16 22
16 23
16 25
16 29
16 31
16 32
16 37
16 40
16 44
16 45
16 46
16 48
16 49
16 50
16 54
16 56
16 57
16 58
16 59
16 60
16 62
16 63
16 64
16 65
16 66
16 69
16 70
16 73
17 19
17 35
17 38
17 39
17 41
17 45
17 47
17 49
17 53
17 54
17 58
17 60
17 61
17 62
17 74
17 75
17 76
17 77
18 19
18 21
18 29
18 30
18 31
18 32
18 33
18 37
18 38
18 40
18 42
18 44
18 45
18 46
18 47
18 48
18 49
18 54
18 57
18 58
18 62
18 64
18 66
18 67
18 68
18 69
18 73
18 74
18 76
18 78
18 79
18 80
19 20
19 21
19 23
19 30
19 32
19 33
19 36
19 38
19 41
19 44
19 45
19 47
19 48
19 49
19 54
19 55
19 58
19 59
19 60
19 64
19 67
19 68
19 70
19 73
19 75
20 21
20 28
20 29
20 30
20 31
20 32
20 37
20 38
20 40
20 42
20 45
20 46
20 48
20 49
20 50
20 52
20 53
20 54
20 56
20 57
20 60
20 61
20 62
20 64
20 65
20 66
20 67
20 68
20 69
20 71
20 72
20 73
20 74
20 76
20 78
20 79
20 81
20 82
21 29
21 30
21 32
21 38
21 41
21 45
21 47
21 48
21 49
21 52
21 53
21 54
21 57
21 58
21 59
21 60
21 61
21 62
21 64
21 67
21 68
21 70
21 72
21 73
21 74
21 75
21 76
21 79
21 81
21 82
22 30
22 31
22 32
22 46
22 49
22 52
22 54
22 60
22 61
22 62
22 64
22 65
22 66
22 67
22 68
22 70
22 71
22 72
22 73
22 78
22 79
22 81
22 83
