0,-0.06194749874306049,-0.05825172098234963
1,-0.033557508295241845,0.06223280371478235
2,0.09110892578298552,0.011979236794265082
3,0.04666210452737961,-0.12033861265905697
4,0.02820274640404601,0.09099596114267243
5,0.007327109691024021,-0.0005819565837097397
6,0.10748391454561902,0.07333284080287515
7,-0.13069301575750158,0.08584779900387864
8,0.10755336970493784,-0.0500834056974426
9,0.2174322981333389,0.019946115307247964
10,-0.13276338356925832,-0.016112598289188318
11,-0.16879889245944127,-0.20176781941286048
12,0.2351598081352231,-0.10178053458962669
13,0.316094143835592,-0.15418235088470278
14,0.24403363185026716,0.11997286758658397
15,-0.11089698868888388,0.015732586289954827
16,0.18259986094127295,-0.2606513800720171
17,-0.10244134109743333,-0.16579415678671425
18,-0.17357942554933192,0.18322452359159186
19,-0.08712259962472856,0.274334057385934
20,-0.09010025350597074,0.0662128749338872
21,0.10888020928708529,-0.10602252027576212
22,0.276359761580356,0.1560235062351373
23,0.06392743752521332,0.4271902793578271
24,-0.2233510078951299,0.25778368717649497
25,-0.4336559068842236,-0.06905600516042906
26,-0.1255670876803203,-0.09377286259510789
27,-0.2562427813125815,-0.0021356219022663197
28,0.05670944923865918,-0.4142844956383828
29,0.464008300025934,-0.2884249119010926
30,0.2561165064858038,-0.19067019316368036
31,0.12164855623720325,0.45710843367018333
32,-0.01777475263865081,0.40893078664923416
33,-0.39214237319844364,0.23036596189258557
34,-0.5231165449920674,-0.10724218764313488
35,-0.41121149220234543,-0.12272098768829623
36,-0.21307681672911866,-0.31729835960112945
37,-0.2533151375383482,-0.30579355679534276
38,0.22885219992483677,-0.32576393137983367
39,0.5589344192207072,-0.3144307270465928
40,0.5881259483609808,-0.34933123196581733
41,0.7238745068703556,0.05735452373187495
42,0.5989496381402715,0.03347392369366809
43,0.3338486243111854,-0.554418372927119
44,0.177460940358894,-0.2755512269911833
45,0.38645528334445156,-0.03433970008847663
46,0.5076284991921027,0.30008817227904266
47,0.29002627090676175,0.3839783105473675
48,0.009861175479074388,0.27898124654473894
49,0.5265228457112651,0.1943835439849431
50,0.09399329859233581,0.25231184263554973
51,-0.17256080087380768,-0.4984943109978063
52,0.38505960666185113,-0.6413793079289032
53,0.0999786833653057,-0.6725499385047365
54,0.08591633171958929,-0.6363666491879472
55,-0.11270719442726156,-0.6652198374075329
56,-0.24482317027489997,-0.4372808207948998
57,-0.08917708863888162,0.14320460630833148
58,-0.45805040552119447,0.21343339721300497
59,-0.4448911226269747,0.3066467257033308
60,-0.3591567020478216,0.5770792118078545
61,-0.23438863771158902,0.5146018028181696
62,-0.024224466453881873,0.3312735009802243
63,-0.16357349581688554,0.4649381605485974
64,-0.5187836354748838,0.11757432168282109
65,-0.3979363778519786,-0.15030228990317768
66,0.12800283693486966,-0.1103879053988996
67,0.1902854465703434,0.25512904536044406
68,0.1937546162053702,0.05282459699364662
69,0.5104742089271954,-0.09733793305694918
70,0.5279858655244524,0.11665048681994475
71,0.5205871569224629,0.4433773514432519
72,0.23440069009581324,0.6208557444844894
73,-0.13586347238675642,0.6946215508581681
74,-0.11294316111216583,0.6601512302147438
75,-0.1493922479809249,0.7800866865676815
76,-0.18322184460398175,0.6975444052726891
77,-0.5145291464037066,0.4612778955465624
78,-0.6286492146540276,0.3661939251264397
79,-0.6849289884249786,-0.10637486161323687
80,-0.4823347856797171,-0.5191243481885931
81,-0.4288932667717251,-0.4113676771007206
82,-0.3669581502634744,-0.3210845818197225
83,0.007982893504671802,-0.5161948624623456
84,0.20239409053388746,-0.5213724544458982
85,-0.34103847519167524,-0.1147458960999375
86,-0.05715081671629108,-0.24776189355788736
87,-0.21920114304726865,-0.3307397562186297
88,0.3914595542116717,-0.4926146211993331
89,0.34107753952973174,-0.49812435081720824
90,0.19338498859777048,-0.5686853062211952
91,0.7864878982105711,-0.1972325352244966
92,0.7205713946994355,-0.19889750990883806
93,0.49817144908527805,-0.38885129073027885
94,0.7091406973262222,-0.4488798936965445
95,0.5790754014286003,-0.15325589467963446
96,0.18157950807471981,0.09312436255835586
97,0.40090181064943664,0.12291249004456917
98,0.036692157311047004,0.6778857127825149
99,0.13952405030405082,0.6666572266369241
100,0.0792569002617459,0.5795288534510695
101,-0.05170220409345501,0.6625912477411356
102,-0.30242254557779236,0.4719064528063498
103,-0.6697416013759867,0.2429169380855482
104,-0.6582126504719876,0.10666447942964226
105,-0.593865656557095,0.0660339893604093
106,-0.40708479261341146,0.5006622553318353
107,-0.6827340441096155,-0.21861259374850553
108,-0.5812810827861448,-0.30720331145201085
109,-0.709541109267087,-0.17065502593618365
110,-0.7599296332122154,-0.0003125971317468579
111,-0.5304396586082848,-0.28896574601930053
112,-0.4687061136246748,-0.325241820356442
113,0.01398365277179751,-0.46180875932881144
114,-0.37611768233541537,-0.48878572466053904
115,0.002163063769247119,-0.1919799029885841
116,-0.03959537855465314,-0.4371948424018142
117,-0.5142392651785179,-0.3634264759537104
118,-0.039556900342622894,-0.31900274334383166
119,0.517055093983614,-0.30148212697652405
120,0.5398048805950427,-0.5038205705513437
121,0.498801161243952,-0.49000816681607795
122,0.3717265500925524,-0.17580979384363868
123,0.7260085357983892,-0.10408519588769581
124,0.8594469361068411,-0.18601766927605373
125,0.7883744529174768,-0.4653269382845666
126,0.7680560466974365,-0.11911090728826713
127,0.7656632609332074,-0.2936826229253669
128,0.8082578457952315,0.34619215301602557
129,0.8371536398886137,0.229675965035918
130,0.9090426398349001,0.059787655797430034
131,0.8625244266290958,0.14918403758594428
132,0.7810227217449033,0.1876252960950427
133,0.4280526525880743,0.23220151658068874
134,0.3623640412929995,0.2429489114890954
135,0.26640971404153624,-0.5854761036141921
136,0.06474772500929052,-0.7205093515061758
137,0.2680036842353896,-0.8382460488101002
138,0.4746343346294139,-0.8238939183029315
139,0.4194447621397024,-0.25195017484123716
140,-0.04227332514748788,-0.5192312462693489
141,0.02300039679300685,-0.5677274734841731
142,0.638769307198432,0.16934678549969637
143,0.21166926466675448,0.16914899419942553
144,0.10475655941027393,-0.3120703022532969
145,0.5481146104767572,0.5416323117519711
146,0.24150200585898743,0.3231140371379072
147,0.17325435056642638,0.5107546868608508
148,-0.11580762696323306,0.3788927287005104
149,0.1318026015048613,0.37731587278513995
150,-0.046526219448853164,0.4230844195116538
151,-0.31131681368831726,0.35637954298788566
152,-0.2979702835597702,0.3801587277238041
153,0.5026322566257015,0.531536609614547
154,0.3988026872497604,0.3795240463148462
155,0.7139889382534057,0.44032653276407313
156,0.2025117086201814,0.556304425924633
157,-0.15310886743415042,0.514848441631648
158,-0.22719726032331253,0.36648361486977177
159,-0.33414386663234397,-0.6763174449390967
160,-0.4464467220052593,-0.7119316970170099
161,-0.10666068575401436,-0.7983306517129751
162,0.2899506400411982,-0.8997179955769027
163,0.3260174123952526,-0.8651897432189177
164,0.4304696263138192,-0.7671563834659664
165,-0.24623913288242139,-0.7718276954079456
166,-0.05143478207118011,-0.9085142402177854
167,0.11234385219057069,-0.910580248071206
168,-0.008015665834887012,-0.8887634408696276
169,-0.20118888727025447,-0.6267143572049303
170,0.13630023922226428,-0.7977060852162221
171,0.2735756268842277,-0.7869656573029731
172,-0.3937880856700316,-0.802777171531808
173,-0.3802568113069844,-0.7247580786134459
174,-0.35328429826384206,-0.6248906968818904
175,-0.6105132772697667,-0.3894107947003413
176,-0.5072545322474201,-0.658141458958532
177,-0.24899038064597126,-0.15128573778017165
178,-0.34627708152174486,0.23230496245105067
179,-0.4610223339922187,0.051801739503644154
180,-0.5989578267986074,0.4894344490354511
181,-0.7775221085374387,0.355690005437577
182,-0.7780673030978575,0.10172265609855152
183,-0.6948162623318989,0.33482552335368826
184,-0.5952523286426279,0.5672105481622052
185,-0.3875020953315421,0.7540777185080701
186,-0.3697550249385035,0.8875792475814572
187,-0.606501819729394,0.6952424218643511
188,-0.6712113907959417,0.6255476530962002
189,-0.05835908146892156,0.7803367425051946
190,-0.2403810824406586,0.8238236725084331
191,-0.29735107157855906,0.8394689798415138
192,-0.4967505901298315,0.6565878424776576
193,0.02363966214369074,0.7670766569920083
194,-0.03840563610336521,0.5909712008877775
195,-0.46406863579554314,0.3969196374787912
196,-0.6643892547288609,-0.043072378187252756
197,-0.14443778479707076,-0.20663889347491002
198,0.32980890266177365,0.08124155849246507
199,0.375012335972166,-0.06836953734939943
200,0.39272349334771195,0.2811485129981401
201,0.5305932588716138,0.0046699505513122285
202,0.7580929965033897,0.010208206620746941
203,0.7159134433522808,0.36269095679314983
204,0.5009829513486855,0.7151992073266225
205,0.11398865386407292,0.8708046390593381
206,-0.07740317546714652,0.9249645429109585
207,-0.14189583037305536,1.0
208,-0.13681060100804485,0.9566826318505048
209,-0.23231483015859727,0.9819980399736438
210,-0.45106225296039953,0.7879909477649572
211,-0.47703987184871016,0.7419161673979474
212,-0.7831489966802371,0.5343667162738066
213,-0.8637114974338722,0.1603683071919981
214,-0.7768374196140928,-0.3972066784142671
215,-0.6568579702945326,-0.6128310934941038
216,-0.48860685063966613,-0.5579371186741631
217,-0.17864031501523667,-0.5427204088522022
218,0.2567316206242239,-0.7146518985256063
