0,0.9753278576339512,0.019634318179310058
1,-0.08468827832355617,-0.9880650550839801
2,0.9023478380022976,0.35309893709692713
3,-0.5314555484022109,0.09888547956779117
4,0.3210342424878024,-0.7154237264089846
5,-0.8643045786105071,-0.16837878455336056
6,-0.15992667038712444,1.0
7,0.6711927226042123,0.5220760646870765
8,-0.343484398211518,-0.806243705056295
9,0.24614491591374177,0.1935955601355686
10,-0.625864187854148,0.7494050530380785
11,-0.2775451118295536,-0.3471134502868932
12,0.336894618295638,-0.9548684178998683
13,-0.6057282916003479,0.42790446638572743
14,0.6006308490376162,0.8094427961262796
15,-0.8743270948762005,-0.5104604515313497
16,0.8392125297660373,-0.2517350892583229
17,0.5762693767039743,-0.6091784969752289
18,0.12884848730476225,-0.28480820922820327
19,0.482186367485038,-0.23223205410955935
20,-0.15234014121665218,0.03950330474784793
21,-0.3497139872562148,0.743092497566514
22,0.29731446301104836,0.5129910493316927
23,-0.002694472316891048,-0.6704017833488799
24,0.011677263402822822,0.7043955990858539
25,-0.5800155369339814,-0.31645918607760276
26,0.8698034398552006,-0.5688057438165632
27,-0.9804425120620719,0.07721039602322767
28,0.2711932197380998,0.9213357869713826
29,-0.19969318163289435,0.3966793453795666
30,0.6142626249103412,0.1448114025910118
31,-0.5964721702039774,-0.7106177277834255
32,-0.9156446544347321,0.42072982450466034
