0,0.2608380394397519,-0.9694243398737794
1,0.23068804763774764,-0.9851323755041994
2,0.19351379685763942,-0.8272558924043687
3,0.21765367811755096,-0.9551410565059796
4,0.19279434518915886,-1.0
5,0.16494261107919533,-0.9744782373378934
6,0.0017133275303441169,-0.8262699448992097
7,0.06904966353327818,-0.751756354126506
8,0.28300631148365685,-0.5909447476859843
10,0.17222143891468225,-0.8957264546793615
11,0.14342309874975,-0.8992380406980225
9,0.12972149640344358,-0.8677660030397956
12,-0.11125855636056414,-0.8573710941127328
13,-0.06799065966089834,-0.8153544304055216
14,-0.15476197966811203,-0.7495631601175822
15,0.33570764008529047,-0.41284147120796044
16,0.39752072861916293,-0.3854780797029266
17,0.42577611661945325,-0.41987861540838955
18,0.12153237776943454,-0.7068745182630918
187,-0.18799447319974852,-0.8062593894093696
72,-0.40376026787519576,-0.6253273732973428
83,-0.29395383854410606,-0.6750939132767633
113,0.3274218980063781,-0.28819393340430405
114,0.30861251459399175,-0.21945658975651647
33,0.4602605950527848,-0.2744664612125502
34,0.5635348475056078,-0.3285839981273109
146,0.08028551364527585,-0.382109036206779
19,0.9177102541643372,-0.05429225941384801
20,0.7967738939406189,-0.02089111815938455
21,0.8447453808370011,-0.021440211713943072
22,0.8418845469186074,-0.11927077315904211
23,0.6736959282225035,0.0024759166700969912
24,0.6768388954170528,0.032782989599483545
25,0.6810479117423609,-0.014759994627635362
26,0.6815336382937945,-0.18100176807001336
27,0.84293203960547,0.08112308401011331
28,0.9190553783558777,0.047125030874635356
29,0.8395005525593429,0.045405209791903996
30,0.42635398390483065,0.02250035457510805
31,0.503310989480916,0.10600382857828718
32,0.6772567033101883,0.09413878455562258
35,0.7044705592963083,-0.30545309971444945
110,0.12880489641983658,0.08691607988617989
147,0.2216646358797406,-0.08330239675194198
112,0.2249809763664411,0.1681038413652835
186,0.5306194664463361,0.11844030145887381
117,0.30645752743906907,-0.14933021796880616
36,0.1944057156248152,-0.051674722862132434
37,0.13063987186005688,-0.13043118356552208
38,0.0004953547242575713,-0.1178940028914427
39,0.26643269495322935,-0.0673889573826877
40,0.3180829267397362,-0.028332019802782753
41,0.35819323803383585,0.1022617541763707
42,-0.12739607692701843,-0.156952276164157
43,-0.17626956002266397,-0.06775817954643312
44,0.5230316021819847,0.3889582418722175
45,0.16013725331956222,-0.19619832623971875
46,-0.4044967570839299,-0.1149981135948931
47,-0.2996628617298124,0.02935908183894713
48,-0.21175748551016127,0.029030753460816273
49,-0.2065387628215497,0.005549663112359709
50,0.659371831947259,0.5877265025201962
51,0.5858567059847779,0.6129181209559071
133,0.3827163018102807,-0.1047029580692576
136,0.29408078301859786,-0.21854539236715576
137,0.2937399758949138,-0.2466460252184086
193,-0.5789682472358331,-0.09239607077119859
194,-0.5527305763073452,-0.024428919572360167
128,-0.19535546898699932,0.06657688731885159
164,-0.4749857112608694,0.12540899734374183
129,-0.09808492409101008,0.10999584244240862
196,0.7770981285316649,0.7291117351898537
198,0.6832499987495595,0.6975961613381378
174,0.5514691051320381,0.7580808104618956
182,0.5899645280423375,0.7386265147347166
52,-0.6486781360921092,-0.6863180051957479
53,-0.6202986229852621,-0.6046920639130378
54,-0.6676778662909174,-0.7218986674612333
55,-0.6930281150184003,-0.6527616271402898
56,-0.6263318646802958,-0.5803801768667884
57,-0.6580926068979969,-0.6164087387979168
58,-0.5907264281532142,-0.47270456793247756
59,-0.6680672058010273,-0.5537835505000642
60,-0.5864459357968106,-0.4339372454033499
63,-0.6599516547458532,-0.4891288146973478
64,-0.5912356589119238,-0.5152325699893328
61,-0.6293019585814671,-0.3074242075983066
62,-0.5415677025679523,-0.3526747721049185
65,-0.666447546613595,-0.40903390152550717
66,-0.5620139611759957,-0.5339839434912186
67,-0.5142996909533156,-0.1992018125108479
68,-0.6900034735513614,-0.12520417130060432
69,-0.6925358177084858,-0.335887946077143
70,-0.6506299156455838,-0.383274631371419
71,-0.55015378050943,-0.3894987438596982
73,-0.6455085938311246,-0.19693189549862392
74,-0.5137751568218633,-0.6682771431221994
75,-0.4239271904326327,0.05693771845839238
76,-0.444406698848033,-0.014686402828790255
90,-0.6319466473114242,0.07016407962771608
96,-0.7283556925768683,-0.11247129695115603
78,-0.40536133543195,-0.4813358950211876
79,-0.41128059541080775,-0.34642738856969196
80,-0.4276400408183509,-0.33609959301011577
77,-0.6626598590998699,0.14158254863258204
103,-0.5316762953371061,0.28350673460565845
108,-0.5026653092283536,0.19132451649242246
152,-0.16929217578040978,0.046646491834957796
156,-0.3485363206603717,0.1006281165048454
161,-0.3947524615614717,0.1219534605940504
81,-0.6090172451837107,0.4262194141607491
82,-0.7351881284101551,0.23628929724118586
84,-0.36909354071628153,-0.33675081621656855
85,-0.3146451863375467,-0.1687476002365041
86,-0.532065494543347,0.6332413482030385
87,-0.6226191354725902,0.20641102099384007
88,-0.6572443263372506,0.2271374829401927
126,-0.13153117457447336,-0.18962531443916122
127,-0.23878520116040988,0.14633594933864053
149,-0.42692079153723556,0.7326793318352743
165,-0.5302891321576422,0.1734181662817717
166,-0.5654103544105599,0.13278981199177076
89,-0.5040064569998047,0.26565197287775777
91,-0.4343374574148888,0.1600176494131279
92,-0.6249152883330522,0.41216420861530206
93,-0.4608569044628859,0.38216616014263255
94,-0.28699470685939654,0.2398636476637501
95,-0.7396079769943119,0.02222631683898221
97,-0.6372417183612892,0.11746600116048182
98,-0.6697385202561102,0.20279226853388416
99,-0.14697038074482555,0.14943380036374102
100,-0.20772170321075928,0.08914116377125489
102,-0.5573368238837688,0.42123481475221974
104,-0.7895150496663047,0.4961575338630707
105,-0.739331494371975,0.5300190372990242
106,-0.24296398471072186,0.2972828232862685
107,-0.06753393166968458,0.23966450463118788
101,-0.8328090861231506,0.3393387089293721
111,0.004365756772140116,-0.05682482104998565
109,-0.9010273676382521,0.46322597990685854
148,0.32074765005975486,0.08643329098611821
115,0.19174659127562574,-0.2388065481921109
116,0.1761680686132692,-0.1149833066394973
123,0.14328348997702245,-0.06742699341830471
124,0.17275200606698599,-0.08811152922075483
125,0.24134292849078226,-0.0484941751134553
118,0.12783195827969482,-0.3511557152373382
119,0.033622613384627804,-0.2855291849453691
120,0.2470113232347312,-0.10469187796673261
121,-0.0810756633138022,-0.01260832769468223
122,0.26253291478449065,0.0952789596083653
130,0.31423479973647567,0.3728684030547253
131,0.36118379594077804,0.2896821098676103
132,0.1359041348577219,0.2201556214519221
151,-0.022154843014971625,0.009493086438898226
154,0.025371378915614286,0.011957580688541199
157,0.07178297602123743,-0.0044541156695450685
190,-0.29651359385035325,0.3994821498275973
191,-0.29144349488330396,0.3203113249379612
192,-0.261252728612824,0.3312891342337017
175,0.3446191233985964,0.5635743365719299
177,0.3615602222267937,0.5963780581184408
178,0.3909465656245542,0.48300638290091136
188,0.4793403038415946,0.43275404385589555
134,0.5181644361089296,0.0232379028625529
135,0.5305677683321858,0.09826886059852666
138,0.5727619821203339,0.21643064960626826
139,0.5593990739294915,0.30260014924681117
140,0.6178668134821336,0.1954085749654915
141,0.57068051971818,0.4253007095298324
142,0.49722105963007124,0.43247747155292593
143,0.5104367125924673,0.47137469916302016
144,0.5243337914321949,0.5936930167646803
145,0.583460546975974,0.5870814936686971
171,0.4269780559903894,0.5550117223854553
179,0.42667966344059743,0.5963674283670963
168,0.5642656873567637,0.6893578503971037
169,0.5229294051277945,0.6823692761177577
170,0.42785777021886684,0.6597620743447185
185,0.1751374672488766,-0.27354472812259034
160,0.14331237180508485,0.07141275635245473
150,-0.3555288154196261,0.610192519971496
153,-0.14290533786587037,0.07265721136279024
155,-0.015625087801883104,0.06305709454102672
158,-0.35374851795773,0.13809465828598658
159,-0.40227091273797105,0.1453579257643633
162,-0.39138343516842133,0.21026300343407936
163,-0.4332809598836369,0.2050927866172052
167,-0.5248467761415754,0.2129964630320836
172,0.5010193353771499,0.7576376694531048
173,0.4514221505441349,0.7277133073823794
176,0.3315397183307523,0.6958972691389121
180,0.3091560695875683,0.653891680789514
181,0.1841331256540903,0.7464164319081482
183,0.2102334781611962,0.7286978195273154
184,0.24786070278801453,0.7791482839580816
189,0.6886277424648914,0.5522906605088864
199,0.8399633372237342,0.6708563224105133
195,0.8899000849281945,0.8246033692129914
197,0.9219075182561324,0.7704771595101818
