0,0.41992939398831064,0.06915794827300026
1,0.3819976021323643,0.0007634967429616695
2,0.2889364604958207,0.10081072188731488
3,0.3741236398781207,-0.05520598571864854
4,0.29619786958420513,0.18018585163355777
5,0.5159198933356988,0.030834797043577805
6,0.4650697777307898,0.1153921931995692
7,0.27634849038443615,0.02874007570623014
8,0.335912998666501,0.015824474465173405
9,0.08189332944938545,0.17038644346988427
10,0.41045265052586094,0.018030933845777312
11,0.26571396042018336,-0.08954279440155628
12,0.17875437229769997,-0.11083609976604986
17,0.1506876486630757,0.30360669151770237
18,0.37497573413061197,0.21703654534091976
19,0.6036118361212316,0.10167384490843218
20,0.5768191641247792,0.041933107265700716
21,0.41089838185906974,-0.0020902169931229287
13,0.3267288082555673,0.11578988807769712
14,0.5408590448433667,-0.03442366203146237
15,-0.04788129953300884,0.0726503191868383
16,0.1947610572352716,0.1644185807093005
22,-0.16500265454051374,0.1266983364323167
23,-0.07164014993706513,0.30111689707426953
24,0.5309705893101689,0.25410251320862975
25,0.17712514297865115,-0.18276530230798954
26,0.25603174491860314,0.048267603684238124
27,0.10819406648710707,-0.17420533622754147
28,-0.014825940112750995,-0.2580603927554188
29,-0.013288966012907523,-0.07471249715526496
109,0.8021693604112322,-0.07643099713643017
110,-0.25051039471049336,0.03914042809661094
111,-0.30725122039193536,0.08930249863865805
39,0.04174136601391887,0.21450270870692678
40,0.020912303266505516,0.24233313483564684
30,0.009255409802209142,0.487915252191336
31,0.47112990285211465,0.37795933117102265
32,0.6624294619810287,0.2517759317830793
33,0.5282520459131457,0.22983522627931346
34,0.1473239388151498,-0.3011438568139012
113,-0.21228179973020206,0.202029945546971
114,-0.3787169304353276,0.09212826900626282
154,-0.21664486184707413,0.3368275117689618
155,-0.14531434440291455,0.41671080932915744
156,-0.20870197259572199,0.39948935100753286
35,0.42093208506630475,0.2900506700122086
36,0.5376599238180213,0.42718085036322917
37,0.573971849131801,0.34512660735340744
38,-0.009349836839462274,-0.45649364588198615
76,0.07795376728884158,-0.1097237926047061
77,0.20428894541548295,0.06897544401954585
78,0.3263035746137617,0.2346412333145366
143,-0.10128483252613113,-0.2820926168208209
144,-0.21622065324512804,-0.35601043011055516
145,-0.22258071992394396,-0.39644923216611055
138,-0.15295576978891487,0.16551297606155216
66,0.03965624612536732,0.665285598053858
67,0.02052714711427813,0.6782450950408161
69,0.3906610538419969,0.5475797039668385
70,0.5039300430422206,0.41009878426586716
125,-0.11024850211922436,-0.4792734584197054
135,-0.031946485871437044,-0.42212009745455686
140,0.15161672210893581,-0.4097788690476608
73,0.46134208205390675,0.4299274906145923
74,0.5422775113559053,0.5534515157948934
75,0.5743394848636778,0.5369417499382583
121,-0.17197537338235017,-0.6839313017189023
148,-0.06321395604603215,-0.6441366835486991
41,-0.1332400847481019,0.17757629740383588
42,-0.03923564244499392,0.13398339425770103
43,-0.027710585767829716,0.36753833445300416
44,-0.22860299938778567,0.059395876617008105
45,-0.3539497278794405,0.1570023718210653
46,-0.08352357949996105,-0.006484142245408194
47,0.040528425679912355,0.012257713776400257
48,-0.07134726907147705,0.24071392814986659
49,-0.10630288836762251,0.38593687463938
50,-0.3238579247201962,0.052129230471995365
51,-0.15727683492681943,-0.07611493065742578
52,-0.552595401121792,0.2240661237547076
86,0.0787191368481154,-0.14416546914817868
92,0.11206864344584792,-0.0826318668514219
93,-0.007153506322254719,-0.058896799647217585
94,0.10230868288868147,-0.14622364548978198
95,0.20222997541856205,-0.15377738677763012
96,-0.10582070077183249,0.11601236104463876
97,-0.17372678596906221,0.2745293133058936
98,-0.17331181981487556,0.34043056078230743
99,-0.15559171939011462,0.2598278312461912
100,-0.5601835512196986,0.19350492910933673
88,0.10256227596474793,-0.3452698866729811
101,-0.4224634131415978,0.1693857571973295
104,-0.6683380219216826,0.21989635339328567
53,-0.1927438030313,0.7284350878311361
54,0.0840065691722085,0.7188974000439083
55,-0.45861180635914534,0.6351002230249586
56,-0.08566995733221933,0.7206035355374565
57,0.2780501078665046,0.5755702187865566
58,0.24807545155226932,0.7061676847797497
62,-0.6102379625127489,0.5747461093129955
63,-0.5920079529683476,0.6202792208572053
64,-0.5634814562412503,0.4358551869727434
65,-0.36742854645259193,0.706390951640203
68,0.17211856818289065,0.6721898487287018
59,0.3296464900444304,0.5853577421532589
60,0.41629801738685546,0.3130366440811841
61,0.2970523281108323,0.7374764154825654
71,0.4196372444759636,-0.057278065759199435
72,0.5236764356609495,0.09641862890403136
149,-0.6826474678022976,0.48767920747773896
151,-0.7642382340923481,0.500742456968119
150,-0.7107870403093988,0.40150369634014205
81,0.3071817260932318,-0.2649809165163696
82,0.46166793969300207,-0.2637152914494604
87,0.2906492772957699,-0.15973263574371355
89,0.4646251673999972,-0.13382391033045615
79,0.46383075651065325,-0.44984860346657923
80,0.5337232290649726,-0.6748729224036804
83,0.5293953031496329,-0.850780622093847
84,0.4140051297563849,-0.8496511263822303
85,0.5074142111080943,-0.9537229883680278
90,0.261464006328894,-0.6250392339562995
91,0.4699000043957598,-1.0
108,0.3617470600677721,-0.24259456443041238
105,-0.03537967011640109,-0.1201619886150202
106,-0.010430803075773414,-0.23684209666235834
107,0.2561638696721375,-0.2860391848296115
136,-0.260057931371257,0.18500093812775206
137,-0.26197165036956327,0.2921661324555324
102,-0.6976885582179988,0.3227189517912769
103,-0.6914064793983579,0.26606793526912054
152,-0.7546945067058595,0.3311004954547189
116,-0.5656509443592647,0.17333405068684743
139,-0.08543276069587079,-0.33710742792535936
141,0.3978469836192381,-0.359108431140259
112,0.9767772984608154,-0.09908161807633913
115,-0.33784653745154974,-0.12771228369819518
117,-0.6858565760986289,-0.763964166933253
118,-0.580223480513098,-0.8648216448886127
119,-0.5864553177233253,-0.6522824478285769
120,-0.37778404751001593,-0.8313670251206168
122,-0.37957590307991873,-0.6006790558701022
123,-0.4000160122992753,-0.7028079941414789
124,-0.48810073230413203,-0.7177705138703936
127,-0.513987255077604,-0.7820111906841452
128,-0.4880427111041018,-0.8076525434684667
131,-0.21212383483220393,-0.5771339209078359
126,-0.43876942586619494,-0.7552350228896836
129,-0.41687010405046143,-0.6439499752437303
130,-0.33104462492936765,-0.624087850811375
132,-0.33719348781749703,-0.5464908164927088
133,-0.3894901752396221,-0.5088438492824221
134,-0.20595581125497736,-0.499754620453388
147,-0.33608184680108205,-0.4528481195177657
158,-0.4550464535998003,-0.44098739423881783
159,-0.44414183298691967,-0.3208220416283076
142,-0.40318192731579283,-0.06553688500241198
146,-0.36299172713525363,-0.3956052990843169
153,-0.8724291962012997,0.4325415378002539
157,-0.26511252494402177,0.44578075401067724
