0,-0.6647455301427464,-0.04103153605158555
1,-0.7008405734685548,0.036031864301342524
2,-0.7759993085740926,-0.006965006192693297
3,-0.6870860454474395,0.05465455276464948
4,-0.469388763936964,-0.09139348162904079
5,-0.7421173044382401,0.10065891765082327
6,-0.7446951868073045,0.06738043500502541
7,-0.5256935241327919,0.09654225487402988
13,-0.3699153550171505,0.2703213381818871
14,-0.4404762656207507,-0.32542412451754793
15,-0.4145680168635122,-0.380115702430735
8,-0.6033765743657361,0.08323114382918587
9,-0.3443228474373277,0.18506161951614938
10,-0.3487210892513786,0.06731219594390823
11,-0.48838913346470525,0.09589808068773871
12,-0.4258309812325037,0.07177840296748915
110,-0.5027730762387973,0.06184282724077097
18,-0.3368374723850486,0.36107589062284495
60,-0.3978598195305088,0.348383199579327
65,-0.27727039821297705,0.22002939606400423
66,-0.17034996072321482,0.09815830969617553
67,-0.24500099193642838,0.11756911766272987
86,-0.15029343030541611,0.00900205833459114
109,-0.23820057108868653,-0.041650445627200654
16,-0.28478554575121967,0.44095280309928986
17,-0.3021284666561356,0.4521373850880852
19,-0.3350956375474463,0.49532282065143635
20,-0.3169487853303461,-0.5125306906840451
21,-0.31696960451798756,-0.5344397745113363
22,-0.3948800839049551,-0.5293478038690377
48,-0.21055345397260597,0.5489949625088081
49,-0.1827888932493919,0.5366285734969612
50,-0.31605765170658784,0.5303543230557006
51,-0.3962272817667541,0.4645678428692597
55,-0.19789669082494715,0.6049096178790133
61,-0.3700798539092947,0.6948539238119164
36,-0.24922997586148637,-0.6611663875173328
37,-0.2349239382156199,-0.6253491349004029
46,-0.12181701916714552,-0.5611063999725764
47,-0.2872808671474238,-0.5932634119252135
23,0.0114263645389022,-0.6308692439033615
24,-0.07039527119985829,-0.58436141588428
25,-0.12152109736136589,-0.6042098997553881
26,-0.01712367349909671,-0.650118237129184
27,0.12245715745874318,-0.5523612092157137
28,-0.22374636705677484,-0.40609881281596577
29,-0.12293719725370233,-0.6858109250202089
30,-0.1618454261362478,-0.684793770835705
35,-0.18539728732749203,-0.6710156374698611
38,0.3667037287821038,-0.3832222592764902
31,-0.2664371333708785,-0.30118140518009195
32,-0.3048400033691385,-0.22845025655924672
33,-0.3232674434140594,-0.2977192047762221
34,-0.3342489392807286,-0.23493397103616173
39,-0.2097464479798241,-0.1987385923035159
40,-0.20557376648503364,-0.24439696953940046
41,-0.21337488174170335,-0.30097562869356587
42,-0.2617901159978508,-0.2704946057572156
43,-0.3774569146664237,-0.11840428096349838
44,-0.3404895654099431,-0.05176086706626834
45,-0.3642761962983273,-0.1583637684025043
131,0.5733202331781395,-0.18583501183707937
88,-0.10214401088121453,-0.15026189500285966
133,-0.40074387153032476,0.001312010445395444
134,-0.35868090601342467,0.0022306167879345587
127,-0.32087819902544157,0.13664624630862277
128,-0.29560198294059953,0.15432461141411985
76,0.24126893144970296,-0.5155240924685014
52,-0.12844774073258824,0.6032978007177836
53,-0.15391719758623962,0.6255335521733276
54,-0.10995170452733467,0.6329212319363665
58,-0.49269428091674294,0.43975216448277443
59,-0.4735141298820426,0.46630077950010773
56,-0.0867676813716098,0.62472130636642
57,-0.15235986404544263,0.6606895577620703
62,-0.2762359726927056,0.7129413547126232
63,-0.1105867373099852,0.5865268491043664
64,-0.17890461006205158,0.661094684015442
111,-0.38474662245220675,0.7819481173493943
112,-0.36147235267218003,0.8086559186166752
78,0.01222797857758563,-0.05558310412538281
68,0.48037671199160514,-0.2975665984467648
69,0.3699636009937003,-0.28082624936673095
70,0.32493569550507106,-0.36189479725829954
71,0.4627497525775745,-0.3595176985271551
72,0.6130248111562692,-0.25464080006072054
73,0.5665113143752231,-0.31448115825144407
74,0.20160224542622204,-0.23178790156477624
75,0.3660154783034462,-0.47798581094941867
77,0.27987349816877544,-0.39688352137836475
79,0.10296027148802843,-0.13028118383391313
80,0.2280148615714953,-0.3139540284848762
81,0.08574470589538262,-0.19491679910240237
82,0.39282894164347165,-0.5977327112237484
83,0.39587951639635766,-0.5000913011233528
84,0.46458508949683525,-0.5647307638222565
85,0.3525654374779724,-0.4293010114242883
87,-0.01651362099247752,-0.0959511453315877
106,0.5522039931278651,-0.6348050931894338
102,0.5582539937033498,-0.503841430976022
103,0.49792900429808445,-0.4840602551146387
104,0.6286242199367543,-0.5360028679150584
108,-0.11599653302307945,-0.06601759931799055
89,0.6812053552663748,-0.28464991343409546
90,0.6409994110946905,-0.08697239337280455
91,0.685830742379868,-0.21558400480829107
92,0.6312168261867825,-0.4356515296291102
93,0.6692217093922563,-0.3985806486886969
94,0.6560426854488385,-0.027645897797608853
95,0.5734000435446776,0.13315838652079476
96,0.708439491194314,-0.37120271075259487
97,0.6686820620355244,-0.10390755612016557
98,0.751277674537478,-0.022217783267472434
99,0.5531881132577173,0.15145550205989383
100,0.6738053192984089,-0.01010756860831632
101,0.46661172736298645,0.3311884637405476
105,0.7627177470825789,-0.6043782661705209
137,0.8008846850007468,-0.018444367321230948
124,0.37530312918074016,0.4292321605439213
132,0.72665658535086,-0.09208760181163289
122,0.3353940408689038,0.5527991235161385
107,0.6848138831633835,-0.6624717760646504
135,0.7800625136727688,-0.7191801400783908
136,0.82852463095144,-0.7370027245970034
113,0.015139369432319307,0.6506421537059954
114,0.1765784522162699,0.6895048912919722
115,0.1762525982063791,0.5738484996302513
116,0.07631048323860717,0.8054957727515553
117,0.05434601150972911,0.7991693344137273
118,-0.01243659343261759,0.5300250286692658
119,-0.16431805268679417,0.37909744269628437
120,0.006899747495258338,0.8516154494756547
121,0.28263436888106913,0.6249809222860008
123,0.29559164092051116,0.7097871512915209
126,0.03710342578659541,0.9288560568546259
129,-0.0017599776853024784,0.9999999999999999
125,0.24246317185125027,0.8043227289985547
130,0.11591115713449002,0.9288948465089778
