0,0.04050190424888807,-0.029313055931281362
1,0.08696705947754248,0.023893802356118016
2,0.04283555745233408,0.03326638269734236
3,0.06516364200030515,-0.09513321839986434
4,0.04913471005478369,-0.12618888392667357
5,0.08034860077784393,0.10914255705356306
6,0.020241202240971482,0.0640353748985473
7,0.22411348089724858,0.1018218073818122
8,0.03248326234744365,0.1166037142213905
10,0.018186031575796638,-0.2642342767637356
11,0.08787561366711383,-0.18924115665850616
12,0.10007445974324042,-0.146420569742492
13,0.1429824032184145,-0.12285226456216072
14,0.05337369676592266,-0.22922217105705942
9,0.16914713815510926,0.11614375489955164
15,-0.1470178563833556,-0.08453464265569735
16,-0.14639490612827205,0.03169121179374755
17,0.00912609534484353,0.17298898777401558
18,0.41464397630597555,0.1109167483207654
19,0.35311012122940516,0.15191272981183745
20,0.30936642334483216,0.11315366344706003
21,0.303104541569269,0.016394368477786917
22,0.27752789905425673,0.12879335057163377
23,-0.01919318775924775,-0.435533813201439
24,-0.016693279966022007,-0.3878531171062915
25,0.019158875095544176,-0.3483117212520761
26,0.08335682731430816,-0.27434326615787596
27,0.045618953719337205,-0.29263745433220123
28,-0.2515781760728976,-0.30405877776645546
29,-0.09688357875702057,0.1536264234699491
30,-0.21628928315099225,-0.044172859769447174
31,-0.27785821013568957,-0.1304759901351476
32,-0.28691700241531265,-0.017815754090184988
33,0.08418859862768839,0.3381571543112692
34,0.5948669011954929,0.07502913597585915
126,0.3396452106901285,-0.19249023236709842
73,-0.05551010134864516,-0.5781191968208199
74,-0.06977237100203529,-0.45353401065862575
77,0.00384866600633168,-0.5207268621936161
79,0.097376551379231,-0.4304091906308706
84,-0.45767053572854083,-0.39011387158794075
119,-0.33352582454624075,-0.043936481306337226
120,-0.20161904030244435,-0.2730196897768456
121,-0.3277240528703515,-0.35450937456568554
122,-0.38024068544638523,-0.0516691065691297
99,0.3028488347729274,0.5508675900528909
55,0.6876669101421381,0.011292170263193423
58,0.6746573839065592,0.08688858856957384
35,-0.8623291641076936,0.5686204749976964
36,-0.831870911495015,0.5694152679030359
37,-0.8599449733084111,0.5316837444956322
38,-0.8799558000287842,0.6527934639900017
39,-0.7851394928410218,0.4040442440622529
40,-0.8643083542450695,0.7043304120191208
41,-0.8361563853090973,0.6100671699211062
42,-0.8784938499507458,0.8046685541035427
43,-0.6602439157255103,0.061991057576270894
44,-0.8677820833822594,0.8555372304417969
45,-0.8484523344931103,0.7890474000557285
46,-0.8171036292549317,0.9080936914654582
47,-0.8642193869487126,0.9080422685201353
48,-0.5909239001324949,-0.11245416533678085
49,-0.5161384001764792,-0.24061520568908698
50,-0.8251744402947122,0.9635723581346287
92,-0.8103677139300285,1.0
93,-0.7111467118903182,0.9800694026281846
51,-0.44738392679294875,-0.22013273277427403
52,-0.3985775005110041,-0.3551401591962942
53,-0.3961737587070707,-0.43546534114465074
54,-0.3901415855590647,-0.47510335431085304
125,-0.2278836577826616,-0.32271369872075417
86,-0.3095527075334409,-0.4890267185885051
90,-0.35124311144478204,-0.535785199989459
132,-0.21800343366722089,-0.5671002510082789
136,-0.25867604747509737,-0.6460548641939418
56,0.7067448094739391,0.05716310182152002
57,0.5786576968628269,-0.04466968382899696
59,0.6622840434244768,0.1235891667247687
60,0.6814809564907784,0.18670771599064181
61,0.3215462430043894,-0.259632335968061
63,0.6511108279149761,0.22685426103775003
62,0.6059664476066158,0.25496956452273783
64,0.5742798053310845,0.2955757829183118
65,0.052132635670244835,-0.3629928130143419
66,0.19378217834382935,-0.39971640516948165
67,0.24974574688653675,-0.35237901856982656
68,0.33331495316726734,-0.32101506881952646
69,0.5049620405651907,0.3623578507843496
70,0.5452873542061754,0.33429048082906077
71,0.4882254025719867,0.41680940668838184
82,0.10404705576746243,-0.4736791781619525
83,0.033919111570906234,-0.4897584513353779
87,-0.1281964308992275,-0.43544768929836714
88,0.18621701816049607,-0.5076845806040148
139,0.4766037007315781,0.4488543563917686
140,0.4376857106201274,0.4662349229132537
138,0.4188619246943342,0.5568931947165143
72,-0.07245961916668524,-0.6289621147451493
75,-0.09040311388833755,-0.7066866796017929
76,-0.03911433398705465,-0.6253515981982766
78,-0.08644345856067653,-0.75460449687579
80,-0.13975977978529247,-0.7354387241196708
81,-0.18724417232581358,-0.6238407713381359
85,-0.11220805371800549,-0.5459360241270441
89,-0.05738551692010356,-0.5416593207348783
118,-0.5567598964590336,-0.4885465161440996
91,-0.43528704309641475,-0.4899321179079828
123,-0.24046979628801268,-0.4636260774369454
133,-0.36836700745702877,-0.4900401672855195
94,-0.5251141889065678,0.9499573780734902
95,-0.364890193384097,0.8704104637426309
96,0.406911067004513,0.5813205677852797
97,0.42366117326336666,0.6775460127057602
98,0.4476399288556278,0.7498507520599281
100,0.4534508401141985,0.6764849151656513
101,0.49425356079390426,0.7109810591681393
102,0.3106168582377662,0.3089810170054678
103,0.5063315972609677,0.7579043473349037
104,0.34639625194731,0.825965359350064
105,0.5286042321406921,0.786145075290069
106,0.20967286677952202,0.4920356707428265
107,0.2715027436824841,-0.047803088867353564
108,0.2915408717629263,0.8508964589555992
109,0.24324709582010878,0.7454558681781047
110,0.34106130921186545,0.7459350750055511
111,0.144131275837145,0.4441312302317351
112,0.14301941075840727,0.4769568546170619
113,0.16397380819300209,0.5898412603512275
114,0.17748296010465878,0.623549327720496
115,0.18113249115397603,-0.2832522340951531
116,0.25220319164948046,-0.30259028383129694
117,0.26021435048683533,-0.09958547031620985
127,0.1687276571649879,0.25245823368997783
128,0.10799551547338777,0.40172243941019764
124,0.00886115169526076,-0.38371894142856794
129,0.1327317262719941,-0.45676772530323223
130,0.22022965409849923,-0.5402860716863382
131,0.3324709238699032,-0.3958284682215554
137,-0.0272156563319741,-0.5317023178255305
134,0.041593784124770244,-0.6184322551695911
141,0.16869488817983583,-0.7056909009207825
142,0.11244656233114762,-0.6925498435886157
145,0.3680081827431173,-0.540098387562999
147,0.4330708084969118,-0.5847623453402117
135,-0.019301327673146365,-0.6674805727305516
144,-0.05063559582446138,-0.7184990577393463
143,0.330039715498274,-0.7989749077054731
146,0.4512148032797735,-0.7473400220292442
