0,0.5212948476490633,0.06029907417194687
1,0.4993665460506332,0.18487747522290013
2,0.6399216263136143,0.1363791569102042
3,0.41651408323217637,0.15549632741415348
4,0.6019270696349507,0.11048017796157465
5,0.4680873060572025,-0.14322341342965259
6,0.3741687297144563,0.30995070212491455
7,0.6920941918929533,0.16493999429538003
8,0.7977471905583788,0.13985847900961745
9,0.30674228515787677,0.12084493181890642
10,0.29342774517436515,0.22357247724407123
16,0.6525283888659444,0.2131806363090678
17,0.5829983785075078,0.2454251613104716
18,0.5363469868900361,-0.0675459027720448
19,0.3802427246147025,-0.3150258756034188
20,0.39387279152493526,-0.21320192931274504
21,0.470996947450279,-0.20761031947727313
11,0.32215521289436827,0.3834148137674588
12,0.18656949065195258,0.40330816920206614
13,0.2557479969544385,0.34433083912672047
14,0.43479681603438236,0.32172753391573267
15,0.5185537707092239,0.20116229097544927
22,0.7195641912701135,0.19780385625830382
23,0.9069439061447764,0.14167630519166374
24,0.24241768383651574,0.1565042617383775
25,0.2418499222042024,0.001525513311125362
26,0.2828440041233026,0.0859098625593631
27,0.2526852374570914,0.06982051013117112
28,0.1779114501737695,0.23027986958454916
29,-0.06377121361213486,0.4563062529958594
30,0.11426138222350411,0.3252902263078352
31,0.6213031023918185,0.08719125728162605
32,0.6066927235066024,0.047948974280109295
191,0.6380484255849309,0.2940647310064334
192,0.6396573927460311,0.27711097067719276
193,0.5961526635753649,0.3270518736022412
194,0.48681560525457584,0.3155863538605006
72,0.22199498906035742,-0.5028030630907253
83,0.27340462459482345,-0.12531396170115533
50,0.15220996242950172,0.12023785595421715
131,0.1080312534065356,-0.08779923221430427
132,0.1994860231944445,-0.017213905954801188
37,0.11802117672734985,0.2681212877598948
42,0.09193043169408147,0.20461031978280508
188,-0.27954631346173336,0.43797516120255736
189,-0.19065666760207223,0.496923929266437
33,0.0049847690858464905,0.2855216234510701
34,-0.019766246614779666,0.355288846603171
118,0.6307639205955401,-0.011411080440326479
120,0.6594412182167441,0.007033326188101365
112,0.5806747366582845,-0.06269957387271691
119,0.643728653945965,-0.04413222943550055
35,-0.14975836507978094,0.3107413114593312
36,-0.20599474026296513,0.2812699685133812
38,0.20244817737606233,0.1938801573073071
39,-0.16366652673141785,0.3420951394873981
40,-0.2988934418934301,0.2953620801795342
41,-0.4098444924511481,0.21170471464945043
43,0.1458246418911239,0.24588864662875204
44,0.06516674733398942,0.17183810146306377
45,0.3370267104287628,0.1572279422096078
46,0.4062689151173639,0.05984540597305248
47,-0.48605389433597546,0.27513265282086696
48,-0.6072967367651781,0.11808873498647998
49,-0.5254218351385228,0.14410471757448792
51,0.027315563132567083,0.09821499763361675
53,-0.08791722578936119,0.07361300562040674
55,0.5458215692113246,-0.11301412738867742
56,0.5140112728947032,-0.011902568793477956
157,-0.585345946600454,0.2770260975796649
158,-0.5930041821019546,0.31829192096108194
159,-0.5603280631881777,0.3325533270429487
86,-0.642064921152348,0.03660207215422806
87,-0.7012946100512774,0.053656962033159006
88,-0.6729424964442325,0.09696585941640545
89,-0.7201299150329796,0.09632016805479476
91,-0.6479071483730802,0.08593854843310351
92,-0.6608871662341456,0.11865302581163475
90,-0.5772839594180803,0.06798353897391479
52,0.18367778584279998,-0.007897933045432006
54,-0.043326961034013865,-0.027219615561546617
111,0.42218054273604966,-0.06716370717978863
104,-0.2764698252608496,0.0354598356223078
105,-0.13250540192681357,-0.05613894656609127
106,-0.2453622664981506,-0.0819229333989339
109,-0.1112879420072951,-0.11182684227230731
141,0.611686929147502,-0.24945745207122663
142,0.5904433290867261,-0.2664486963761954
57,-0.09773450612297566,-0.39611506527554874
58,-0.1362167643001716,-0.30514302798928467
59,-0.16987050248677976,-0.38429960659885065
60,0.01836409574395658,-0.4105606534108341
61,-0.07921505141840074,-0.2013853024465578
62,-0.1429560718332859,-0.20566318688051335
67,0.13939514870770434,-0.3482705302990109
63,-0.155588636310484,-0.10068963660957365
64,-0.08795036597403494,-0.16570776867175507
65,0.024329354330067,-0.15590583094696753
66,0.03307186910017505,-0.23524805351865075
95,-0.19851696392603504,-0.015741968347379166
96,-0.16017144901193633,-0.13506269701109355
98,-0.2066788325947228,0.027415337395159466
99,-0.11911917485359096,-0.2510072777987166
100,0.005376029373076866,-0.16105009520996222
133,0.11250191000249025,-0.11190164272890069
134,0.09493343117982199,-0.20422636882693324
68,0.12824472864723926,-0.2657060928515617
136,0.07763156346823237,-0.2892159934109592
69,0.1982875838089199,-0.27084667957546915
70,0.24697404109968094,-0.29123730374126705
137,0.18319765924953207,-0.23581189615112783
138,0.17565536995687786,-0.1985225858528324
139,0.11262172195269422,-0.3088902694314662
140,0.13566498605610408,-0.21594570517511252
178,0.2654877461319504,-0.1877583384960261
179,0.32077826182218766,-0.18024992878254115
71,0.053515028530519974,-0.590252071967717
73,0.13277072446367008,-0.6121126259334291
74,-0.06883419081374871,-0.557388799867915
75,-0.07711538628764651,-0.5898588725152867
76,-0.03071620764485144,-0.6226709532383822
77,0.028269117616212123,-0.6444649357181048
78,-0.1056296940185204,-0.5608428306119961
79,-0.1338272898814228,-0.55037812169358
80,-0.1667371738639027,-0.43268125074304625
81,-0.15234022833801192,-0.5823627493425816
82,-0.14635030313861364,-0.6826951124735923
170,-0.2961161627932758,-0.10549130061276678
196,-0.20567750679369315,-0.7598398143823704
130,0.14031157381687492,-0.13495230377224646
84,-0.7304882342883953,-0.042109381496892896
85,-0.7293037998010468,-0.009246100584047153
93,-0.6139633803485268,0.05397995872748853
94,-0.5806870664871738,0.1359162811734289
150,-0.5940140960793758,0.021948896074130513
151,-0.519042651589842,-0.026250410825532165
153,-0.5549996163837578,0.0024602472834209105
155,-0.44648863911981246,0.3265449968339168
97,-0.23523793939432538,0.10814222219202746
102,-0.24267970684377563,0.13518839162670696
103,-0.25992213175851475,0.1969799687475009
101,-0.190543134060533,-0.4197049045100058
198,-0.23470177412128138,-0.5718647699909659
107,-0.47606320033209787,0.17621867247734996
108,-0.3727547446855633,-0.056745083342062436
110,-0.010010945952759767,-0.218523690280966
115,-0.4393582571683937,-0.07095674641897379
116,-0.34872762619421477,-0.1486683280976648
117,-0.24767658908906756,-0.2144586547242449
124,-0.6714902744473978,0.3054571842683093
148,0.2278450023520643,-0.31559894677725475
195,0.17947870124310647,-0.29826207346937905
113,0.5660174906435517,-0.09062811953707012
114,0.4920458048082745,-0.1594955404115648
121,0.6480066542817702,-0.10314975790929591
122,0.60113467044842,-0.13666448694006367
123,0.3309102214968312,-0.2854344691106505
152,-0.5518630793173952,-0.049406485259520384
154,-0.5365080375878789,-0.07430895652332582
156,-0.3754820537100314,-0.2578908167831168
200,-0.3742186650374033,-0.2975256185775383
147,0.3300225409069611,-0.36698991715751755
149,0.2956375252407299,-0.34955503692241796
125,-0.7531818059468476,0.3820505785531313
126,-0.7971755021142078,0.34007504284970363
127,-0.7696329194029762,0.3673575954415531
128,-0.8795741203480043,0.29070022155479447
129,-0.9445226304494956,0.2227037638134202
135,-1.0,0.16930022433648823
185,0.19188260557095305,-0.07579907377106321
143,0.6212328497124187,-0.32979622409527726
144,0.5549454892214294,-0.33011629374253365
145,0.5459268255316346,-0.35574472662494266
146,0.4053451731533881,-0.3562612480375318
187,-0.3964837141408239,0.4332545431922714
204,-0.466459604310338,-0.3412960533008976
182,-0.5446298095468858,0.16430214636503404
183,-0.6445858383346343,0.31426423908066486
184,-0.654772801132268,0.29296213968474677
160,-0.2767657902026472,0.32480378702813323
161,-0.25382639969847554,0.418151669539615
162,-0.31970725663879224,0.34124267602627095
163,-0.3088729274278411,0.2785855796403946
164,-0.2048575448362389,0.4588851341521202
165,-0.3138718503633862,0.12983615308091262
166,-0.17809643032049108,0.5063276796106949
167,-0.1922656736207613,0.5208499435972272
168,-0.3332539229730586,0.2055261533848518
169,-0.09022877745762377,0.5045235146016172
171,-0.3514396325770678,0.01279315212214136
172,-0.3312054753998757,0.05782750421237273
173,0.07478427940235462,0.44949137447125587
190,-0.4249242634992712,0.024287074773095246
174,0.2138772187128472,0.32840450230065815
175,0.2924231325740713,0.165415985454129
176,0.28942095079346786,0.2847352254768812
177,0.32160457775565177,-0.056257940577924166
180,0.3672481468570338,-0.12373417698505831
181,0.36955067046182527,-0.14267061375388723
197,-0.6347373837973843,0.24050522848019162
186,0.26799104718587496,0.10329622519300795
203,0.3777606891454407,0.2569132542170324
201,0.5420361533893671,0.38319526544737537
202,0.4577977643955503,0.3592462411750404
199,-0.24707134223680208,-0.6957495796068619
205,-0.5576408631342824,-0.40956353300518783
