0,-0.3568754120027833,0.07207370799022363
1,-0.33103153055470663,0.13004446334425404
2,-0.38186626153509107,0.1588320860741737
3,-0.38183970682957413,0.024079337278579863
4,-0.44433672808639646,0.08586859520234821
5,-0.3248477494790915,-0.0403401061430756
6,-0.22836911507597432,0.024153770690108635
7,-0.2794154360892779,0.2761251365649209
8,-0.18245974176114724,0.21020561201485835
9,-0.2764507942882966,0.18618420546576694
12,-0.444074729303705,0.027805726178594798
16,-0.26996211720541663,-0.06592575405682617
17,-0.3471775136858491,-0.041521923784729534
18,-0.48213570208166906,-0.005349732953241531
19,-0.5355172779443765,0.03425526031868562
20,-0.286790669073799,-0.19015912905897991
21,-0.34307559953384775,-0.2129457207599143
22,-0.3256896057164751,-0.09392074144348833
13,-0.12678697257835592,0.12012254137253309
23,-0.03853271735277399,0.01881624170220311
10,-0.10992916895684879,0.3355446534221167
11,-0.30463530131954986,0.45305892613486226
14,-0.024610141865379687,0.156606851285738
15,-0.07667148309967142,0.3185438786363885
24,-0.03243997167810823,0.30680192240629894
25,-0.4499023045739816,-7.511031051644394e-05
26,0.12065047010750185,0.3835590969662423
27,0.008265199433443768,0.43922380584163045
31,-0.24721182983306828,0.4138201993550278
32,-0.31217227483898174,0.526924338531645
33,-0.19278752933129711,0.38286345454737536
34,-0.32892232571301566,0.5416938518099967
35,-0.3715842945561699,0.5824804163277127
29,-0.5864955270528704,0.03983621686484235
30,-0.44704612264481675,-0.23340676562020002
41,-0.15108493269724893,0.25060630457624533
42,-0.06795407404317723,0.1259901172965865
43,0.019627544674809,0.014827754502066071
44,0.1014826211897284,-0.0544770803497729
45,0.0013546879999420697,0.13766882017366303
46,-0.014704262115289662,0.2694746596861106
39,0.00010230785953918994,0.4059550298996888
75,-0.13181341303002136,-0.07522008048404917
88,-0.16557645571926194,-0.030666449376232672
136,-0.24742684318689817,-0.11644559452736994
156,-0.39465753339914206,-0.06526246525010701
97,-0.603134051380102,-0.019569018467146957
71,-0.2719802193443428,-0.31093339064983666
73,-0.3619813671643744,-0.3775075475516329
118,0.15041380610515345,-0.1326082448704605
137,-0.08194117962791497,0.16738019567802412
28,0.18909580762570244,0.3184675519244617
36,0.305138027157516,0.3509644243546781
37,0.30343909811252556,0.4443479105129848
38,0.15902094300659292,0.4826619330242557
40,0.0983617102412537,0.5019800656084652
93,0.3810375397206465,0.22377254271920505
98,-0.7325395819675362,0.047575203292380776
81,-0.3941212087645966,-0.5304843432508104
91,-0.4670023251753234,-0.3972673799740117
47,-0.40339269105331005,0.6321110971950544
48,-0.39802908147946875,0.6539405642381365
49,-0.43643673553854145,0.6746075837400338
94,0.4901979600696978,0.32459400634152413
99,0.5254021437928031,0.3999279920767242
100,0.407896496321174,0.4656403289925476
101,0.2495389974898456,0.5148422308751929
113,0.19050433305623765,-0.25476961993503006
117,0.17644129593513094,-0.2085009096339168
123,0.14281571382329414,-0.07946065959633353
124,0.21372420796309696,-0.1838671944472681
110,-0.4718472540017925,0.7040873840637321
111,-0.44703394167965976,0.7287297290264007
112,-0.4678083791780236,0.7703638565629184
50,0.6054070642240993,0.5183804570515543
51,0.5800600087068574,0.5364339062413137
52,0.621881942838103,0.5499098532007969
53,0.6821807134672541,0.5718132331592373
54,0.4655520380876073,0.43052002913295884
55,0.6832691694936973,0.6134364971332282
56,0.4205573392190487,0.3896709346474562
57,0.5373863561583254,0.47637170719214844
58,0.6497536843358116,0.6118776374612002
59,0.724814736816155,0.615502701222148
61,0.35520296853604827,0.31895522500432455
68,0.2826929204973765,0.2836141437345785
60,0.7103750107439059,0.6802805967644681
62,0.2245460730343879,0.2163352363496003
63,0.4329657833731801,0.32584127246485817
64,0.5048225730339848,0.3504780968000061
65,0.584400782998263,0.48978362853063157
66,0.6263181552657007,0.611858423574332
67,0.6884736680402044,0.7068217362903484
70,0.3197636040840366,0.22518065788634728
69,0.09543631073372483,0.12219724493184983
87,0.002024071104002199,0.0577534765551546
125,0.18962998518205326,0.09884640313535532
129,0.40162110307701654,0.1928538851119527
109,0.48739590446507397,0.2497500862882327
72,-0.3502190879476693,-0.5216887114204851
74,-0.22917296930081626,-0.47668978606270657
76,-0.4160100130821712,-0.5225166320096049
77,-0.2160055662154514,-0.5493360014059143
78,-0.4361109430513038,-0.5168913852127617
79,-0.45336011356146066,-0.7330102866322312
80,-0.4373938065930113,-0.6456574578929289
82,-0.07775546259575099,-0.5265382251885256
83,-0.4575667784072794,-0.8798903155207485
84,-0.46009012884866646,-0.8299656461820477
85,-0.5082817175045674,-0.8284904035852367
86,-0.5372847076924494,-0.8205407286097355
89,-0.326155277698927,-0.7822132124353095
90,-0.34300781075538356,-0.710911827952064
92,0.12019855622951825,-0.4893855395086517
150,-0.4126021078890246,-0.9778814804502448
151,-0.4153439402800675,-0.9407657320209484
153,-0.4458988494269894,-0.9472782069189867
154,-0.4796827013000749,-0.9356178763523905
155,-0.5190433932191888,-0.8832245154661496
127,0.00581960189712983,-0.015688672620485428
133,-0.1690652046744787,-0.07850493278794209
146,-0.2914747816106926,-0.9122161508031849
147,-0.3148069992430159,-0.9289263645788522
148,-0.3412830415157201,-0.9271593791867933
152,-0.3116738454215485,-0.8520616505866253
114,0.2040631163941408,-0.3727323474694035
116,0.22533326293338873,-0.4134510833409511
119,0.21894037866677368,-0.4913014270899644
95,0.44408990661214964,0.046898114359708164
96,0.48096370830689644,0.08055634742640187
103,0.6404366589406985,0.3375519337923004
104,0.625618233992103,0.3544446938732117
138,0.4763587092488466,-0.021327082600969265
139,0.4981198916863589,-0.02257926414128436
140,0.37303191672652003,-0.0800630839524984
162,-0.7513680705820931,0.00847270175310749
163,-0.7445551370531649,-0.018564352549843226
105,0.7003864833182314,0.35340415753653154
108,0.5339972095774442,0.3736081512382301
102,0.7601812190076999,0.31661356909120425
106,0.8299482254522689,0.31952107271409497
107,0.8892647619601445,0.30017440043685767
132,0.3976911156515214,0.13316065717866715
115,0.2633076580433026,-0.283695020686525
120,0.3023122102326019,-0.2436561206028646
121,0.29606212144817284,-0.33185956949334167
122,0.36513365587667607,-0.3304045878028434
142,0.24411784329841218,-0.21144748332382163
126,0.29331353357706114,0.08645234502985831
128,0.16632124003697626,-0.014557614977706645
130,0.3034401479412469,0.022885037854956096
131,0.3047928929764124,0.04845605332672078
134,0.02651267644369129,-0.11332839807125823
135,0.08803079999380775,-0.16403610159149073
143,0.25850194181073216,-0.12143039576156611
141,0.15628247363467332,-0.18162334884557324
158,0.015443717080821404,-0.22360090824943607
144,0.134771601067477,-0.21573935252394183
160,0.03304518565351447,-0.252774330069327
157,-0.0993847868662928,-0.23008366483107703
161,0.07596122185238702,-0.3005715949629193
145,-0.34139033966021376,-0.9925825681967623
149,-0.3761331535912264,-1.0
159,-0.01860683499425713,-0.30156210314225745
