0,-0.28833749603495074,-0.006131624806229144
1,-0.2261624183905807,0.031481296848751276
2,-0.3310240160710937,0.04457741450601873
3,-0.2718598451235665,0.05930254076209991
4,-0.15599550249604455,-0.031989446799268614
5,-0.20523413779669503,-0.012755546441494871
6,-0.3319430960126481,-0.10603048196146932
7,-0.3765189264200141,-0.03663344364985394
8,-0.3933450799574844,0.052639650800039316
9,-0.13183188005598998,0.07673554157585681
10,-0.4295419215994097,0.045564902551503375
11,-0.20303930371219625,0.134906859660974
12,-0.24346868176809108,0.1614635106304715
13,-0.05101209558732743,-0.09939203872669655
14,-0.029886364517702317,-0.17267571044445784
15,-0.2295277577765828,-0.12489071085850478
17,-0.41152968189340994,-0.11720377111444864
18,-0.3356819358611759,-0.21800946109380323
19,-0.47857659346376025,0.14538028884572515
16,-0.0906579713043313,0.2991091083466188
20,-0.5599669874449761,-0.05306914366648238
21,-0.18949889684624222,0.20390071549969763
22,0.023666616224284932,-0.24894128309731234
23,0.020102165777118448,-0.19747878188507886
24,0.037335637969251344,-0.3060703528468094
25,-0.20821509673073457,-0.23830832728844506
26,-0.14557878275059802,-0.13672490501036572
27,-0.04816061361832113,0.3860484867718013
28,-0.08659476700118858,0.23489512900547885
29,-0.07345329087585097,0.4361978559684207
30,-0.05157883470698889,0.43837951997725405
91,-0.43154086295264243,-0.20855458125321816
92,-0.292592674911262,-0.2964082669936805
93,-0.4039331902327822,-0.2653371078337593
84,-0.5786134260933952,0.2621980372412528
121,-0.4056256625007599,0.16637450731496248
185,-0.6450619679705362,-0.17946070143412782
61,-0.0009598233624465221,0.3036801716405307
172,-0.3581987839247938,0.09000693796706032
126,0.05963330535712547,-0.3702700506109941
127,0.06170320640869973,-0.3518734033399291
128,0.06593389883924268,-0.2904568044430773
131,0.059091585238135,-0.42025264047258526
95,-0.1403987499993265,-0.35250433098316397
98,-0.08510172905607881,-0.28355692634320734
46,-0.11407469272233291,0.05256615671818
45,0.03335240772332883,0.521868369123545
47,-0.05577912118029988,0.5151197617226101
48,0.008077475258320466,0.4552436274305156
49,-0.09259652323060451,0.5062565121425348
31,0.6297633835127084,0.9586129504621954
32,0.5795373564257319,0.9139852578946768
33,0.5571894769669884,0.9047622114179354
34,0.6401701338644872,0.9405194073354857
35,0.6790768266955751,1.0
36,0.6921766743335894,0.9715400957148769
37,0.4979231994820706,0.8746543803325175
38,0.5156377873420509,0.906561753224104
39,0.459491253749787,0.8497615610259844
40,0.41012370202967363,0.8291851104099174
41,0.43970859825629566,0.8617638215016036
42,0.3791491444308802,0.8343118588231779
43,0.38863644117187934,0.8146403634755447
44,0.30666079665151563,0.7591945180678876
50,0.16437802678774047,0.6547020401089738
51,0.0983336697455382,0.35605161609395103
52,0.21632325280655276,0.2583383156849018
55,0.16400920123863744,0.34921878834289394
53,0.23848168870123518,0.21527648628373564
54,0.32884326208477294,0.10270302344724638
56,0.2744821218825183,0.29493760506807937
57,0.19695988290825955,0.07703514990504295
58,0.43628669490361016,0.0146284472998289
59,0.4602005272531716,-0.04339230221711008
60,0.4149572013941253,0.04266917720340759
62,0.23084407724590356,0.4103712960279543
63,0.19201274583614203,0.45316382610728884
64,0.21438856248712357,0.44865077116987195
65,0.3675789403659177,0.27407780559813316
66,0.23922678351459012,0.1853986941470842
67,0.0957446660814825,0.06096384416401193
68,-0.04851153853352255,0.06133966903125202
69,0.3969501496797927,-0.009207677557869363
70,0.48447417290690686,-0.06296942177255284
71,0.4983771204928242,-0.05322483436253407
72,0.577975569630277,-0.1882079143439081
73,0.5441298130887201,-0.17393960547474802
74,0.22883651653655698,0.49798724641871883
99,0.5065461621671344,0.33852409451466575
100,0.45695670843650266,0.30751397199805414
104,0.3179984145187046,0.22118651777172565
105,0.1809902307192413,0.1198573653371833
111,0.057121174612131724,0.008404268637134026
112,-0.0996809979479536,-0.059761161572270155
120,-0.28438763044076687,0.09875414626239566
122,0.4993143351536176,-0.10014197808495634
123,0.5216083956174885,-0.16348067637271338
125,0.5483490312629568,-0.08725276237150884
132,0.7164228565791091,-0.26375576212435187
134,0.6758733472558269,-0.2417166076602034
138,0.45235258295365016,-0.25699962553151345
75,-0.7693679775158564,0.3984486992375863
76,-0.754051628797817,0.4105880606906551
77,-0.7058862932750345,0.36727090490676356
78,-0.6887071216484214,0.34686121803141284
79,-0.7766024030516564,0.447611354827208
80,-0.8023531319058455,0.45204165636271676
81,-0.74232091100243,0.36219144952026266
82,-0.6661766157258632,0.32552918936850445
83,-0.611710172535822,0.3065898989794196
85,-0.7414349221711988,0.4003582417114666
86,-0.7680251802099045,0.47480128015345313
87,-0.7246540564462673,0.3950496247084165
88,-0.4706551328311678,0.21911181074415262
89,-0.5361939770196613,0.28109264672555406
90,-0.6821677763143623,0.25216663888779256
116,-0.6161224947824809,0.023984283239050778
94,-0.47293412760603365,-0.27493626177645497
96,-0.2685123132682912,-0.3798494459129794
97,-0.4038406102483265,-0.2976797209524388
158,-0.4894746413426389,-0.23836378296204097
141,0.08143698585872956,-0.3843084760298299
142,-0.12914981942636244,-0.47815286065799556
151,-0.3468731998628841,-0.4233036073646119
117,-0.5165612566781183,-0.16221965976636424
159,-0.4243714350881125,-0.3096118514836496
101,0.5696447471430859,0.35899842678376914
102,0.542595368071369,0.35876149537498037
103,0.6185802658846875,0.38389763340034777
106,0.6711795808463434,0.3967342931384167
107,0.6988316190329185,0.4269897907297378
108,0.7393713208065187,0.4294261775984206
109,0.7785748270155993,0.436456128003388
110,0.8309276613103181,0.45969321962519444
195,0.8674036229197487,0.4721893880372706
115,-0.08556986947150448,-0.11072143735408549
113,-0.23302992611045834,-0.225487349228693
114,-0.26028058980000135,-0.08079469570344446
179,-0.36026452870777176,-0.25251883791119445
180,-0.38103491452340554,-0.3133177126282015
186,-0.29130910632963264,-0.33876552758454404
187,-0.3062505319538313,-0.3120739340573816
118,-0.5916345485748363,-0.07737189515874757
119,-0.6062079874258303,-0.08816173084816036
171,-0.43958500006270457,-0.24628121588230806
190,-0.5466980171276279,-0.16016321341079867
124,0.5318105268233999,-0.21485255928054672
192,0.4990729845560141,-0.3255125760920933
193,0.5573477324497177,-0.2512345759474294
129,0.02945816123427245,-0.45795244887038145
130,0.04606543727876869,-0.4757213627340981
164,-0.04348124310519832,-0.5124184512406545
165,0.015352703275911133,-0.5291732549416535
166,0.03905905095164937,-0.5092542033951064
167,-0.039453852582231635,-0.49277530889076965
133,0.765841206150308,-0.2705717372859498
135,0.7684128534005661,-0.24482583000027777
136,0.7314257423458681,-0.3419609305414186
137,0.8188801406582291,-0.3163316904994313
139,0.654714806757758,-0.4269890903833942
140,0.8297453119442578,-0.369961671203461
145,0.2871868576229908,-0.3504071818092582
157,0.5252457821641306,-0.44892732703293864
143,0.19719734237703396,-0.5139247442063908
144,0.23049711876879034,-0.44329739081175135
152,0.018108365877635396,-0.5982165578012208
146,0.2986957396172833,-0.541894805920663
147,0.17524755724065824,-0.5876065091672837
148,0.24672385925404336,-0.583684325634183
149,0.25164291518384535,-0.5354610192075892
150,0.36823244591880044,-0.42829959734892353
153,0.43056142514463613,-0.46623422854079155
154,0.4123744250730258,-0.5385353352820661
155,0.4344627872272179,-0.4787987341445584
156,0.13420034787278387,-0.6212861072528153
160,-0.23766292437422556,-0.559953875467591
161,-0.09203763199506595,-0.6418814495583174
162,0.06977208641352504,-0.6788109335835676
163,0.014762491722942306,-0.6701683055349923
191,0.47187638663552106,-0.535939060636566
170,-0.30664833594718366,-0.41188404712153537
194,-0.05106955095875034,-0.7274593642769706
168,-0.17009983906521595,-0.45514734408287716
169,-0.2896445227766884,-0.360030835958003
173,-0.48556513387930117,-0.09711262456082531
174,-0.36697520511083864,0.19557278482508536
181,-0.5757244731168684,-0.26073146273618125
188,-0.5510325893635716,-0.2098319764258977
175,-0.49687047494902653,-0.33226330343605887
176,-0.5661548962491071,-0.37554581907528084
177,-0.4573021417678169,-0.3522343753398484
178,-0.6160791595612995,-0.37269920313617644
182,-0.5169095965161751,-0.3001258683895343
183,-0.6402753566628749,-0.30873177153
184,-0.6846177547821901,-0.3533716175437907
189,-0.7810932989051503,-0.41441447159262557
