0,-0.9060997841758885,-0.7199939477528009
1,-0.7884227006965422,-0.6861130161803756
2,-0.8494297141238099,-0.720386157661121
3,-0.7379849436823911,-0.6873407321254627
4,-0.6581325468584224,-0.6626919236844575
5,-0.6771871395076553,-0.6430735802439581
6,-0.6179771779085003,-0.6452826363360007
7,-0.5359472675956806,-0.6095040098691861
8,-0.5513985099007573,-0.5893830456324711
9,-0.513540016884849,-0.5790841543460215
72,-0.46944674849548285,-0.5081063385383052
128,-0.41391785585256297,-0.505004416050296
130,-0.32338303920919553,-0.474371107728131
10,0.09729822057667395,0.31217801232636583
11,-0.042588978714319055,0.2998796788126171
12,0.19388219588595093,0.3629041313640988
13,-0.3311362672658353,0.2526638995707401
14,0.3342362148138879,0.3725146322317594
15,0.37066740564844936,0.4803599263420715
16,-0.5652258732379374,0.31414438510650217
17,-0.4337024220575148,0.12970671786412416
18,-0.47198649716720226,0.2015692230788058
19,0.42410912256625305,0.6503504468488079
20,0.47887734611635974,0.5932873541990977
85,-0.7439298473656076,0.4134654069335479
86,-0.7008635416291079,0.3577384975547223
87,-0.6172595869852872,0.25657224930795036
91,-0.4656255312686775,0.08482257759340985
92,-0.4936071356912733,-0.0022606718831809348
93,-0.5012489307228731,0.1301042480744823
44,0.35058036183833235,0.7642183226824587
45,0.42895565453518336,0.7198852117618912
46,0.3694891331396342,0.6992839830217704
47,0.48443318883851944,0.6940607378800809
48,0.4524008869353387,0.5410277667070931
53,0.5105070377078347,0.4750183302310012
54,0.5577425942117296,0.5474998686668306
21,0.2523338011628631,-0.6276855356853637
22,0.19366023361266443,-0.5931292426822673
23,0.2711611213776536,-0.6063706799326648
24,0.18175225580256696,-0.5144859050467575
25,0.24438457815416095,-0.5835861326218661
26,0.3833766908399596,-0.6525065052209519
27,0.11913471603758777,-0.4105501869971304
28,0.10170037691401082,-0.43806280059858016
29,0.14754939046245028,-0.49939050448220274
30,0.5171599642067961,-0.6873376219030083
31,0.5469584780332413,-0.69992502730377
32,0.48528064380177727,-0.6707349738569297
36,0.06558702023111274,-0.3337354049073007
33,0.5966363508284905,-0.6175553950618698
34,0.6254360938781748,-0.7094681756865786
35,0.6657834310878822,-0.727140572390519
117,0.7140194973738498,-0.5641332920691925
118,0.6769108165914226,-0.5241174733933912
126,0.540864236605801,-0.4660817222875527
125,0.7517976491474806,-0.707999420663889
127,0.7592728201516916,-0.780895103426682
37,0.16223156249874854,0.815047470940356
38,0.3097124491551252,0.7877421843368104
39,0.2656803973196453,0.8051136220181706
40,0.20329789007391075,0.7949250433501609
41,0.04701315401126908,0.8528735324581167
42,0.014614082075269557,0.7532486014111827
43,0.1313225104963559,0.8325405160386734
50,-0.07642396585573108,0.8541960376927654
51,-0.14024868115755088,0.7289071244836863
52,-0.18781176910029612,0.5983457709594757
49,0.21528678788932237,0.6830328228776746
55,0.4312310050617999,0.3696202887584559
56,0.34501898396866576,0.5911405037473517
57,0.08071898754048647,0.6189536165939129
58,0.11550129529564115,0.6870179186156499
59,0.22258535338438076,0.6292785609994217
88,-0.25806602557895225,0.6215178674329573
74,-0.32770379164830404,0.4538701561001726
89,-0.23649602112429394,0.5229882850943649
90,-0.2629696582697854,0.42027978068211463
75,0.4808360514469826,0.34535415899900634
76,0.5021608413146239,0.5595291753715771
77,0.31250845469388333,0.2451273912331269
78,0.3492049632148536,0.2528453463889767
81,0.17008585817553587,0.6196048782647332
107,-0.0018699665821813429,0.6433973666540531
108,-0.11647458218042873,0.550119247855081
60,-0.5456261414157253,-0.20745218623545988
61,-0.6354763721301262,-0.05654016774935577
62,-0.433834005389607,-0.1981284241877863
63,-0.44241000136511943,-0.3245219208724101
64,-0.4588095179744829,-0.19019337904536374
65,-0.60245921514388,0.12499737146787354
67,-0.4176438551134947,-0.15137211253076943
68,-0.393447049933968,0.006620381864171001
69,-0.3862627292697053,-0.26432596688145604
70,-0.39816557157304144,-0.29543125145402904
71,-0.2692190637336695,-0.34205944802557914
66,-0.470086388909908,0.2964347872942347
73,-0.36575115251208823,0.26668865033712036
97,-0.4045265355781157,-0.0698276527271412
100,-0.4747778120968327,-0.2376332013689113
101,-0.28728412473409104,0.09100445261176628
105,-0.3536825236571391,0.20142980256894755
129,-0.041984152428939055,-0.15537748801134413
131,-0.08451141347442062,-0.3956217861175926
79,0.14889627409978784,0.16345244463279382
80,0.28313105571328034,0.19076170421485591
99,-0.14206904075190616,0.09961788135155948
102,0.015172799410872113,0.10722864787559327
106,0.018411183390313092,0.6041115304497905
82,-0.8585199289557243,0.4614014013910632
83,-0.8055789053629475,0.4322525551285725
84,-0.8340133701372748,0.490503215319572
109,-0.2870414830465123,0.49548227463727923
94,-0.45442724255274564,0.028195052853361477
95,-0.34951735471056733,0.0700557884905078
96,-0.4984197844697491,-0.1257922490456841
98,-0.28009599373529953,0.018395482059895822
103,-0.3138155546555777,0.16538852985189326
104,-0.4855516978121271,0.25392640376807585
110,-0.425213806507893,0.4050135842646378
111,-0.6367716874203468,0.27923145961758006
112,-0.6424285176417305,0.24069452594118865
113,0.8001664048940179,-0.5734305278472708
114,0.9050011716298788,-0.6024319100377625
115,0.8471259522111799,-0.5799813597298342
116,0.8072637303414033,-0.5454821017064663
119,0.9180811188928423,-0.6856305603459243
120,1.0,-0.6572969174827044
123,0.5908419900970456,-0.4681204679730366
124,0.629506646788054,-0.47288502629712026
121,0.8396362866506861,-0.7573282768890797
122,0.8732708498351336,-0.7444062542188739
137,0.43526634683719073,-0.3988806739261587
138,0.5075851739737596,-0.4050677115681487
139,0.3923616838128361,-0.37297640284677147
132,0.1334786388912593,-0.1996842771667974
133,0.014416767587366429,-0.0179308455703391
134,0.05868425654047498,-0.06731463400806333
135,0.022381548102364857,0.015571217139262575
136,0.22262077644763012,-0.33860038262011377
141,0.27152276079172716,-0.28331014522821824
142,0.06585636294884749,0.05854286458938238
143,0.06060762371417411,0.12517413405370784
140,0.3832909523552353,-0.3495258973271411
