0,-0.054233830113183515,0.6655669510010781
1,-0.09843532958215956,0.5713105402452764
2,-0.06172136547922929,0.6343049408024568
3,0.037437589276907796,0.5751357180090864
4,-0.02286093338790376,0.6339897300939269
5,-0.05095539265743678,0.5487899937653624
6,-0.07166094572054767,0.4018166137681406
12,0.14884804392257872,0.5529652158617037
13,0.11193080581951276,0.403324452623093
14,0.11115507681336212,0.5457548925265276
8,0.01831760750183922,0.54320859873055
7,0.041303063492982406,0.47829489796748376
9,-0.026479781226117084,0.1962944156491249
10,-0.20243958040036236,0.2622063979837185
11,0.0389726315187677,0.3459579386197846
15,0.19066196871908625,0.4402631835850592
16,0.1196690183859043,0.5085524037546312
17,0.11143720158512184,0.4133039064136825
18,0.03856195704510741,0.5903066803141331
19,-0.051369646979391115,-0.038136151959012106
20,0.14364138088939382,0.04406680163108095
21,0.15398022131058683,0.23129221958326096
22,-0.18842734625375623,0.11916756835650222
23,-0.3448879455369619,0.17105861895581956
24,-0.3559352620917982,0.28481401182376037
86,0.24962169467105047,0.5585422350096538
87,0.231117529254274,0.5810062226785299
88,0.1840996142824132,0.5318465502715072
136,0.048731709278380046,0.17050853801052476
137,0.16625783596841098,0.20631631599254852
80,0.2816858757440376,0.34432205496662077
81,0.25789963871718874,0.4955179085502281
82,0.23570590768797486,0.4870825818217313
85,0.28632679905143105,0.45016144890373017
89,0.23786522677311644,0.32284421113057965
65,-0.20471058632659714,-0.20571272473421712
66,-0.10505144381784248,-0.2634545041405691
73,0.10568893124005863,-0.06384454889687526
101,0.3996196470454895,-0.1046861897102115
104,0.26118760377085604,0.08322837931315828
106,0.3223254868875551,0.19734280310554606
71,-0.30910489503582367,0.014329733304848111
79,-0.4484578700222899,0.10803808115254554
132,-0.4481919806085005,0.20945413829806717
133,-0.47031955666313646,0.1394995447189373
134,-0.3793408375788084,0.23807530468307922
135,-0.45467964874943284,0.29954597010914463
25,0.02608802461040935,-0.0012558197160368813
26,-0.1699295807588071,-0.04402259082518515
27,-0.14386819431676146,-0.02547750503571801
28,-0.13725033547087903,0.031841289400333456
29,-0.04305325939108868,0.06773869073739416
30,0.1400225250368107,0.024483260775075517
31,0.3263064531964163,-0.020331496783115067
32,-0.07330333104933998,0.03475622943071675
33,-0.29651233879899713,-0.08396406799381774
34,-0.25064778530798065,-0.05623106700769283
35,-0.2771823502372531,-0.08525343667282397
36,-0.1300410759655941,0.025932297199590847
41,-0.23084998741245638,0.14428999076263185
42,0.4298162949874891,-0.15521492237667064
43,0.4704341418210385,-0.047353136182173676
44,0.537326405905918,0.004191118042053019
45,0.505180397747077,-0.0009412208989708246
37,-0.2133527347678215,0.043975794761587576
38,-0.35283860387161975,-0.13577177734093984
39,-0.37423492533244423,-0.1786801711810578
40,-0.344354284570887,-0.10888669979069664
46,-0.17090759071000727,0.07804394597172373
47,-0.261151058144224,0.10342940765478524
48,-0.13560481489190318,0.132313957196496
49,-0.053743999254683913,0.04709353308975205
50,-0.022184001439940475,0.031724396995229116
51,-0.0753746770590126,-0.04131687293443449
52,-0.08065285961879552,0.09322930490386419
53,-0.13011956050054868,0.11860403677033249
54,-0.2767361739384507,0.09037403449138616
55,-0.4285562812676193,-0.22510683098042597
56,-0.4634702399482005,-0.16638687671487032
57,-0.37397384500975345,-0.3180814216852527
131,-0.37323448588994285,0.1666768616965862
141,0.3382094480831054,-0.35692828414857014
143,0.5539198829705766,-0.04826381896892405
144,0.6135355442210627,0.010024160399854857
150,0.6686668044213308,0.027579197686471563
151,0.6117920241647538,0.05733811329925946
113,0.5557757368249042,0.04612050430628071
128,-0.40651963145613657,0.10394593958455625
117,-0.015867014981779,0.12812161485846588
118,0.019829672351393803,0.12885707612090808
119,-0.04158327271289775,0.16086375392040478
120,-0.027450839206388068,0.1771789675964455
122,-0.10756833016674226,0.1895430137795761
124,-0.2363262438936528,0.12213929273738185
129,-0.38878180741178364,0.08600239423834909
140,-0.5001681401386981,0.02236372275607164
70,-0.23916466259921126,-0.526906877321647
58,-0.33087259121011686,-0.4660494225655145
59,-0.29160814246064115,-0.42506240948413054
60,-0.23155645022329632,-0.40283058312602926
61,-0.3053747776316248,-0.4994060891090175
62,-0.3565839967754372,-0.5162410052709017
63,-0.32214621981059804,-0.5524906704645477
64,-0.2989992467342787,-0.5434321237242967
67,-0.15763849600564583,-0.41317957790672166
69,-0.27763293224117436,-0.592236846807427
68,-0.24118798444270592,-0.6026157052934081
72,-0.16463882594308468,-0.36005269002775014
74,-0.20681106929230272,-0.47239205673544327
75,-0.16260640977570232,-0.5280408974968251
76,-0.1828898241128802,-0.6228557210304979
77,-0.13372469191405234,-0.6121580843830345
78,-0.10993203481168859,-0.6098086057470177
111,0.3107990918007601,0.02722628720338709
148,-0.338042151810214,-0.653353369285416
149,-0.15657896405827418,-0.7271012100850139
146,-0.07952461899935481,-0.6563436542802069
145,0.014092207059667822,-0.600805304103846
147,-0.5509627677559968,0.10619353164689392
83,0.3028105831079787,0.48481620595364977
84,0.3332904480695718,0.04243926206104049
90,0.39970014211708044,-0.1377713822295354
91,0.3608930067761334,-0.08363385934724853
92,0.3657686158430706,-0.10709099956139218
93,0.33495061780713853,-0.035329366785483145
94,0.2934870552358022,-0.015962111871078922
95,0.2586968182243859,0.06292690725204794
114,0.3641821681021503,0.2744834244203517
109,0.47759509629791186,-0.23850394313576403
110,0.4376019773477764,-0.21292213262475296
116,0.4146628347602637,-0.19138194389705993
138,0.18778611383385335,0.09292527946867576
96,0.49215221901224343,-0.06797080953657422
97,0.49165823457258007,-0.10057114624081055
98,0.5293052577032356,-0.057124332567184036
99,0.5215588129645756,-0.13484645816538407
100,0.42242645005912755,0.0455730006598857
102,0.5143830376900388,-0.18274249269593337
103,0.49198514650057057,-0.18475210625854988
105,0.4174187184475302,0.07539267623482358
107,0.41792827146669653,0.188426045606883
108,0.4747845906230872,-0.21428677451493966
112,0.48624190180026106,0.06679972632961627
115,0.4184112776960243,0.251969292609177
121,0.034967555566689706,0.18492283488172678
123,-0.049589781051054806,0.24278288544758445
125,-0.18094013244880078,0.16344741205263438
126,-0.06641747735741578,0.28521599308829215
127,-0.11177712921427335,0.2579650033542059
130,-0.2926015139263051,0.06826093272146051
139,-0.5017634680903255,0.10460044706608741
152,-0.4289386402117651,0.046093680076067636
153,-0.49331859728830396,0.05134849738193444
142,0.19824861812547603,-0.5067188984445055
154,-0.44826737734003586,-0.796775644048924
155,-0.150141849225748,-0.8835771873654055
156,-0.5355192866117751,-0.9148686850211754
157,-0.14711041663867383,-0.9964986255275565
158,-0.5972199304702227,-0.9999999999999999
