0,-0.25228745087404125,0.820707011204674
1,-0.14701343140018508,0.6947224005541867
2,-0.3461263852676963,0.8216447932922892
3,-0.07003381536278941,0.6250108057786257
4,-0.20917444513996736,0.7629130847182022
5,-0.3703559806490231,0.9548741827353855
6,-0.4198248090283395,0.892648714808306
7,-0.36772738862698756,0.8441579098539381
8,0.027262699526232448,0.4254509519349872
9,-0.48217294875945454,0.7330108996957352
10,-0.5131863239701117,0.8657694561293967
11,0.09935668206780764,0.4397015074245015
12,-0.02855868491737703,0.4845494977624117
13,-0.3156022099779947,0.7376300200091239
14,-0.1918277865344357,0.636611894335666
18,-0.5137996681981547,1.0
19,-0.4678131871014983,0.7039497161021154
20,-0.45147689878381647,0.9664280539077551
21,-0.4938715059110026,0.8460708442545763
15,0.2227449649797932,0.20567198719047072
16,0.1209639895258136,0.14586150246219823
17,-0.05470405687821009,0.3053330176926631
22,-0.42912450979106437,0.5125021483656069
23,0.18882390864021562,0.28479939692758527
24,-0.20905111075859395,0.4846816126526414
25,-0.10694823026251743,0.3409574309513999
26,-0.2946708740268361,0.6048810256474105
27,0.36944961658542164,0.10245920744014467
28,0.37667674338671103,-0.024667301797049748
29,0.24960687051888808,-0.04411756909776105
30,0.5388030676183746,0.09222587821735004
31,-0.2075835743344513,0.02420883117149795
32,0.041843897113088,-0.10438771847353644
33,-0.27182674184427236,0.2874221964397983
73,-0.6405460752021072,0.9175054158293253
74,-0.5979745385168559,0.7214639133358718
142,-0.520753294521434,0.3913873236289298
49,0.31527895660208216,0.0812230768486588
52,0.08619765149169163,0.15090970344203355
125,-0.3447073101506827,0.43632182908791983
127,-0.2813520553628501,0.30874480015189426
123,-0.13169437027411254,0.18384665781264625
38,0.4672699308393134,-0.09944521873955242
44,0.42285693280896297,-0.03169711001950314
50,0.458073809605814,0.03705611430073904
60,0.5235724879064851,-0.18910574008383207
68,0.3478062823637121,-0.22904629271596935
57,0.7326365817207987,0.01442337215547639
58,0.6454634001074284,-0.03287076556876022
62,0.7356141394625074,0.07485486875897736
65,0.74754144180848,0.14482550651383574
106,-0.19672366662068322,-0.14406023625198774
113,-0.331252285861456,-0.15965503618848984
114,-0.3840419042362096,-0.14142841549233365
101,-0.11765299320128915,-0.20509927606170003
104,0.11602698445902268,-0.2866917105531657
34,0.5564202570586987,-0.3834189053035977
35,0.5413240435083257,-0.5804697498060194
36,0.4727929337279955,-0.24999180549728048
37,0.5981938715695165,-0.5993153859034522
39,0.4659134256468965,-0.6968217543628252
40,0.5802054906653569,-0.7756847632924933
41,0.4580066379067157,-0.747687364317156
42,0.5874138542697988,-0.7444952148593991
43,0.6062863766224494,-0.6970489144694305
45,0.30719146817460863,-0.005183250593617585
47,0.553278672558495,-0.20391670927978992
48,0.5024691719379641,0.0017580996495439438
46,0.21242988631254456,-0.7045904463883133
51,0.34889806873893736,0.047861937306485455
53,0.09679985452870134,0.07939542493597264
54,0.2633812289808564,-0.5045002291836991
55,-0.15141450930093203,-0.6747714546155494
56,0.6774153338037912,-0.14371566843276332
59,0.6350756291024193,-0.2531744969719849
66,0.4807361501675257,-0.30390401617809304
67,0.4152244687047706,-0.3670832018843038
69,0.28839499544368424,0.10742007403122276
70,0.5818501057800655,0.1377037491169747
124,-0.173052267492547,0.06105386074886216
134,-0.03456881300062304,-0.002455958538155048
71,0.284520956248159,-0.3725052544888459
72,0.3272162761592293,-0.5648599818497807
99,0.08394825591133002,-0.4086391677815894
105,0.1965256419490362,-0.4022011591566743
132,-0.4000287482014755,-0.5097678435684223
133,-0.36634561325467835,-0.6693732871104902
61,0.837553306825681,0.12128481105561828
63,0.791161004102316,0.1830105860714382
64,0.7708479196228417,0.20872266535450432
137,0.4419564920876866,0.25924433122296014
120,0.32374419701117624,-0.6636557443864076
121,0.2900173689688642,-0.6750189885534825
122,0.3471119639807564,-0.7406731151381998
141,-0.5868054630545021,0.451663217650088
75,-0.07324031354455583,-0.28921261079389915
76,-0.03573674513874394,-0.029509204508880612
77,0.011906103573711913,-0.1702394890841666
78,-0.14849402000228615,-0.28087641962899973
79,-0.07082183477302141,-0.42924781265499157
80,-0.05533354491446505,-0.40173022987793056
81,-0.12573018707373543,-0.4682199473972144
82,0.043788346262959535,0.020746576271667226
83,-0.18624596598117696,-0.0010760306024230706
84,-0.05338856561961175,0.09799402361074966
85,-0.082110557312158,0.05597940018457496
86,0.05001032544619428,0.2021581689131472
87,0.12447293487108191,-0.14710326637287952
88,0.05137076591251075,-0.30695524849072103
89,-0.0037471246989224274,-0.30288849435567344
92,-0.2675909876421807,-0.12546256223376331
100,-0.027335551923929023,-0.356185251782022
102,-0.33705048686626177,-0.052809290366851384
103,-0.09693687770380606,-0.3717618074557347
90,0.15599494606364248,0.025513387154907332
91,0.0755127801084884,0.1690697265062694
93,-0.37100958936201645,0.009011313951849918
94,-0.25889089218848577,-0.0328699517613609
95,-0.13036756028669658,0.018893194565613905
96,-0.007347102986225068,0.08084620266558136
97,0.12439854344138072,0.3307934485156245
98,0.17227311661690478,0.3952837764897742
111,0.14554866892114757,-0.24969907606559888
112,0.13523565785147393,0.07024735655221988
147,0.20954304664833684,0.24167033216516332
148,0.1747260532761878,0.20629056976275867
149,0.19484044002633416,0.3303310982693941
107,-0.4368689940007732,-0.015546177811081268
110,-0.3795572939680141,-0.18172798514172264
108,-0.4855097616428268,0.17847984099092545
116,-0.40334724233476144,-0.10712319812785404
118,-0.3069249836654486,-0.15485207622351013
109,-0.4956280895784563,0.1362624602170425
119,0.2284135417596132,-0.508483464073886
115,-0.40955787902423796,-0.23549967278325667
117,-0.4163304994836128,-0.26956536698578715
128,-0.3590452587601429,0.07902044390685951
131,-0.4304226789076785,-0.08943641155798675
135,-0.25838242900584274,-0.09573132068742712
126,-0.42306526181648424,0.23693222213511697
129,-0.49692438118781446,0.022928845832089987
130,-0.47400948287832706,-0.19427952041386565
139,-0.4980318534097319,-0.3657470009588141
143,-0.5167802208133844,-0.6148228646378306
136,-0.28193774506611563,-0.13512018573420004
138,-0.4279874931071999,-0.3128311683970867
140,-0.5467933536267492,-0.56248475611807
146,-0.550561137631493,-0.7772782964190276
144,-0.6286417175890724,-0.7962672085970742
145,-0.6248500258281053,-0.9071501162749052
