0,-0.214083351120852,-0.36389178346233003
1,-0.3655352780702668,-0.3594540124508094
2,-0.30300118492706757,-0.4755767363167549
3,-0.25968969801163894,-0.21966020902300507
4,-0.11419114765925699,-0.45865885458617056
5,-0.03578037664302083,-0.27041676114432495
6,-0.45288231158301395,-0.2807997120215881
7,-0.5049552251088301,-0.34907625080392307
8,-0.44182319258336333,-0.44952390336719944
9,-0.24045970853763415,-0.5917909291032168
10,-0.419622228521149,-0.5433356545062742
11,-0.1605049709067706,-0.024210579461705958
12,-0.2013794299548352,-0.10649059667097265
13,-0.37354778421469825,-0.11588549818601056
18,-0.06455698212528349,-0.6154039742149251
19,0.10693027739337535,-0.39097372988374096
20,0.24598680997260178,-0.14635396618685265
21,0.12325598094065669,-0.2671984876211089
14,-0.5398863921687895,-0.26357615243370736
15,-0.5343753263676851,-0.22814860383918342
16,-0.5788239995646034,-0.308898825942616
17,-0.5575659210897481,-0.35516455493981053
22,-0.15361687804792815,-0.6358814457109795
23,-0.34256158246365714,-0.6285981290672235
24,-0.5823001298595857,-0.42194153543092283
25,-0.5321332703758287,-0.5959640402496393
29,-0.1519550599851249,0.09760268994373847
30,0.003915308648900378,0.10144514058485404
31,-0.38481021063034293,-0.03689813764992534
32,-0.543378795778931,-0.167133781938988
69,-0.6445961878659818,-0.31354352621538556
26,0.13040546642156364,-0.5962668128376357
27,0.023733276117601555,-0.5952430490344851
28,0.17981463196231393,-0.58065590239426
33,0.347414291301747,0.1226389185946491
34,0.5405520446570671,0.02301826971214578
124,-0.0672419246799057,-0.5371296082692081
129,-0.2254580562499563,-0.5771348109120102
162,-0.42981135615888133,-0.5886934923697557
138,-0.686873745210282,-0.4888900235875468
156,-0.6569713982603826,-0.57616649728836
116,0.14755281051421318,-0.5034224850136594
120,0.2319147397183143,-0.5634744812165559
122,0.25933320138944527,-0.6695541945751389
123,0.2315405952695442,-0.6555600183698793
117,0.055646875355761835,-0.4294181915768697
56,0.13182773637515166,0.4463455263594768
61,0.031859725845141615,0.0927255469440513
62,-0.18013443023567308,0.03323647594428046
63,0.2088476938754316,0.2025833859265352
65,-0.5925484807403314,-0.16106710037377212
66,-0.45573835405538693,-0.06226457885204919
70,-0.6891266366136165,-0.23338840571377184
92,0.25668141868637206,0.42886545892926886
135,0.7401496082019621,0.02816308588845503
136,0.7207367094173799,0.07600805596955444
137,0.7244681943556815,0.09921817053033366
35,0.5250625525264481,0.5111049813315065
36,0.6130496236297053,0.2907373280369209
37,0.4647653406401811,0.5451383540913242
38,0.4205685183440009,0.6056349048771892
39,0.496701232325324,0.618780987163515
40,0.3652916757725161,0.568153576000379
41,0.6166441171605521,0.12120549622255568
42,0.5091041416728322,0.17400980610653766
43,0.6602110520297456,0.15198143659545757
52,0.43717724069756203,0.6478118905551083
53,0.33990566970587976,0.37280381021632086
54,0.2577542650930298,0.5915551855469708
55,0.2978498223019828,0.5957934909623654
44,0.43889282026683757,0.15696958467659544
45,0.6817598780467093,-0.027183709866048983
46,0.6497549652311853,0.016517418188030826
47,0.6789916888083625,0.05831242652408347
48,0.25482162107105855,0.11854886877522397
49,0.40244594059042327,0.19177241880930726
50,0.48193362764589787,0.18397635129314543
51,0.5647511487854989,0.21681337092542655
139,0.4404726659159252,0.06911677348077593
140,0.5882098867607313,-0.0740692005041798
141,0.5703943880716295,-0.05595878144700864
142,0.5347325912848937,0.006972105212753192
67,-0.04030464482242003,0.004860205611452761
146,0.6688960710005041,0.18582825505886905
57,0.16411720246871508,0.1761628000293841
58,0.28621975206156575,0.34190776485321145
59,0.1603519100720128,0.624074035280112
60,0.12811015573446377,0.6275951338917619
64,0.030099723687853484,0.653185642752035
168,-0.042769891837916595,-0.11236021742155577
71,0.01932425626161418,0.7104071104874334
68,-0.24828796833436248,-0.04185851848121907
72,-0.07041695453953178,0.7874703068721384
73,-0.06352440994269107,0.7450637709106981
74,-0.07141596814805935,0.6216502869146766
75,-0.7451505436650038,-0.3652459747951598
76,-0.165246607629493,-0.0702290440136567
77,-0.1289588758201673,-0.14416250296175045
169,-0.21052052219354697,-0.1562913946353195
78,-0.11178358359884039,0.8136279119715839
79,-0.11203043706739481,0.9118936101640799
80,-0.08841601432766372,0.9147288997943016
81,-0.13637587092211065,0.8232820044323865
85,-0.022939225301801234,0.2314995823600528
154,-0.8124759094516792,-0.5379151440171597
157,-0.8845246237222413,-0.5184659304747558
170,-0.18067893232190288,-0.24943449471189777
82,-0.07814955481167338,1.0
83,0.009575032980476976,0.8867952559494079
84,0.16418773559339048,0.6821607421263488
89,0.16215602733318257,0.5434031148741412
86,0.05465855437525847,-0.18314662923329889
87,-0.00023748709597225302,0.3440595435756793
88,-0.005387003877742239,0.3242464407732796
113,0.14533305707056515,-0.35723231088381247
118,0.12661645523436715,-0.33786666888455363
125,0.07347390191578576,-0.4034869158654921
102,0.1544105874667158,0.3524998741576193
103,0.10514097255555566,0.31165862376009273
150,-0.06030799709651905,0.352023679890387
167,-0.11591172658601864,0.3832200583893879
90,0.007281135361849547,0.5980488898472354
91,0.09991102562674038,0.6574968454411909
93,0.20012228455068518,0.35165877448306043
94,-0.10313663305830734,0.6033789004395732
95,0.042487287794570935,0.5275166610808865
96,-0.05414271122827877,0.6510724715196441
97,0.09252976198155068,0.5576724374548899
98,-0.09755267650561221,0.5127138379259122
99,0.11635248544813566,0.5869854728425472
100,0.12775657129361834,0.7596364850408835
107,0.12671849357193585,0.27050612948309166
108,0.21203363789380653,0.27313704803614003
109,0.2000258257540463,0.1501558904916676
101,-0.20835560858186103,0.6234450874969255
104,0.09486092146042682,0.6976943178063749
105,0.008026524092783463,0.3643736658435685
106,-0.0477147467810363,0.3703731096592891
110,0.13304956462886794,0.8549665475926962
143,0.3377534849333113,0.08823130231517996
144,0.33067563154877466,0.15562556844552264
111,0.05546079998558459,0.17905948668119062
112,0.21670317039789377,-0.1038430933893958
119,0.15593068424254475,-0.10966192332988012
114,0.21781021116743646,-0.3546342605247183
115,0.20612094282859358,-0.26342504188190646
121,0.28349451116375646,-0.5657513514140406
126,0.2677601898389957,-0.35971153785306814
127,-0.08610517732494129,-0.484922468013276
128,-0.16068334095899903,-0.5202863321239818
130,0.24082925099653474,-0.40618093426069596
131,0.094665608677051,-0.4015217940683507
132,0.40016550821076635,-0.23272403678154807
133,0.3216680666422322,-0.2877586607581731
134,0.367832609427788,-0.3699971935177308
161,-0.26773400037981804,-0.5081430195264067
166,-0.11117209228419843,-0.3699613248865793
145,0.4440744314125224,-0.0350983646947459
148,0.39107209635553153,-0.12351517455528335
149,0.44643890596068314,-0.11165898164110136
160,-0.8270648786183352,-0.6134052092383059
147,0.48349651133857907,-0.02210986495271796
151,-0.8781134971349344,-0.5719303023006513
152,-0.7248823697138329,-0.5646631773591246
153,-0.8675533127496421,-0.5977946480041323
155,-0.4768132347499847,-0.5014079710249596
158,-0.916121339165885,-0.5974652216089564
159,-0.8267204648840798,-0.5899797838630048
163,-0.24722672113188607,-0.32018829891389416
164,-0.96017563436151,-0.6268033835830574
165,-0.970589202100561,-0.7003840586460139
