0,-0.038852904610617245,0.4474569671375102
1,0.021276375154012435,0.48432708367245714
2,0.109290934630758,0.4696716550706112
3,-0.17739094793742402,0.3466804373515197
4,0.012302109975504785,0.3912770185902508
5,-0.2458552751907144,0.44727768300094206
6,0.28269184651302254,0.46002432890487677
7,0.20088614039243136,0.41416757143721966
12,-0.4189032978158163,0.3667839006462992
13,-0.062215919061619586,0.2749123321863611
14,-0.23795237624013257,0.17259100479958364
15,0.08409857153250645,0.3362983439669646
8,-0.4930846703082757,0.34632102947741517
9,0.47570545932841857,0.4234628489058639
10,0.5025218280261012,0.3954922217387117
11,0.38707955493005497,0.42020524092028644
27,0.23779918090395627,0.38438247961418415
28,0.36440260812820796,0.37716311596105806
162,-0.6786936368585537,0.15184716840763596
75,0.5703542252145818,0.30539297368275836
86,0.590345983363915,0.4128914864712112
87,0.5249485139778269,0.3571704170525831
89,0.6624089413764211,0.25536234227083215
88,0.46658965097909955,0.3623204977311627
16,-0.35297411441430043,0.3944444143427988
17,-0.40346526106908537,0.23593788840306285
18,-0.4456304207406977,0.44895676152953345
19,-0.4744355747356922,0.3552914763090137
20,-0.4102951570722788,0.4676311552786541
21,-0.5212048617244164,0.42850520879715165
22,-0.5829009707506265,0.3859416143778113
23,-0.5216412461441365,0.2797773920291509
24,-0.13898162549344223,0.09052568261356916
25,-0.01499287920790583,0.20377487203108016
26,-0.24771836631065522,-0.024790049921021927
150,0.13175953438989663,0.2891628763181672
50,-0.2487700889209658,0.1189754463413452
91,-0.3643749267346697,0.5359523504075995
92,-0.2857541589221818,0.6033185317910491
93,-0.3333310621479484,0.5686454819270919
51,-0.3186662682060827,0.1000621485593803
55,-0.3899799167947113,0.1285056587697284
56,-0.481502481595611,0.2238092359922441
90,-0.5128429943115946,0.20161266334907896
94,-0.606771527957165,0.3207494053928393
97,-0.6816193532723553,0.34656006610963214
98,-0.6922135627121988,0.3951156739218655
95,-0.6111888900180221,0.2641329354623984
119,-0.2054025472569805,-0.1069033968053782
120,-0.09377088227858642,0.05781255422711842
122,0.017015850022427153,0.20983586110738514
125,-0.2687589381442101,-0.25069410104283624
147,0.2904947712876352,0.3387748336856799
152,0.3521632271778935,0.48220808433659607
77,0.5072832393565391,0.249990551255122
29,0.09273561669483392,-0.17646320617242822
30,0.4031658187455576,-0.08676637294314803
31,0.04560903213675555,-0.26534866258297746
32,0.12443815939809548,-0.3747648625253011
33,-0.1285209488263779,-0.03582109459815976
34,0.0922932528723737,-0.3477213009082064
35,-0.07926067992139513,-0.0848657497820341
36,-0.03606556404914224,-0.16303590418942351
37,0.5031776716737038,0.024843325983554605
38,0.6400555441156482,-0.03695134140493258
39,0.5498668533965498,-0.029121085219506276
46,0.12397902094593925,-0.4447098345992531
47,0.17018721196268363,-0.5145921413723443
48,0.15618889291416407,-0.5233193778266191
49,-0.20886751812423515,0.0010758322343231968
40,0.49724375958632516,0.07530597212692762
41,0.41109484348742775,0.18754823039608381
42,0.6510558105442813,-0.011239893450920947
43,0.7473048187841106,-0.012438370294628033
44,0.7355792587518073,0.07979084034547373
45,0.7828993522070482,-0.008471341841420137
148,0.32586583829892446,0.3144111379091725
52,0.18537424580989956,-0.5843255692328069
53,0.2268088180551194,-0.636280016965293
54,0.2053331041005953,-0.6481974975910947
137,0.2630698102014559,-0.7471568012703523
57,0.49330116274047286,-0.3129953333191612
58,0.45162923802551835,-0.2607043224134619
59,0.5235226072939244,-0.10667710885648692
60,0.4277324817287171,-0.3775393938521131
61,0.3768230131144272,-0.4290067509575624
62,0.5509651599146376,-0.43040397833284694
63,0.5291476163008522,-0.07414894540982088
64,0.2998399566230417,-0.44239776450839857
65,0.5546370596718506,0.1075556550982372
66,0.552063990543267,0.0721711757039932
68,0.19460969262395844,-0.4695724256081154
70,0.22049421173371705,-0.4707345729516737
71,0.41131143049134733,-0.47062458593148115
72,0.5127652140961502,-0.4609919873496276
73,0.6753306317118183,-0.43493261059829547
74,0.7172692682547216,-0.4393186689340459
67,0.584038353417001,0.023089194875897986
69,0.08545228861031007,-0.5976161034395523
76,0.5798617121418606,0.24995338336626494
78,0.6067722113581658,0.07387584785120932
79,0.04909225609273508,-0.45358808670194334
83,0.021760379637071496,-0.49191764199064825
128,-0.15082996968316625,-0.6733766954162347
80,0.16766162734938275,-0.4263887152845445
81,0.0006686911742828526,-0.5367678055799736
82,0.33731538805501526,-0.4546779211892345
84,0.7934322267992687,-0.45168490798162214
85,0.7935073975208449,-0.4155610467857055
103,0.0183253578183239,-0.34688370923217016
105,-0.08558139868386493,-0.4261598060230091
106,-0.13506742477666264,-0.43745008292910553
108,-0.13964949636004725,-0.5623984627036013
109,-0.08452363735107206,-0.6276096397935839
110,-0.060557556578711265,-0.6371292736760575
96,-0.2941525247231042,0.6594083695810486
100,-0.24301483943408123,0.6985171214225406
101,-0.23131960167415694,0.7347642127555449
102,-0.21201799211119884,0.7193048894586274
99,-0.7144471335685725,0.3068819381338485
133,-0.16447057911985852,0.8049017025917781
134,-0.16529006216476985,0.7787248887208478
104,-0.09814822479289449,-0.20589441824184493
115,-0.1575644196937326,-0.10660914419740691
116,-0.17712881292506416,-0.13747430239552075
117,-0.10709529231631897,0.0396800126038617
107,-0.1857032902227234,-0.4559335594466352
111,-0.23105984362644083,-0.3166392415784484
112,-0.18760286886964203,-0.28414459740985265
113,-0.23701883004069305,-0.48762932128850633
114,-0.22200272114322805,-0.5676684361422772
129,-0.26426886732484534,-0.6468514234257399
118,-0.2254837831259304,-0.2000716866647115
124,-0.30040896181587906,-0.37736260001718247
126,-0.2604863986589856,-0.6289958454006986
127,-0.22539488982861014,-0.6709701658187395
130,-0.24846283797365337,-0.7033366456725239
121,-0.20568111059890568,-0.0525672532542306
123,-0.05251303934682722,0.3403302293240735
149,0.1870510475889297,0.3233601413258721
153,0.056140216812471264,0.30480053845307314
158,-0.05192569878397364,0.6707168326116629
131,-0.23630722002419668,-0.7424455926931144
163,-0.19443802425517429,-0.7756929439677362
132,-0.22973450471165002,-0.7927535520439684
135,-0.08086291207150785,0.8344922223298447
136,-0.06470588639693883,0.8489007413918881
159,-0.030311832739744603,0.8491759348922094
160,-0.031003891852867088,0.9302779899807384
161,-0.06034142269874939,0.9345708513209963
138,-1.0,-0.6074042976191759
139,-0.9589461537597465,-0.6589073346156809
140,-0.9127662052110544,-0.5393500057709527
141,-0.9530689425308505,-0.7702088501988877
142,-0.9172924209942658,-0.7213693270525608
143,-0.8737972954106535,-0.30273648871607045
144,-0.931975288986426,-0.8276122615327889
145,-0.9702729939358314,-0.8214144020194328
146,-0.8046297515733466,-0.06963746761827345
151,0.3206302719318564,0.4558038697382756
154,0.3769838016190636,0.5692778875805282
155,0.3577050260249814,0.606038304394557
156,0.40374082361618985,0.5518740145346942
157,0.4278515765707571,0.604003222391018
