0,-0.8501784919689689,-0.166972855370352
1,-0.8008799122473197,-0.07871187408138802
2,-0.824794130795637,-0.14707272588811693
3,-0.9331496780110922,-0.16490734306366664
4,-0.7339818965354652,-0.23529667771293777
5,-0.7907109499344536,-0.05622827434847116
6,-0.7246933256095026,0.020583419054640426
7,-0.7154005565492545,-0.12449626499085832
8,-0.8884619611653473,-0.2027886845394306
13,-0.9999999999999999,-0.19670585649364716
14,-0.49481337518002944,-0.34144203242809107
9,-0.613757621491121,0.19420004027044666
10,-0.6619834014998937,0.010072703219444703
11,-0.634254484006133,-0.31392013274632447
12,-0.6378357874570558,-0.2266023766053847
138,-0.5067041639957046,0.3796512881474342
139,-0.5241526065245196,0.3451555288882345
143,-0.6326790161375856,0.19489696380383906
144,-0.5994099284840856,-0.38679718128179164
145,-0.5712476629501568,-0.408040554251187
146,-0.5535995897597766,-0.4695599541741949
64,-0.2398181517600975,-0.4535409466898373
15,0.4046755923396745,0.5149026285096489
16,0.40993116771709115,0.4261168691281692
17,0.2691490246194581,0.5590440759625789
18,0.38594590823098485,0.6206114199332794
19,0.39734886605431513,0.5643617639849479
20,0.36738528508624124,0.6100505874574501
21,0.47540192457039315,0.4800082464970185
22,0.44366679058571473,0.352424116038978
23,0.4806278875170444,0.5023592892978752
24,0.5411537203643008,0.3090576259650839
25,0.41189144650793486,0.4659996257951908
26,0.48718329136199484,0.25146949473363606
27,0.4497898756844532,0.48605925052639276
28,0.28423632133887583,0.5154682964094536
34,0.36595366302744564,0.5828308356479507
35,0.06820038608775704,0.5702397571077897
36,0.027327165244669594,0.590863743842189
39,0.35424113689886877,0.6590223868097613
33,0.3046288798830515,0.5873424903108289
40,0.3461739945350138,0.17638720759607007
41,0.46735129456813307,0.20741283107928196
42,0.44077678705757073,0.26357675881966236
43,0.5155069617435661,0.2858716075988243
29,0.5785534863618514,0.4086597992741884
30,0.5202629635724025,0.1620686632569072
31,0.5753686312722289,0.20754409467926208
32,0.6261390358538262,0.3082818722114282
37,0.48495681081178127,0.039875803412759356
38,0.5152560396130477,0.06744105261849788
44,0.4240285528673912,0.04244111315001236
45,0.5774987701174769,0.24148376365943602
46,0.2563806605813537,0.6463818256523015
47,0.1870898504503411,0.5724645358830937
48,0.199877304105098,0.5592294505651454
49,0.21134646265878118,0.624455712656869
50,-0.1822656560783682,0.559111984238027
51,-0.059013715936584055,0.6123223476525186
52,0.43036391810863606,-0.12527976835964863
53,0.432101932416991,-0.08482425806702819
54,0.4927773797694616,-0.07823129612418346
84,0.31058814166901805,0.03224394192557616
98,0.24933845985321776,0.11279143504988441
127,0.13951509445874585,0.15569920934574402
79,0.3688167944940941,-0.10613750446788782
118,0.14733526228788127,0.5327551663959496
119,0.12455271623862114,0.4741674857079323
120,0.13671160565076432,0.44969249248765697
135,-0.3867667013310274,0.4615149105033685
136,-0.38948538594113774,0.49146804786769066
137,-0.3309951656874042,0.619114804958753
68,0.3092036285636672,-0.2906093373443636
80,0.35752002537731087,-0.30506849581926615
81,0.42470717943598413,-0.2036730328527324
82,0.3831548663742369,-0.2816004973694471
85,0.41620492320100516,-0.16301971291880024
87,0.4937167672156147,-0.14791156322847265
86,0.3399323125244483,-0.12520912670641307
100,0.3666074254774362,-0.2100561426066161
55,0.018396018017090326,-0.4978506278096149
56,-0.09311653677776144,-0.5485460774942885
57,-0.02765375624953105,-0.4979351176809283
58,0.10193036811498316,-0.467753954632414
59,0.12530449554980438,-0.4756409883012865
60,0.10191282361910277,-0.5118396417414988
61,0.05324001062214545,-0.5433787579127057
62,0.08709713872103057,-0.4392409625005497
63,-0.10648197501041709,-0.42480556651104207
65,-0.14254901727946123,-0.513933268175831
66,-0.065028277235588,-0.6519898334816592
67,-0.015471976761249695,-0.6259749881504177
69,0.26066855803223715,-0.3939816178137836
70,0.22644064263278443,-0.4215812753152388
71,-0.16116740579258101,-0.6299014180045449
72,0.12913730782045565,-0.2901568577400129
73,0.1284830750807872,-0.3969998755980174
74,-0.05765559100760185,-0.21423212384375814
75,-0.17547931150329915,-0.6020131490117187
76,-0.17310316368729795,-0.48774687964412394
77,-0.13568830006652238,-0.36360392552576626
78,-0.11997724893739498,-0.3254050661558653
88,-0.22759034402031006,-0.6950208026087525
89,-0.31828631350413444,-0.6614517971334627
90,-0.16908372542835173,-0.716719354695682
91,-0.20172526257794696,-0.7110780740840541
92,-0.34802529867265003,-0.6309894647555371
93,-0.27859462520420725,-0.6845707360088061
96,0.15875678914917735,-0.15787166386851734
99,0.2575966823298564,-0.24504505280410205
125,0.055950002342221264,-0.1527836470774556
126,0.046879905584353766,-0.01595792953082153
130,-0.02914907778686796,-0.05122637557686138
131,-0.028775642423259005,-0.10968202196870913
83,0.24854553592294648,-0.07289656151886734
94,0.1797273279157206,0.027119740335329903
95,0.13110032133598343,-0.07211161281655538
97,0.25288472120619865,-0.1392650675605772
101,0.3501446293502386,-0.15659880551215932
147,-0.44871727206578405,-0.590791616578264
148,-0.40873209953289574,-0.6255612542339595
149,-0.47804338211724806,-0.5474910655129783
103,0.10856064650041618,-0.2264719135318834
107,0.17074437177054652,-0.25787226356197657
108,0.21479957686734563,-0.2964923206681625
109,0.299475670063492,-0.29920177012573246
141,0.40800270479606177,-0.26379691728068994
142,0.25391615941673135,-0.02119765706599141
102,-0.05481849084006493,-0.12441425570531234
104,0.01560410945889221,-0.1770717808075708
105,-0.13298980456092602,-0.05060059578110594
106,-0.1954469709012652,0.017665751399134514
110,-0.25408952757007724,0.09258111318934692
111,-0.3043552206809702,0.16356088457358975
112,-0.35111081342873623,0.23936376294005587
113,-0.3836600242112475,0.3040862482043358
114,-0.4375533623903064,0.38229599565713973
115,-0.43447969960049804,0.4178534137896704
116,-0.5053477695866175,0.5007419245256984
117,-0.4944480192602191,0.46684577679640654
121,0.10691972837802484,0.4160922400948109
122,0.0930859165092958,0.31567992758123126
123,0.07385777421540402,0.4289419605902271
124,0.1106447316427152,0.3018704948456697
128,0.0702681464519379,0.15292702741498865
132,0.0637811539503258,0.2199085213857929
133,0.08353004153556966,0.20439884700368716
129,0.03978726277947158,0.09963286490090871
134,0.14631632679734197,0.10066906782158469
140,-0.3960797219119112,0.7294549483921152
150,-0.5164367012650324,-0.5154920550806719
