0,-0.16882190149132903,0.08763231014578714
1,-0.2166764378088571,0.0022564825781172092
2,-0.11013403078686937,0.07080354410557882
3,-0.06495092730168987,0.13554934661521387
4,-0.13839785352032347,-0.012114379609407065
5,-0.23098712773506364,-0.1086866654275567
6,-0.30033151905528854,-0.07119445905126628
7,-0.009991453045436144,0.04743725780117755
8,0.005411021797969736,0.1514346248016543
12,0.047256323941101616,0.171907969775582
13,0.016923335061232593,0.14881183040102064
9,-0.03793374211193635,-0.040581210245099156
10,-0.1690108240388823,-0.2533515471488003
11,-0.319643644925988,-0.15049278043682887
14,0.0848633390749972,0.07719993087324013
15,0.0647117937352165,0.14438722944208093
16,0.10453219207227614,-0.022208422391040934
17,0.13959936644802298,0.24379484924152592
18,0.04254959622269785,0.23617059237961402
30,0.07156404973953313,-0.0013352612476846824
50,-0.04085462012408787,-0.15245598343412034
51,-0.08369612306560822,-0.26237012031021756
54,-0.048682007501589894,-0.3413015229545732
55,-0.1179577373751836,-0.3128985650612702
76,-0.173418344244547,-0.30444428357704245
80,-0.2867245016663203,-0.24090577556708173
156,-0.3363833954301216,-0.1556772532510813
19,0.13510687735640506,0.0931055959715621
28,0.1667136350421939,0.0913028027236874
33,0.13388382499654727,0.024692616992998514
39,0.08760045819288231,0.21612951373154402
56,0.12212788647957423,-0.14509110268690548
57,0.15157812677721347,-0.0830009012570114
58,0.18531614261417698,0.044918384077576125
59,0.164628527432332,-0.054338270226652385
43,0.205334587157537,0.31657272498018596
44,0.19503961048780713,0.3682002858816683
91,0.24654595330938459,0.2291722867353336
144,0.24372374351468376,0.32970192960454286
132,0.0760808966441433,0.2935439735682597
133,0.092061359998614,0.2832058876646626
60,0.24601402696570615,0.018449623177602025
61,0.22701098053947524,0.012481087204043985
20,-0.02376358801540579,0.344191662010717
21,0.08134607376787181,0.2522762075406186
22,0.0693635867723045,0.3536872280435605
23,-0.08939415892823714,0.2970543978758974
24,-0.03580111393587771,0.29389524632697445
25,-0.009315227834756542,0.4335668177353076
26,-0.11254439063190183,0.365819426104513
27,-0.11762719178088366,0.35608921188149123
29,0.15293814353680873,0.3883177797463872
34,-0.09507448683659708,0.20453633690167208
35,-0.13587027327761736,0.3179074430323393
36,-0.07362174517128199,0.20199532185776903
37,-0.003519147342586355,0.22479849518948802
38,0.04110877350466471,0.40329786081053676
40,-0.18753532023492422,0.39118651193746146
41,-0.2024695678432357,0.4129576984014902
31,0.18306278899262587,-0.03742918011762443
32,0.3441559850578419,0.1304493471164536
42,0.1569460880962439,0.43560700038964556
45,0.05048888036938389,-0.1124852118544526
46,0.34130969232307057,-0.07393864440042211
47,0.3631166199339532,0.24894993983264502
48,0.4393512810524874,0.12349378307579975
49,0.4620608609332927,0.08360981270535828
116,-0.157306917159505,0.09539794854857478
117,-0.136850965026481,0.11584862621708039
118,-0.1144089449074733,0.1319199053543787
119,-0.03210244192327543,0.18737153920367378
125,0.07086861372774617,0.23333147431175782
126,0.09812474996670557,0.23469072328372415
120,-0.2676283862668609,0.41270140524034105
121,-0.26060642960144015,0.4265062860222051
134,-0.28668118792638575,0.4372259318700294
135,0.25846858815332613,0.451334923331527
83,0.3247101938315137,0.3479866614089064
86,0.30582810844929353,0.365936674988367
52,-0.022722512096267054,-0.22582105348869327
71,0.4792040531365054,-0.09040029052078505
84,0.33177907322148775,0.30174943692907313
85,0.5435497091099876,0.017723025006157214
53,-0.058207311281938005,-0.31269668369696885
69,0.012734915426313562,-0.3226934264319188
70,-0.03638813076385033,-0.3794818118824888
72,0.015159044457454775,-0.41374004893164995
73,0.04850079836583352,-0.3959504851749811
74,0.0482820762470132,-0.38224606946840256
75,0.08261760735974352,-0.3675469277176241
136,0.09369295289046119,-0.24021743308286295
137,0.13875722803649812,-0.17804909916416736
138,0.13974073375590118,-0.20713520171243874
139,0.16153950955696209,-0.14157290199519829
62,0.28243674327109586,-0.07529988840582509
63,0.2878386221166192,-0.044585997257319404
64,0.3176251167028603,0.0033383018603510275
65,0.30236011218994535,-0.15849835329320394
66,0.31159967955890583,-0.18484478494144374
67,0.2754474934852927,-0.2587641598490644
68,0.30492629274633837,-0.25373687939456385
79,0.2026203794871563,-0.33870023024502766
81,0.24283350390596925,-0.3228290100415533
152,0.27527125634899213,-0.3227064264121637
93,0.5558169386442161,-0.06111121007411799
153,0.5633423078513539,-0.10643105446136862
77,0.08203916070374749,-0.4172021788405534
78,0.14203625750830634,-0.3733171543984074
82,0.22937376609689358,-0.3706000984116978
161,-0.38746425401473766,-0.2774499541002039
87,0.32863668209506813,0.42964961576112515
88,0.3547623928625981,0.42352923304594675
89,0.3505257017206119,0.38895328687232567
90,0.36960913720012434,0.35898481497481155
92,0.31022618525423784,0.2799109522034457
146,0.2971985674277992,0.3365454433266364
145,0.30646450960558547,0.43403651020705936
147,0.344453422222752,0.4968258570517838
94,-0.3302526936319686,-0.08350928526376938
95,-0.3686442731194749,-0.039707139384191265
96,-0.32289237471913923,-0.13617175922868965
97,-0.3721393698033859,0.06814602216145749
98,-0.35120763953971934,-0.03889084125553812
99,-0.3043394281938057,-0.17112319363537934
100,-0.304772902493805,-0.21690353266908824
101,-0.29675813631832965,-0.26327476515629245
102,-0.38202557320680947,0.24835590437709062
103,-0.42570663066624276,0.12765350038669304
104,-0.4093665767909504,0.0816009002436646
105,-0.44109976377840326,0.11977290059526909
106,-0.29126326383716983,-0.2984991916253289
107,-0.29989120780534156,-0.3456522873761009
108,-0.30081988159309986,-0.3904119526362121
111,-0.4233856776364034,0.1836096334609543
112,-0.40574266794419694,0.3220270810841108
113,-0.4364538036902314,0.2675318623352697
114,-0.39610719021274726,0.3415236421428777
115,-0.33809349580291226,0.3694117620421162
109,-0.2962919778973249,-0.4007230068781549
110,-0.30203810174797635,-0.4750141429346769
140,-0.31007774494451745,-0.5234855886261476
141,-0.3007717593489025,-0.5839930899799757
142,-0.31611413947198413,-0.5823881354647222
122,-0.19899870290828298,0.04706994369575509
123,-0.186364595367201,0.03954209163246302
124,-0.21695060788329884,0.03424028438065691
127,-0.22185515173089648,-0.004942933827528394
128,-0.24722604197611894,0.0023445957184476105
129,-0.281078907637843,-0.04663787043862919
130,0.1254558403850301,0.2720455017550931
131,0.14930532556895387,0.24690775184791308
143,-0.31848511486361614,-0.6168383569996988
149,-0.30294177156269236,-0.6823700234606636
148,0.36401216702823097,0.5268428705888009
154,0.381564520316597,0.5736534651019048
155,0.39884652738034293,0.5596370751484164
150,-0.31370463511396723,-0.7653540289275264
151,-0.2744176119459291,-0.7930671131435187
160,-0.22244734535374877,-0.8814319858807089
157,-0.05608953731670352,-0.993356196196001
158,-0.11390430206014045,-1.0
159,-0.16939251137472042,-0.9522888000692472
