0,-0.6919463844054469,0.5873367683869868
1,-0.7944621248419448,0.5678754107404873
2,-0.7009681963545108,0.5589448450462665
3,-0.6091552527504713,0.4967115236616922
4,-0.891912687750539,0.5987819267626338
5,-0.670609082562043,0.5114127398881461
6,-0.9156516106361522,0.5961677814613081
7,-0.91308922510796,0.5206681601514024
9,-0.5545820302907559,0.40552732400047287
13,-0.5195207675722724,0.38752353426356523
8,-0.9590779485453758,0.5176541438864201
10,-0.9809921843697889,0.5558295301480798
11,-0.9540444832188292,0.4091612498512453
12,-0.9668219242644062,0.46205312889448724
14,-0.4598568383046552,0.25492867613120135
15,-0.5293325263041998,0.34124250701514325
16,-1.0,0.32373193385446314
17,-0.9561886974823907,0.3382704446636715
18,-0.9482098028144388,0.2937547608073484
129,-0.46418455579678775,0.32013458444783305
131,-0.38186141343266355,0.1113808340551126
132,-0.3815299312485723,0.06509612800971183
133,-0.4040272374961075,0.2285150063015753
143,-0.9431756453287055,0.24560667209294829
144,-0.9072663172718936,0.2429219488370945
141,-0.8680689503201809,0.20354360548026462
19,0.67858628740791,-0.1421220337234822
20,0.5706235523939405,-0.08911434991269766
21,0.7214260192867271,-0.19026420626445403
22,0.7312703731518905,-0.139576249102083
23,0.6353669296291989,-0.14010798721717796
24,0.6582893134351939,-0.067423955962268
25,0.5318895091968417,-0.16678572386953697
26,0.5018912758799312,-0.16397780183331545
27,0.5579145847473781,-0.06348477137802365
28,0.6239022149929584,0.058617548786760586
29,0.4890896848848175,-0.1382492539013053
30,0.5426475295870179,-0.004205183625583728
42,0.6981361135828297,-0.15964596054471739
43,0.6700303715389936,-0.25432816754933635
44,0.7332649798507886,-0.15433678163377235
32,0.5980592218217754,0.06712549843065642
33,0.7134418915628427,-0.013566846310090091
31,0.4197065616764124,-0.252628258651409
34,0.5614951052978306,0.0760783996426517
35,0.5712412186144245,0.11375598737907812
36,0.5803887405532638,0.226157599610248
37,0.6756183436640179,0.11101783248832384
38,0.438369128352378,-0.2578180178744378
39,0.557599571259121,-0.07873816359480154
40,0.5896379428771472,0.0054169388464423
41,0.5542241943519577,0.032338444112577566
45,0.28753428723309316,-0.41516533911222153
46,0.4487539685026915,-0.23112122408517435
47,0.7660744610491887,0.00015099357456005568
48,0.713999184859364,0.09707008981565989
49,0.7748453847515023,0.06287363347734226
50,0.44489609967807087,0.5198227367689594
51,0.5750825017121047,-0.1375531541588882
52,0.654585744430213,-0.051714527213301574
53,0.6768722448832017,-0.07474881874822445
54,0.5978385652540908,-0.04060711938770462
151,0.5948792906173169,-0.2146549089250789
153,0.6336472378245209,-0.2702439676366833
154,0.5471492396499644,-0.3233199945114723
157,0.775212192611429,0.015151301483026118
57,0.08614254603727456,-0.6001191298093977
65,0.17473090264162927,-0.5612433753902916
70,0.1776644696350291,-0.5833840911125371
158,0.7794898209917662,0.1057480410151939
159,0.8250092266009126,0.08527598423859593
167,0.36939131090281474,0.6352733041717477
168,0.2630754385501964,0.6563263059866673
169,0.5097390872866309,0.69786714774707
145,0.7144727574732724,-0.0966747691204009
146,0.7672986927403814,-0.03835209596227514
55,0.006002360516604019,-0.6846934687887336
56,-0.10242758680112746,-0.7079203905173642
58,-0.015319121114731684,-0.6812621126947329
59,-0.14872176248107694,-0.7397475583868365
60,0.08201535082085087,-0.6730255600151493
61,0.08911151712077714,-0.6440280178848148
62,0.12097749804365672,-0.6479409643800125
63,-0.2864678711277154,-0.7775887479388408
64,-0.23465789145831492,-0.766907971769704
66,-0.2622626951676323,-0.8076530289392233
67,-0.37698938714343105,-0.7949752129412321
68,-0.439253838303247,-0.8066331925666079
69,-0.42308375688330985,-0.8476610440945843
71,-0.501024513748491,-0.8102466344760197
72,-0.4879304481424481,-0.8361004974548302
73,-0.5228801286022049,-0.7182275043730907
74,-0.5188409803124757,-0.8503566006774773
75,-0.5159982502536161,-0.7829197081812326
112,-0.5276881308938042,-0.5645487250910056
123,-0.5431755186989955,-0.6827318899933867
130,-0.5629083096583791,-0.7501280697783683
76,-0.16280286980782321,-0.26422922471133176
77,-0.22635236103519615,-0.24092331958439578
78,-0.07554568227534876,-0.16260731403974676
79,-0.33665050680851405,-0.3020901615628673
80,0.005847809168826337,-0.2761814752185775
81,0.05965758990321749,-0.2648609273863495
82,0.018401614047416054,0.04068434522602453
83,-0.46919049839035276,-0.3447225263364251
84,0.06550390832380878,-0.16661883186021736
85,0.1323182110489616,-0.33270975015542736
86,0.09586302831135686,-0.291855349628958
87,0.2130699247547516,-0.34645312152539104
88,0.1500657821804624,0.1956150585991019
89,0.06419651067049771,0.14082895438397033
134,0.11365408026010557,0.041293246726520356
135,0.2943682259423339,-0.36517543468450653
136,0.3894752363553559,-0.36707284834714665
137,0.34444735118626074,-0.3948831519407736
91,0.3461080631842539,0.3258786082673814
90,0.4780393476273163,0.40539215745351337
92,0.5257449027100749,0.3751066366742949
93,0.5954130306362416,0.3883290853459294
94,0.5510390036681693,0.4523114647054375
95,0.6437059184242073,0.3530126361542534
96,0.6430492976971269,0.3183316726862403
97,0.6887632233149739,0.2963165446343593
98,0.6945769014159059,0.2351425707292027
99,0.7158862392628432,0.20356533112167988
100,0.7534929543119699,0.17582308495527113
152,0.6968688242481673,0.05307967808331863
101,-0.45938913079867094,-0.1925721438724087
102,-0.42075571297311665,-0.2769582676263719
103,-0.4073304276587366,-0.22497641604213126
104,-0.4423231040821372,-0.3254296826431082
105,-0.4763105308909296,-0.4020151847157313
106,-0.474284301316989,0.08334356544625102
107,-0.36652975836868923,-0.16544416067522308
108,-0.37773793145259876,-0.22280962423561682
109,-0.3577901553098071,-0.11637410043592375
110,-0.5012813557415334,-0.4870199820044023
111,-0.5087978461722319,-0.5528761119735566
115,-0.6349677929526449,0.11880108715625302
116,-0.5431541077248451,0.12676012603690687
117,-0.5520456496930851,0.15516791829993848
118,-0.4568188192742055,0.19623251993531135
119,-0.4332811635869553,0.2125099493665119
120,-0.3765504914244417,0.2636833582983464
113,-0.3560398278617289,-0.032828549227181814
114,-0.35211463853173885,-0.08314093478318497
121,-0.34654835859485206,-0.004343852217122789
122,-0.5429246703977627,-0.6210926960251572
124,-0.7732112611249289,0.14991454957733316
125,-0.6973365308256738,0.14257765144584625
126,-0.7582796752562088,0.12281502323236446
127,-0.3450679274284176,0.3470903192784085
128,-0.30835922609070826,0.4286381970248071
140,-0.8564484447861028,0.16214819105565456
142,-0.8007496925059499,0.16597670603193077
160,-0.2351694436100403,0.5025491384127396
161,-0.31132626658695767,0.47714535335480696
163,-0.260916301640486,0.5669130015209969
138,0.16875132215389235,0.2509579909112169
156,0.4531363919977678,-0.3409551741812035
155,0.4973158559251445,-0.3408577261685891
139,0.23176968417248947,0.4464106611706939
147,0.3057652836928516,0.6234823808287593
148,0.3830722875086756,0.7786404584571008
149,0.45867103162643125,0.8970171203391905
150,0.5393875453575231,0.9415388845527637
171,0.5521837515631081,0.840653146745981
162,-0.0995847797946629,0.6472823867969478
164,0.06721558753616695,0.7023004784201848
165,-0.16539334474519277,0.676587896286177
166,-0.061726892145155775,0.722320529983559
170,0.16982572672272478,0.7396385507458134
