0,0.506282943506541,0.6184686980551931
1,0.5906608571864642,0.6106168862169135
2,0.5478521194140392,0.6805748167963863
3,0.37474099377058984,0.5440897506919168
4,0.6357831201866398,0.8014379547964472
5,0.6546461721566934,0.7863515212177538
6,0.256523508822872,0.5227928049585635
7,0.16891977554631402,0.3599912468826289
8,0.6786498605221142,0.8688039531287726
9,0.6085728503646504,0.8360747694354489
10,0.695872010924746,0.8407625170232063
60,0.2548075866673061,0.6419693846170101
61,0.2163338177910039,0.5613602617968119
62,0.26282342925964436,0.5864263554924103
63,0.19523680956353953,0.4391081090328706
58,-0.0537170450794174,0.09094440830792107
67,0.24476432689412553,0.37686720603062046
68,0.12771442502594946,0.3061705605499897
75,0.47713652104569754,0.7818157112882939
11,0.17127787086767798,-0.6543289890781648
12,0.0017626124352481643,-0.735713604507958
13,0.09368238253598252,-0.6670178856360697
14,0.3044362791687804,-0.5082966823333763
15,0.2525977421634286,-0.5931825875765558
16,-0.16069968840589005,-0.6884383719135254
18,0.0150053340164963,-0.6162412329530379
19,0.10436354915036744,-0.5333918450478354
20,0.42569559940593565,-0.39962419758262724
21,0.3527707051132835,-0.3691106199360264
22,0.3536836426027609,-0.43379834285337393
23,0.18628001597339194,-0.5081420034284717
17,-0.25573455113994525,-0.5341035581903828
24,-0.22532917203365693,-0.3731543355447848
25,-0.32104822482890044,-0.3964692597198654
26,-0.19619064045179252,-0.5083026902637268
98,-0.08516129230795827,-0.5021738556342991
82,0.1472677994762552,-0.31658890111349863
99,0.48423519639488577,-0.28593264529595186
100,0.4413444016749688,-0.30624222856512123
101,-0.05630711504023381,-0.4886836500199968
51,-0.3033146619063189,-0.21140736627345827
59,-0.20118913715905923,-0.1442696309965613
27,-0.8348312207636623,0.20327344395863256
28,-0.7091969374994486,0.23024019114362365
29,-0.7696670310029038,0.19350325410102046
30,-0.8220703970355456,0.08428216610546466
31,-0.8876862760655738,0.16534592230429113
32,-0.6060287166019169,0.1252272036666357
33,-0.5632092667392841,0.25588090778567923
37,-0.6875585541157349,-0.022965040083671676
38,-0.8492843376270293,0.02985046888802557
39,-0.9375494006478643,0.1266739500924652
34,-0.5300725497253075,0.15548565415904167
35,-0.3859856231978678,-0.028319929723348906
36,-0.4018845141704783,0.16024213834423506
44,-0.5143601918811425,0.055235241159561514
45,-0.40407297638069867,0.06525274815791789
48,-0.29074100348781406,-0.09831061340838203
49,-0.16583253330039147,-0.04833707162360172
50,-0.23659529547297586,-0.05427260522473151
78,-0.20934451185066208,0.04097811466667029
40,-0.43778501024790767,-0.10216992096736544
41,-0.8404696357367036,0.17587215791980546
42,-0.9852373344236646,0.16514460210594697
43,-0.9740924585462761,0.19532074189488413
103,-0.19938536867311743,-0.12488763452952933
107,-0.35587862565739087,-0.22815405034139616
112,-0.4271165488544749,-0.25797511572647225
113,-0.3969402331830472,0.0919801016926093
118,-0.5848214101771237,0.19114215634352003
46,-0.4667179788680798,0.01747522946247549
47,-0.3334844306248132,-0.02247430685988215
52,-0.22733046029735393,-0.03182421897370056
53,-0.16555571204826344,-0.11468717702346351
54,-0.18676329205440995,-0.1690864346746091
55,-0.055193216561448585,-0.22650727806809204
56,-0.06050294883267946,0.020094757816633366
57,-0.0021477519683959535,0.13246536743791548
81,-0.007774789429253766,-0.16877500287767555
86,-0.10986767556544214,-0.1976616388184294
87,-0.03266987708768684,-0.3548159021034399
88,0.010547015966419302,-0.3900784217434023
89,0.04633190170042839,-0.37232323600652145
90,0.011863257221386942,-0.36433526375126585
94,-0.01375232321020733,0.18345841366333765
95,-0.08210001386574642,0.18252416046931927
74,0.10469627889003967,0.23949427490388808
64,0.15521275712856245,0.5841656888820376
65,0.19953936241712958,0.4969100653088431
66,0.2308691536338373,0.4686420220863618
70,0.3447391689713328,0.6479730352844205
69,0.14836968059712044,0.4687072587899423
71,0.21433675409823597,0.2971797072936946
72,0.16270954949045205,0.2096474923430967
73,0.36576591533226915,0.34103248302499717
76,0.3113073375769044,0.017734237514229863
77,0.08667203279851954,-0.05211293378230318
146,0.2795267423233177,0.26857277906997734
152,0.4502140576621277,0.2745332631533013
151,0.0615657555497134,0.31026041941009364
133,0.3939271064530157,-0.266064393204007
93,0.15948496174808854,-0.3913662519730472
131,-0.10646333004427591,0.13175367422101858
79,0.00897191970025384,-0.08045716217552376
80,0.2217435364602332,-0.1740229529088401
83,0.4534099872871191,-0.18579248870862322
84,0.4437809109172988,-0.16400425625160794
85,-0.0026645009051467386,-0.2697451078052275
148,0.5569993575040814,-0.10716304688346029
149,0.5355945826891446,-0.09765121084982911
150,0.539728825337541,-0.14262849244062759
153,-0.12237520410444411,-0.29481288911888925
161,-0.20344636651073517,-0.08486353185094786
91,0.10478146002159733,-0.45926998996131513
92,0.07280504484651952,-0.4505732479275031
96,0.22079899491301055,-0.5744229144316744
97,0.29144233755979354,-0.6242177890672577
129,-0.08010426228264521,0.28409961592359434
130,-0.15452722063009652,0.2467760513223419
138,0.33238516664039947,-0.6917740997638451
143,0.3002666871612414,-0.7066843132369817
139,0.3857899818963289,-0.7280884314986186
140,0.37338043132950455,-0.7501477557035506
102,-0.03188063447433894,-0.12810433269916996
104,-0.0014076858317413068,-0.017552194144470127
105,0.1482479243777109,-0.018278379551006654
106,-0.17678684781158602,-0.28686321567855066
108,0.15355082412522503,0.06572746900647339
109,-0.11714978365011387,0.10109858794224459
114,0.3390902383618432,0.05680607737005675
110,-0.325231097996581,-0.32448521165924377
115,-0.2518847530764589,-0.3966247989791297
111,-0.41116314846763446,-0.3311087651395559
116,0.3620202215128414,0.10484528783950127
117,-0.22245842389424092,0.26208007526151156
119,-0.5520730528163228,0.1498683996656707
120,0.4869737075515765,0.08793497478767813
121,0.5185765367279475,0.07827202896221148
122,0.43594997932768403,0.16057367475766768
123,-0.3876691166742338,0.27544135513435647
124,-0.2204385782515303,0.3118198619774762
125,-0.10875113081756385,0.33731487026738594
127,-0.6194547400170699,0.24581205262351852
144,0.602729499256363,0.10626705544657017
145,0.5536704185004327,0.02826329073439062
126,-0.5331331329656508,0.31028971821972057
128,-0.24242528022542278,0.24284139041010278
132,-0.19197387943089406,0.21481778635774193
134,0.45718023657350865,-0.5491247083424525
135,0.43599283930349364,-0.7049111235170271
136,0.5037087339228391,-0.7039257140174352
137,0.47302974533956854,-0.7046115971799605
141,0.46634853613949745,-0.7741849214600103
142,0.4420963614392877,-0.7736478677453451
147,0.5770569859758771,0.172492716192523
154,-0.22766495356654448,0.7225318994361122
155,-0.17474996859198272,0.8796373736089643
156,-0.277251935232368,0.5316217119723277
157,-0.1467552385355336,0.9999999999999999
158,-0.28323966673939,0.37036011474197444
159,-0.3091671790436772,0.37440470049101265
160,-0.27496398746586787,0.1816808852527804
