0,-0.23184522007994157,0.30928280198739777
1,-0.15187528715201232,0.28877548151619714
2,-0.19558598595732207,0.34612908027744954
3,-0.22212472751023601,0.24893393859998175
4,-0.11766906131404689,0.4105522293721052
5,-0.06748756852380912,0.150343783523154
9,-0.3499012813053106,0.2535741657373439
10,-0.3378830385798651,0.2842555708582553
6,-0.07241568930812295,0.4298520909496124
7,-0.04871016676077765,0.4711550483926774
8,-0.03711297298324952,0.45213039085865203
11,0.11165509659342274,-0.011557766841888707
12,0.08091485967884109,0.3992049730633591
13,-0.005906328787533247,0.38338556899278475
14,-0.3849439431014961,0.224428435051223
15,-0.3062446744108235,0.19654274088046625
16,0.27444148006567326,-0.13407447271400413
36,0.2984546370311166,0.3012093889675133
40,0.16827546994135628,0.434602739763358
48,0.14061182560126778,0.27768065864172364
150,-0.13732807258347662,0.397837478292599
89,-0.3244158938628493,0.2618553104608305
90,-0.3044169910398529,0.1589903108012832
83,-0.17647834293520917,0.06933917100952855
158,0.4111732699857451,-0.18438688804696057
17,0.7824622950212098,0.0696378725743611
18,0.6808870505493961,0.08676514151515481
19,0.6842834889847312,0.10422914129730633
20,0.7839257553633406,0.10072844211668237
21,0.7800148600241429,0.04249194605065971
22,0.8625310403039571,0.059245433218887956
23,0.8193481857204373,-0.009570297633164068
24,0.5063459192056553,0.0840877515098304
25,0.5754461726243411,0.13092178347544234
26,0.8648944418826364,-0.028986257496291343
31,0.7133725939942095,-0.0690059473763935
32,0.7854940241883774,-0.06652139639882987
27,0.40559172454052117,0.17132858347729585
28,0.4487429307369612,0.195146422676438
29,0.5451234906874228,0.0670005000715794
30,0.2876444113201826,-0.05931894609242909
37,0.22909907246935537,0.10440895299852224
38,0.4184047060516031,0.26597929669032566
39,0.45686695542679095,0.1594585571245383
42,0.577620129935829,-0.007417844175740588
43,0.6373660718223281,-0.10110702279790917
44,0.18343081262368774,-0.0849034680165483
45,0.14006555917435864,-0.03172723615374138
62,0.1338249796339195,-0.2240367042853714
33,0.5892466197619023,-0.08082505617842857
34,0.6475274599789921,-0.05723132608943917
35,0.6106373501935433,-0.05492124404926618
148,0.4732224400194056,-0.010916609903409383
149,0.4927467725019951,-0.10540552443243859
41,0.20093651174109528,0.41565791619526926
46,0.22410041242544987,0.07158466122438215
47,0.22445004314315914,0.17136908785894464
49,0.08634452318442233,0.36719613154487185
50,0.18075182904566525,0.5184574825384046
51,0.14220890058648014,0.5566585414981263
128,0.6758003746250065,-0.15829213971283312
153,0.7311243718550416,-0.24347185561388124
52,0.05539688505664751,-0.2656006616942653
53,0.07161937584150127,-0.16832938565911743
54,0.06232515931269793,-0.13767099307160605
55,0.06224275576854091,-0.09594872201473138
56,0.01988603757973562,-0.0436200947208496
57,0.016309611542482762,0.023893113165554373
58,0.12226443245260248,0.046670341381915406
59,0.31070861605033284,0.05352570931969185
60,0.2958803952439568,0.12323976180514654
61,0.12483526582067726,0.2558423748825766
151,-0.029044953354050114,0.33538688712956155
156,0.015353403768855951,0.31924789467864867
81,-0.07997664202134494,-0.39875730473810705
122,0.04661893986045604,-0.3507044570264977
126,-0.025555438590577805,-0.4272056706117283
98,0.0021106668850864327,-0.07844105674438671
118,0.010603780044057319,-0.2603418415863147
119,0.04077683799213945,-0.3005430169280533
120,0.08023791182424977,-0.22575779567052215
121,0.017050267032141856,-0.11796436698898613
100,-0.01761831237108077,0.003583385059368934
76,-0.09459247825109134,-0.058425561370882416
99,-0.02910130607133894,-0.02101839830917992
101,-0.03990630550150124,0.019889569685942465
125,0.02441507413858494,-0.014043757380540128
127,-0.02162916106947862,0.07036738675658948
147,0.42429300697270234,-0.02901339192736576
63,-0.3757390211192811,-0.27615911572382607
64,-0.3374511425224705,-0.14108690009715366
65,-0.3499032283351444,-0.08140487194168336
66,-0.3170579051334513,-0.19542865818128297
67,-0.2741266257054043,-0.13929955926304965
68,-0.3914243564703125,-0.5020304051809319
69,-0.456305989226622,-0.4360147280943596
70,-0.4366597469531032,-0.044852019844146475
71,-0.3698234127509084,0.04827840953171975
72,-0.35405371442132866,-0.12818603174398263
73,-0.25493561944550025,-0.3245765080596061
74,-0.2947946198856719,-0.055717314872909894
75,-0.31009560729673613,0.07415907634977757
84,-0.47319723393354446,-0.6236167513609674
85,-0.4872743566747138,-0.5432281958771203
86,-0.20825935707047077,-0.47841089233672407
87,-0.42652574658057674,-0.6391216625688083
88,-0.31837179943736826,-0.5804565956665876
77,-0.4732773065954808,-0.09608420778272798
78,-0.30529882541968223,0.38661296407709844
79,-0.22377444720080186,-0.4954623838376248
80,-0.13452633214363266,-0.4753159137961232
82,-0.3459615404025905,-0.4566733462014512
154,-0.5540866490658567,-0.24692812341941575
102,-0.25742144447117704,0.5461085493793252
103,-0.23021530773032356,0.614793599663969
105,-0.3011651627987041,0.5517299528767553
106,-0.3165759938709287,0.4346918698759831
111,-0.3280674559378743,0.49789853115164356
92,-0.09518446078910181,-0.41946704494737636
97,-0.25072292385952794,-0.6077712504210772
123,-0.28735788198290557,-0.5718551068579312
124,-0.22218465161625342,-0.6164354177284942
142,-0.12157381010367714,-0.4655749375181709
144,-0.07763273199229838,-0.5656942813190047
146,-0.039812026209224874,-0.5101755401302326
155,-0.5022712864319338,-0.3875050740333807
91,-0.43894062449714244,-0.7231272936476949
93,-0.09839316327928561,-0.3861996373823888
94,-0.14566813582218088,-0.46129666339988007
95,-0.17188306960728592,-0.5539221567918938
96,-0.3704708910359596,-0.6948916061572701
104,-0.20016751225809318,0.686697746412355
107,-0.17639559809278266,0.7823706850874557
108,-0.18796589198435112,0.7359724297307196
109,-0.3505595024860654,0.5659517821275358
110,-0.2783147352987544,0.6424498765774952
112,-0.14395897751119455,0.9138682261232115
113,-0.1807217444828244,0.8645935676647547
114,-0.34744736793073194,0.4101947607541119
115,-0.16129515860225102,0.9716966459766221
116,-0.1309910699722662,0.9762082988573105
117,-0.1727508563560219,1.0
137,-0.3771270915348927,0.10486476954945023
139,-0.1737973277583309,-0.39970132559205607
143,-0.08642727405455239,-0.496788473509442
145,-5.510606193941862e-05,-0.544258849028495
152,0.7590808815572218,-0.2757958997834829
129,-0.46322265632931625,-0.1722270187230506
130,-0.35872197717907367,-0.1487825389083359
131,-0.4230310388309615,-0.23336309529367696
132,-0.4082860995352094,-0.08718057221687285
133,-0.4812578569944652,-0.24690465817474905
134,-0.28226567048582113,-0.3027365730930155
135,-0.36105614582737333,-0.25115468389583717
136,-0.3286969063864039,-0.29639860936961704
138,-0.2594658828416192,-0.3684805457562567
140,-0.22958783133395727,-0.39502890982206595
141,-0.3252988270269824,-0.35826837208319257
157,0.7976813314194212,-0.3350983673992763
