0,0.006741377974130213,-0.39585377224241586
1,-0.0038439605100758513,-0.5871103392098832
2,-0.06419302002818016,-0.2533906884873627
3,-0.0003071984549702475,-0.27365021924705807
4,-0.01634609897113458,-0.7410781134857727
7,-0.17846827351998432,-0.1628592038304424
8,-0.149203396854769,-0.2299167007063149
9,-0.08822510986356363,-0.1783567213495849
10,-0.03887309540961175,-0.21172201904151233
5,-0.012675555463941859,-0.8289001208815571
6,0.0367225642141477,-0.6685836141124389
11,0.02643555326100633,-0.6884926929091437
12,-0.02041758225201593,-0.7868530721884054
13,0.11017373189205075,-0.46830161650835817
57,-0.19676270231832763,-0.23754684121667208
59,-0.3367120916115513,-0.143485137397815
71,-0.20839943586971502,-0.1189822952783099
72,-0.26186861683201484,-0.12837099240958574
52,-0.0957102513380515,-0.335914725928784
61,-0.23106201530813764,-0.25853572129422436
63,-0.1349782653679076,-0.4049610874479586
126,0.10167629566490415,-0.6193392222788494
93,0.19666604941522367,-0.07439238999238586
124,0.15448252946937427,-0.5951919310035428
125,0.19123525465167657,-0.6082076114774424
14,0.6039102022157263,0.7740392012939598
15,0.5733830917438081,0.8298651147329927
16,0.39945886746983517,0.8201488830372575
17,0.6826492402951226,0.7839878742789322
18,0.7370052510773568,0.7988238842408607
19,0.718449364241058,0.7580778099715583
20,0.5318499809800725,0.8829462733445587
21,0.5413396477296242,0.79532098039303
22,0.5720339255907873,0.9349236690183625
23,0.6103407803036345,0.9118328540416774
24,0.6485773684279859,0.78345003064095
25,0.19235113492628447,0.7756145287388847
26,0.17308274617930164,0.9248449259507101
27,0.49773848169107154,0.8880931314530902
28,0.5321807497048653,0.9053411342928245
29,0.5164957975506963,0.9547618983564349
30,0.12117254927585408,0.8507858376699727
31,0.09964111302723974,0.7842392324520926
32,0.09792359778921085,0.6617883156042238
33,0.0947866576059165,0.6914765157312249
34,-0.050591350836588916,0.9899567524094616
94,0.461906207172229,0.771711745174144
95,0.4881062228036643,0.7942631110868017
96,0.4788867140603027,0.8267170726673125
142,0.06324578298432919,0.7390670575561104
143,0.06748532100016597,0.6015498239460729
144,0.09946342615116643,0.4915821748588559
145,0.08482265508608909,0.5581328556569759
147,-0.27353611752732815,0.9838078013935485
35,0.2111115252551462,-0.9125994049208883
36,0.25985469620503854,-0.9958754218232829
37,0.28017027412597656,-0.8811113096262243
38,0.15058727192081706,-0.7544565290078433
39,0.29289665337070464,-0.6963680739725259
40,0.23784598826774392,-0.6397757980399168
41,0.12856624042125722,-0.6298055011900094
42,0.018230622125995445,-0.646332940898127
43,0.2775767930449185,-0.4725706040991802
44,0.24434592858132265,-0.5235261993013726
45,0.14614364543214076,-0.5570328924494784
46,0.00473312667244525,-0.544854580321319
47,-0.10890845828989003,-0.5372150036017745
105,0.30048846230923504,-0.3801301574793998
106,0.21554925812187922,-0.27428014710624343
107,0.32805232093992887,-0.29290713601695695
108,0.34502999591085104,-0.4425610886450422
64,0.08832710801214798,-0.49774636634212466
114,0.26091242403563564,-0.5454310816387244
81,-0.23211470818695554,-0.4461969145031498
48,-0.12383402815670351,-0.21800683119769182
49,-0.22317811976105892,-0.20424974125772394
50,-0.13271378817121016,-0.24285989369556021
51,-0.2998444979722486,-0.23485526325061068
53,0.15846268420474674,-0.17219863274847114
54,-0.23209087602036055,-0.2874818261874245
55,-0.3245313592594275,-0.20484222097995783
56,-0.3194776273486908,-0.17735285125587316
58,-0.35692913084045297,-0.3060025453208708
60,-0.46753991755536123,-0.14850697398913268
62,-0.4743843793396501,-0.2983207843319492
65,0.46017224468549284,-0.12283193229147336
66,0.4087155526917291,-0.12283356101138367
67,-0.3342994557835486,-0.30115037341869977
68,-0.4661670467323774,-0.17710187844216466
69,-0.47579319878323145,-0.36868204332485077
70,-0.5462182898629169,-0.3140204996417715
73,-0.4158936242530826,-0.0641513380185226
74,-0.3113531893717585,-0.06228042691246534
75,-0.5259986190323331,-0.19239172824584277
76,-0.6231416328343196,-0.17530822643212698
77,-0.6349418280159185,-0.09617831799480414
78,-0.618703518618774,-0.08384699648085685
79,-0.5372889161524204,-0.08015528412039533
80,-0.6505785681653631,-0.2649555643607439
118,0.21813813061773435,-0.5872456447277576
98,0.6169319100554356,-0.09346054958660818
99,0.6268555761224123,-0.12724739345604788
100,0.5764510157364227,-0.11774661401698298
103,0.5441226137683712,-0.09430339740963563
122,-0.6938964948645018,-0.24927940050605096
82,-0.5672424644554116,-0.021762268727047278
128,-0.7453622405645929,-0.1583106377090773
135,-0.7514099665876336,-0.03125299865128044
136,-0.6487794800218635,-0.023774892583609625
133,-0.7763011793186102,0.020980200205527592
129,-0.8080539498729555,-0.321813736131499
130,-0.7716138930593512,-0.2707073577661511
83,0.3548846982593345,0.3672573484627146
84,0.31769739624387916,0.3588055785133101
85,0.2974039958303185,0.2638181087705367
86,0.34608285316320203,0.3987783457401755
87,0.3172201770254915,0.3084456057834046
88,0.38519594970169746,0.4639387650393767
89,0.2704101772319407,0.18831570327650612
90,0.2529114921906584,0.1428985176780521
91,0.24952360758220568,0.10539989176268609
92,0.4292078468390913,0.6345614777784582
97,0.7130693590346708,-0.11157500719771098
101,0.8097764946626793,-0.13697689339069086
102,0.6928402312552853,-0.1295989536925232
104,0.5093888590664746,-0.08298586700769808
111,0.40281706275184687,-0.14565979847563126
117,0.3347852125761147,-0.003890605623875386
109,0.3623870481617296,-0.262758548462686
110,0.061124402202901,-0.05860313979687294
112,0.35871873632100587,-0.16743195540695643
115,0.38032874998636745,-0.533273900503134
116,0.4201141587403116,-0.41442303233078154
113,-0.09381181173512299,0.12498019732765259
123,-0.20766258095224532,0.25126767927683047
119,0.3106864524016414,-0.6139638264538501
120,0.18053412246103998,0.2866055016352078
121,0.27757028821635016,0.16916891087895716
146,0.11618993446379738,0.45097271114475007
148,0.11742536663268045,0.4184357240006664
149,0.1757154347324863,0.3319331657720001
127,-0.8143319526703124,-0.1654490246730821
131,-0.8869977984051015,-0.2852706240267474
132,-0.8379981715746967,-0.2626756132511702
134,-0.822211539546291,-0.07970533789648285
137,-0.8947101631801871,-0.3526353881130485
138,-0.7706738381267132,0.2668846868351852
139,-0.8155231064398233,0.20636276220549069
140,-0.8659628318784615,0.003918539107142337
141,-0.8493404662168061,0.032906492558374016
150,-0.7119371779007082,0.4815638397124227
151,-0.7955359263238679,0.3556128440271787
153,-0.4472411124891218,0.8907903224436858
154,-0.39036819687160923,1.0
152,-0.5916371440947299,0.7033687334662887
