0,0.10958230735799489,-0.0202638479623298
1,0.17730668165601318,-0.0928382704135962
2,0.1834859221576496,-0.016554459016448732
3,0.22658576007528083,-0.03285554911362425
4,-0.03836036762336962,-0.01764726496752898
5,0.05951977808233591,0.0038541812316733163
6,0.30942440071902544,-0.11917961029160032
7,0.3248993122891569,-0.03940576456663508
8,-0.009185476053989998,-0.1473135922965901
9,0.12517282365378463,-0.19820613727906966
15,-0.12534038944635592,-0.08361853345421508
18,0.017373261372075153,-0.004527643858281797
19,-0.08493685551524208,0.018671419385611798
20,-0.15245124322843498,-0.015535309594909813
21,-0.010141282128904413,-0.021162607525389614
10,0.4575529440356307,-0.06633316308726059
11,0.283193515819625,-0.20839303494427197
12,0.45948316698919656,-0.09640047094398117
13,0.4847599285490376,0.014713692007366094
14,-0.19211519637852367,-0.19042731609916413
16,-0.09295597836545215,-0.27386124105988185
17,0.1474708806361582,-0.29934495467381145
22,0.5433386902904399,-0.00412351583238618
23,0.5908003544441178,-0.14850815906409404
24,0.23663562724939072,-0.32204158936561633
25,0.3527641615100904,-0.22675724219679622
26,0.5507421184349603,0.08610857383814229
27,0.5858891887405113,-0.1995595848744282
28,0.5929116820270413,-0.11221091663532771
29,0.5830627719150103,0.12049997869153614
30,-0.37903508673218456,-0.2133556809906535
31,-0.24986729743209193,-0.09815100505709368
34,-0.006638177351731326,-0.3891272696016194
35,-0.304741320301735,-0.3051344304993368
65,0.13583373108029823,-0.03500485010718369
69,0.08801118423519586,0.04985728272366218
75,0.018089005261574757,-0.06970931588487952
84,-0.26100066755220763,-0.005928718954297318
32,0.6306342514995029,-0.25715250120662153
33,0.6646872300907797,-0.16325182512660819
36,0.11511375355979213,-0.44095794852384207
37,0.24575201067837205,-0.3990250711283659
38,0.2886831254452991,-0.2940311458693344
39,0.6301832719140725,0.18144084747101222
40,0.5901453409296075,0.2545289659565446
41,0.6079075866242856,-0.3225874413539932
42,0.6596686330589662,-0.18593214451986195
43,0.570375062835693,-0.2964068922287616
181,0.6799868561866388,0.17292840458580236
122,-0.4985991633403666,-0.29328076486606336
123,-0.5316635191065783,-0.1972402304068602
127,-0.3716253454335072,-0.08279482968431472
184,0.5741126132953119,-0.3783648333919154
186,0.6157545114815701,-0.3651874604513152
87,-0.043552063934979096,-0.5070429664068196
90,-0.14856445152947456,-0.4075342822102304
124,-0.4559868463955304,-0.2915747114295853
85,0.1983536193279813,-0.48201516357364016
86,0.2459837786220685,-0.4548525814891913
88,0.24982193788967078,-0.3443302046698346
93,0.24519032266188334,-0.18209878025567247
163,0.572142636958854,0.46569895172176495
59,0.5299358764365909,-0.4234272301027289
94,0.476249070254431,-0.3627900003077308
44,0.18414368954986593,-0.700538703722373
45,0.13416846491830953,-0.6499454169650265
46,0.21121122351605925,-0.6111359192721614
47,0.13112931397515032,-0.5456235361128556
48,0.044579900603864096,-0.6611484214553369
49,0.39265139236540675,-0.48972120994330254
50,0.2651658862531586,-0.4322443647907027
51,0.07239659951617497,-0.4327376091405311
52,-0.0767506596889434,-0.7207604942651052
53,-0.05071613497679885,-0.7180927558220981
54,-0.06125206699810807,-0.7359140213153058
55,0.3198724283358341,-0.4079669425177148
56,0.39466251827539317,-0.4376472553567335
57,0.4714465460875364,-0.43254317478199894
58,0.5076241631627263,-0.4313086600523087
78,0.22059667023067484,-0.28153181442753134
112,0.34466209446629004,-0.3909687695227556
110,0.04802710837060827,-0.2835853821526006
152,-0.11429006636037815,-0.7493096207595694
153,-0.12797311582418233,-0.7615703575147198
91,-0.08337728805644018,-0.6506531603763023
185,0.5630431236794434,-0.45241154660313065
60,0.20299124217736508,0.010392001149102164
61,0.18829339062483946,0.06985498519241294
62,0.1903774612065452,-0.03441744495453713
63,0.22840396426945206,0.09838522256795712
64,0.28055911209635115,0.09542129264677347
66,0.1224012291598415,-0.07332021165134467
67,0.23603715506090328,0.1421000264468269
68,0.1739973437384869,0.20040166060143244
70,0.16526332578701744,-0.14005819470461905
71,0.36726317791796326,0.2048116222995827
72,0.23872243858066913,0.1253362184260149
73,0.1437454004263314,-0.1569894243560093
74,0.08669107964469185,0.36144006084190733
76,0.0932295645076104,-0.10187193778865399
77,0.08843506287840724,-0.1462695774005456
79,0.49801635953320444,0.3438149308505164
80,0.06369981254373903,-0.14542884194257358
81,0.06232990703109854,0.4627416437696109
82,-0.034150554544974135,0.4779978326993541
83,0.12665396203704182,0.4147092689505656
108,0.0766492138819606,-0.030044029886085347
111,-0.06981853127354952,-0.010289967471476756
180,0.603069219078255,0.4749923366433922
109,0.027752427749735773,-0.18914650642714664
168,0.05910282732713365,0.5567588205861181
170,0.03748901236601924,0.5345015837424817
145,-0.2857643290317369,0.4571429724317728
162,0.06447676922265203,0.5828087739706238
128,-0.38926202507374025,0.021381420609532208
133,-0.3203959939525408,0.08823548194473932
89,0.3818015601263336,-0.4567199345687538
92,-0.08966616520366913,-0.6031297545224846
115,0.22777754111716242,-0.10881055095705515
116,0.21665461184091186,0.02384548250827976
95,-0.7923792665191987,-0.43508026620226536
96,-0.7495206150334094,-0.43380298943925505
97,-0.7142895397322219,-0.3327518366472635
98,-0.8353319565417872,-0.4631926173755192
99,-0.8464979718606276,-0.4290445110679932
100,-0.7927008113355777,-0.41183011777595824
101,-0.5998333851070375,-0.13352390283703758
102,-0.8022038279232742,-0.39430590464676574
103,-0.7931924708904331,-0.36990512128468694
104,-0.7663485693574439,-0.3700369820705602
105,-0.520948261076526,0.05624278748041796
106,-0.5475064641254194,-0.044723314994184915
107,-0.783402863667918,-0.34064520322842323
114,-0.6741933871770118,-0.3173320237449442
139,-0.4821379546052037,0.22195653673041704
142,-0.44647798035456226,0.1991332847932824
113,-0.2266414928552648,0.08214271627951453
138,-0.35073486598931336,0.14252723664141023
125,-0.599274393604922,-0.3398672225403648
130,-0.6204733284674483,-0.20077229987256795
117,0.20854254867391028,0.2759857208006308
118,0.24674684181673107,0.4442114403932176
119,0.22086804873717783,0.4198128577017848
120,0.2159893882160622,0.37276042167928286
121,0.18182060846396797,0.35597884192583584
154,0.3093186742440103,0.5709585486476891
155,0.2469384090481736,0.5272653583140438
156,0.2646125450809622,0.5269584114067007
126,-0.5635943593851825,-0.36557383541402183
129,-0.5133427103006492,-0.09999098472680813
131,-0.6535414717154009,-0.17719231997367327
132,-0.5868052594540533,-0.2534035982870091
134,-0.4126780379193394,0.12620537991362638
135,-0.4879123753185083,0.03882462047875694
136,-0.6771083942766581,-0.21441083531657454
137,-0.7121311181933684,-0.18116900857224275
143,-0.4840877785816373,0.17094741650041667
140,-0.4598585930246063,0.2966305421513571
141,-0.4063001639000016,0.3449868004922433
144,-0.41447167152303277,0.44115473170664393
146,-0.37913413743037394,0.4532398849294847
147,-0.4780479614240774,0.5675026784828382
148,-0.41128245892895837,0.529852077564744
149,-0.4911748870156028,0.6150632682176165
150,-0.4559819516735542,0.6021779527549197
151,-0.5483838242608158,0.6735566475869276
171,-0.618949172791778,0.7788388110558271
157,0.2346382351631917,0.6134790763762459
158,0.1943497108111906,0.6228814906748663
159,0.24874595388309417,0.625127799122379
160,0.5063146597093132,0.5790795773155294
161,0.153040012295919,0.6303051525532198
164,0.5712245461309606,0.5816620301505561
165,0.5861323641944214,0.5669126160707229
166,0.6107327733884528,0.61620592595164
167,0.584694268084749,0.6256479252066918
169,0.08028951924878135,0.6112689622173499
182,0.6290684772446082,0.5745875193185812
183,0.6608729017920248,0.5619821628506593
172,-0.6616723203332706,0.8748999991429078
173,-0.6448395022447871,0.9339641098174122
174,-0.6245842993815611,0.8895518260537528
179,-0.665439847052448,0.9420788626736964
175,-0.6099728552639969,0.9278217777013543
176,-0.6600326643107115,0.9807232148549607
177,-0.6355211746114388,0.9792995297608882
178,-0.6856604144227472,1.0
