0,-0.04812105105104919,-0.2710101482520695
1,-0.011287080424099798,-0.10309561164479708
2,-0.027646643260687918,0.0850504869303224
3,0.014066602789367907,-0.4523450212076631
4,-0.03213123501051519,-0.5341930569794795
5,-0.09145280359010255,-0.4844834949218357
6,-0.11449128085920808,-0.4154813352649629
7,0.0069955514219653195,0.23950890198424998
8,-0.04001888101201542,0.3922431648746454
9,0.009637597987873472,0.2913569180451459
12,0.04905416173586308,-0.7251186127211028
13,0.02958750767816471,-0.7115806531094281
14,0.08974020860811044,-0.619617558350456
15,0.013634876020549034,-0.7388451504778731
16,0.13214174608949822,-0.677258679182556
17,-0.027717817545518414,-0.6270838679424072
18,-0.05388964245889288,-0.6413522958600082
10,0.08861459361610279,0.4069081922771613
11,0.007945524861818676,0.48187005397510413
19,-0.12247772762487556,0.5952072968427943
20,-0.1166170208475444,0.6197773681061295
21,0.14476471106849642,0.5468240500938035
22,0.27022269480669325,0.38842391713000773
23,-0.03132470814125304,0.6303256705280196
25,-0.0020499611092008856,-0.8974392948581893
27,0.057369489992700744,-0.8675302865494567
24,0.021703408890760337,-0.9208685988982426
29,0.07217127468032626,-0.6836757423336166
31,0.07524056522262548,-0.5849235776076863
28,0.021025461159037483,-0.8086316797629534
33,0.14046741631085422,-0.5951370179223285
34,0.19818779564576106,-0.49224892481119265
35,0.16670702787899544,-0.45817632473384734
26,-0.039940284090653234,-0.9064493032173447
30,0.08152635863976623,-0.7924028545301932
32,0.2015389109861066,-0.7603086835760268
85,0.36526846589806133,-0.6744368018895314
87,0.3479437080503719,-0.7134636322076285
65,-0.16820859523028245,0.6587149540578919
114,-0.25369647992504996,0.6891227937668647
115,-0.23741881389016165,0.717322516455912
63,0.1469166365797389,0.6168735289849109
71,0.28708777285299625,0.5683454530318562
129,0.33023204198158185,0.44150371041661834
131,0.3698096827474845,0.2495021420534032
48,-0.031198288610665585,0.5415493225535333
36,0.1819071885390702,-0.6879177106931704
37,0.03997564218439877,-0.6020404491865781
38,0.09827892011239565,-0.5480021119153377
39,0.21931426202381485,-0.4114948823306023
40,-0.017896927702637958,-0.65412784874737
41,-0.06269692118546853,-0.6789215418962553
86,0.3239832391277681,-0.7005790172154895
123,0.26352499602784324,-0.2864112999568648
124,0.30096295219810487,-0.22142660647913978
89,0.2607391053447895,-0.5650656838391147
125,-0.047383683073069276,-0.5845793447482774
126,0.19923025204991265,-0.30212878937097626
127,0.046909999236294714,-0.46096316524546727
136,0.31389768106907284,-0.3412765596550803
42,0.09858453986489703,0.33649720984977294
43,-0.005343796024209415,0.2194208225962321
44,-0.1110545994778645,0.40343426635647617
45,0.12417477812281853,0.14923197568854416
46,0.2836788012134639,0.10317580605779453
47,0.20334771148389555,0.531714301755381
49,-0.23415820659766418,0.3157237914866138
50,0.06331177408261025,0.07376027331827045
51,-0.17754071044742298,0.2283435026079363
52,0.20762921593551018,0.06060299044659974
53,-0.31523643504972576,0.41759400857934204
54,-0.20566599246003056,0.5544535352038693
55,0.3535736260273494,-0.050129059111690855
62,0.4772291847636296,-0.11585632415461135
64,0.32705143694618505,0.5911879127541654
56,-0.4729284894629363,0.32244371117154935
57,-0.3377829093307315,0.27939130155189684
58,0.27950478377783805,-0.0008905354126968003
59,-0.22277489093544744,0.07799728187341914
60,-0.47718790121659177,0.24857970713265093
61,0.3972000528578602,-0.08094664048284984
66,-0.5076116499821132,0.38761841098311706
67,-0.3355924826199924,0.6762321302339579
68,0.5231675016823735,-0.26072942804137644
69,0.48401279729179025,-0.20855164275840443
116,-0.6562612959540973,0.33953826784101504
117,-0.595442901127499,0.29691038184938257
118,-0.6928883330068888,0.2617321392847948
77,0.3556221749820133,-0.01213653730946334
78,0.386613237051762,-0.05230757503037514
138,0.3578622123229328,0.028727575450421563
139,0.17255888220837912,0.021897807025967206
98,-0.39948021192001454,0.16634955090966713
106,-0.1998861414355292,0.10605424609712777
107,-0.4161633051566938,0.06587665653186918
108,-0.3205034733660722,0.07929089471853427
120,-0.6802158327446378,0.21274523437774048
79,0.525152599750738,-0.19305498110363953
70,0.6130409608393538,-0.3232768510770698
72,0.4222357505591755,0.4615367183777231
73,0.45554214157879397,0.52881398100824
102,-0.5169705497925705,0.640033893782278
104,-0.4374211026076174,0.7095039616857101
74,0.5880451271132237,-0.4766194815930155
75,0.5396374827102975,-0.41477281711495406
76,0.6861974957200292,-0.4889726381698527
130,0.4451367746152839,0.31203110336522166
132,0.49867340923837966,0.31253306643019113
133,0.43917020400537504,0.35145760259643116
134,0.5035915821921474,0.3977933996440621
80,0.4998663410008456,-0.6486969363704042
81,0.5304791937320815,-0.5803641125088517
82,0.6009645848164665,-0.6101060334862484
83,0.4850916186000057,-0.5710120317200843
84,0.5817264436105734,-0.39997084062053806
88,0.4365370767241924,-0.6641728083704511
90,-0.6306895303835247,0.34330805364722733
91,-0.5343576487265863,0.3706882924090007
92,-0.548208633868472,0.22346301111785175
93,-0.6138471743869821,0.4538015854951925
94,-0.6563925543357116,0.23249373458754694
95,-0.5349755488303144,0.5755190517418022
96,-0.535484973335569,0.45648619733737517
97,-0.4178008891732506,0.2634684230981669
99,-0.6043242006906107,0.5222958623300183
100,-0.5840827394910383,0.07912692997501956
101,-0.5602247677999271,0.1260663483213201
109,-0.7840027721160204,0.2182520478187052
110,-0.695573050322176,0.11352484923270846
111,-0.6529951488769437,0.06927426375709238
103,-0.4151987139300226,0.6871420261813557
105,-0.5688520561455114,0.6118946670952897
112,-0.6800436599946508,0.03813768566146109
113,-0.6347937463272045,0.053699140413791466
141,-0.6392955802122553,0.006630936440999317
119,-0.8021579011605042,0.3075975120289957
121,-0.8760671008701247,0.21656680334661121
122,-0.8197564974642815,0.15805841231856282
140,-0.8131403618536971,0.013785167019280169
135,0.3412231525170853,-0.0014622352710962354
137,0.4253148164970213,0.11352191239671046
128,0.3537859009489561,0.10192984313528
142,0.5395697823712571,0.24168496467224332
143,0.6401576482818156,0.6681393206560904
144,0.7364796934340991,0.7972874340564757
145,0.7276830197668374,0.8616183907757666
146,0.799290764300197,1.0
