0,-0.2524595688275052,0.3823003647154268
1,-0.32105751800494875,0.3516466049562706
2,-0.155240991926968,0.3737491291617139
3,-0.4109341232078871,0.3535097459013531
4,-0.36458799540278586,0.36286567224739896
5,-0.21714482790666936,0.3894993526035064
6,-0.05022090253855283,0.46746243121020803
7,-0.46827233867154994,0.378961796060774
8,-0.4660201291750407,0.34895100067550033
9,-0.17460014031624468,0.3915400309759856
10,-0.0630544709164741,0.3841767509868605
11,-0.03431539250427088,0.39818623899986644
14,-0.5293749733286589,0.3671657976528911
15,0.1267523217085566,0.6383693333903695
16,0.13264476774880524,0.6647132699156602
17,0.07992247654577202,0.3755050984679246
12,-0.5476481276264014,0.37697542783495275
13,-0.5625713929124829,0.4036711110222315
18,-0.5572069820513071,0.2489867814686646
19,-0.40905031649428736,0.40488997734268367
20,-0.4784104525824973,0.4130755287785258
87,0.27880941160054223,0.6394092846808264
90,0.2695840924485584,0.6744872279520527
92,0.21126886727664868,0.7002570694206833
106,0.14069394251663628,0.7473294319865099
107,0.09745578394581515,0.7529152000222936
105,0.32689556278498105,0.6711354443168087
110,0.1842929650973671,0.7263140096790855
111,0.08948770530715719,0.803151633192342
131,0.2139485383834219,0.44991272220278844
132,0.1888790431084579,0.3208706930689508
133,0.19067735187070678,0.3641494945238837
134,0.15291129453899066,0.3261038919559837
42,-0.45466529849720355,0.2665835027186801
43,-0.5185004899400697,0.17169501551633679
44,-0.5125142231734094,0.13268063096805496
56,-0.2975097803887459,0.35193334454946673
68,-0.2949729769679288,0.43163737700976673
69,-0.34162419551264367,0.43561500912368445
70,-0.29747181179753834,0.4639825695546865
21,-0.30273768329569506,-0.9365274842447011
22,-0.39124919693404986,-0.90039011827329
23,-0.2824894257344657,-0.961920233879447
24,-0.42578775890113435,-0.9052592290957787
25,-0.3645315006464881,-0.9388256919651284
26,-0.19475801738923004,-0.9652977551633527
27,-0.16262262647500914,-0.945998007975569
28,-0.4459958848476487,-0.8215213255460524
29,-0.4785920363978609,-0.8041913569186089
30,-0.2593696524063077,-1.0
34,-0.044701820418269346,-0.9090894192823674
35,0.0034329307488372685,-0.9140943433591173
31,-0.5135420544231694,-0.7292683172574016
32,-0.47048674018955433,-0.6598939410054181
33,-0.4969552073810265,-0.6432122190601537
126,-0.5390841397782137,-0.6120989737907653
84,-0.389223534036493,-0.5019141835140272
127,-0.5347811603777005,-0.5827372845711082
138,-0.5707891353015663,-0.57065400139743
36,0.08180285225959104,-0.864757383695
37,0.09029808248332931,-0.8290177093030713
38,0.10564671624116452,-0.9298473714954388
120,0.16604113070703608,-0.8347527921887605
121,0.17254312215103265,-0.742636305744833
122,0.2053868452800632,-0.753589002862364
39,-0.4134347249758181,0.11142518272521551
40,-0.1607087318987263,0.09212296636118768
41,-0.5093647432614153,-0.034611810839951754
45,-0.5172837337825907,0.05743760456692139
46,-0.15238298574272363,-0.05562738321799757
47,-0.07120749548605688,0.04611271575262206
48,0.002714787964435587,0.010727563347305484
49,-0.14412783905181437,0.25724731149969315
50,-0.0004167503068847931,0.16079738990003958
61,-0.5384462658958363,-0.12935596643095362
62,-0.46392210997324257,-0.15417762502094287
63,-0.4926227836179055,-0.031694049599848416
64,-0.5157248049971531,-0.074742381371626
51,-0.20708894654209134,-0.14319108188892435
52,-0.2860391770860407,-0.2215297583568401
53,-0.1360533516493077,-0.08612500200486806
54,0.00998883257524862,0.1745441407658321
55,0.2845009332303599,-0.01050288795217437
57,-0.16422680674098775,0.3957527349803614
58,-0.23730333213156896,0.39476249612468683
59,0.12305038551072177,0.3318919579479812
60,0.19695162389032686,0.18819522656237078
114,-0.4447605401570396,-0.3766807269400672
115,-0.42783726000672034,-0.3902345958003088
118,0.5483338450106018,-0.036120352456928205
119,0.3009620118612098,0.08636245795773237
94,0.2949123646816332,0.4839151115827915
102,0.2988031058211154,0.34276290356811345
103,0.31653320253431766,0.3407787541476224
136,0.3388343140584688,0.16708146946999466
137,0.4022853685033021,0.23322900087373782
65,-0.4594359115664178,-0.1758288243772856
66,-0.363920724314626,-0.318848085071353
67,-0.4206953769138631,-0.2673489661462595
82,-0.2390247360219004,-0.4252628046077648
85,-0.3410701565326031,-0.3887327221327972
86,-0.2551078974455327,-0.3916784399895733
71,0.15710332306500435,-0.4008326490241748
72,0.3034071236779953,-0.38375480434020753
73,0.2926975579574771,-0.35339522684110847
74,0.26102257857193534,-0.3637722729546207
75,-0.04327295169807821,-0.4278480563454715
76,0.02892455159834558,-0.44375663852218084
77,0.28147238094631166,-0.4038507005457678
78,0.3082295049474107,-0.3210577130444102
79,0.27179325199585463,-0.3248272552584223
83,-0.12266334772909189,-0.4364690975025479
80,0.25407486073345004,-0.4094412458383923
81,0.2312114969655535,-0.570981179663906
125,0.2410268500876534,-0.6654215729484008
88,0.417337581765196,0.5412398115597904
89,0.33531346953621893,0.5884504313964296
91,0.3143470281037826,0.6857431070059752
93,0.6207485697510938,0.4806561921862594
95,0.35431446825918905,0.47010681388325226
96,0.3647325302100106,0.5708907370746037
104,0.44826887509004953,0.6668866754036925
97,0.6961521506676804,0.47334428341076684
98,0.5827174029704387,0.5760288881073397
99,0.6636079142673731,0.5456373948292489
100,0.7275332170720274,0.45289519257260247
101,0.7136557921044149,0.33715052465140527
128,0.78217584969626,0.4183087270718833
108,0.4546533008163138,0.6372628944329568
109,0.5657615592056553,0.6427557363873748
129,0.7452531611056812,0.1543897847881777
130,0.6518611105236161,0.17866056835585226
112,0.2947329279162604,0.6146377086249264
113,0.13446799342967272,0.8248472683892235
116,-0.5075368083401111,-0.5012136096670778
117,-0.5252753967705224,-0.4898706190092447
141,0.7143769570900006,-0.06026944590247528
142,0.7241074011039236,0.008756254271163777
145,0.39234644406224867,0.09588961101576184
123,0.23087479842768702,-0.8112294140557508
124,0.24794900829475494,-0.8543290555619754
143,0.7710759416946092,0.08341101957275358
144,0.7506568045653399,0.06910189458444234
135,0.2522080039622531,0.3481264518304176
139,0.8077584439474096,-0.015661950097118432
140,0.7908839196612539,-0.03891953343325525
