0,-0.2230920497914791,-0.9407478893350316
1,-0.04502338257606656,-1.0
2,-0.3585221460038858,-0.8209069157085931
3,-0.3437190904824032,-0.8915186914738246
4,0.11572072223713858,-0.9590783881757438
6,-0.42771620117697295,-0.7157614858954793
7,-0.42404866808304426,-0.6631304894542516
8,-0.4047782112425515,-0.7675807834643437
9,-0.41266117996678336,-0.8422147849623363
5,0.22475385773283946,-0.8171734119601344
10,0.27582701372476837,-0.6084625120628027
103,-0.44357509649154914,-0.5357451185425905
110,-0.452158258781106,-0.6112995111994206
104,-0.45499862134857094,-0.48359039862059977
53,0.24988885960783463,-0.48809856191340306
64,0.24108464496061238,-0.4145641987875671
69,0.3237114329791733,-0.497377125605777
11,0.2946073171950408,0.4797700159870816
12,0.47201762466636105,0.5370954301971788
13,0.40800178020180383,0.5119426978875975
14,0.2212281166318742,0.45961114939082126
15,0.2520647081657771,0.5405695447598892
16,0.18767832289225345,0.3518356519912273
17,0.1442692162839925,0.45864567899463426
18,0.5290009224649221,0.4843240959981789
19,0.571491637328616,0.5717386434576675
20,0.523725914217756,0.5603327429435445
21,0.5783943803768398,0.5033527494899317
22,0.46948286679987905,0.3830188229004037
24,0.29458928302772264,0.5049151574652136
25,0.2697111255373441,0.41076761458641664
26,0.1203483905762869,0.5563208997100538
27,0.3299945592472686,0.32787249022000914
28,0.2781964525367424,0.37115512051347455
29,0.027671912908533377,0.31935408014148137
30,0.07709162098230582,0.14222905320453536
31,-0.003226256769828036,0.47026289190428605
23,0.5914283353022074,0.358747167667366
34,0.41787349156158365,0.3193254875310316
35,0.4608853259170426,0.21996185372405455
77,0.5705384502384041,0.23612832278375157
81,0.6594836963508863,0.19053304064769985
32,0.08996621650827517,0.6526357262284943
33,-0.04759695477903969,0.6088679271035832
36,-0.11306373530639101,0.16437679353942047
37,-0.11183861865866436,0.3351477066381747
38,-0.010026220213558317,0.021002011691898834
39,0.07161707952833814,-0.062094998579925814
40,0.053028292053050166,-0.02327415740706612
41,-0.13043254632015472,0.4845067764731658
114,-0.06972986729188367,0.8145785634575582
118,-0.1514970676346451,0.7513039024016198
123,-0.19329628770655874,0.6196203995223516
75,0.45006872368408946,0.12256992415455314
76,0.47740006864494816,0.00427931684218699
66,-0.2564812847550853,-0.02442329504261356
90,-0.20979487370607136,0.18500120217111077
98,-0.2126106545287032,0.3239239882995068
46,-0.017483107667795917,-0.1606703282788659
45,0.07939697333735463,-0.20029492957296732
54,0.20989581917214128,-0.16152372674735152
42,0.06721548124847981,-0.3271815883911797
43,0.09535710422274712,-0.3968700325597213
44,0.14365735024202067,-0.4884422040502593
47,0.13559794576286893,-0.3789324842393955
48,0.10693359793528398,-0.5289960671137816
49,0.1657041911020836,-0.33124132242224474
50,0.019445849271748174,-0.4080316771069603
51,0.1514393863919429,-0.6157485287890786
52,0.19092778079060244,-0.580232644714019
60,-0.16789088656999543,-0.13852046584980968
61,-0.08454767588046008,-0.25625114369683505
62,0.022003876365997672,-0.3096983859387718
63,0.34579635601875475,-0.35083107081950826
55,0.16964218757504368,-0.38267242654237577
56,0.28747526416739394,-0.30241946582712076
57,-0.2205494883032882,-0.36329519237849056
58,0.08684882401541333,-0.3488114698195284
59,-0.060410431873905025,-0.37829862251224416
78,0.38855809124015084,-0.055297758024108704
70,0.1779238113262457,-0.3067026163242189
71,0.22203231240866203,-0.3168225021113263
73,0.3734491579425446,-0.28601321428092163
79,0.413934807950354,-0.16944414666431562
124,-0.1422538160853473,-0.4512372191823765
125,-0.4953398290114693,-0.2511064703049724
126,0.1877564511738838,-0.21030551867393332
127,0.03770574100137783,-0.24370446057503134
128,-0.0646823062809692,-0.41905166627095014
129,-0.09968714443316601,-0.48909240091915
65,-0.2560420990842566,-0.0615428264440844
67,-0.21625332344656903,-0.19840432107963135
68,-0.22579379068542857,-0.2547082698613168
72,0.48113760469176464,-0.15351626291763648
74,0.4873714862314562,-0.2242126281284696
83,-0.2994481348569534,0.035695498429001965
84,-0.2466604345432379,0.0818025599491007
85,-0.3156805517955479,-0.09532596411940168
94,-0.41319969393116895,-0.299849933623975
91,-0.3757024726814802,-0.1653656367173441
95,-0.379789157161426,-0.20482106128420682
105,-0.43469973948085244,-0.2072935212963062
80,0.5770636678836228,0.04533142830099641
82,0.5854811300467985,-0.04006541783661763
131,0.7809839791778316,0.2719291047517805
132,0.7496586954454023,0.3659588335623287
86,-0.2140085961638893,0.1213542930305356
87,-0.31810628150425935,0.10773337519912407
88,-0.303646840654786,0.0855386304715084
89,-0.1913616411159376,0.20236579583439224
92,-0.04565596499157568,0.14115331336492243
93,-0.3697426698133444,0.02078092106119671
96,-0.29288431397307035,0.1932374844021945
97,-0.14224807725613564,0.24960861034704146
106,-0.4926335916352917,-0.16671891854584986
135,0.032780484362950696,0.13747450737914235
139,0.11443115836805424,0.06643041866694058
140,0.104812931403865,0.04271332320607622
102,-0.4289797345822427,-0.11321795122691784
99,-0.4982895536656789,-0.268361101408462
100,-0.4838730697263864,-0.44498134458917005
101,-0.4852077856074586,-0.32198355196574224
107,-0.5237216444663786,-0.18411993353252834
130,-0.24166006010300015,0.4293161818571486
108,-0.5552578773424497,-0.3545202159331078
109,-0.5424306318244705,-0.2501240751794059
147,-0.582920268506845,-0.19380013919157268
111,-0.20080164482782137,0.8861171650419578
112,-0.1410544306306065,0.9377892532790396
113,-0.22055207724317352,0.9816559457775555
115,-0.28778474647193786,0.9877374962770901
116,-0.2951730545946062,0.9168414198318108
117,-0.2506786087381033,0.7839346423432485
119,-0.3538301722692212,0.9632918189099655
120,-0.3865858216092456,0.9416869992320812
121,-0.33134774817661306,0.8445038392639381
122,-0.2797057407155353,0.6625305034657522
144,-0.12174001140115896,-0.5316959705442138
145,-0.6476326347515148,-0.24443994259460486
146,-0.6747297273343799,-0.11681766802878842
136,0.18270634709496725,-0.04083255209262
137,0.20271577639527874,-0.06695612838166354
138,0.1329917156307238,-0.059861999949096426
143,0.11076959839438337,-0.11744644273477961
133,0.7401122271190912,0.5586108526924274
134,0.6787537002236128,0.7064556967540029
142,0.12202543194790827,0.01608267669471066
141,0.21005316450618,0.00674834654568779
148,-0.7751434435740753,0.005732669556974277
