0,0.32238083125854017,0.37821065610110594
1,0.2494846552729559,0.4715835345253679
2,0.3050676853421512,0.23593712911490994
3,0.12787044673213122,0.6985642398626114
4,0.18228563674486112,0.08992105532455215
5,0.387655014480627,0.020429798403957505
6,0.39212472393692793,0.16037078180243017
7,-0.005627650328011729,0.8931823212008341
8,-0.1315864184161266,0.16594268287421077
9,0.3249997970125275,-0.08692880468575903
10,0.19775341445548048,0.03699658581074164
11,0.5582231721232493,-0.1901713924958042
12,0.51551562305967,-0.09380215116289815
13,-0.07249463296231486,0.9798624070633261
14,-0.10230084076308289,0.9999999999999999
15,-0.09128169817278335,0.9517602068605027
39,-0.37365345111086756,0.24323668109524493
41,-0.15523135926010323,0.26321571634925023
44,-0.415930722059704,0.19369479990263228
57,0.07727507614132893,0.13885038992336707
28,0.4769515361079775,-0.25456064904005077
114,0.3180855800283267,-0.2900891649223009
117,0.26991523339012125,-0.15916239949782277
122,0.20661809033857506,0.008953157371407955
21,0.7206105055321286,-0.3259979773366997
24,0.6231745687799326,-0.34998219520702517
146,0.6354212694076875,-0.0693367884889866
148,0.6372207583887359,-0.0318635177720044
149,0.6593019338593,-0.057696685107883706
62,-0.14095971691229092,0.959479885050667
63,-0.09281495686648351,0.8850593587293284
65,-0.11746186940279908,0.8667056201602328
16,0.9091937408248671,-0.426724826361897
17,0.9014636393154282,-0.4512656071344002
18,0.7778681597702785,-0.4137670947547517
19,0.8575134215632018,-0.39651263306717416
20,0.9384675279150417,-0.3817305407987429
22,0.8228959302790404,-0.38298647148497145
23,0.6453835762205368,-0.46871476840403675
25,0.8601105331566554,-0.2946050274678674
26,0.536654975977827,-0.45266621192720946
27,0.5372875075418482,-0.5612890922479132
29,0.7018274560326916,-0.24260480865758208
102,0.43522860230474275,-0.5501233691454016
104,0.5051068675937951,-0.5874115014683876
96,0.417289542655445,-0.6417137810646367
134,0.5002337551964581,-0.19785298324500858
30,-0.518740573432066,0.41729762925100966
31,-0.43482446429588734,0.37694369230034824
32,-0.4716053623395131,0.3567048655929418
33,-0.4900128492829814,0.33140570825731036
34,-0.36155867971356354,0.2832768486760559
35,-0.39372509516101845,0.2825773022633708
40,-0.48602102184954427,0.27530518699165907
36,-0.3649258964425562,0.14739241724682425
37,-0.27881840634353156,0.2402044918281176
38,-0.3112466291853172,0.23688973269662725
45,-0.44780643293031086,-0.05854053580343947
46,-0.4717247506787746,-0.019528173869360843
47,-0.22848943189649273,0.24792178195608847
48,-0.18314243216647672,0.28553697719735593
49,-0.21208056467208797,0.1809984469272566
42,-0.5779102002788751,0.21936344628561127
43,-0.48990123317971623,0.22633629634076444
56,0.04921487695101183,0.3197311923141042
58,-0.6227924701556846,0.21433818167411944
59,-0.7027236858116407,0.22658085293927008
60,-0.7415290306519969,0.20656619606734655
61,-0.7297989887978961,0.23392826502459863
50,-0.40782873301082934,-0.15781626969337426
51,-0.46590753272734264,-0.19490188086371862
52,-0.5148237737986531,-0.1315687172299333
53,-0.5354515966326392,-0.1636296250777462
54,-0.0679636035015522,0.31823657739526673
55,-0.28522332125891764,-0.05446233480124011
72,-0.2751465842708537,-0.26174315207270504
73,-0.544762961065198,-0.22934362948685041
77,-0.43779470691874095,-0.333533355418902
78,-0.6106938990400749,-0.20602621261166382
79,-0.6482694670219143,-0.16055130180114405
80,-0.46578398108467467,-0.3340225593356386
83,-0.7217853275695837,-0.0342772888908501
70,0.035153966915514846,0.5205047767596559
113,0.14829258676071594,0.27069325795071525
123,0.1472589834294495,0.37453812529839975
124,0.18058823665709495,0.48631382253461297
126,0.1716762732390587,0.1726708816594714
155,-0.8154220618330437,0.21557399963413706
156,-0.8349480988836343,0.18559962693447268
158,-0.8543421576870772,0.15728394256387762
64,-0.17120911207409859,0.9131843152659161
66,-0.0258164628305245,0.7329255694181818
67,-0.09524766848310545,0.8201524625884091
68,-0.1663938284018316,0.8807951841667404
69,-0.0008022665657244774,0.7022096684556726
71,0.12150461011533688,0.6378870661957723
108,0.06403164700430321,0.7879695744145491
109,0.06513495538577976,0.6990178713131058
112,0.1200031609509468,0.4595904803076613
107,0.2338206832006195,0.7739960757763582
125,0.15160545497621172,0.5225744720209179
74,-0.23066999084070214,-0.4492540044119913
75,-0.17758318918653937,-0.35921616434295944
76,-0.22611475551729923,-0.3687984477810099
81,-0.6546561410518211,-0.2481486318328117
82,-0.6654049595033175,-0.22373770376031377
119,-0.06646735068665827,-0.47064665189568194
131,-0.11831318179895431,-0.4078565020014929
138,-0.29473323282053265,-0.6019736742148794
139,-0.3258937493821568,-0.5556586295848592
121,-0.06485762667421494,-0.42813146367389127
84,-0.3555043359002063,-0.4980227506469452
85,-0.3115682009229923,-0.5043175412190567
152,-0.8441358967494569,0.08127281866544618
153,-0.8311133985188821,0.06028270707120857
154,-0.8013374970000156,0.060543491585198575
91,-0.20404422266501565,-0.6192728682445799
92,-0.1675516963075285,-0.6201144087616607
100,-0.16982807111505974,-0.5892522757291917
151,-0.2699177873424005,-0.6310964803160805
86,-0.024047931181091234,-0.6637321741369469
87,0.08086987210701986,-0.7498019208470862
88,-0.06601172167172176,-0.7340072975922034
89,0.15355911946334042,-0.6077759585245479
90,0.0717286130152884,-0.5830581505949215
93,-0.06332578541367309,-0.6228243828913731
94,0.2650546508233872,-0.7152358210263158
95,0.31567773346077144,-0.6051844582843111
97,0.21070399783628752,-0.45363339097178995
98,0.12083357053675473,-0.5162627169273223
99,-0.021257933206023958,-0.5378841994155537
101,-0.0812624588181008,-0.5808266063727178
103,0.31908119112025246,-0.44437805843978645
115,0.24472490545288353,-0.27100285865283974
116,0.2041507435814405,-0.41585862393540995
120,0.0543149809518125,-0.4599167511641909
136,-0.1881911941714447,-0.6753727961198065
137,-0.12911068196174819,-0.6882041643534974
105,0.21862288752470208,0.8834688376004569
106,0.12986656642659802,0.82850599819846
110,0.32317703203584247,0.8219033279032563
111,0.30208182902111713,0.7267530440490728
127,0.27909265834852387,0.6138358582039269
128,0.25396496984540773,0.6247758519366894
118,0.2291027800743163,0.02662272167901328
129,0.3434596336186028,0.09336787299647042
130,0.0424969129348207,-0.382200338467668
132,0.2564704994784546,-0.2676658736540226
133,-0.014739531314322792,-0.6087339501486418
135,0.39696477086957666,-0.04963804989712241
141,0.4989687491020355,0.03405006732457803
142,0.4666373293117033,0.023183970467975098
144,0.44610082450467453,0.050012486811327174
140,0.5709869424007522,-0.03356359423457397
143,0.5064595286286574,0.0005046890662613084
145,-0.24561141068780246,-0.7179416769046191
147,0.6322958613982291,0.007449020800899779
150,0.6902346066061886,0.010794995167611498
157,-0.8728373922163805,0.12940546233925082
