0,-0.14339626806491546,0.39937185267713265
1,-0.15226429002646108,0.3461613953910226
2,-0.17219410930380097,0.327921651856309
3,-0.11808949609757702,0.3895527292592899
4,-0.2030275439539088,0.24457515554733605
5,-0.22424446651222238,0.23555194829327158
6,-0.2840504415019681,0.09900470237081234
7,-0.26262092436473794,0.10671933682191975
135,-0.345062480668453,0.04089034189491069
136,-0.3910944485950768,0.09688767385652908
140,-0.3011574552967804,-0.037948970053640535
144,-0.2861574288612898,-0.048880041278109944
8,-0.5774615834475383,-0.08407440432677375
9,-0.6555577357253901,-0.04791040931336841
10,-0.514418807533918,-0.09394766621605548
11,-0.5437326082732024,-0.10787761072056476
12,-0.5336012678319145,-0.1538392367657329
13,-0.5107671088252537,-0.019663112843509013
14,-0.7857627475581587,0.01614347772490717
15,-0.497129793642292,-0.17929921871068974
16,-0.4269642137954411,-0.16754496871781152
17,-0.3922683984153388,0.0011180186570676639
19,-0.45162678552998264,-0.04890296981262969
20,-0.5286229020636489,-0.06466142561502246
21,-0.5921953121079951,-0.13242625296142083
22,-0.507023486669467,-0.12593744596247608
23,-0.4366944922938656,-0.20200590264226204
18,-0.8834450759922245,0.08476127136947227
24,-0.3492181922821026,-0.24020999159347542
25,-0.32537835475152094,-0.19793639843572255
26,-0.43494870842080474,-0.0727170412850552
27,-0.1910468681294938,0.0975471384602319
28,-0.46099502547335075,-0.00883585862668504
29,-0.9606827218120563,0.13339729843132192
105,-0.41712894782103177,-0.005826591784425604
106,-0.32383550449422477,0.02321911005795504
108,-0.6320207675672368,-0.10455806279127591
110,-0.6229624978225263,-0.06754995062329422
111,-0.3406194476180448,-0.16848155928626452
112,-0.5017478134586743,-0.0483190658252449
150,-0.23191534181846646,-0.2600615701183846
156,-0.2854102991191669,-0.2908873439516409
139,-0.31711353344887094,-0.1564429245252576
143,-0.299972402779642,-0.30001066728276177
75,-0.08517920844524063,0.1207914227534356
76,-0.05820184471338046,0.14225811728568383
77,-0.1199328286242497,0.11453681480925468
79,-0.18167389372646858,0.08872532096790424
82,-0.08581877416258463,0.14484312116857576
168,-1.0,0.13913159734308808
30,0.6410351056434133,-0.3617959413839591
31,0.6014168048951631,-0.2312795408831404
32,0.642987104415821,-0.4593463831330063
33,0.521658125289813,-0.08630081387684381
37,0.6059338876375918,-0.42770919039852084
34,0.42383349821455596,0.017066422200893067
35,0.5043978111452742,-0.007499841645953282
36,0.4483165505370822,-0.0027356179569115605
38,0.25296245880049484,0.07541796051716658
39,0.36161727073833216,0.031521899945609416
40,0.5080376723476006,0.02462235503041798
41,0.4737055633433712,0.09644673382172608
42,0.4858553732533816,0.05302858459851866
43,0.5076852124503756,-0.04231218168640826
44,0.4680344710549795,0.028670046682882127
45,0.3928535603218812,0.08891024630365285
119,0.5783375115019186,-0.322430261591047
70,0.2960174038053538,0.1341588231952945
71,0.35659837507753095,0.11054018712863224
72,0.014972493378961206,0.10624145356908875
63,0.5341140448221086,-0.0028344208128920443
73,0.4924918594644832,0.23044239543202122
115,0.4836840577016121,0.06834572795721527
50,0.44351121092424395,-0.11782150311675646
60,0.41064328938337935,0.050808293882883535
122,0.37830119653560695,0.15057781703349077
123,0.30916950901341017,0.1396954614812684
124,0.2693574919563795,0.14942481168277577
46,0.438903898683623,-0.2457371366102188
47,0.3949171736246722,-0.2942443275246436
48,0.41029126153717993,-0.23971130818813988
49,0.39588012123023103,-0.3327049138617622
51,0.3512774215224548,-0.3366571697139356
52,0.31131166475517313,-0.28084085978367557
53,0.35533158964183426,-0.373234559242409
54,0.4940197485199285,-0.12278670089140621
55,0.45732355329909813,-0.113312319458537
56,0.3241897948056199,-0.408506924479097
57,0.2699403725945749,-0.43190834907796877
58,0.3293954031023922,-0.23809469429699867
59,0.1630471688084673,-0.2837360644060441
61,0.32591964778760646,-0.46420854003652373
62,0.5366005962407204,-0.05187036201372107
64,0.5251824017746932,0.07131927155072972
65,0.29334745042830773,-0.47275192542099476
66,0.2311579391839543,-0.43307568253720685
67,0.2722943087372972,-0.4914309240878925
68,0.11579554097194601,-0.47567348523621084
69,-0.07552638421132668,-0.30243214878848346
118,0.4120526526711534,0.12221344792989927
120,0.349074576607461,0.2107635206823984
103,0.5435324555513222,0.20016303382440961
146,0.5834224406573916,0.14912467808927635
125,0.1233322644034974,-0.3436530274142464
126,0.1776348779802233,-0.44823713586546104
129,0.08308368724095673,-0.39024418242147624
132,-0.012161795983702648,-0.529399819478216
149,-0.20336102392685124,-0.3262222738443717
151,-0.16186293319068387,-0.2227718368760201
152,-0.12138311298970642,-0.3120087261853629
153,-0.11409851583056799,-0.37221572782817713
154,-0.0940604400329626,-0.3730417311277087
74,-0.13321904691343606,0.09841031869223027
90,0.42325064886881286,0.3980678040508198
95,0.5026988922015688,0.31987732536666547
78,-0.24067077661422442,0.07251932365473203
80,-0.21421845716382956,0.1020873747788489
81,0.027317893265323637,0.1572158180404049
83,0.0068877231703603605,0.17819518170451232
107,-0.31426234949515625,0.06436626411662391
147,0.1841760677761836,0.16032360842572307
148,0.12208120759401533,0.17432122559798305
84,0.3354446423270795,0.5547264606221338
85,0.33046307316810736,0.5041895081246611
86,0.39239125548897985,0.48997327873986296
87,0.24423398174188846,0.5578456866265029
88,0.38112312151047995,0.6026652596697414
89,0.4292033412371706,0.43702483440319917
91,0.19253331287710299,0.5740195360290107
92,0.1655344776266706,0.5644404898519542
93,0.12374338517017014,0.5691548567580756
94,0.33403962146496485,0.5743314151661426
97,0.4425045833956342,0.6235778880985824
96,0.07867372277425048,0.6136166328519278
98,0.19375615921088898,0.4854492603805796
99,0.15652269572596528,0.5169138671261782
100,0.09061517223106846,0.5810652246159015
101,0.03152636245574149,0.5895190669184414
102,0.409151728581562,0.59987731592692
104,0.010631641587335957,0.6103378154968954
193,0.242332841113894,0.4009463910894794
194,0.21804152955783118,0.4169605103482425
189,0.5215852600478383,0.14017664511819794
109,-0.6728916336045406,-0.06509522537604377
164,-0.7160203762560502,-0.008117312967978171
166,-0.6250905747029813,0.00695552200945322
158,-0.20947606313078365,-0.20344954097343704
184,-0.5834514675316257,0.08633132919541558
113,0.5389185915271772,0.06391181557506632
114,0.495000659138469,-0.013187601154837855
116,0.48715324444477814,0.1421623632789678
117,0.5452442260156195,-0.17998818842241363
121,0.33510428674312026,0.24759092491977697
195,0.28654333886839806,0.32678282363441136
196,0.27532735989050044,0.3201013728597808
127,0.09347696691946443,-0.23633984336213015
128,0.06651861263962891,-0.288743920582264
130,0.16183554183847434,-0.4092048130161713
131,0.15650431116761665,-0.37189494781185817
170,0.061734589286826416,-0.13393265696088755
174,0.12616632691008425,-0.18123823581338286
178,0.13951228447097946,-0.2736005876057473
173,0.026911823886338,-0.16991480203412768
197,0.16078600956383202,-0.3235272263706508
163,-0.1396160684644134,-0.5137640694687619
133,-0.4050005162157371,0.0703927114205345
134,-0.37501755322960734,0.025204290639775053
137,-0.468995653533188,0.13891576325223357
138,-0.3456514068876876,-0.049968139189930635
141,-0.501108932688195,0.1699149929193704
142,-0.5519813904970401,0.1944516314127893
145,-0.5921674542362242,0.2134343650604911
188,-0.6313611487233957,0.2121516562160963
155,-0.2714715227218381,-0.36508148661878076
157,-0.242340317238947,-0.4253410367528311
187,-0.6638790578716726,0.1915248474171648
159,-0.0704640614420536,-0.1924618360181603
160,-0.13370593438939934,-0.24486222741071118
161,-0.11160741398753897,-0.18563914911379015
162,-0.058890108941052524,-0.16668476159534248
180,0.029488265812919898,-0.1385323478407417
182,-0.02410073050038008,-0.14892482852223157
183,0.009090899301643985,-0.10671910941148424
165,-0.834227238993276,0.05063057172761282
167,-0.9322107781939106,0.09974478299415666
169,-0.6472389917416924,0.1132354211363122
185,-0.6435318055796203,0.1542513469552629
186,-0.6360356792006877,0.1647613428556586
171,0.008945099034284306,-0.08439524468389828
172,0.04089644227157381,-0.07474322265545115
175,0.06083287595555853,-0.11299619370904619
176,0.04841314366516617,-0.05847063447679877
177,0.1710196656123377,-0.22533942234889087
179,0.2047193579251458,-0.1313005801239162
181,0.07035671427626378,-0.0646111622645098
191,0.2799439228753118,-0.03807926034042455
192,0.16682338043182235,-0.09310672176997681
190,0.4052721576378275,0.06153281861032773
