0,0.059065392307757696,-0.5649053952980863
1,-0.05300486305584352,-0.3767816852125609
2,0.007431579962183946,-0.5396125556632378
3,0.0945319344512934,-0.5708630187551406
4,0.12993937702421177,-0.6425831639129697
5,0.18535426908584532,-0.6676969177086046
6,-0.10472809968935862,-0.13333746284326262
7,-0.16887654318880224,-0.08053167421434394
8,-0.0972102770941082,-0.49120213579731276
9,-0.136774046445632,-0.40483565910919556
10,-0.06581428981973789,-0.5102061600645555
11,0.24439557112449145,-0.6565689530125166
23,0.22544864197926462,-0.725385658109256
24,0.3125281738999685,-0.6889913937834485
25,0.26565785034358064,-0.7491123518031911
12,-0.07630102403280474,0.06920439595041214
13,-0.05415948218102203,0.09030528841112581
14,-0.15544203556128264,0.002382946441567539
15,-0.1259663459895531,-0.014232875970691205
16,-0.1935797179578829,-0.027202343640861524
17,-0.23900782588770522,0.09001289017733612
18,-0.264919810948991,0.12244553226370455
19,-0.22305105568802566,0.020042547436385005
20,-0.15719327506781017,-0.5405665760720697
21,-0.12994276720843898,-0.537586703614577
22,-0.18220713802608007,-0.5555597606070809
26,0.3375915025881557,-0.5552937528559037
27,0.36405071455598315,-0.6768385115973848
31,-0.024574016869886594,0.28681075474271156
36,-0.04644654527453616,0.16858042308084892
42,-0.10847809425086033,0.08535452337764508
34,-0.03367574722405019,0.23117279027380946
35,-0.006542971783358805,0.2251557909150788
110,-0.10919283882096724,0.15302440829040975
90,-0.3114144707747987,0.3330666285617427
102,-0.29445320243595374,0.04461043477899678
99,-0.2639515404852769,0.10790146057230472
125,-0.08772740590674653,-0.6048069552228792
28,0.43428126023835856,-0.7000898408658287
43,0.24205862933950953,-0.35274166042625854
50,0.4197285796406219,-0.4382823279559687
51,0.4461312340821983,-0.5886844025795073
29,0.04407776919620337,0.36448465697146176
30,-0.008871872118633698,0.3442987730724569
32,0.014901074585090768,0.4248259697197275
33,-0.04477401977240024,0.4677752629808203
37,0.059626669031695306,0.49188788221589336
38,0.024219436143226015,0.5117866871395627
39,-0.045776532170371684,0.5288629509186579
40,-0.08311234071875867,0.5770025349210309
41,-0.17493761176130843,0.5911015032350472
123,-0.3791096489616093,0.7072888563879187
44,0.36156679121745783,-0.33672234212269186
45,0.3640955369304408,-0.3840498897866061
46,0.2835761636298328,-0.34651654169083135
47,0.09716997837214303,-0.26260029513444255
48,0.07028208932249178,-0.27248662355554537
49,0.2762530420987504,-0.28471106027969206
52,0.4112432425907492,-0.3204807808165323
53,0.42162085999252663,-0.4647462366866629
54,0.5230987741940468,-0.45880380509917257
55,0.36721957862106946,-0.44794578317150663
56,-0.16219183564201672,-0.22352973615933955
57,-0.08716723014727625,-0.23330398041193368
78,0.4856558963761179,-0.4970505338391003
79,0.44360163748262676,-0.4979887988759231
80,0.3564515131590574,-0.48773862448113947
81,0.30605396032088933,-0.4663897369797811
82,0.7081223149704148,-0.5237225386711459
83,0.658978146776507,-0.502170204525786
84,0.6020546500210232,-0.5158172806528023
85,0.5544511118924654,-0.5270871000229236
86,0.24687975344580224,-0.4380337249356729
58,-0.32677700107033614,-0.23823399932920142
59,-0.35781041914128275,-0.20404426418689936
60,-0.393543626534441,-0.23409697270100574
61,-0.5069889688630335,-0.29474031487862673
62,-0.5156784335440682,-0.2780891228936543
63,-0.5125082858956541,-0.24394771560734285
64,-0.6132805128863903,-0.33357585970984044
65,-0.6047391849710249,-0.3066609065942974
66,-0.6259855632580532,-0.38572281956785354
67,-0.6821899864634726,-0.4091766892476365
68,-0.7025766665646805,-0.4375198632287756
72,-0.6987500013133418,-0.5455995624908608
69,-0.6064153849677364,-0.663810105291566
70,-0.7141953597234724,-0.6674030979699012
71,-0.7311860781398789,-0.6454848183497612
73,-0.38644436637218976,-0.6886125657937615
74,-0.7871199115229203,-0.71142626330078
75,-0.7773887741502644,-0.6461337551314652
76,-0.7936195825732335,-0.6050437370346053
77,-0.1475453033398406,-0.6388617207763881
126,0.07874280406239952,-0.4798757147357007
127,-0.14251902059340582,-0.7288377806213543
87,0.21112435130554966,-0.4469427257396983
88,0.1438062015718324,-0.4105233105812804
89,0.8370580417685445,-0.5795228128687584
129,0.0684974652615024,-0.3546441201914671
130,-0.007550089622594054,-0.3314000187717444
91,-0.3512534571685872,0.4650694049958846
92,-0.4457973849416218,0.4784381104691641
93,-0.37921803992209224,0.44284796964130085
94,-0.24576993802673514,0.4264005500929323
95,-0.24309021321294613,0.5121366780446032
96,-0.4632359513786027,0.5231314654891541
97,-0.5572560897774012,0.5643143264370619
98,-0.5392237698407639,0.5842467688587262
100,-0.13675552340484556,0.6491607737083149
101,-0.16146569456889623,0.6259435182804707
103,-0.6488811437932211,0.663185021609346
104,-0.24125607612651784,-0.06001353874657807
105,-0.29576430959825917,-0.012004549393798691
106,-0.20327084135840737,-0.10583729184716391
107,-0.022317101619009346,0.8205258362880595
108,-0.05379631504520868,0.7746893260626194
109,-0.08113582763221647,0.7589187986747821
138,-0.7562213825232291,0.7800817566540862
131,-0.10921002983345174,-0.2272722831400953
132,-0.07762973393259685,-0.265360125760174
118,0.08849438747055051,0.9325985442475198
119,0.032225654872574144,0.8685138467733701
120,0.05036029445485553,0.9009952206489877
111,0.4047123007804938,0.9573717367798322
112,0.3040637712398997,1.0
113,0.4138022765295859,0.9804990241947044
114,0.33047538284564315,0.9536182353129831
115,0.47331009311905936,0.8499205594690512
116,0.18753775756929303,0.9527040400581128
117,0.19197165910490932,0.9788552795562296
121,0.574772402232357,0.6598778379782667
122,0.559835422741837,0.7219923292983957
144,0.6580042496931537,0.4686523278709272
149,0.6265892216417939,0.5781130742925674
124,-0.5796572358230307,0.7769456600343333
133,-0.6773427081508564,0.802722636892115
134,-0.7124922538329067,0.7964194054225027
135,-0.6926252675122182,0.8343997312745742
128,0.3490519691762202,-0.24089715105042708
150,0.5974972920168791,-0.00697509103456012
136,-0.7590226422013536,0.8405345621955522
137,-0.8097500036316927,0.849695341765118
139,0.70471314601963,0.30276281568204133
140,0.7105403628451308,0.3645653171690906
141,0.7511473380442726,0.23347138137485088
142,0.7318253929150946,0.36583620803119493
143,0.6926144738853287,0.43628358991682226
145,0.6854334939574386,0.15841029366730022
146,0.7243900997642735,0.22642560831256456
147,0.7108358416763986,0.15388301866539594
148,0.7848188030325178,0.12825874031865267
151,0.7115488688441107,0.10127934655906552
152,0.7396324578926916,0.030604271257661197
