0,0.5632606516063583,0.25574614474011004
1,0.57837954753109,0.2742653093158409
2,0.556164124873513,0.18519254920940498
3,0.5181486941162758,0.26063076726088996
4,0.5324814581083014,0.231475752999816
5,0.5143261656964166,0.20579795487257932
6,0.6511507996500004,0.11914233679073859
7,0.4263642618819476,0.14377277863625798
8,0.5996886544178238,0.20315886493988686
9,0.5413022626239762,0.15948252778702224
10,0.4363045317808162,0.19161919871219277
11,0.4906277986347376,0.2721272331311002
12,0.7312769663991655,0.0199768639537065
13,0.709056412830111,0.10154480505998872
14,0.7175961401566903,0.119484367004564
15,0.2963867323071461,0.08537392310237574
16,0.3217370403346975,0.13874008651552874
17,0.6435200856150909,0.16587150087604102
18,0.6167793150636527,0.21409114034897897
19,0.38175498632902743,0.097439653480234
20,0.4455023251181314,0.14216961750631327
21,0.5592269619165019,0.19497305150440467
22,0.3173257246437617,0.06494435504038674
23,0.39309346464906,0.1391385349692359
61,0.7752773304277529,-0.15500123819480213
35,0.17836368048706544,0.054873671501121185
41,0.2507967392530383,0.0930672193323731
42,0.20382648007712076,0.039857024245847195
72,0.2341902247660002,0.1878140765485003
30,0.13661874877267874,-0.1244088041867327
24,-0.07850252552332955,-0.28436157743332435
25,-0.14473116471259698,-0.30004840791418225
26,-0.08831407701421223,-0.2545569500775199
27,0.017346817532268643,-0.22686956655958387
28,-0.07570344496044437,-0.19215434913392815
29,0.01766447589876802,-0.16395860907560417
31,0.08813824159176241,-0.28323387804362266
32,-0.03913937647486477,-0.13526099716702722
60,0.0016638695377324854,-0.0938640080794548
134,0.0657219088209568,-0.4403783954099783
59,-0.04639219403532358,-0.04496989986725592
33,0.07738106298299155,0.06309903935622732
34,0.15650041419550165,0.10070503706753794
36,-0.051266382816403264,0.056646539087153565
37,0.21404663426106998,0.07373028760807583
38,0.22920356516407595,0.014485331624413835
39,0.09583631865010257,0.21993911875536612
40,0.19450082895353238,0.14441219212787423
43,0.08885717319406103,0.03152518848943315
51,-0.15279418625822938,0.12267666714027785
52,-0.21592768508051613,0.09223256418041206
53,-0.13817414052015642,0.041700695012340326
54,0.049838296328881676,-0.0072660350893213365
44,0.18339578344079044,0.14313162323070006
45,0.22173333348805097,0.04418055766826013
46,0.23806423936853155,0.05340578556605651
47,0.256480682571889,0.05576287272778481
48,0.009970195725672117,0.30259116589625235
49,0.014985559896757886,0.2649599150047481
50,0.04750285669839005,0.31135429357670025
71,0.13917060251345445,0.2300106909459959
73,0.09724885273787333,0.2776125592267371
56,-0.09763810825952181,0.27303070467229307
117,-0.028779892259731935,0.38362288947650836
55,-0.23531676910817334,0.056027249649573355
57,-0.24443632724463404,0.11785679263913781
58,-0.4067481132619959,0.14608129962629932
108,-0.33967018612710753,0.029907015765682665
115,-0.3007767891056197,0.052037631570913435
116,-0.05213681403635505,0.4607251889600119
111,-0.36488697094460865,0.003984109153814463
94,-0.4804796359407551,0.23994527122279732
96,-0.5510912583033591,0.14286107674345547
98,-0.40404692310064094,0.09120438127934921
62,0.7637714969030764,-0.27920135819804104
63,0.8039936188285706,-0.21762488215312203
64,0.7751238287343094,-0.25648239979241894
65,0.8238156751032347,-0.22563925850673877
66,0.8213607977214876,-0.29469872032367467
67,0.8135388302330377,-0.279434693026007
68,0.7649941466076031,-0.3338495221451265
69,0.7107144386450227,-0.3460737520223978
70,0.7111836942260111,-0.3785403976944673
78,0.7053630117970989,-0.4166554015331458
79,0.6063755412581585,-0.4499356468365408
74,0.062040431171508835,0.352517478455992
75,0.012345042558961235,0.41787250756253935
76,0.0065448291152755906,0.4822161625721611
77,-0.07448501017124509,0.5609210274034961
82,-0.02786833005497703,0.6251670259328496
83,-0.13444733634249745,0.6817258964562218
80,0.4560345632200241,-0.5342612354383254
81,0.5087766703098514,-0.5398541649762245
142,0.3553542967785286,-0.5659341854435818
143,0.3278893726432315,-0.5564419887069368
149,0.4464310579145265,-0.583718518435208
150,0.4132691896257456,-0.5802660356136878
84,-0.04269405772481816,0.7366787720302903
151,-0.17265663446774607,0.7723380301250463
123,-0.02566488063807113,0.7950332529768719
85,-0.6868345888488683,-0.18428681298745708
86,-0.7093780392212116,-0.2558698484848421
87,-0.7381203767684534,-0.2414646788261334
88,-0.6860514209992027,-0.06880801543400589
89,-0.6522640739148734,0.05260806443530851
99,-0.6542799023933843,0.11823915800229758
90,-0.43586932783999427,0.45670293248535937
91,-0.46720014979226393,0.3644110840409057
92,-0.4960080216475337,0.4503535683352311
93,-0.3437745655603661,0.4817025057794004
95,-0.4336661563863641,0.2900093034549864
97,-0.3385078184793474,0.21892475398013453
100,-0.36783712072530694,0.13458170705142983
101,-0.36328647345712733,0.16671423251415443
102,-0.28379531355281906,0.17894452844034783
103,-0.22682389083471471,0.24501552207748092
104,-0.4296301606161918,0.03417893465592915
105,-0.164284692423037,0.23140910099509487
107,-0.12648482330111627,0.26324419812252975
106,-0.4434040160518375,-0.08626577088024391
109,-0.07615398187952496,0.2580448036027947
110,-0.08043984699508734,0.280674272604815
112,-0.5057502986869005,-0.15339726447673138
113,-0.5385773610640194,-0.2543935124943051
114,-0.4586710998151944,-0.0730083199164851
153,-0.03847233181514045,0.2991862133198354
152,-0.0010991975915538752,0.2875081243670919
131,-0.5893459192324922,-0.4206417018334872
132,-0.5950920369182273,-0.3457721917670655
118,-0.028266409793342162,0.5884638780396464
119,-0.04570885720916828,0.5517885604426532
120,-0.030147467479139524,0.5079020910576071
121,-0.020551648252644487,0.5520043604298684
122,-0.016229630385027012,0.7146419406698614
124,-0.5836940896329125,0.10060448802094855
125,-0.6343014891555682,0.23269654167335505
126,-0.5287788444129204,-0.058315519175770214
127,-0.6819244269728417,0.30602331015228296
129,-0.44391592579245576,-0.22064416280433594
128,-0.6617574026369847,0.23101711968502436
130,-0.5881620220186643,0.11489639714164826
145,-0.34443325708025424,-0.3433493783813027
147,-0.4226591711175672,-0.31309261224576607
148,-0.4887611871664755,-0.03587187437360081
133,-0.6066496268286493,-0.5920191086785211
155,-0.5951373474325594,-0.7484828212705154
135,-0.09154647718875204,-0.43427266275942106
136,0.031084287952176482,-0.5023002372718056
140,0.20137972336304324,-0.5328124113648748
137,-0.20352015338251322,-0.4405490039625248
138,-0.17426170251522632,-0.4186729078847101
139,-0.23245481922456213,-0.33845737387089236
141,-0.09018527192149,-0.5085181236316149
146,-0.3667158205087834,-0.19247407374007197
144,0.30551721515449437,-0.5887984418199947
154,0.04653267320301324,0.3498208758748074
156,-0.5736586838736074,-0.8667679202215177
157,-0.594331385171484,-0.8424097503038469
158,-0.5744138720586002,-0.9277113241683963
159,-0.569417930366192,-0.9574093480556323
160,-0.5653433115088674,-1.0
161,-0.5964140043017145,-0.9982177192420699
