0,-0.05782311873298319,0.4056175133847251
1,-0.15276323568653932,0.39769450519877597
2,-0.1063772964098922,0.39810755442968543
3,-0.0871206439944586,0.4252963932122796
4,0.008646315242965321,0.4256213730324313
5,-0.2639761456938528,0.42235011917068066
6,-0.21862172684687012,0.40471094018245346
7,-0.1930773251258868,0.4189000997128501
10,-0.15608459916181477,0.4331721834203522
11,0.13892849642823138,0.4461762904926159
12,0.10584218166309999,0.49630320062033284
13,0.11307561268918863,0.4018573082849854
8,-0.37032889375575784,0.46057561767757443
9,-0.32281565898909814,0.4453451113154569
136,-0.4486416658499799,0.5097200691357642
137,-0.4230996154420742,0.46442594814383575
14,-0.19371630461524073,0.5707584107747572
15,-0.2599496542031207,0.4746204054505448
16,-0.2893283324219879,0.24234032528397506
17,-0.0737557546113829,0.557875020902118
18,0.16391761285417022,0.5225720418543084
19,0.05465052383484439,0.57656406877561
34,-0.0071211497094895125,0.6147685357263534
35,-0.41898693417847405,0.6329602182877894
36,-0.32756242238263683,0.6219715359772945
37,-0.29216359162936173,0.6108503078015782
40,-0.3982781628063109,0.05464065585844524
41,-0.3735610898713881,0.11876428873010403
42,-0.36697314875578146,0.0883328250832968
20,-0.8721090977020137,0.30689389383881394
21,-0.9013388750979962,0.24425879669843462
22,-0.9100395258306434,0.3314319526017267
23,-0.9302890044820015,0.3310854519144496
24,-0.8386678717937825,0.14291532096841325
25,-0.8609525784245913,0.4033112389659821
26,-0.8887253359362693,0.3897694754857734
27,-0.8338744467994886,0.4374483542834431
28,-0.7580388282357782,-0.0259995253625161
29,-0.7794613561480975,0.5104114903661501
30,-0.8279410540482135,0.48477024259844625
31,-0.7633091896709464,0.5362381640753009
32,-0.6387693932586568,-0.11794592150574672
33,-0.7299693574343542,-0.13251238947576605
44,-0.6350014882659206,0.5969186957556292
116,-0.7617438974389942,0.5737453752062026
46,-0.5094493341386086,-0.05835861781465586
131,-0.5340289152339033,-0.10529744966843717
132,-0.5672309947885807,-0.1166449075449934
133,-0.6257299853612244,-0.18292739512747175
134,-0.6646975899307348,-0.1701314461385872
135,-0.7021493880604356,-0.19183204059430636
43,0.17896287313354392,0.6196631728155866
38,-0.4135207428107019,0.6978302854078742
39,-0.35517959867366206,0.6870291724610981
45,-0.5175258656437242,0.6783232365898968
47,-0.4499577101409153,-0.004997065953469139
48,-0.45968632206879523,-0.03637418391205096
91,0.266731054566457,0.5291115791320224
94,0.2777922920511388,0.5831744532364245
117,0.2778241914547542,0.6224132117550547
49,0.024205504788760004,-0.8088506165641708
50,0.09653455403053722,-0.7769874795198712
51,0.04451138978724746,-0.7607792998657317
52,0.06102328375086865,-0.8727454068670338
53,0.06818621273778526,-0.7327293351997282
54,0.14446296129617076,-0.9070955277428694
55,0.12012126597884105,-0.6735552426633344
56,0.1573559564258086,-0.709140754845359
57,0.146924608522036,-0.6725088745899008
58,0.2719010059542547,-0.9684027197583416
59,0.21502958604892428,-0.6078939553456907
60,0.22530419056986603,-0.5893019620571861
61,0.3549470373738358,-1.0
62,0.39164456876961246,-0.9222622691761259
63,0.31032882453159943,-0.5113957727649863
64,0.3221388411711493,-0.5278693954039341
99,0.4097332859616227,-0.9911520162655304
100,0.4257353677579763,-0.95558469711313
101,0.4539887599019659,-0.9018142871638809
102,0.48039784972327126,-0.8158747612010314
103,0.46801159036726075,-0.8562105214668227
77,0.4179198862477861,-0.3923967096791668
138,0.3792046179028349,-0.5467554744105547
65,0.2752484531153515,-0.1927434455613571
66,0.11481503210768808,-0.2550948930226448
67,0.08301113774069413,-0.2892296533860729
68,0.44788590745192086,-0.026930900463299032
69,0.44012476701245046,-0.2497194515394706
70,-0.003592218598212246,-0.33437023292428963
71,-0.050029144916539973,-0.3768379519949267
73,0.5416337081904182,0.08753298083631504
74,0.5195052106492539,0.16008679153047348
75,0.5403922998526034,-0.16072201496452795
76,0.557526251268396,-0.28454876954527597
72,-0.09343953103596073,-0.4180577262013967
78,-0.13311539624817234,-0.4596861089713097
79,-0.07747413892386812,-0.4846978069573413
108,0.5662415669132005,0.303259048076909
114,0.5684051110418794,0.2477628869552605
115,0.6190311832439547,-0.40337482453058476
123,0.6720581383507062,-0.2975660593291585
124,0.7049490324580121,-0.3098910423607795
128,-0.018697264715985207,-0.5038229284990657
129,0.021799478203696075,-0.4225211803871258
80,0.23475458783251274,0.17558879513187656
81,0.25866452376724774,0.3048631374615488
82,0.26731106139131877,0.33276459125403546
83,0.25475802807322284,0.2511852324287795
84,0.20856266658766165,0.057993604541013745
85,0.22005450980174135,0.09675499837172423
86,0.19884310946609776,0.015506669829232565
87,0.28397690105725504,0.40233739770341037
88,0.26350207438492396,0.41605001002241054
89,0.29191386823805415,0.4700722431453697
92,0.18764427449372154,-0.055194028033259145
93,0.15401268400593163,-0.14600333178925504
90,0.3120700057185514,0.5332078693397173
95,0.1546937333228201,-0.19225516411628998
96,0.18768168808306784,-0.1670921843730846
97,0.13795216838169183,-0.2580867625393276
98,0.10801932785038779,-0.29339196865709327
118,0.15955164095096164,-0.2763555754785651
127,0.08719317316256026,-0.3719545346707222
104,0.5189327453608914,-0.808587572962586
105,0.5320284013936741,-0.7218613595564634
106,0.5560961722661963,-0.7038633017033097
120,0.6005236889590204,-0.5919925642883977
121,0.5804217349694271,-0.5864149615939097
107,0.5992114061710588,0.45930227249879324
109,0.5991694818962386,0.40424193630349897
110,0.6539263119109144,0.5026900169925057
111,0.6181774274901138,0.5071450447855106
112,0.6393266575620912,0.541622273647307
113,0.621066884182325,0.44347978389686554
119,0.7238928504077514,-0.35834046559312355
122,0.7440969677259132,-0.40112736233313834
130,0.7919458659576727,-0.3493410189408206
125,0.022496789225266482,-0.4644987827585472
126,0.048431531863919366,-0.4719164065955547
139,-0.5310140338483968,0.5895589338554769
141,-0.5399031375520539,0.553472220281811
142,-0.5061810412582061,0.5092210228313645
140,-0.5845543996400325,0.6170841655855419
