0,-0.36550688858668234,0.03484732552830248
1,-0.40760173399622374,0.10985369676300644
2,-0.31646480882266764,0.045013351984469714
3,-0.377025375868707,-0.06791260229875903
4,-0.2773786824021647,0.07240062267944669
5,-0.35387897769806576,0.16343391023586787
8,-0.3275924517180052,0.1162006716124879
9,-0.26338620098121085,0.10633041595922194
10,-0.27050836307114323,0.00518470230466026
11,-0.30378290295166777,-0.0357908877067555
12,-0.3774101885747687,-0.10022709384692759
13,-0.3335335670575996,-0.11998796356119118
14,-0.44182791522397086,-0.1377134317205676
7,-0.2549631492317635,0.1566093986617111
15,-0.17407514123495685,0.1276769480804814
6,-0.33285800807888954,0.1985955658382995
16,-0.3147769425867179,0.22023330897237975
17,-0.09274891447148498,0.10760197528720358
106,-0.3687727451020072,0.24691867894101602
102,-0.23108352085098555,0.2205611153142951
105,-0.22417168447082658,0.03544119177213508
148,-0.2578125717208528,-0.10750477680207517
149,-0.1920930710930159,-0.08513363581302787
152,-0.3341903871912474,-0.20991148191625422
120,-0.5126682697889712,-0.1954747699835747
150,-0.026203284121598374,0.10563317509630268
135,0.01624100118163445,0.04451558011823417
167,0.03523505578094062,0.06446248956693769
18,0.16522971530027125,0.32065716535804845
19,0.12877448286717502,0.3843156170580042
20,0.048817157157951395,0.37432729998153086
21,0.058540987741060216,0.31391023818899516
22,0.29370787185096914,0.2477269293883964
23,0.24131744289286947,0.27198656832283463
24,0.07744223352387732,0.3734468961564224
25,0.07921641405417858,0.4422350318091561
26,0.20789904791720798,0.34014181683667344
27,-0.05604377743260017,0.39530652149304096
28,0.015494607190059455,0.449406763636613
29,-0.02654947878571908,0.3288972327220967
35,0.034164123685592775,0.26046743774516684
36,-0.021490841325981187,0.25976032682097994
37,0.13062174384855532,0.29272632985029845
38,0.4024131630599811,0.15978154729628705
39,0.3416324170208011,0.19201107309418544
30,0.08880581109023786,0.4586660361632077
31,0.07729740228595088,0.4149973910853035
32,-0.06271179203947466,0.2927678502170012
33,0.07981189624007967,0.4929033378547646
34,0.34022368829313954,0.25846224599237566
40,-0.04307706710491702,0.4621578535032933
41,-0.18208785708439887,0.33108980301769264
42,-0.12020736714851678,0.26151553330575195
80,0.2202053753719258,0.5103083844116107
85,-0.2511138555089775,0.13830939327344105
48,0.4238896388327931,0.20721538423970692
43,-0.041945230788908404,0.17326343988288798
44,-0.09799887330726692,0.15180866644661956
45,0.4814116242100767,0.03738819691449935
46,0.42576524448866704,0.07293096702030352
47,0.4581947010576666,0.12781995769546953
81,-0.16426999781376755,0.4171735568664633
100,-0.2132092693218235,0.4050889842293836
103,-0.17531393490741093,0.19260810074614187
104,-0.3255733524991254,0.32746030904052775
184,-0.08801787289951872,0.06542873831469875
151,-0.11994614395227143,-0.010516827899941208
65,0.5603928208256518,0.02875419634926313
67,0.5375544881620915,-0.0008542431818541086
72,0.5154057024623726,-0.02877586655510891
73,0.5609743051153249,-0.01756088709239404
74,0.4806158948523026,-0.006021487338557732
75,0.4249754677296793,-0.06777560610928082
49,0.3741494246409338,-0.027532562881900077
50,0.3683599135432979,0.001391012040882481
51,0.4113039791292703,0.0066673447521944955
52,0.4592528464614457,0.02459386654305267
53,0.2581877844354334,-0.07439470178961037
54,0.2605612678730185,-0.026381515192916715
55,0.3360651517867914,0.0041433213538517
56,0.5275409892200997,0.03866891489108619
57,0.5172291448488052,0.026630050921915244
58,0.5591229466835859,0.08995985545281951
59,0.2152837600750497,-0.07608706216056044
60,0.12674839658356143,-0.11025127631744137
61,0.173025970540247,-0.07774161686204649
62,0.26594116543546076,0.015053662160220098
63,0.22641572266832208,0.046655596499801055
64,0.1828416585383495,-0.012234986385051737
66,0.570011066134368,0.0015715699236631955
68,0.6273959768932047,0.1929726363246946
69,-0.044523140737678615,-0.22086099145084925
70,0.03268809336635224,-0.19655268732167902
71,0.12207405555343037,-0.16500298694823132
122,0.18594056103583037,-0.16195409571478772
123,0.09270496439847346,-0.03527321023498059
124,0.16905041684671096,0.12344461281606213
125,0.07565254780889696,0.04210130754254885
194,0.6405867496576317,0.301788290030178
126,-0.1315391344259038,-0.2953600124815978
127,-0.16920894762799762,-0.3028319313112059
128,-0.05887232152490273,-0.26251799406376614
129,0.09871911081584184,-0.2319933461398953
130,0.1183703793396413,-0.13218009359245045
131,0.15146438921375383,-0.20997933121127701
76,0.3313530223287548,-0.1498559207225082
77,0.37544621021149843,-0.16436220900305307
78,0.3703887852588758,-0.15194184353561044
79,0.407547533089194,-0.14700477892157307
137,0.2776249616691233,-0.19888306396505803
82,0.3135830005303893,0.5677458380174599
83,0.37183988990411154,0.5116791150208373
84,0.2911580076544267,0.6128577160981903
99,-0.22658999860909884,0.4340947084096008
101,-0.22403257155608902,0.35699609728615705
175,0.33980462427570574,0.6517229517370199
176,0.4576359206454425,0.5222265149364668
177,0.4940678301696957,0.47266048659044485
178,0.3372807404886467,0.6853618700120861
143,-0.4262963352842924,-0.019178270053165473
86,0.1100392056418591,-0.5627739294393964
87,0.07354899374683316,-0.47825091405753084
88,0.12970585215672925,-0.5573850875201726
89,0.11976012884882509,-0.5164738413614811
90,-0.03417735143248546,-0.3446948694695209
91,0.03557096178895658,-0.43683095776947234
92,0.11285849282368718,-0.4371404245004302
93,0.05375260175078359,-0.4507410859642268
94,0.1603307471380657,-0.462438681995955
95,-0.17974963164290997,-0.2137898645802772
96,-0.10454906070814857,-0.1672069127077233
97,0.13486157685550657,-0.3565804322739601
98,0.18149936782364498,-0.3908358104404456
185,-0.09558841500236721,-0.053732431579084826
145,0.19774098567164516,-0.30009198518034835
146,0.2135666353868768,-0.36822513532912254
147,0.016234915509106346,-0.2320144674272436
107,-0.3955647702581231,0.32639943022378465
108,-0.3992905515984154,0.3715093881125423
109,-0.616797444610804,-0.3090168554862698
110,-0.6590442400576996,-0.29784675079146367
111,-0.591527933665692,-0.25884523995118036
112,-0.5385756338884795,-0.30354312350878243
113,-0.537500058976628,-0.17855965979852656
114,-0.548727979091784,-0.21373877356673984
115,-0.5474743559765631,-0.23843759507296197
116,-0.42032426838861353,-0.2873211582748863
117,-0.5811320040143961,-0.17617787418099737
118,-0.5143954896077361,-0.18078717909143313
119,-0.42354402465547863,-0.13472072327572954
121,-0.4715073531628223,-0.22510230375529156
188,-0.29104115353254056,-0.2372705093274583
192,-0.26165526442115383,-0.09192812781629793
132,0.08940983437115363,-0.1741422126068031
133,0.18129544772073175,-0.24065472912609204
134,0.07263427444710105,-0.03383838961747465
136,0.07362207909754209,-0.10265585562922755
153,0.07555184005404997,0.1431296627056674
170,-0.20672715425150232,-0.3451751443933986
171,-0.23738267286073822,-0.3679998539052081
172,0.04773767502192355,-0.3073860154484067
173,0.08680516702566549,-0.27769507252283127
174,-0.01680763726023234,-0.16771150643534516
159,0.10362304896605,0.005560453433761962
165,0.1034975972967073,-0.1603359497015072
169,0.028313443500938562,-0.14906249441056582
138,-0.8305554669965564,-0.25277310354117266
139,-0.9293918872916024,-0.2946638436708569
140,-0.7101467011848787,-0.19554193481923574
141,-1.0,-0.3237360521049985
142,-0.5680536725605448,-0.12273371330687477
144,-0.5040016103293672,-0.1081493198463797
155,0.2013690937108311,-0.2032622210274806
156,0.15348384363530315,-0.1881903289418509
163,0.24844427750454603,-0.3231448551633641
162,0.03298353575654525,-0.15719344214886746
191,-0.1227721335635535,-0.12877113046603317
154,0.1533053910108256,-0.08647096276565651
157,0.07740071522706365,-0.06355831137755177
158,0.1157731023059019,-0.0009269216206652164
160,0.17597645290225833,-0.20920860457751275
161,0.21055785734907737,-0.24878425121645306
166,-0.03133395691317754,-0.118982840894047
164,0.12732793089140407,-0.19727423560568366
168,-0.07988503704750298,-0.11552213086972453
189,-0.15336826448088803,-0.16471596437260988
190,-0.17248290412609538,-0.07315382972985314
182,-0.05422031386297738,-0.14219730641231149
183,-0.05302123563812059,-0.15770381235254693
180,-0.015918766450721204,-0.30711560835260127
181,-0.09556188536541647,-0.18785626578958828
186,0.3693307577775983,0.7173807051638951
187,0.5911895207330906,0.3989839745933781
179,-0.09590279761197157,-0.2748735600648178
193,-0.23315784622206126,-0.03350567022236506
