0,0.010380136270004907,0.26061118217793905
1,-0.16305176503521504,0.17280801425802939
2,0.12419714716267063,0.34437890992817816
3,0.04893348411120813,0.2731758611726219
4,0.14586491206675453,0.2692180292076826
5,-0.31770494795719656,0.10220743333607578
6,-0.20495574759909788,0.10258717821122247
14,0.25550098279140987,0.3225239121894494
15,0.13600142434455254,0.4662838543179491
13,-0.0715604769908889,0.1805677811281852
16,-0.01819754465835137,0.2771317796002739
17,0.1364587126211734,0.30166022896086436
18,0.347671765006622,0.27012963632248294
19,0.30541335981719536,0.2934164918904081
7,-0.2836499914946774,0.052669805885956156
8,-0.391955985458022,0.06624147330779409
9,-0.46343387418337023,0.028359978877309053
10,-0.1820541977262927,0.004345839893628003
11,-0.23705780412986693,-0.01915318776096939
12,-0.16694136402240148,0.18927712272863828
20,-0.5581899148958547,-0.07729606408744763
21,-0.17944071283428517,-0.15531944120458316
22,-0.17447176546897225,0.08608065166791684
23,-0.19665093385181945,-0.1608304808020928
24,-0.2210859117983721,-0.08204386243494821
25,-0.2143956553549035,0.21956286325869626
26,-0.15012356699268428,0.2673287606048103
147,0.3802796420088838,0.33854355522306784
103,0.42765493941484795,0.23007410974286427
107,0.3945270456441696,0.1425798157492896
149,0.426949930307625,0.27512871662078725
150,0.4875312827260021,0.30608099270822053
75,-0.1606276499838981,-0.35414587145708015
113,-0.18940595335560562,-0.088795806963173
114,-0.21031838804995143,-0.01705898527028043
115,-0.2308282013697955,0.11455610471960788
117,-0.14540683728481998,-0.38842622401396826
141,-0.22434789332608446,0.3184377328595411
142,-0.23940645499056,0.30011398383075566
27,0.1809691629259786,-0.1846427589805155
28,0.2109156386984123,-0.08292890182303683
29,0.19236168405934362,-0.20588903503729122
30,0.2310612070057662,-0.12590050104564093
31,0.07757093601326821,-0.2729248771741855
32,0.23775559342784394,-0.257910427303434
33,0.2521829527901181,-0.011754346027190936
34,0.18882991414513398,0.06240694227647004
35,0.2102733134844522,-0.32734082201806414
36,0.2244414278036164,0.028985719292492405
42,0.07768386598422207,-0.3290629990449279
43,-0.1266176005462521,-0.29382607442983877
44,-0.10701291988112044,-0.26168043681671016
45,0.1897366622616695,-0.388933015159204
46,0.3565748592732982,-0.3753078436841307
37,0.22599839996068152,-0.19148578876290392
38,0.2976798655399325,0.12111535473838136
39,0.3060104948844666,-0.069987327436613
40,0.21540440217586854,0.11011877904477711
41,0.11137312904751748,0.20772172463457633
47,0.1322303767609865,-0.4053192550697676
48,0.32495782875017404,-0.4056520282837463
49,0.17656528972093533,0.1743010177219703
63,0.17848244011487976,-0.2824504389520496
65,0.27878328325441193,-0.11370271497854811
91,0.3091892937451167,0.2672890216912054
94,0.33515600271610496,0.06998368349487666
131,-0.017284115099057255,0.3311114578011098
154,0.060796881664001864,0.318236481376728
50,-0.07926614862271,-0.36548838901227826
51,0.03326718128047884,-0.38898143490502485
52,0.04063434214003806,-0.4165803347361678
53,-0.2599557808578009,-0.3198984645367924
54,-0.31167179363746755,-0.14068306444409945
55,-0.3682967368232125,-0.2856983909619754
56,-0.2927550681250034,-0.2520052103443317
57,0.1531852945589265,-0.5184884882415848
58,0.47023143300265124,-0.430170386508525
59,0.4946160902683067,-0.4144307146519184
64,0.12253278679430293,-0.5444852343569718
153,0.0913004780246958,0.28842672174190676
60,-0.10297070744146156,-0.4130237679217738
61,-0.21500793135594215,-0.403277912063763
62,-0.07533545156682508,-0.4794809055981466
70,-0.42342440051129504,-0.33097566518927474
71,-0.4598450589290007,-0.28945109057569435
78,-0.3952831101273821,0.04126001796981966
79,-0.3798495019843028,0.09062616214959578
80,-0.4143383649516258,-0.20166791740656712
81,-0.5099772119450428,-0.35641849103184303
82,-0.5433011291667179,-0.3560230434020359
84,0.1529299921148275,-0.6249430080558526
85,0.18803083425048175,-0.6093176590743439
157,0.5594780634413382,-0.4613589099545297
158,0.5939955506109338,-0.44988765736817377
66,-0.15571470225607653,-0.4129700467818743
67,-0.1052360739715179,-0.5214193119009758
68,-0.23712048053240248,-0.36762839338759234
69,-0.34711208096270946,-0.4055805359938782
72,-0.1316450634649533,-0.46018609554777024
73,-0.130704521991256,-0.5078444811476264
83,0.17588479711908994,-0.24971164388652184
86,0.08577364707690315,-0.6582632742997642
105,0.37830267594533323,0.06276147880299725
108,0.33278468507112197,-0.03924211791958055
109,0.2109886993004508,-0.20718709823455292
74,-0.20263579505400642,-0.26999103266406366
76,-0.029436959375276826,-0.6485100562463041
77,-0.09401737046338328,-0.656048930500433
87,-0.27886889955775085,-0.3040786552182083
88,-0.4740750206619292,-0.4010173266283128
89,-0.5184757270453659,-0.2868539473014314
90,-0.5361978910359795,-0.13482839053218706
118,-0.15083999293059136,-0.4953649233694331
119,-0.08228236890217175,-0.452829100293485
120,-0.052830005068905374,-0.4279397676520437
116,-0.23295346557059873,-0.1784631963011426
122,-0.3370229050444267,0.22325156862373333
123,-0.4136827062605855,0.16952668336004398
124,-0.46086924268868756,-0.07873625269843779
125,-0.30805424263759473,0.300842772262814
128,-0.5000017445798837,0.06441740267471804
143,-0.6531185196759872,-0.42750496656693227
144,-0.697712777566151,-0.4363042464438296
133,0.051560518839840405,-0.35348538916930083
132,-0.5913970915273233,-0.025659588309176213
92,0.3640340576154073,0.4369795544562224
93,0.4047220861361339,0.19143071925784202
95,0.17264054979294816,0.4414751995211895
96,0.23516889241647418,0.5389457783961283
97,0.45546001488761895,0.4694415680229
98,0.4686497460365924,0.34581833723289757
99,0.3422714649823385,0.5583292979076847
100,0.054522021684628455,0.5152057701801358
106,0.0077478991304355295,0.4758902728638812
101,0.23669171632106925,0.681204023358706
102,0.55828121896187,0.4264903639195492
104,0.5514675117149396,0.3145483363340274
110,-0.04962363632096548,0.5791434755420191
111,-0.1261770488845431,0.45013751726202084
138,0.19344308705079058,0.8224594205223089
140,0.11695206484694314,0.7501699921504711
155,0.6451476996414992,0.3878022735927262
151,0.6195113818843424,0.3201099787089841
112,-0.08689582020659267,0.42493624474810426
129,-0.22224385814960054,0.4515584284952474
126,-0.1908929120949525,0.35092707934101103
121,-0.06523848093635967,-0.4484926162730236
127,-0.43193356299755076,0.2356412906038467
130,-0.35726732734230376,0.3669779145848808
134,0.19669587318144,0.9331758430689149
135,0.21402003254984642,0.9930897222050317
136,0.18416167772874448,1.0
137,0.1744526337247239,0.9000340753534746
139,0.15693421160113785,0.8618437781674063
145,-0.7530292261632695,-0.47378794885153913
146,-0.8012861048109605,-0.4847400532672563
148,0.45742700202098924,0.36857775955561256
152,0.6264012037145471,0.34222634231732985
156,0.7013994091513227,0.35413989604167445
