0,-0.30326556438546537,0.4931007463540398
1,-0.35894539137097453,0.5797838082867081
2,-0.2825250715724854,0.5567202144059679
3,-0.2745385512715759,0.4869857323323919
4,-0.18631157721631886,0.4572922730160083
5,-0.2845549899935854,0.34241769170865943
6,-0.42025491635341544,0.6043347619874646
7,-0.514965705602801,0.6238373437511485
8,-0.3667541705067414,0.6169310668738834
9,-0.4356637907938283,0.6718023229993492
10,-0.22048433364862216,0.4962025644532217
11,-0.22489346800342305,0.42638005630858594
16,0.02236734576088468,0.40658501331296565
17,-0.3101621598634034,0.12147486343163194
18,-0.335284199966341,0.21412509923717746
19,-0.2563878012331933,0.3083039634530845
20,-0.3395558456631011,0.29120215327065635
12,-0.5999308765026727,0.6172016640030302
13,-0.674150785977853,0.5543249309481126
14,-0.6566083925925273,0.6353740378244511
15,0.049473014829028876,0.27215199953828506
21,-0.12964758825366748,0.38710083205846324
124,-0.7256711088712209,0.5506196509552199
125,-0.7829610878666624,0.3825067099935296
23,0.11835055763468003,0.3440877380450635
24,0.13333479371882695,0.3228792386976177
79,0.22667629148779667,0.005445613595129389
84,0.17132423508595407,0.2098687033223945
22,0.14295683879191592,0.28947881980576334
25,0.10056012686870344,0.43756762491439954
26,0.0845132871134276,0.4685422920723984
27,0.03851631486132381,0.5310918623071483
28,-0.2589096871854439,-0.07353212514948183
29,-0.32548943316735185,0.007129366645474587
30,-0.3148106912507396,0.051908310327173156
31,-0.43207225086009554,0.22719972073173308
96,0.005591779869120719,0.5531724646111111
133,-0.009783454584152246,0.5828653819143638
134,-0.08019797535970907,0.6087477753214896
47,-0.23051749087722045,-0.12875441055396974
50,-0.2826954367966127,-0.2032062692409909
109,-0.11379138661859237,-0.2145367824582918
42,-0.23830196479093602,-0.16070713671319867
116,-0.2609912367802579,0.1876943465718808
118,-0.6066926761201387,0.26850710584014376
119,-0.5952955344718802,0.3192536222631197
120,-0.3272485266611609,0.4225396523664177
121,-0.3801188255999231,0.3078241811963617
122,-0.4520939204666029,0.3472438968793726
32,-0.35214064722969063,-0.4148950481113391
33,-0.21656126568750494,-0.4385490083541903
34,-0.16236084621323923,-0.39568396165323155
35,-0.36372959597240134,-0.3831622902512973
36,-0.5289396485733399,-0.29493608735367893
37,-0.17992111452702428,-0.3313866630022854
38,-0.058620674475064354,-0.3736463557944613
39,-0.12200311795285541,-0.2554073792564808
40,-0.1329308771598413,-0.3713348075090726
41,-0.14599702680251894,-0.2862528395024076
45,0.031104449786794486,-0.44257316963647847
46,-0.6988127585814445,-0.08932868380604095
43,0.15435360605837337,-0.3476441439677557
44,0.019827030156168792,-0.2964621291666689
48,0.043508439122093304,-0.19974791719210588
49,0.026002328263119105,-0.24630953006201123
51,-0.2928871010702938,-0.23305473833319834
52,-0.07520820522374967,-0.10073455185595903
53,-0.3717448544203555,-0.2270681837730002
54,0.2899173062896073,-0.23268895306178697
55,0.2654628972266844,-0.35604511265121014
56,0.19017723725882293,-0.21301569314640448
57,0.2530046290647096,-0.4883592857674901
58,0.08892437858244522,-0.5771461300371039
59,0.14015393494690795,-0.44532241655383914
60,0.25580118982285877,-0.5312122947049371
139,-0.7960273029518928,0.15344986232117971
61,0.19743486166656182,-0.12102045076349495
62,0.1253781846662911,-0.177662052676864
63,0.00875223356272576,-0.1059757582389939
64,0.13087629304681853,-0.1159483068414204
65,0.08148430337511885,-0.11032321328401383
111,-0.25891919471107133,-0.27622984932689204
112,-0.3569001084822474,-0.28306898805151515
113,-0.4162043956685689,-0.2576003270580059
114,-0.4158605015660588,-0.296876982491159
92,0.08548440728075662,-0.020829484778751364
117,-0.07480014810696375,0.02401926075235402
77,0.36527120167884064,-0.0910614171575857
78,0.35555202148879417,-0.05509405886969594
80,0.3175352695993033,-0.5000422843211383
85,0.27461760943837826,-0.6592209154400468
66,0.022496953080284078,-0.7144948889993185
67,0.159644585289631,-0.5679726834501411
68,0.21414795943573434,-0.5682403040416238
69,0.382734356393058,-0.5723082096641378
70,0.42245944855999285,-0.5831875862298984
71,0.4536440174416296,-0.5504259251991277
74,0.21243162485696765,0.042522920646159784
75,0.14844986747810343,-0.05872455776526719
128,0.03666702035523538,-0.023667798974850617
94,0.15185239649984625,-0.019159967892305414
95,0.21868501681284672,-0.023999778755282197
72,0.49121488598916463,-0.6108422450540874
73,0.533743564974878,-0.5320728775613711
76,0.6091439521584848,-0.5105320805662293
104,0.6515720641373234,-0.46195360261989044
105,0.6685989062635549,-0.4920891683720326
126,0.3245644187016925,0.22891223367147776
106,0.7136192046684958,-0.4430997081373028
81,0.46326949280695695,0.008062978493086528
82,0.526836240908827,0.04319910754975483
83,0.47630878361967616,0.14269498044432777
86,0.3780918877501,-0.7283135596819973
87,0.6636764736364236,0.10638279923146207
88,0.48052701768682143,0.4304346245411807
89,0.2766768476931105,0.04983326426479533
90,0.6298660547165331,0.15271575495210737
91,0.6309375146873281,0.18253383849587104
97,0.2529102699384624,-0.8690813176732868
98,0.2815827853904572,-0.8939285227327175
99,0.2839716594112774,-0.8084320013475501
100,0.40490261309695064,-0.9043106068630062
93,0.42179972693170914,0.6916116938297077
129,0.3302188243081221,0.8667647985978711
130,0.40787927763509724,0.8484034202438717
135,-0.1430974614280648,0.5533299262104678
101,0.22809339142414997,-0.9841839776580494
102,0.26226982433644624,-0.9912170979932883
103,0.35880861348126075,-1.0
107,0.6566803445669652,-0.3586218085065931
108,0.6730486510836388,-0.39391003438633837
143,0.6919148989108465,-0.3491176382615665
115,0.5259663071355112,-0.3117450054298709
110,0.22241502245343175,-0.2604359032698657
123,-0.32556155975980705,0.3843058162572225
140,-0.7047541972999374,0.3227939866076189
141,-0.7281333543612171,0.37611170527612514
138,-0.21914089562627284,0.5798497419694895
142,-0.8669076983057836,0.2702634180820997
127,0.40982599244690876,0.3566006179801117
131,0.17667577415994826,0.9494001182478086
132,0.3891456001311613,0.9478608186866565
136,0.011353162803189785,0.920537654034827
137,-0.12491927339417463,0.7873244856867148
