0,0.445300492407886,0.3679790651903159
1,0.5019787045479596,0.2999835795106857
2,0.5562262405352344,0.4184409366182113
3,0.4334836248785042,0.3158901263482737
4,0.5223011167867458,0.4795757617328189
5,0.39449056170970376,0.39956862824690603
6,0.3191295239960895,0.2843807769202876
7,0.316809562155478,0.30690544309070344
8,0.5762888855102879,0.4247465404893926
9,0.3974508534654416,0.11396362182064083
10,0.619853952952117,0.5124329689336092
11,0.3773025469930917,0.3344859268067301
12,0.37378707664248223,0.2536856830692991
17,0.4805315635639307,0.5612241202450177
18,0.5823655362367581,0.5768843296885575
19,0.20964140561480624,0.18728252757533265
20,0.4528344493861694,0.5511392303427792
21,0.17647365937264198,0.21683739444216255
22,0.15246820120099605,0.3461895523335368
13,0.5729788168487764,0.6340372051626996
14,0.5299849351109421,0.25397195550904683
15,0.26667046650474224,-0.16713071772731464
16,0.2739049704481148,0.19242031495651293
27,0.26891888156038235,0.3637640883297329
28,0.5557664491241757,0.22804290477102362
29,0.22154516083372258,0.2892298440871425
117,0.4966068556640813,0.8083474578409509
39,0.10016884178511885,-0.21015719990082726
56,0.14933081099231607,-0.32703686132295695
57,0.2350530840567571,-0.23195881027265494
58,0.2403372711856524,-0.2604548719348105
108,0.2559988412847499,-0.3303172549410902
185,0.09463165814519263,0.18866475025201387
23,0.35031728664159667,0.5773765469841812
24,0.4724388915695413,0.6308726285380835
25,0.4431231725141527,0.6315071181705073
26,0.5501022552969681,0.6511783948584791
30,-0.0007873543989629909,0.09888514905531218
31,0.06718935623591586,-0.05497796017760292
32,0.06029879621817623,0.07895417552211272
33,0.04483236715484215,0.3030906911943803
34,0.08563708020967656,0.47142103852903605
76,0.14590216862946356,0.4610178318889598
96,0.16659686230751708,0.4721991455185254
97,0.18134250020827358,0.39611167716679174
119,0.6849980079100502,0.22334445607249684
183,0.06251877717141986,0.24815938285065392
43,-0.2344900891224661,0.1104021696303062
114,0.022380743009356243,-0.27267531544112356
139,-0.011370010528519565,-0.15664858768305168
140,-0.0077951153507490375,-0.2518611710223695
143,0.022501334005073117,0.4909267247724145
35,-0.15271243923341038,-0.1080015684149604
36,-0.26390190309863953,-0.06498150798860133
37,-0.3735782872107491,-0.0492648704211532
38,-0.16172511240060472,-0.18833801183573215
40,-0.05063217622492145,-0.22213580968765897
41,-0.2768537571505986,-0.09016088866524637
42,-0.18776305032351495,0.05981516417447793
44,-0.3354272193559795,-0.10215584780334458
45,-0.37441099906303327,-0.08885401348394498
46,-0.2750965475013773,-0.15949655512287914
47,-0.5300332724294874,-0.010755376646758822
48,-0.4840090200592896,-0.0362817759648545
49,-0.4261470061676605,-0.07753008346455359
50,-0.5291489471953988,0.014324661931761287
52,-0.05811886742525754,-0.2986967282856954
53,-0.16649400356446753,-0.2637210873959095
59,0.010824624256843928,-0.3676933210795966
60,-0.36410653716861063,0.012563101534793272
61,-0.42741993001177625,-0.10669398203405611
62,-0.42074111576871104,-0.12679465971671447
63,-0.04274690856495189,0.2807506926613378
51,-0.4174991612723316,0.22252450397669174
54,-0.35135787921232436,-0.08144486121673697
55,-0.2570329552226392,-0.2544691045595792
64,-0.5989087355662583,-0.00529866872667312
65,-0.6251936415729779,0.025420506091336482
66,-0.5043425369363543,-0.03562922585299093
67,-0.4895069741338638,0.033855768870879197
68,-0.5175191045328845,-0.0987486178288654
69,-0.5289290915490773,0.2374332326685018
70,-0.5392820770481325,0.29887485394027974
71,0.01362885999603072,-0.39231376518116107
72,-0.051120272673199185,-0.34175228234156424
73,-0.46241089140121244,0.09277172674766745
74,-0.13646970071559344,-0.31669358728902325
75,-0.22798979415192863,-0.42786666056533595
106,0.10681794025833527,-0.5175768358264679
107,0.20293700991590183,-0.4599477752047094
109,0.02019369816413176,-0.5012302407131154
179,-0.6108162354712993,-0.07421099399362184
180,-0.6087913253097014,0.3214000601738274
115,-0.021813783489488543,-0.38948465732159776
116,-0.07064015897125346,-0.329433328693754
144,-0.15405837962778324,-0.42803696281053294
161,-0.275149504627581,-0.5890657425273885
162,-0.23097547227438406,-0.5411167313853703
77,0.21652720485358123,0.5468256619198117
78,0.2924863390163841,0.5024036408772441
79,0.27559952613898203,0.44632958067630796
80,0.2518451113416902,0.447857951944441
81,0.15884662264508978,0.6883197796445564
82,0.22702951838026747,0.46634098920709727
83,0.13883256311518924,0.45195809742405313
84,0.31617401670168044,0.3712283858728639
85,0.34444871793607806,0.40123295748285054
86,0.22961953740089566,0.37263229011503246
87,0.309841010186528,0.32667925968782685
88,0.16458024008700825,0.31675012408144526
89,0.28009092359515614,0.37813042573242106
92,0.20379198340589827,0.8384953697359971
93,0.17025703924166663,0.8473623243720332
94,0.184222744860197,0.8319941131093238
95,0.05270094647603013,0.6388623364294876
98,0.09048623097763488,0.21223607597189403
90,0.23161278163431823,0.24009126042928106
91,0.398369667352508,0.25554929523782255
99,0.5210617539738119,0.33587782821918466
100,0.19413674073127718,0.2514750431476951
101,0.11718141465273126,0.3102289679028585
102,0.44985568907326207,0.21591306050734682
103,0.1221744862406655,0.15891714315683442
104,0.08086533663733733,0.06583171959046799
105,0.5313168569440347,0.1745967105910382
170,0.25119549998730467,0.9175072795926665
168,0.008695760463779468,-0.0029548134293094458
188,0.05826361643679313,0.0429989250463001
187,0.6576048476397915,0.284536492755608
172,0.22182784591688462,0.11678090061527709
175,0.02733606283125089,0.1989407761184777
176,0.33858423942532484,0.2120583694421701
178,0.5779887456389265,0.15222500995882485
166,-0.10596613592589173,-0.1193918114275453
177,0.6128142116314176,0.09348060069810285
110,-0.03778951619595712,-0.5716976270760876
111,0.05215486812781647,-0.630196319050804
112,0.16193141654002988,-0.5859029514692867
113,-0.07733908492480028,-0.5416848281633554
120,-0.1601005978677307,-0.6160472310771553
122,-0.19411879305607163,-0.48487049361909396
125,-0.08464938406387776,-0.6780451630018935
123,-0.22407950712070912,-0.6174319186632758
142,-0.0841638899188242,-0.3089472562146155
145,-0.1694900140954745,-0.4517669386226974
118,0.3776313103720715,0.9256389069396832
169,0.3155791937757699,0.9999999999999999
121,-0.29068226778575956,-0.6035467379510551
124,-0.20356363613109427,-0.6235065129072253
126,-0.3672892567870685,-0.6028057009231058
127,-0.3149466838681137,-0.5885708506819564
128,-0.4665042881904337,-0.5946013040979948
129,-0.16855700758522582,-0.17050950802539389
130,-0.42383809101527886,-0.4907431289875412
131,-0.5907053907172974,-0.6516819468984366
132,-0.5682575049499593,-0.5606496101625231
133,-0.5993922470303381,-0.6186423034012247
134,-0.1511678690161557,0.025338914026265702
135,-0.09152422404197148,0.059409945804312816
136,-0.32815833219611085,-0.33645371444036043
137,-0.4795734374316144,-0.4413604799990089
138,-0.6022584820306092,-0.7320339100855757
184,-0.054360929721376294,0.15421039033803888
186,-0.1477752517554669,0.12334527436540124
174,0.045160517719446173,0.12329535093077983
159,-0.40486565059994706,-0.46277607416741007
163,-0.43799910751319326,-0.4316424652888359
164,-0.16413761953534475,-0.23077271196448132
165,-0.455556482597371,-0.38207968398473846
153,-0.4916453355772183,-0.6731365611080296
141,-0.1045877051067701,-0.3461898020166697
146,-0.1910443124660688,-0.35365863911911
147,-0.08029856604187162,-0.23017290402902543
148,-0.08789403344844395,-0.19309660563913558
155,-0.29490043483656614,-0.5201115165021236
151,-0.35447075706952297,-0.5108081438133194
167,-0.061059463222776604,-0.13245148820076186
181,0.0029777050500121895,-0.09699874039940347
182,0.020701298287659008,-0.185633419047694
149,-0.44346481464610565,-0.6083941409425163
150,-0.39107002707098065,-0.6290700721060734
152,-0.4025610469972268,-0.5569333536258867
154,-0.4540918901052103,-0.5453417340270558
156,-0.3478962395156754,-0.6699867181931793
157,-0.40847544848062417,-0.7223811720283966
158,-0.32113299574998894,-0.6759610788123198
160,-0.3706372177369726,-0.7682432994818131
171,0.3963807793749292,0.05003132065011024
173,0.5433786608270708,0.029803277161032777
