0,-0.3327171854525474,0.36619452275249004
1,-0.4634965124875801,0.33784867257893836
2,-0.4039176811790056,0.39940782914780676
3,-0.45234405765089103,0.38611873299549465
4,-0.3044016907710729,0.3975064520667201
5,-0.14098855413755967,0.3660994838684895
6,-0.5376118995170065,0.21875874010982208
7,-0.42119821871951835,0.280480077638411
8,-0.5112915217401967,0.41949006223917806
9,-0.45069428326948907,0.2837956848350068
10,-0.4404338063362099,0.42292399563807914
11,-0.4131228336456409,0.34673866665184566
12,-0.4725623023813691,0.4855323749725982
17,-0.2297130278068287,0.14464766496821868
18,-0.026763151463523212,0.4603659576097625
19,0.021353409242357305,0.484904468852179
20,0.00647918238291129,0.4642306688419704
13,-0.5575779163224357,0.1265146363759607
14,-0.5717904200892682,0.10945551709642976
15,-0.32985903452358273,0.21970329890129264
16,-0.38821362507115703,0.31215060927491445
21,-0.34264023799721943,0.416280007617195
22,-0.46105566898157885,0.6313324984533704
23,-0.48782113754940054,0.5994055368680365
125,-0.46606989540999777,0.052840898991970364
79,-0.16151179627742465,-0.04307148830447632
24,-0.24159845816759987,0.08393910560367247
25,-0.33922629046149383,-0.03138092514966909
26,-0.3409989839763216,0.06618116294446728
27,-0.13573778758714103,0.15145046955905977
28,-0.14391595384992145,0.16465239423672076
29,0.06648569712613324,0.527109582516405
30,0.11272014138413435,0.5825314100765532
31,0.10968113526643682,0.5483437526830708
86,-0.1990714723717472,0.3990169614067119
93,-0.35202872678650415,0.5737417110191843
98,-0.39523352469745643,0.5865667742727458
92,-0.39431032039660774,0.6287815936603098
102,-0.398312453401662,0.6699047330471254
103,-0.49609060898294055,0.6739719751795117
104,-0.4269406913900452,0.7182217324269248
105,-0.4618907336052621,0.7026809288004855
121,-0.3720504194190957,-0.2988738118634811
94,-0.10255834802317113,0.24458838388613546
99,-0.08556238629952743,0.20421379146450422
107,-0.06126431359814441,0.1928810408894175
95,0.1269124707028042,0.6027050263889248
91,0.055580852629164096,0.6095729059331323
97,0.12496382675354277,0.6667799559736655
109,0.17629739048968335,0.6185410449370267
110,0.1638229154547587,0.6399057780595695
32,0.42688868203927655,-0.16354634838793794
33,0.3331883877334915,-0.33332557892619974
34,0.4949349777996696,-0.08527360559114207
35,0.4077552797271781,-0.07825868697212601
36,0.34651199192409105,-0.09091062453646155
37,0.5566936238104829,-0.10494477230023178
38,0.1963922798276938,-0.4797264673538192
41,0.4060553097226125,-0.041887440103987685
42,0.6196745322068872,-0.08018227244835198
43,0.6429165747012053,-0.09237240992589651
44,0.30230422730125833,-0.042176207032808014
45,0.22726297647429997,-0.08373567493379594
46,0.19213329323527403,-0.13635972319997988
47,0.5099509876396553,-0.1403128415255012
48,0.6609148821962353,-0.03985974868315709
39,0.09858316862954507,-0.5770221458234317
40,0.0863634336606898,-0.5477399094804407
49,-0.032745685855223805,-0.5813871377087987
51,0.7360135026758114,-0.02627874854800862
52,0.7280470122276561,-0.08346502365523535
53,0.7597627832126809,-0.11144821277633848
50,0.15722697496451732,-0.04844994085429726
56,0.10708727756520497,-0.15864892991695867
54,0.052035990793616545,-0.07609285612988877
57,0.2595669095820725,-0.25663705165067796
58,0.13526873641772094,-0.2536354767326586
129,0.8231100957780653,0.08387374005225935
63,-0.01562644100807997,-0.3754103132203043
82,-0.11366802412214394,-0.6824683166800807
83,-0.08508151974313843,-0.7149626443960474
84,-0.07123373031434037,-0.706174280674262
55,0.015953194022069003,-0.023068158230147316
132,0.830820252623877,-0.003299823469459682
135,0.7986139866300702,-0.06111450716426507
136,0.8094475455241859,-0.08888367036056444
73,-0.08821013226758113,-0.07375715380064511
74,-0.07465634778032905,-0.04223499546772829
114,-0.10533242006490487,-0.011483242119878018
66,-0.02822337370241796,-0.2606183264982596
59,0.19403872503760308,-0.32016305858001753
60,0.11256202888274969,-0.2705835302930297
61,0.16780572052071405,-0.4139163690874637
62,0.20906172229012449,-0.3854511019990157
64,-0.03830144054466461,-0.20102892387254528
65,0.02665826393442417,-0.32678956832848066
68,0.06740768746700106,-0.392027535085094
69,0.23252600710283516,-0.4820738259635075
70,0.24717766242039244,-0.46609608335463
71,0.24803144039173,-0.5179676023811991
72,0.07189776331688355,-0.5728837567090345
67,-0.14724609638376931,-0.3403869835686952
75,-0.029076279206073672,-0.31934877348857926
76,-0.06998447360967841,-0.20685051417663128
77,-0.1209207944665163,-0.12686501499409247
78,-0.09829755374277038,-0.14531220436393555
80,-0.01512147454817969,-0.39945248722246857
81,-0.047029380912043825,-0.4406713912926699
85,-0.30575608217240285,-0.38375756012929946
117,0.203189847392449,-0.5495256238061674
118,0.03552740513534625,-0.6982212918351747
119,0.010840621254989314,-0.6997116113623866
120,0.06351788135854966,-0.6989766394257829
112,-0.1781100828892065,-0.10318580820462132
115,-0.1770370487022236,-0.04625243641318473
124,-0.16919060084668644,-0.0008984368815596607
111,-0.11306099662837304,-0.41021394302747377
113,-0.25198798629508495,-0.4111778972218995
141,-0.1469483645714148,-0.7445676550443444
142,-0.03706378516719423,-0.7448298481185858
143,-0.01320456241986716,-0.7381078007349509
144,-0.0523903355069085,-0.7723654723107396
149,-0.44518532918736475,-0.3825277917121834
87,-0.10492196666367544,0.5008855270767976
88,-0.2416442577679107,0.5140134440759518
89,-0.14707015147772637,0.3785471853316428
90,-0.15963822999171692,0.21417527793710364
100,-0.057556547058624216,0.23886225412094025
101,-0.24210653733726303,-0.03268805112232445
96,0.1514638136389533,0.6845244302003333
106,-0.4145875585369573,0.668053648944802
108,-0.021744958892180914,0.2398992831108468
154,-0.4384917217389256,0.6891640129803657
152,-0.3441027112293368,-0.20700145459201363
155,-0.27895916274551014,-0.1570623832590965
153,-0.44242381821967625,0.7545768931505821
116,-0.30077442829478623,-0.1571916238884396
122,-0.4040825729867325,-0.4210515829452139
123,-0.371618756943972,-0.41693716631811345
126,-0.4798784056520517,-0.4172758791373757
145,-0.4610029755186229,-0.4677292325017926
146,-0.5056474955201586,-0.46325538131035143
147,-0.5328928942765493,-0.455624068461601
148,-0.570263076347487,-0.4797606232546239
127,0.9141966731676738,0.10368321393891541
128,0.8884857312661436,0.05106987148874705
130,0.8773892913902712,0.09106670169644493
131,0.8924501405576278,0.1697403418324914
133,0.9144859311593779,0.2138903706716069
134,0.9054194742951398,0.14378959913328518
137,0.9474232682799281,0.26792039868588025
138,0.9927725350899398,0.2837663037203189
139,0.969082219846925,0.303365433732896
140,1.0,0.33835190029046386
150,-0.5855703637109159,-0.5162739040323145
151,-0.5389308819122862,-0.4877097220740811
