0,0.4968690615526217,-0.6348289699623672
1,0.3918085637849316,-0.4615123121993
2,0.5049661602402041,-0.5872828462280651
3,0.4601962405247251,-0.7703190017494366
4,0.5245301661548699,-0.6948617916087314
5,0.5781990532898634,-0.6331151536046083
6,0.5754619459103788,-0.7087979784975753
7,0.5625945035994501,-0.6644675624038158
8,0.2855724576526266,-0.35674048355078236
9,0.4849441182479768,-0.5213846169937137
10,0.252189943332505,-0.29785289861940445
11,0.30143528571040085,-0.34117992469152764
15,0.3573412699427544,-0.8881338477121468
12,0.2235689191025852,-0.2550141745628502
13,0.20986288749199525,-0.26727731192450843
14,0.10650544480545031,-0.10744476618978387
16,-0.1023654351273278,0.12958520524776496
17,0.05036039382815584,0.07215498608458891
36,0.22309982602389664,-0.9541551226852852
52,-0.1950218925448046,0.31485196052157005
54,-0.054244764079019646,0.32014353676282986
63,-0.3680520992274199,0.14520124575587215
65,0.20808443096927434,-0.1111592965757652
18,0.02993739171404302,-0.43737762317585327
19,0.1087784422856139,-0.3023623902264755
20,0.03175787241359712,-0.4153817346211068
21,-0.025605403086474167,-0.41594830530942584
22,-0.0486240673901573,-0.5263215951416619
23,0.2445434740947568,-0.21885879199705888
24,0.18190228631402874,-0.17828314602529952
25,0.021447561457242824,-0.19841468192818884
26,-0.03831127420908514,-0.5035088541245097
32,-0.08478682108998145,-0.5491343106271352
33,-0.08632946354648718,-0.5895787939529515
34,-0.10563121852074642,-0.6127778726002555
27,0.31451937671041547,-0.17766535897786803
28,0.3371807361301094,-0.1357440386670098
29,0.08531895423781707,-0.030273652648214643
30,-0.0010264885791981117,-0.14699059740165085
31,-0.03383375448196824,-0.0022568012941173382
127,0.37005372053294117,-0.11013575695564491
120,0.2681150631572663,-0.050959155591959286
128,0.3863842675184702,-0.07717037839613544
111,-0.023573739067479303,0.2507721724134465
139,-0.10371915670246556,-0.19800186802232977
141,-0.118833755143872,-0.12196253679123334
143,-0.10611458921682372,-0.047197339890519746
144,-0.04734238829909591,0.08909171922566918
145,-0.009993267695649103,0.17373055190656211
146,0.007320065329714657,0.17348130093410116
35,-0.13340669209741654,-0.6398516024122365
37,0.1416152628267584,-0.9349833511524642
38,0.14907391372186385,-1.0
39,0.13666261150682976,-0.9652959324633561
94,0.12046038795568305,-0.8441653621353515
95,0.10010970985766762,-0.9376658403375076
96,0.11805401533962148,-0.8761468272248455
40,-0.2979172180841974,0.00029247231922074885
41,-0.42636114271156883,-0.005892246687440724
42,-0.1647577789802205,0.034249478790095995
43,-0.21256016467092656,-0.006997569393213952
44,-0.22197554480315845,0.020626317697683846
45,0.007759432614245256,0.0935748133382775
46,-0.08925166080560061,0.04450941452977478
47,-0.08306724244778435,0.02502099859296509
48,0.10055537859674657,0.08559735226973049
49,0.027205004585402662,0.03526069494735543
50,0.02592489380783883,0.050817679227971105
51,0.20621434033119682,0.22082135362614155
116,0.12951009338578692,0.07513067011891152
117,0.19306991104336288,0.026866833101638347
118,0.13288454132258914,0.027553805074149326
121,0.12200465434761759,0.20908784943472195
122,0.23446783327143186,0.25544674769254966
123,0.1221566842588592,0.25683630004019437
124,0.21148753578045185,0.27165524448352596
129,0.31576331952290526,0.2627806542297
130,0.3599645087870235,0.28998234769490844
131,0.2934791763606509,0.28069631943278445
53,-0.0864737766029494,0.46850744807089295
55,-0.34978004692043585,0.3400705202366309
56,-0.3546620344133198,0.313683764227608
57,-0.04909138546800665,0.6183399852637786
58,-0.018703981977007955,0.5902235643368504
64,-0.4459189971958825,0.2617104525944573
59,-0.0278931149647469,0.6963450814876916
60,0.004009391414917324,0.696696450735114
61,0.01859584998246042,0.7589352441827972
62,0.03921333044213167,0.7598684320954309
66,0.03219077392603681,0.8479134252096662
67,0.05464439865650097,0.8539746609136144
68,0.07246904791243285,0.8383090621330499
69,-0.494166749586659,0.21052300743060376
71,-0.5328211872505678,0.058973392031553544
70,-0.553915534386798,0.2656440454909565
87,0.30327629436988257,-0.22336686751540982
88,0.3027253703395898,-0.2643763015512356
72,-0.5932039150785373,0.018648164135721176
73,-0.6306821368935139,-0.017213125814112152
74,-0.4963248346130506,0.04490658451082201
75,-0.6356729139536516,-0.08942885575290371
76,-0.6182965510363808,-0.07193950794222245
77,-0.39307687960697113,0.19487311403974036
78,-0.3202154299929303,0.19474567093541084
79,-0.6838525759693219,-0.14955154750835425
80,-0.7302717450780417,-0.1590298857870237
81,-0.7014793909647042,-0.1263242132463285
82,-0.33704392846415143,0.3203092662323661
83,-0.27238877916240883,0.24169377524952743
84,-0.35984975510687023,0.24897345620521763
85,-0.3960648794309747,0.25399217372507166
86,-0.07703882430163392,0.23414700202756236
106,-0.29765591136062053,0.536620221663622
125,0.07432866987978382,0.26635187356288287
89,0.3154460082090819,-0.3636976389107249
90,0.3134066338352822,-0.4081586414098696
91,0.25284052674018703,-0.5238886661777361
92,0.1822259872679812,-0.6819025346342881
93,0.201202892601782,-0.6641842804489002
97,0.1435790678362805,-0.7966115293760838
98,0.1430092397075943,-0.7659192844288151
99,0.1686120071876344,-0.7558736618730127
100,-0.27174840037928305,0.5943985483340868
101,-0.18450079298009583,0.5302629438895506
102,-0.1992244061089211,0.5027097370204836
103,-0.2365847321788339,0.5603774455263002
104,-0.3104832034427196,0.6213155771245131
105,-0.3227370167390301,0.6821208727007031
107,-0.34480262784081195,0.6324650195923283
108,-0.1132498724307745,0.42190272526956824
109,-0.14289296545565025,0.4815446998267997
110,-0.1036695269991772,0.40022230995118663
113,-0.259313665905937,0.6945314725905858
112,-0.04658332413019055,0.4016431977365816
132,0.06542544409753859,0.42404441883413346
114,-0.15906373258512166,0.7872501716675561
147,-0.03054224216623315,0.7707785686247973
115,0.22010778178617119,0.023071785451975454
119,0.238429116391834,-0.0020487410292742273
126,0.16406409215577503,0.2869676839814926
149,0.4782245392369236,0.3441811009468071
133,0.09333372715730422,0.5603289533735387
134,0.11400826764014597,0.5651003091630219
135,0.12951474751880476,0.5543410683333877
136,0.02985928708979042,0.2743992207423994
137,0.012461382605120773,0.2826696738950355
138,0.04191216414644689,0.2923211243899171
148,0.0843379962091443,0.6572363076400378
150,-0.013188153868091149,0.20595958446684873
140,-0.17467563438371658,-0.2029645130685031
142,-0.17421454964611952,-0.14363221288949646
