0,-0.2214718746464015,-0.2818219558804649
1,-0.131019720543788,-0.2930232476097274
2,-0.16364122939298667,-0.23954011356741972
3,-0.19842148097669016,-0.24358831225409752
4,-0.30921018859168,-0.30255548310112235
5,-0.2552845828552256,-0.2090050745618335
6,-0.2487790398009336,-0.2674693523210464
7,-0.06207698395390534,-0.3621843534708102
8,-0.0495261191192914,-0.24261515072448891
9,-0.23325035869864943,-0.08014911420985726
10,-0.3286133306343509,-0.246783467877718
17,-0.3381540940732936,-0.39146347207542714
18,-0.3897812574466782,-0.3286056231644439
19,-0.2458025650923174,-0.04556025603794734
11,0.024269276825248737,-0.40925727491261643
12,-0.004617786528876203,-0.34591200074726214
13,0.015262148638877177,-0.5368090894709246
14,0.039331901226144904,-0.49572245092399286
15,-0.025536520936443312,-0.06042127784813233
16,-0.07081871694964585,-0.06972315986822816
20,-0.18229893439051612,-0.03287277651134676
21,-0.22885112407243557,-0.0002926648228625667
22,-0.32753615986828766,-0.074248085294488
23,-0.37353182818262365,0.11608328641688204
24,-0.41605042335369496,-0.234570566506375
25,0.0945140752717626,-0.49505814627990513
26,0.07306120081357688,-0.5355420398980838
27,0.08348464417829898,-0.6394862032228452
28,0.022967345407509637,-0.6661062653712184
29,-0.010762777603311987,-0.4510957789165827
40,0.04139910111055239,0.017010261518294652
42,0.15738850137419813,0.0005725132644642609
43,-0.12020835333011484,0.03880304999516304
110,0.18175632230699884,-0.013758435979845312
111,-0.1515972514551862,-0.029702275636604093
95,-0.2812378323314748,-0.5314200581678501
99,-0.359637316732429,-0.48298784776071274
101,-0.38562951787286054,-0.41600681416560126
92,-0.4567453778706269,-0.35446152723532937
155,-0.20777599264819865,0.01376443699578464
161,-0.238582621819026,0.053795770831140684
162,-0.2103437156240606,0.05569192847360926
63,-0.2935723148458802,0.061302116619968365
156,-0.3949373090392988,0.2759988695242989
157,-0.49612780552492175,0.24214752839682968
158,-0.5035454256728843,0.22482768934775094
159,-0.48264611891895054,0.22677747309433557
160,-0.4239968440948414,0.26371418767260213
89,-0.41762720331652586,-0.08436766478629741
90,-0.49547009401716013,-0.23604924882446265
91,-0.5100207041947917,-0.16617215806024746
107,0.11044430503509108,-0.7534880329948372
108,0.1538792768511255,-0.739680774386328
109,0.07922738247238811,-0.7321259321977329
97,-0.04322148272854177,-0.6908038282405817
98,-0.05710574309227772,-0.5866735797036456
103,0.03680802851651753,-0.7556169701214754
34,0.005450295006504523,-0.2627386261725832
56,-0.07761195605022894,-0.46035119107952877
30,0.03734585750571674,-0.030352473013301656
31,0.031544021868357454,0.1592609634833731
32,0.07999930567931118,0.050227546625308664
33,-0.0159136124069385,0.08101996786293265
35,0.12772382868053794,-0.017182944914127522
36,0.19174131806223776,0.16846180761708598
37,-0.11295657677215457,0.2028350849093053
38,-0.0640323620591616,0.29147754783031554
39,0.07186417955752065,0.3120501895367715
41,0.18587671183843701,0.017720863690199335
57,-0.12675031195914946,-0.43610382440178863
45,0.2102076135444889,0.12630076076807736
58,0.2160014573347966,0.11228118586948196
44,0.35703681276312055,0.21360269146113417
46,0.36578207775836913,0.1632490880987746
47,-0.05870196226531137,0.3565613498931792
48,-0.22944068213991972,0.11798669193924961
49,-0.2869781344317804,0.18149276349182922
50,-0.09828857627906891,0.40594977531835696
51,-0.21994650996197204,0.308126853823484
52,0.07179142403788415,0.41107457600238784
53,0.04455285114760287,0.4080236923069726
54,0.19585880407587145,0.3579040128977256
55,0.12490301250204495,0.4290954613375528
59,0.2640255097564132,-0.04993510895224068
60,0.2520543199631705,0.04741005239948081
61,0.26958714724697436,0.024777552297758024
62,0.27940507124676955,0.05944506981247912
64,0.5137375123544993,0.20497635014233512
65,0.6337960585931259,0.2529772526714776
66,0.02322337388939899,0.1088378879653876
67,0.580916750326207,0.20224606105778165
68,-0.053846612981935785,0.4504430940620784
69,-0.15114535784911023,0.4374432678857317
70,-0.37537519339556136,0.0530738351505577
71,-0.4226907178204116,0.12183959636232371
72,-0.35428453492504325,0.23827126885668243
73,-0.19915006563484922,0.42837892598371696
74,-0.10979202176441244,0.5421325373638868
75,-0.3837466321173885,0.2244700768574886
76,-0.30539312831295073,0.3333368315178371
77,0.19052235928289052,0.3971904422859991
78,0.08502364239643753,0.522218727075104
79,0.16045172365813962,0.4635544692011774
96,-0.14330511101110655,-0.5626284729358104
102,-0.20805385338293755,-0.5138339279012969
106,-0.25831827832455856,-0.5452289640458979
123,0.3043046114616885,-0.04838752557895781
128,0.3547235708297968,-0.10860019537574175
124,0.2957018689939486,0.11794522383034617
130,0.32339995479735834,0.1038879326725766
132,0.34354966498438044,0.11213759098039314
131,0.36556988139879565,0.13526152159567723
136,-0.3247340125525563,0.2887908348192443
138,0.6530491669599241,0.20111766607542908
137,0.7045843778271866,0.2214697076624767
140,0.7269950154482162,0.2431578983067598
145,0.8132701280568801,0.3163300751830402
146,0.8409466003152265,0.29559314588028074
80,-0.241993491576674,0.12655819562474982
112,-0.06477506738969227,0.4076649964639085
113,-0.27588406243864305,0.4220920736536567
114,-0.23952836794109494,0.4004892604844364
87,-0.47780179267908984,-0.04476916458838832
85,-0.45847555999710393,0.17859433096104846
88,-0.5124495798416907,0.07728061897905669
117,-0.0158018655306391,0.6053673916833149
119,-0.07906414970736787,0.6521277384303092
81,-0.3500870332047856,0.15144562625373087
82,-0.38262189104761635,0.15402139715751612
83,-0.39911528397211865,0.17142298620371652
84,-0.4718514432872354,0.17260764442252072
86,-0.4911352787031189,0.19974244764718171
115,0.30777660936924867,0.2322604241384963
116,0.22351119602523195,0.50581750865511
93,-0.5501073832747072,-0.4573721787044232
105,-0.45302874767804574,-0.4960488456946321
135,-0.5370558139700236,-0.5466829759977422
165,-0.609425460019866,-0.5634862790505977
166,-0.5719465195723962,-0.5621894383278053
167,-0.611296650739873,-0.5382269833040079
94,-0.14774652539259842,-0.6250949845768519
100,-0.2680020508019321,-0.5131253206053072
104,-0.35463516800204564,-0.5332643502091688
133,-0.38283541165577706,-0.5781669081287368
134,-0.4521993202814695,-0.5772881043113267
120,0.2977741917964753,0.01599318974774162
121,0.2968515400370663,0.04120200110439715
122,0.2559077866733076,0.11165442485127652
118,0.12537189218390254,0.32332872726313544
163,-0.36716395305950017,0.35906151893531524
126,0.23940563461119968,0.21531131424611805
127,0.2291042583470484,0.24586169713450784
129,0.206372343450377,0.3280957086400006
125,0.2869083794124775,0.16324871347370878
139,0.7525857145021602,0.19489768676658145
141,0.78447449539212,0.21968220421745405
142,0.7968512497328797,0.2698164899299394
143,0.8141418564014291,0.2103979664838019
144,0.8295329088157744,0.33875425387770275
147,0.8689776194606628,0.3585049567249577
148,0.9085170988204013,0.3842115683728628
153,0.8873321837309582,0.4147163705259504
149,0.9117850326067789,0.3043285241677906
150,0.9113137900276876,0.32730553594741235
151,0.956019458079534,0.34248692366255823
152,0.957449754466432,0.3036961862453856
154,1.0,0.4070533231143327
164,-0.5667261861159758,0.2748478845212708
