0,-0.6211000010402286,0.016158132246634795
1,-0.692704172187947,-0.014558090347370574
2,-0.5565174712237745,0.07486445574714808
3,-0.5833893151127847,0.08969867846386653
4,-0.6659474523007285,-0.003421627333570793
5,-0.8519934517928651,-0.010998797929143045
6,-0.6269557452162642,-0.08769762356783072
7,-0.4752265342344622,0.17292185422023273
8,-0.44483914398268054,0.16315594164621583
12,-0.5667881548982722,0.15173101005191741
13,-0.689917845341952,0.048689420755678205
14,-0.632719589140888,0.08140583117392602
9,-0.9712962985388088,0.033580778752437805
10,-0.6703625441014672,-0.09662114105072273
11,-0.5112872542519463,-0.06387692826578634
15,-0.4586989530137812,0.2523838826941467
16,-0.3171122384405166,0.2906415230445277
17,-0.3261358139556486,0.2483197791062596
18,-1.0,0.11999799877038833
19,-0.4969361927189967,-0.05818775713586881
20,-0.8268121383267442,-0.07894107925493507
21,-0.4005391654265474,0.04122322881464336
57,-0.5467513680678457,0.20953516718941878
58,-0.6880742944175057,0.08249062494767227
59,-0.6412627332635416,0.1121404119074568
62,-0.749074010139562,0.06469702564847668
63,-0.7682752826588712,0.09583306490014794
42,-0.6065708565233835,0.19755354493439675
60,-0.31051958171930766,0.372616064879271
61,-0.46739509255248013,0.305454776745464
66,-0.20781688672894916,0.38680035493781556
67,-0.19901811048090245,0.31577442151836355
22,-0.9161467645769898,0.18584010774433693
159,-0.42136405296306556,-0.020926298018587624
162,-0.3337115378412597,-0.000226733177059441
75,-0.8892788609561387,0.014070134121147857
78,-0.9198771837484332,-0.06846930683925818
143,-0.2858529410303504,0.15771648983072944
41,-0.7735511336920394,0.20745631344448384
23,0.5775598770674746,0.49862061178134426
24,0.4980007801441477,0.5718213141208616
25,0.5495959913863194,0.490038887485802
26,0.6277561367063734,0.3856749319510593
27,0.4738156593997413,0.6385640584663238
28,0.42411678084939713,0.6347923324611039
29,0.4611689109056738,0.4254608098073944
30,0.5812206618633958,0.42096481762793136
31,0.535906591069292,0.5972024616503562
32,0.6631275979828226,0.3277885687474299
33,0.6703958265942902,0.24812242254099076
34,0.6528454622216099,0.2932257127345649
35,0.2952853328267635,0.3535295274781146
36,0.7042432168672177,0.21092484426721367
37,0.6599792692487744,0.09078859991270084
38,0.661049334493908,0.2101450751430639
39,0.6757502660869544,0.268371258634475
40,0.5809031610532711,0.2574982518129424
116,0.286609545692945,0.46732802843409704
117,0.2608500243390951,0.3869218482422884
118,0.24863101854652836,0.35451618095494436
172,0.20465358854307644,0.2851325511663297
174,0.17646205366109208,0.22287802439688753
95,0.6026829744154485,-0.13195540860792754
208,0.4776832944159869,0.2598049258956289
209,0.45799447869003757,0.23656697524075687
43,-0.48162508583150204,0.3130472164760939
171,-0.39400514839708917,0.43854276394325653
44,0.5076894836576479,0.16432231426108393
45,0.4154953169898708,0.2237611246465644
46,0.5107671397374371,0.18448866301895014
47,0.4586341596746235,0.14532899453744638
48,0.34746040462546884,0.10633381610261557
49,0.29555146905882634,0.40290588999535093
50,0.2589503944135758,0.08375331017099827
51,0.2219985189202606,0.07086251010950265
52,0.301586769855568,0.03039620476515671
53,0.31280091401474025,0.06473881995537953
54,0.32835231211822863,0.04408624267173715
55,0.1632355771436424,0.54897900327517
56,0.19067007356561408,0.45135483686255734
175,0.1286932116187154,0.11871381270804848
177,0.23048705693963295,0.10984385777740552
178,0.052350270890402346,0.07407470290981713
83,0.34085641600132316,-0.09071313380990087
87,0.3374362891402075,-0.015072703940087856
112,0.24986017596909235,0.6645914608456366
119,0.0484113477079827,0.5953078783695335
120,0.0349744118480467,0.5287567946264016
121,0.04093251302329561,0.5681347565969688
126,0.04286262302913304,0.4542978937423482
64,-0.7268689875954784,0.04309504791839039
65,-0.7051609866964702,0.05169806731231785
138,-0.19582227397417165,0.47321773516146654
139,-0.26300754126379494,0.46052386410292345
140,-0.3692873782967637,0.3921316515544692
68,-0.828482605200591,0.12302637501980458
69,-0.6350375496107196,0.02607162060335538
70,-0.8034275009998012,0.16838536606968565
125,-0.06423728137989372,0.45317205682212075
142,-0.07860786434960385,0.3944681583956526
71,-0.845032687864987,0.17852665543826474
72,-0.7517506071104668,0.24512984918553313
73,-0.8982413781474996,0.10233000303159642
161,-0.4756170172951905,0.010009310660249475
74,-0.6294793731694183,0.39684060513121255
76,-0.5191408865208758,0.5063066408282133
77,-0.602171499554445,0.49045153170927525
168,-0.4259365950522663,0.5756755732156786
169,-0.40495702650081133,0.5323812015198501
79,0.4066885866779462,-0.33619810365325614
80,0.363132946185606,-0.2338367610011787
81,0.339776122198443,-0.345622261229388
82,0.4446536570631086,-0.4134851359726723
84,0.30303588895088707,-0.17588245543229258
85,0.2459543985706884,-0.26088560640022207
86,0.25064891225591357,-0.43452522150556383
89,0.46302349455264386,-0.4826900815976422
90,0.5145897774879743,-0.3444067771175001
91,0.43532410233126906,-0.4628820958145666
92,0.4743853815402875,-0.5144034413497135
88,0.2738666846236011,-0.052441537821830676
97,0.1045108193690899,-0.2263017467581228
98,0.13621242439328307,-0.46720052165182313
106,0.17051245745824836,0.06480856964363074
93,0.3811738199667999,-0.5467481067187081
94,0.4642938501018991,-0.6007173401166714
96,0.33368730798910146,-0.4871770380061008
183,0.3739976550129754,-0.6649916039975374
184,0.3117152113750384,-0.5625875900970236
186,0.43345615492288014,-0.7243793068174545
187,0.24071970051816857,-0.3870865496557744
111,0.12358593465074931,-0.07251107934426264
193,0.08907927420355834,-0.18070717713857634
195,0.017159618598092473,-0.2826103088092387
198,0.035406435176961674,-0.33989545899520557
153,0.10249968963673506,-0.42360780692310174
157,0.04064515049097104,-0.45034009114279727
206,0.07221212652357706,-0.44682689305193324
99,0.10505448029030072,0.37173394241608687
100,0.13925618798059905,0.3350028974775576
101,0.10537689694349792,0.43675417964590535
102,0.12906432881239768,0.2541566790741005
103,0.0779797427439752,0.349855664838614
104,0.19800949196268408,0.22210832090147092
105,0.17375162849568687,0.31465124332146965
107,0.2526636727037201,0.11783853442689785
108,0.15630277756717562,0.04683885692398806
109,0.34493613968652326,0.21813579295109842
110,0.20533391145335209,0.3130131575293561
191,0.16670239506766352,-0.08075982239128214
196,0.3638286291327137,0.1870078731773338
113,0.29554299585686045,0.6252993298515391
114,0.31034922189386416,0.7133648857876689
115,0.2890907390288808,0.7183783836634979
122,-0.06102010210347203,0.5440674475899181
123,-0.012405485855861154,0.625731768080178
124,0.039195810591952346,0.6564315332721838
141,-0.16100146344831265,0.5484706893802473
144,-0.10067446988103469,0.6409569471264229
127,0.1822800978688583,-0.9795103105061013
128,0.23706426532159336,-0.9664683547884662
129,0.17552255380890736,-0.884904452068496
130,0.29313639006603776,-0.9518521661012743
131,0.3207900881052789,-0.9922456436726085
132,0.08145217746582965,-0.7451288362167037
133,0.10655418287991435,-0.849950494286867
134,0.38157242783884443,-0.9653621088084605
135,0.39229621032096035,-0.9854107768011194
136,0.374487948680869,-0.935486643428218
137,0.0015508504828086044,-0.5593914336471675
182,0.4087123054455438,-0.8881888281216385
188,0.4348400338742676,-0.9333013688557747
189,0.44666754347973137,-0.9738442998293803
179,0.3792905581047141,-0.8375805027706649
146,-0.001218400593096759,-0.40269432523400095
147,-0.08198541173987091,-0.4303154363718009
145,-0.24001295334451223,0.06234886522719792
163,-0.19214184279396482,0.04957113816206599
166,-0.109279589709415,0.05601173175671343
148,0.156565641080169,-0.34950379637454365
149,-0.06533482539394049,-0.3861771834121921
150,0.035217509774181456,-0.39380484079894906
151,-0.11499196273297957,-0.356732666235631
152,-0.16516368048321903,-0.354803835270197
154,0.36243668536333534,-0.289944720892449
155,-0.16582407328490426,-0.40743172030031305
156,-0.061095901332599234,-0.4256378327906627
158,-0.20113359786983984,-0.28194249643152536
201,0.4887067089401583,-0.26960054601945654
202,0.5008311716214103,-0.27997917925472676
203,-0.25679867569882014,-0.3337018025750262
204,-0.13887242522083032,-0.4437408777595655
205,-0.1888184834589007,-0.4709070962173708
207,-0.2695889641358842,-0.22873705592063712
160,-0.30892605138229867,0.028407701442396325
164,-0.13224191998744927,0.08460464745384307
165,-0.020186994335461287,0.10322151294471321
176,0.03372619635960741,0.14331321904253327
173,0.09633118970735124,0.18114675788406953
167,-0.341727583833351,0.5830386614245158
170,-0.34522641439894614,0.5266673240151503
180,0.35063355047399214,-0.713874599922156
181,0.3967929302939299,-0.7808548501675553
185,0.4400135951297395,-0.838467432906995
190,0.15162218396850455,-0.2377533096741866
192,0.1969249235089634,-0.23720628354128498
194,0.04566719070126357,-0.26126624925051306
197,-0.041630478355693445,-0.33547474898224255
199,-0.06574044204618995,-0.36652138929442357
200,-0.12146380785211694,-0.4214646869378468
210,0.5758050139726456,-0.27189674544358367
