0,-0.1935097958599278,-0.3928344844464623
1,-0.023719453181215603,-0.45111188980193456
2,-0.08405661248480263,-0.4229893120004386
3,-0.2995949354156271,-0.3150084159863283
4,-0.33344258176621094,-0.2723787472326396
5,0.04268393724744063,-0.441555023684422
6,0.09277699079274646,-0.3768577770241765
7,0.009368795781670736,-0.5071808988416122
8,0.08072872857487377,-0.43808353013245466
9,-0.168327555531612,-0.2593290634605469
13,-0.4496700969989346,-0.22012984749700257
14,-0.4984702316966619,-0.13717915539366204
10,0.13074764219138826,-0.31337684631378565
11,0.1376805049624034,-0.27510674824813447
12,0.14494082954659054,-0.2207127908343134
17,-0.028481229519295593,-0.04640158641651535
63,0.17313430659294696,-0.1331938301191717
62,0.15242868015539932,-0.11145024551550466
61,0.14644290729993084,-0.04852488524264592
15,-0.5636223830005439,-0.0971373272821972
16,-0.5611167640425464,-0.15438401892729808
18,-0.6074619918950575,-0.06158128943751696
19,-0.5469632149034523,0.024619681718216376
20,-0.6708234727216397,-0.01943716348178344
32,-0.06555706010576898,0.11355812688392325
42,0.0352051348666512,0.004685660600225543
43,-0.05778166152519116,0.04637476192089063
44,-0.11526973041854682,0.08244228785813469
45,0.18313099057617702,-0.032105565479802874
46,0.08965225941728945,-0.020808630809740367
21,-0.6998093574867831,0.004582336908706929
23,-0.7461114654365906,0.0084082039021009
24,-0.2785637357901368,0.20512849449825227
22,-0.799450972527057,-0.0030974873481698605
25,-0.8343470363018344,0.007830693222063836
26,-0.9270622491570502,-0.026369405902616598
27,-0.8997595921921586,-0.031666287683775524
28,-0.09710966250333394,0.28514709879429223
29,-0.07598934934307185,0.36057397490417753
30,-0.15466166722847102,0.17065394121693253
65,-0.9667555202420299,-0.1218357977228654
67,-1.0,-0.04749335784651961
31,0.07946448164396436,0.4636888073382856
36,-0.11106213015421179,0.21499996834009055
37,0.08917072425502393,0.519844062375669
33,0.27889628316841303,0.5642762619913541
34,0.21143694901190688,0.5548048235926325
35,0.13844342683799893,0.5764429378547624
38,0.3997553698742033,0.5647470370537425
39,0.4382250176961501,0.5804340094136304
40,0.3649564692373515,0.6146256316892836
41,0.21951024919762724,0.6037521866457971
100,0.5355670385638376,0.4952460846620349
123,0.5255694141401845,0.5400746636421065
124,0.49610906311925973,0.5745666375916816
78,0.3819687381249367,0.02663602463441098
79,0.2815807021354606,-0.0400056747351266
80,0.3518242767766499,-0.07270496174362638
47,0.06611506604773468,0.2598453002871518
48,-0.03332364711112362,0.404421935986118
49,0.04629547788976634,0.3268792584108102
50,0.009653472594823504,0.3993358603905697
51,0.10536360409694807,0.18276934773925443
52,0.13619352067330803,0.10187578088101763
53,0.11763370142994778,0.0954201195149867
54,-0.1648123512068889,0.4724165295638868
55,-0.07384404745093424,0.4893670136170111
59,0.14272202869008613,0.033977027275395665
60,0.16434349974741266,-0.011142110556196317
56,-0.2509880122416378,0.4991731228227216
57,-0.24197314989276128,0.40200598638952856
58,-0.21956723153035126,0.40297384547046045
92,-0.1840172538117373,0.22208471884201803
121,0.2088768234098179,0.08959645481224084
64,-0.9495046459409973,-0.2780211528380431
66,-0.8861885143302426,-0.41746383282945265
68,-0.8128916409474376,-0.4793687276655221
69,-0.7750026439435594,-0.43986131884119956
70,-0.8514060108465469,-0.4917725919915172
71,-0.7508668641513894,-0.4653881672014208
72,-0.7214686243783545,-0.42794484522323956
73,-0.6866135823408814,-0.39918570228517597
74,-0.6692581879510486,-0.37256428299286937
75,-0.6256692420911838,-0.3296809323863421
76,-0.5864305922701605,-0.29336256338153166
77,-0.5512309634632012,-0.2550723724111893
84,-0.5072214375093491,-0.21105369950920996
82,-0.45839288190063643,-0.16393445849456834
81,-0.43057219945083225,-0.13243413517046682
94,0.5636596606324552,0.19622059074035542
95,0.4206378838874235,-0.08799294121436148
106,0.47584255809289927,-0.1691672719791944
83,-0.3736977156751683,-0.079258175527049
85,-0.2769738737405231,-0.004919250686758779
86,-0.31663585350692786,-0.03435277722605475
87,-0.22040635747590046,0.03341238579059385
88,-0.1593745384132618,0.05680963326330701
89,-0.10362953555698559,0.08905829017521315
90,-0.04020074986212018,0.11167453688440086
91,0.039849454404639585,0.11765356952302854
130,0.07145033680967458,0.1345120658839135
122,0.1405112355763962,0.15181581199129984
120,0.21133202124337994,0.1633836801963813
93,-0.07288251610571306,-0.059139761887264525
131,0.05064923759987427,-0.25249524283350777
132,0.01708157318081251,-0.23724895951057492
96,0.6174931153119241,0.33417250791189196
97,0.6622117915720103,0.24608620921647947
98,0.648543259924121,0.28415881009070043
99,0.6627062020681568,0.15130054388777311
107,0.5278566935352865,-0.1716615892813676
101,0.614787210332435,0.40679095955534644
102,0.6003628495150887,0.4811174702599659
103,0.7106648418825657,0.07571632037997973
104,0.6469920288508558,-0.02630441829954339
105,0.7050329485421722,-0.011979891874213163
137,0.7342090604618392,-0.055520101293635854
128,0.6330746205848378,-0.15021253074391247
138,0.7475896582187607,-0.10850553467600822
108,0.5500921367249985,-0.2479943806022355
109,0.5065119281107544,-0.2557235446923041
110,0.5470195346228307,-0.20895792407500757
111,0.4789498528320082,-0.2795223456549792
112,0.5134362035035714,-0.2811929259151651
125,0.4278711098431781,-0.34417695330868325
126,0.34238175291707923,-0.3681845370013347
127,0.3924527736136024,-0.36260412373862766
113,0.624131978620053,0.18796049512381274
114,0.6956289439812365,0.18465710724384932
115,0.5402144682441916,0.17679958228655113
116,0.47390127355735023,0.18787134455569332
117,0.39199566184387385,0.19229402505349008
118,0.39265714203920266,0.15392922437564963
119,0.3100675539612786,0.16906870444019667
129,0.28992469467521226,-0.38188534878862773
135,0.1820801637150031,-0.358273353206745
136,0.24380025124086444,-0.3833343819124218
133,0.13776430718808758,-0.3397024378500073
134,0.1015792946973111,-0.3361569259361234
