0,0.27990947222554174,0.5265355734215607
1,0.2995654244590034,0.6782244132230155
2,0.3573136272638989,0.6421235931469815
3,0.24019837248539863,0.3937004311512102
4,0.18789674495647732,0.38287556823180646
5,0.23804305290020228,0.4510085285771244
6,0.20554411390513946,0.7530489033307249
9,0.13911746842913036,0.36183093991479753
10,0.18892835369537297,0.23562558831407548
11,0.02511887587082352,0.3018712638452639
7,0.1051060257276758,0.6940073196854117
8,0.12215049328871506,0.710147679555672
12,0.04154135125792553,0.5617194923256856
148,-0.06265510725343278,0.3281680930217996
143,0.25322529138205896,-0.04230799385780793
141,-0.10821162007405548,0.21659478781429248
145,-0.16235547517013196,0.32436279463272444
64,0.06973613057490546,0.3671943837981592
13,-0.422376313623844,0.03812303843534182
14,-0.2845307918508072,0.1251249477030189
15,-0.5421971726779585,0.022577664770936322
16,-0.32931411840267183,0.04663531829419373
17,-0.47454385949098254,-0.0067250238864211675
18,-0.3897150104616974,-0.07268435115110494
19,-0.24069302830223713,-0.0829337491736057
20,-0.203604358455334,0.3746197455711493
21,-0.2919189969799428,0.025948936214111592
28,-0.5984170893127377,0.0024372790697699226
22,-0.17770321534822056,-0.10131335764181879
29,-0.27435793691972366,0.0005639099073009157
30,-0.35960539538872255,-0.059618808640765006
31,-0.26872563547252054,0.27204306498876735
32,-0.6057503592769187,-0.049898756059874115
33,-0.6303936956832831,-0.021670955303912113
23,-0.13693055320890452,-0.17269787622412203
24,-0.10609206834735296,-0.24358006253100162
25,-0.1963696680030843,-0.1777949493866425
26,-0.1979375902486369,0.562211111670954
27,-0.11353521529328513,0.5037058729735249
37,-0.06780544622876583,-0.18280955116945977
38,-0.012488223359840752,-0.1408799282164717
34,-0.25735041329953656,-0.17902292376060916
59,0.010212646890751126,-0.16349956357480486
124,0.06899664531504131,-0.35985761466052163
109,-0.3563866424711951,0.6215964068179332
114,-0.22885665520808188,0.6953319149754209
35,-0.157126277658533,-0.16283141091225697
36,-0.08993038511508607,-0.009102444642154388
39,-0.15976852791815155,0.26548083873059175
40,-0.211958453175606,0.44941519004590086
41,-0.25887540389914104,0.5162700077797766
42,-0.2644693166815225,0.46085922251955963
54,-0.19412660759089304,-0.37578702389851215
56,0.05701539339985611,-0.2013616497686357
60,0.09198512254608222,-0.06353402122940902
136,0.12238617960352262,-0.18844232616970846
138,0.04761641236528847,-0.04353124795639978
140,0.16332678553487145,-0.14417464484934464
66,-0.15308395731859695,0.4789233974848821
69,-0.17508371228306163,0.603730002683248
71,-0.2267021402678562,0.6086756818500305
75,-0.30959473046094493,0.7353232916844296
43,0.846973053623444,0.18906342313780156
44,0.9253020187170339,0.12227658393409649
45,0.9034729077388528,0.13504381883584135
46,0.86042093593202,0.08798679928617603
47,0.789094033050872,0.19906619237268708
48,0.889369438252776,-0.011625203979259719
49,0.8539039208437699,-0.08867678336948652
50,0.796101541630827,-0.2017471826077884
51,0.7842358411008784,-0.25072142289074734
52,0.6224351975974548,-0.3242962245455653
53,0.7634378480243574,-0.3821111409448439
72,0.41007754453085504,-0.44281846171494793
73,0.44097724127479704,-0.36864751988894306
94,0.6314121027786181,-0.582197630893568
55,-0.12660009018621488,-0.633858413703697
57,-0.011545924721181065,-0.7942627792834827
58,-0.10794766657811862,-0.7770843290984979
61,0.21696245692116733,-0.35804837962190184
62,0.2507567918344824,-0.3133934655709127
63,0.16628537667810073,-0.8710800451141475
65,0.09235012329949674,0.15439310273609472
67,0.04182939936427872,0.12672574393751376
74,0.3747592927482023,-0.5064486526790066
125,0.3472251767716061,-0.8431589970172039
68,-0.0386794684114459,0.3074695996536535
70,-0.18604379083341935,0.7019750067453284
76,-0.18143983021973523,0.7154133467664012
77,-0.22937851554027996,0.8717084085756344
78,-0.19580597983905546,0.8503675630310568
115,-0.30029729904550734,0.6950135898071282
116,-0.20758385816576422,0.7501607338183709
91,0.4887417787953995,-0.5864272823777391
92,0.4622003027455758,-0.6085475352437006
146,-0.3129756544522746,0.8892579532507705
79,-0.9186754060880029,-0.376499340276928
80,-0.8158543944569802,-0.46587030840863286
81,-0.9350340818066798,-0.2293174113520018
82,-0.8682538027408873,-0.33095133012551964
83,-0.9714102324459808,-0.32787449299913174
84,-0.9644542437918279,-0.352835685583312
85,-0.666364159035215,-0.43602018453167846
87,-0.9040880183339891,0.00018513322863941098
88,-0.973004513307045,-0.11088430463063181
89,-0.9334664669551712,-0.16602973958372982
86,-0.39603186340182095,-0.4480450218289338
90,-0.11609922261124112,-0.398978383986149
97,-0.7840808983379883,0.2435735993085833
100,-0.8424385994349103,0.18654222733543768
102,-0.9512320975197164,0.08347583707060968
105,-1.0,-0.07753351981666862
106,-0.9990206311255331,-0.01551419429644934
120,0.15447890877870138,-0.28837403520369825
93,0.4927337851276513,-0.7111277008667778
95,0.5836763818078435,-0.6741391105066491
147,0.6267211372970972,-0.5562140190004763
96,-0.7879356284005273,0.3873585083430601
98,-0.7036743172021716,0.3767645720710137
99,-0.7107137365735929,0.4826795111469184
101,-0.62259182173808,0.3635567826568384
103,-0.5634535217726684,0.5324985460811498
104,-0.5385653027766834,0.4494391277379791
107,-0.5160206490935892,0.40279453370772417
108,-0.4413737963429904,0.37260160356243804
110,-0.471727462780544,0.6075109353316631
111,-0.3702904891914318,0.3774404719317328
112,-0.24797499497604308,0.32770000004601996
113,-0.2967650397705014,0.3124944146736739
117,0.34232753851031883,-0.20088297919890594
118,0.47457162289005306,-0.12710511259290183
119,0.33097298270279096,-0.1781019160751876
121,0.620283131239074,-0.09017241266465456
122,0.6655513804313516,-0.15800958313895783
123,0.5489780237640811,-0.23282063255582558
132,0.42497781518170447,-0.29943895918077196
137,0.44027091889905023,-0.31589848182421937
135,0.2746519444817838,-0.39053386133064755
126,0.4160430794553977,-0.3301606348088659
127,0.47948351339188044,-0.4210150386298971
128,0.5059454126817619,-0.34502952180767227
129,0.5476213265395878,-0.3224318745814875
130,0.29173862773099973,-0.2818505620160329
131,0.3022725639395684,-0.26066420313222044
133,0.39830890528766005,-0.40574189268869776
134,0.48461914913407406,-0.3900931591685916
139,0.24906110421494637,-0.16211556868135435
142,0.22192370693505334,-0.1252723805848571
144,0.3797198628697578,-0.25031905304311075
149,0.6214777416371731,-0.43698075751180854
150,0.5989655143309298,-0.4486134147476487
153,0.6851917888252357,-0.5251116600863509
151,0.8038479224467912,-0.5369771786171278
152,0.7233606590216878,-0.490926883803504
154,0.7524231069531677,-0.5551604352540834
155,0.8679973855028115,-0.5957573725976407
156,0.926979387845575,-0.6065678697519877
