0,-0.5762801859361268,0.3096551175173584
1,-0.4249279145877719,0.3891604354963422
2,-0.5808412069229689,0.3727135143583165
3,-0.6108677828177309,0.19298576558331063
4,-0.4700154301477222,0.49235420456893275
5,-0.23640408248757167,0.39216148776735693
6,-0.2455357906916621,0.4481630597026115
8,-0.5701495346752524,0.528493374570156
16,-0.6659652301966935,0.4398419524760111
17,-0.6633449161871491,0.26746888787999945
18,-0.527162281848518,0.024374691078825853
19,-0.6026687644546057,0.0932302432180254
7,-0.29046990990589616,0.5331773900619237
9,-0.4234645937722833,0.6096028188270262
10,-0.09411365335071037,0.300693662275891
11,-0.1700404688045956,0.42870603072542873
12,-0.15060335511744802,0.38953386166662085
13,-0.1372595350156384,0.2913994840718324
14,-0.12187002962569145,0.47167358296204803
15,-0.13926022132749669,0.5160501624745912
20,-0.26820266693309047,0.6659171837596705
21,-0.14611155407263718,0.5638641736555601
22,-0.5323631485607545,0.6549358292936865
23,-0.6447973272970389,0.5893020988436052
24,-0.38453278100731714,0.7117949469702354
25,-0.04684389716075222,0.07226788638514577
26,-0.00932814541418036,0.08490582548390659
27,-0.040399139850004165,0.17954091007893505
28,-0.1033516655367698,0.0662369129190894
104,-0.33854003137310734,-0.06072210817108998
111,-0.4517735396506223,-0.032666445680670064
82,-0.22743283223002425,0.7497783791786883
95,-0.1462979912990608,0.7310433109579572
80,-0.06432516084647276,0.7331134813359944
97,-0.46630310276888143,0.6676254485321366
138,-0.5881210877067855,0.6756930349399718
83,-0.31972948263134393,0.6525153274450233
102,-0.18629989418580112,-0.020908010449466607
106,0.003633238642846157,-0.07531601368356827
107,0.01393230316742832,-0.016743833829043854
92,-0.03000733438135095,-0.049376099898700974
93,-0.06406886163478229,0.04653218758241736
89,-0.10184472765692008,0.14127901311297086
103,-0.1378136009856234,-0.06718735938359051
29,0.38109963620067555,-0.5419883980336546
30,0.1785680333801391,-0.4627860277394429
31,0.2898102414375391,-0.5797806972996549
32,0.22888143261258892,-0.38592244270957965
33,0.49987051309222413,-0.6419439984606494
34,0.5189596310279957,-0.5881938953732865
35,0.5992836913823761,-0.6518929620965354
36,0.360554137024508,-0.4973263460973296
37,0.10092888833494862,-0.5297667633345163
38,0.007162015742171919,-0.46888986556535217
39,0.05089539417994168,-0.23778071730616995
42,0.1492855435487061,-0.2166966584992011
45,0.2808129689652505,-0.33163435939590086
46,0.6559604956846528,-0.6814619224862178
47,0.6778264487127256,-0.729934113860202
48,0.7397149074945073,-0.6947665244860638
49,0.7316400749834294,-0.7431256621291145
50,0.6603873923654334,-0.7725417818495806
51,0.4752101579688299,-0.67674376681733
52,0.4402013408767259,-0.577159836500702
40,-0.04358256161731516,-0.42657086983712683
41,-0.14401790214945295,-0.31928777978001494
43,-0.03004378603298581,-0.07978769423537334
44,-0.1467049193223293,-0.006640460474342831
53,-0.014574103271593395,-0.29474756444397593
54,-0.17217520102612488,-0.36693903136409683
55,0.04131484379917207,-0.36614683113771396
56,-0.20633200640690103,-0.07302479650773215
57,-0.2631130964703723,-0.24316114535633268
58,0.12927961678858818,-0.08403766642210354
59,0.14567140796017353,-0.12081914230579122
60,0.2387101502949427,-0.17770397406646418
61,-0.21651099317612277,0.1281168687330185
62,-0.31346597115371955,0.19365824751781788
100,0.8029632086315265,-0.7909297864467151
101,0.7464522753799857,-0.8087327551446672
120,0.7785857421016135,-0.8615203747579357
126,0.5662149667359088,-0.7646198837515477
127,0.5422258338264454,-0.7048468509507837
147,0.571843421842694,-0.8227879183764798
114,0.1740449355896948,-0.06651598566708594
115,0.11670780374803066,-0.21838624608361168
119,-0.19563240025456596,-0.39757596102714005
132,-0.3033066586766644,-0.3572716592691622
72,-0.22091186034964383,0.23593176833297783
85,-0.2960185864783707,-0.07371795754251334
128,-0.24576827190542339,-0.042799687206087296
129,-0.3508067569349209,-0.24106101279388092
87,0.06462933242307974,0.14650710963099753
112,0.04594240224493765,0.06950161563251898
113,0.23316356052669654,-0.0793013016758449
86,-0.31741804751639513,0.35165314741016673
133,-0.41596809703329296,0.41376946224944294
63,-0.06823951052886673,0.49790287973193037
64,0.08432657802116386,0.46472463321368523
65,-0.027847508171348456,0.4102000261924005
66,-0.14239175859043027,0.2663501396027766
67,-0.1493685467826281,0.4844488778498444
68,-0.0704006238787462,0.6492413788268951
69,-0.15953630803393687,0.6474189928137112
70,0.1112687148616533,0.48220745977110374
71,0.22825413341044393,0.36800035407005355
73,0.12813039601034282,0.361303565224353
76,-0.16165636575754633,0.1772654721979053
77,-0.20633349349330854,0.17697860490485004
78,-0.14894105299857854,0.05557685018736455
79,-0.2674324135174092,0.4859063676810877
81,-0.002597029883230201,0.7905272764018025
84,-0.06030390923670109,0.8133983495906961
74,0.21131797926730345,0.4574087886972235
75,0.25738590632864733,0.18388280358526768
88,0.2689608974594944,0.33550290787768716
116,0.28067125981698804,0.07582055393055363
118,0.3328664050720629,0.22914976706578213
90,-0.10437059416452626,-0.08223019164353752
91,-0.2163685449725027,-0.1701564609535644
94,-0.39430706678185884,0.5339231453607122
96,0.031237457527459656,0.8539917460118464
98,0.06502125691328868,0.9156892165009436
99,0.032503804054104586,0.9345867325286423
130,-0.32269639163908614,-0.21661015951400822
131,-0.2709870928907691,-0.1953339165593696
117,-0.08946320008767925,0.08146424257834482
139,-0.025604502585552486,-0.18927570878791278
134,-0.3001876684389333,-0.279211855659893
135,-0.17956930088554526,-0.24717824596975058
140,-0.27979571314121593,-0.33591604821030774
108,0.07424816850067441,-0.17410971130760985
137,-0.5034297488640787,0.581246568556274
121,0.8761271982521703,-0.904197482974276
105,-0.2401643615644961,-0.07923548586992489
109,0.16044282174662206,-0.17154395196320774
110,0.180107818252661,-0.1234998925113462
141,-0.004990616484514667,-0.26301161515406846
142,0.17114328800613898,-0.2581603663759586
143,0.2695486386499613,-0.21857846129881311
144,0.2704618024666478,-0.19406183161863114
145,0.30565826953255576,-0.1652175869834041
122,0.7746472000716056,-0.9517000881087682
123,0.8559669786555049,-0.9563076279428707
124,0.677338038752099,-0.8778343913837405
125,0.8879507422640638,-1.0
146,0.6444673566414688,-0.8951271689177427
136,-0.12935369504772926,-0.2603524007484399
