0,0.0701098731350782,-0.4058276413499697
1,0.07494555672584619,-0.301189535279837
2,0.04960739438367397,-0.300108934929577
3,0.10930177542138268,-0.29825152378851066
4,0.1766130324845987,-0.5645441446768786
5,-0.08281852983100776,-0.324971358079721
6,0.09919365763455318,-0.1531783427916696
7,-0.01181401303898405,-0.3188644007993808
8,0.17558637278682615,-0.23520897760807682
9,-0.037291849195899465,-0.24434815249906658
10,0.11346810764481585,-0.17969617719877923
11,0.21441674111617984,-0.30012852833144227
14,0.4101739966747033,-0.5824250186927319
15,0.2660783933963949,-0.6427848926906725
16,0.2605221818918975,-0.6685932846500551
17,0.346943431376841,-0.6219312444525137
18,-0.12073489224399597,-0.5003601025633263
19,-0.1885659054952671,-0.2335118422392852
20,-0.26098611159534346,-0.29729696287494023
12,0.17432741204032012,0.12380175702191308
13,-0.20920817640132977,-0.428825080414664
21,0.2661694380778009,-0.21054480397144787
22,0.23461839143250424,-0.08679847266859804
23,-0.07891159847409046,-0.14210392702470692
24,0.07945152716627091,-0.0911976954921106
25,0.17839726763976388,-0.03995937013207267
26,0.2334485618936796,0.34382648260045817
27,0.22378832076470717,0.2672797622257057
28,-0.368935318759248,-0.4134692302606769
29,-0.28378204166613075,-0.4649465602789358
30,-0.3602269789506288,-0.4574990458582166
97,0.5478308579053441,-0.5768702992030346
100,0.46409318289538287,-0.6361302988595977
101,0.5601583137020769,-0.5217728345406278
102,0.4949036971496828,-0.5868136927030336
108,-0.2837491929493053,-0.38655733723939845
109,-0.2612349042669505,-0.5105063462471087
63,-0.24595149218911938,-0.15405544795861903
80,-0.38163191714855577,-0.18050865692273166
117,-0.37996100612772626,-0.3143161968719992
64,0.34867891901424536,-0.1441673998423457
54,0.26090823947541797,0.06217535683193798
65,0.31565671965285125,0.09492530007773407
40,0.03292237963003858,-0.022140532620331606
46,-0.11902284557193188,-0.0599700008665644
38,0.19140550189083053,0.0018774619983202556
42,0.20624316615961882,0.12226023983808895
172,0.2706306253862328,0.5411964699558472
86,-0.4477070290044842,-0.34916838479913614
87,-0.40377350911013543,-0.3846829757748625
88,-0.4020631291346647,-0.32314932823474335
89,-0.46707394594323837,-0.36439585989731693
92,-0.39198286605921495,-0.5797213101143773
31,0.6634044570140184,0.10758776632927869
32,0.2873860597863618,0.04327369155951249
33,0.7683938038827607,0.2607690958779962
34,0.8013627015027268,0.18679151013149786
35,0.8058504130193032,0.11014827930297308
36,0.8708811711266293,0.09186722383726291
37,0.8354453695218771,0.07083191200987478
39,0.008113861649168866,0.06665824875102264
41,0.30711380558456675,0.11146726674712588
48,0.7680968122038898,0.41605243450148427
49,0.8275117069584496,0.33657737356507905
50,0.9055668802617485,0.07039466036507376
51,0.9499654723092994,0.06586553010988097
52,0.9997043914081849,0.09045624278640306
53,1.0,0.05776112095037506
43,-0.12128021072758467,0.058704451883784405
44,-0.18546664282505118,0.14249668521497447
45,-0.1549019506575839,0.089877621432947
47,0.22866977753003506,0.1761309194701705
55,0.27002365588283295,0.18850909482388223
56,0.15524753038188585,0.2517011237795947
57,0.11688687937037494,0.2597788473150917
58,-0.3185748042048146,0.09610820902824291
59,-0.3141747364720059,0.26113165063062616
60,-0.22387681959462136,0.23065489600762978
61,-0.23763714548448872,0.17346110176777535
62,-0.3085326579796731,0.23238442283611555
118,0.6348622508194899,0.4852929154786554
119,0.7672924324889788,0.5053998240135621
120,0.7650059815936933,0.46158846401470127
121,0.8695007618158526,0.4301211294581433
68,0.33659020286996494,0.18151368222747707
72,0.345439869792401,0.2578496062219574
110,0.008707668991110983,0.3541389159767072
111,-0.04841807369222472,0.38523988121984903
82,-0.44438280136851305,0.0225832166864562
83,-0.36974075548314306,0.05222088983952145
84,-0.5313395342681774,0.11384457291070939
85,-0.37880286897535287,0.14888102939021547
122,-0.45454414863084247,0.32243505892163266
123,-0.3911510977148384,0.32019859115702515
126,-0.15399287675803322,0.22316782298298504
127,-0.12471466945375537,0.2572066779835563
81,-0.4240176617633135,-0.13384000872063373
67,0.3765852388068991,-0.007592166108594573
66,0.4257893781130492,0.10722178900361683
69,0.30689640790049943,0.31910943545181264
70,0.5637353333743845,0.04056166723065215
71,0.3895658162697656,0.23096211192988014
75,0.2881650267572015,0.5221873468125926
76,0.29568429077789554,0.49841263160759636
73,0.6513375760946523,-0.059989807360882524
74,0.6222819109798082,0.05128126470047652
103,0.7125733072719296,-0.22763118495382006
107,0.7343670390089786,-0.16540541578352558
77,0.3000660605541489,0.6368080658265066
78,0.28010060169292633,0.6030972802341891
79,0.3065850563976287,0.6006215264832971
115,-0.5499761165355227,-0.14270475485377718
116,-0.5445538490115464,-0.044745124567112333
137,-0.6246362494434627,-0.00354313063200094
138,-0.349901897630204,-0.16057095529804644
139,-0.3455185206818798,0.22633273050345873
140,-0.33790331688499103,0.1215083900652234
141,-0.749561786123388,0.15452809231436004
142,-0.3323011547470638,0.2842130492204135
90,-0.41443433368476135,-0.23092429934179667
91,-0.36227578618766554,-0.1299032839633592
93,-0.3706101144732642,-0.07387081002779708
94,-0.3484412249560744,-0.08021168070818453
95,-0.2665301226858209,0.07364382561739258
145,-0.34049861286127675,-0.4434785305179852
170,-0.3983826623532818,-0.7122041498458862
112,-0.1294393452583981,0.30800016674065567
165,-0.17517273514369602,0.2516824279410172
96,0.6600908614106203,-0.514760753831319
98,0.6113895640018084,-0.522039435454976
99,0.6780288622296952,-0.39227337673773083
104,0.758893142635885,-0.30321799685202394
105,0.7421195397158469,-0.2705801857475634
106,0.7745792328123112,-0.2167018486134529
155,-0.33070869961768024,-0.5013977232829984
166,-0.3238418223242402,-0.578426222831201
113,-0.07961349084870427,0.37312483099344534
114,-0.014596201431900418,0.4473654121883049
161,-0.1883474314226845,0.4296300856080965
163,-0.15479764497687654,0.43896230909312534
164,-0.10889573772755548,0.43005455175876817
152,-0.743070414504042,-0.023489071490439658
135,-0.5407160635714399,0.1386434363295305
136,-0.5307385146362074,0.09849797638250812
128,0.6047508855851469,0.5063131921494106
129,0.4221366562079575,0.48951331730590797
130,0.8524149944590079,0.5043391622137038
124,-0.6384063746093868,0.3731028475779259
125,-0.7921406571668224,0.3485662925760392
159,-0.8828471860135417,0.2331177064750385
143,-0.061613123032143405,0.2311703529548368
131,0.13148241237979666,0.45277333122338015
132,-0.15252260305246063,0.37095772804167654
133,-0.416003702672012,0.24538058285797948
134,-0.5459559209387025,0.2393257960688974
144,-0.7883117363436754,0.09397794959750062
146,-0.2953733486618227,0.31683757283106423
147,-0.30570001662190577,0.38013760164829363
148,-0.863357368097373,0.15643526658569273
149,-0.8492395068905089,0.13009247539147228
150,-0.8749119210860582,0.20713645630926483
151,-0.26470723209298225,0.41451005348000447
153,-0.8935365966530158,0.130657870651733
154,-0.8511107631267207,0.09287390142248873
168,-0.343195518279755,-0.6540406859292499
162,-0.23125282971847697,0.48419594940491123
157,-0.8634654552211242,0.05799905208370615
160,-0.9407504527386438,0.20475037328010448
156,-0.8754764589107957,0.0288138129189795
158,-0.8764526216722924,-0.021537244077607088
167,-0.3099528293895431,-0.6550142284999074
169,-0.30746989719779527,-0.7545768600688567
171,-0.3850414706305555,-0.7777324487413415
