0,0.32573660977077284,0.3757918639693711
1,0.40734968774014,0.309780409863079
2,0.3964060482569265,0.33302739598642267
3,0.32827068028082074,0.3416622088051893
4,0.2806057688140048,0.39433867922216825
5,0.17433021573840776,0.41802885553346447
6,0.44232082488075186,0.22261941815779296
7,0.39602160254373125,0.27864379422781355
8,0.36736213254592825,0.2493195251927983
13,0.19106573967884613,0.48242455562199427
14,0.19054961013027885,0.45443308618714334
15,0.02803116313335823,0.44915260038887095
16,-0.007148797318037552,0.45892719812657723
17,0.06404272575511993,0.46392197044476147
9,0.4303508044810473,0.10826350147141155
10,0.4461920132240051,0.1878940748133708
11,0.43434616446464075,0.16563841928953726
12,0.1913828960604097,0.23276773586707958
43,0.3405276962148648,-0.01039012630358198
44,0.4293676014628993,0.045708097271999384
45,0.43807327627709647,0.08353305568310568
20,0.10982816525320706,0.35605009737732346
54,0.13290249524024667,0.25742096089222977
63,0.095579759995502,0.13103904125465055
64,0.11742632017413082,0.17499116914844992
18,0.11863306371116701,0.45846717915594437
19,0.30271692798912087,0.583341958882084
21,-0.15507836393018562,0.48379322832187127
22,-0.06437319482766558,0.4747779896156555
23,-0.10813479018466543,0.4762409961176172
58,0.023613345938485703,0.521428071116323
59,0.050402717959435996,0.4834798809204327
60,0.10511703507071239,0.44970310161929755
61,0.22529168117614737,0.43022351494666106
71,0.3823257586539403,0.6406520735748947
72,0.36297601336712226,0.5760412490199213
53,0.05300374303349232,0.44975061020579254
55,-0.3401463532554544,0.5221635722282767
56,-0.31702301206676875,0.5027071485900659
57,-0.33425917039507613,0.5065490285703486
24,-0.31713780971052513,0.0918594032430406
25,-0.29322804497410493,0.045196266849448954
26,-0.21359280537920639,-0.006054654069214497
27,-0.32971219184988854,0.049819990503322434
28,-0.3950094849206249,0.1870964515879984
29,-0.1488826964660689,-0.08587184002431615
30,-0.04709854510061846,-0.11424634186122107
31,-0.3523455928762043,-0.040969305299067456
32,-0.2931391648994352,-0.0506069591742365
33,-0.47074262212567036,0.34571247177160414
34,-0.20583975675576302,-0.11137400742286012
35,-0.14275160685956334,-0.17409156761369912
36,-0.08125064153882308,-0.014736069537097954
37,-0.28282249718583696,-0.11532935855096926
38,-0.006133464358529591,-0.1412833005785051
39,-0.031163990644137995,-0.05149154314017769
40,0.10183002513843444,-0.19099864250996113
41,0.0648051544996461,-0.21569123947387683
42,-0.3657953459385248,-0.08831133975463161
85,-0.48475717245597477,0.45272543250968206
86,-0.4856773942552511,0.47169470635144994
87,-0.31374980525296103,-0.153478828821533
88,-0.2436929851255077,-0.17390680656133864
52,-0.019725504575021577,-0.18935435932432176
89,-0.09126557095675739,-0.3158725648773643
65,0.0353253376402713,0.09245632126775684
90,0.005881408857122352,0.0414885651128785
91,-0.37539883628441933,-0.16712887140563337
92,-0.37929203320191424,-0.1360135772399471
48,0.1494667576400565,-0.13018533789871864
50,0.2339781156035049,-0.14391965153933264
93,0.14040433088837445,-0.297155088063848
94,0.13444935671055278,-0.3232024650476712
46,0.3892854902726326,-0.05080330933483319
47,0.2949496264259019,-0.09152865272670534
49,0.3442262552057257,-0.11718922980734905
51,0.0162459729295272,-0.23158153716198904
116,-0.05116033260566546,-0.2913584450120226
62,-0.006687611987467741,0.5520344545561375
66,-0.45789836294209024,0.5336065621694056
67,-0.4186010373356029,0.5156857670003422
68,-0.4245332723633436,0.4914384329003507
69,-0.38825367116392234,0.5054934816874954
70,-0.37654533885202623,0.5279919223135884
73,-0.43629328908776954,0.5309504012939638
74,-0.4382257266175478,0.5481713307599247
75,-0.4698537925516555,0.5526020214122543
76,-0.07204565595380759,0.6441876550986608
77,-0.02795373270363207,0.6219045621142845
82,0.33452010662967796,0.5016375902078539
83,0.30763877610733337,0.5150378450593778
84,0.3247361030920473,0.527604404025207
78,-0.03304100764775648,0.6535395677474204
95,-0.4623801427149365,0.6408485676840074
79,-0.19645715360903354,0.7788081195839522
80,-0.06114198873828916,0.697914272184046
81,-0.06890824677712216,0.7282977495349628
96,-0.04991599097984939,0.7216979164893198
97,-0.32210011344267186,0.8081122313192775
98,-0.20499590731004944,0.8193301467906872
99,-0.26796703881827433,0.8446084732216503
100,-0.1923611037476315,0.8553619781952037
101,-0.15428608263253168,0.8403258145407192
102,-0.10671313654693333,0.7821361786681815
103,-0.11971648090309052,0.808459333436411
106,-0.11512604827536449,-0.45965762495210916
109,-0.0957356748636917,-0.4007540159084258
110,-0.11590538109168536,-0.43878105684122043
114,-0.14654761673707423,-0.3974483485751464
151,0.14954175644106235,-0.4134412532503867
152,0.1682481788542195,-0.3935447477074346
153,0.15278973545435315,-0.45265510831490535
104,-0.41608935619789766,0.7828668759925954
146,-0.3974897546714205,0.8551487273568337
149,-0.34435048762568615,0.8362427901402426
148,-0.4310760498534662,0.8694030547433915
105,-0.06494550546677773,-0.5206852242110283
107,-0.10132663202169755,-0.540876090840589
108,-0.09187233706226011,-0.5756417234076358
111,-0.030893059005436176,-0.6167231324509977
112,-0.047805217311778565,-0.6121130443144345
113,0.055969839272138486,-0.5563637376753889
115,-0.03817532001256815,-0.6564516792386397
117,0.010980966530127973,-0.6875462421493302
118,0.08042864920287353,-0.684391890161398
119,0.07483146278231406,-0.6143346184333398
120,0.029850864729714006,-0.66411867174997
121,0.12597658612898846,-0.5224106034820871
122,0.12973130591298662,-0.5002994425530357
123,0.11763658388242552,-0.5611161027990916
138,0.06722502027413332,-0.657872765697756
139,0.0103033834172372,-0.7441373458097027
140,-0.02337057500669331,-0.7879845043488954
131,0.21905742339955997,-0.7820961611894797
134,0.2066258737294904,-0.755267279637358
141,0.17943178941563695,-0.7371806036229278
124,0.38464034235427474,-0.9294886676401639
125,0.31985988871255633,-0.8573759960476489
126,0.33142915840112797,-0.9055668209407833
127,0.34766788848647645,-0.9303559225789739
128,0.3717979621280754,-0.9734700107405785
129,0.3839293867528716,-0.9999999999999999
130,0.2737313056776578,-0.8280251162545631
132,0.28792950599836703,-0.8429009486847486
133,0.3083473518904377,-0.9778382899598405
135,0.24351717971109005,-0.794196692887093
136,0.2514961438599107,-0.7556588267922648
137,0.1857338855163313,-0.9871387842106337
150,0.06657894761814588,-0.9630481478731979
142,-0.05692308926959755,-0.8845463424796122
143,-0.028602252422980194,-0.836545525238071
144,-0.07461228456476716,-0.8598860528623088
145,-0.034500037698739924,-0.8828203213251129
154,-0.03747473700069564,-0.9769627334817143
155,-0.10361241808210143,-0.9717310393613228
156,-0.08538635551181044,-0.9911694943577891
147,-0.40895581973607836,0.9025486180684407
