0,-0.48116610026278245,0.8770728486408649
1,-0.3384069693745001,0.8401888847445688
2,-0.43455857447239493,0.825969234950793
3,-0.45129318298088344,0.7791063571627314
4,-0.5746926119665168,0.7658860914734951
5,-0.21561283055689653,0.7916536588762585
6,-0.18690280934270734,0.747203666132934
7,-0.5877447759790411,0.7348156070520079
8,-0.6393561282143052,0.6763346005952632
13,-0.6981473126958468,0.6097603029996906
14,-0.6604650231279066,0.6145826466438844
9,0.0013744404223994273,0.62320980595055
10,-0.10480479684563405,0.8019534357751714
11,-0.019657983308556358,0.5439813144492375
12,-0.15499143737945342,0.9066820700452481
16,-0.7403676185975322,0.4900633435774483
29,0.1600119386387922,0.3826571367791025
39,-0.07439360103892445,0.6354094715430008
40,0.23387341170921816,0.4272064347955124
25,0.050576344193195774,0.3248116160668864
31,-0.14447731455358487,0.5404531045712934
15,-0.847212054083819,0.5145898949347569
17,-0.6812358775270702,0.4066319075565862
36,-0.7532709354333716,0.43592523381275705
159,-0.9852069702601731,0.5895377838834438
160,-0.9109107920301672,0.5318133360470534
161,-1.0,0.5558971009998583
162,-0.973582153075111,0.5045699822813735
163,-0.8637375034535473,0.40855972564626375
164,-0.7455385243827408,0.2309727563604036
23,-0.5283369647375002,0.32227297530966553
37,-0.5579609152275173,0.1521645810535609
18,-0.30523931795854103,0.3209410741886346
19,-0.07097982712504491,0.23264724701614986
20,-0.14384925782674587,0.385491859051994
21,-0.357279470097965,0.4519893959283809
22,-0.4026834820433626,0.40890932590164475
24,-0.374780407615767,0.16407647991195448
26,0.01994381021644152,0.13359874864093002
27,-0.09630730364784519,0.07860136606098585
28,0.1400638997051183,0.10340950413632147
32,-0.26750284342632014,0.4774017669481282
38,-0.4568746411134398,-0.02831828532927354
30,0.2832145167387437,0.19854089048912005
33,0.043180839902856524,-0.07129336245775203
34,-0.18939119046567068,-0.09759313409391407
35,0.44068416809864686,0.0750283648283534
41,0.3336717349575441,0.14245381088504083
42,0.49215208598435084,0.039843763705152475
43,-0.07612257866555987,0.5462573132425944
44,0.20571034582656383,-0.30560433747926086
45,0.09678737078145888,-0.2529846596925991
46,-0.476112614362959,-0.14950058506236125
47,0.6181034896525786,-0.07832018543711523
48,0.6680055161302244,0.08124155140515539
152,-0.5973978931708087,-0.11481678347116409
145,-0.6087601425345652,-0.19010104277130055
62,0.32758731237321365,0.17914882623022763
63,0.42041855124515437,0.4097247873276367
64,0.320057900733131,-0.08060490851848874
68,0.5026592852411224,-0.17507093299873724
61,-0.007093088100299077,0.39454597479815606
100,0.3148981128226196,-0.5055659734582271
105,0.2670525591246585,-0.44150697656354004
106,0.26314159208123405,-0.40253161575444063
140,-0.6966450929296271,-0.24778081655556175
71,0.5699533096732687,-0.34171564899964396
72,0.6509495544743717,-0.3196316500665827
73,0.6991397055517364,-0.13340044973964107
74,0.7618189689398586,0.16865286301096225
75,0.8030656184631055,0.31660028305118304
49,0.35246437885363474,0.5849276310437925
50,0.2916908416368398,0.42781109460391525
51,0.2758438851711983,0.625254357742085
52,0.16372728058939148,0.24745340495312698
56,0.16760612204439015,0.4889268442689647
53,0.06882513253044976,0.22181586555720997
54,0.03312194578142071,0.06775361727852161
55,0.14331659699804392,0.2845676364207853
57,-0.04827592237546634,-0.005180864503750385
58,0.02881551184226443,0.24338336812799
59,-0.04181092946321424,-0.21608133291823325
60,0.281610876784442,0.15343371955131097
119,0.12734158684980074,0.5279893370706117
122,0.20945921040836407,0.659536391099716
112,-0.12009860653648818,-0.18897917948849902
113,-0.1963554217684234,-0.1844176948814126
83,-0.04267703727819726,-0.3620283821032072
114,-0.14802593234552355,-0.28138181500921855
115,-0.0937373546120848,-0.33644691128085774
118,-0.03554624060008479,-0.4875186564054453
65,0.1955601985270412,-0.16369572106142113
66,0.433336353170889,0.4291945322965667
67,0.5710753350117939,0.612981042680188
69,0.18903178007825358,-0.3450661457946423
76,0.0940886116007091,-0.44084037428005196
77,0.08467435989439362,-0.3796432146076491
78,0.027819062425464808,-0.4026046577489969
80,0.4866793878319461,0.679400057588871
81,0.6054795113137801,0.6730708316258162
125,0.5309985190223083,0.7739334868790528
126,0.7650430764442452,0.6269189977266609
70,0.4321033603523646,-0.37664088142410823
79,-0.07844966333118884,-0.562382268208874
89,0.4453005839313625,-0.5966778442683881
90,0.5492678411420694,-0.5987452235890574
104,0.731392212977126,-0.36472648708312644
135,0.8368400676339284,0.45276606532811925
136,0.8389590854320936,0.40631507279425894
130,0.8465998705233204,0.5132705429802165
131,0.8511557143897981,0.490246096172109
82,0.07490189121892345,-0.6682723391135492
84,0.01745689800850804,-0.5740127735721191
85,-0.1676706161432872,-0.5048725953675206
86,0.21991949310946524,-0.7051753341144839
87,-0.41091164367181493,-0.498435374787632
88,-0.4253095101835149,-0.6413276808407056
124,0.32929400568992784,0.7637841635150777
127,0.6283508809384868,0.7900001237722909
129,0.7003909538709783,0.814385554880655
132,0.7627869230096292,0.7311113689676929
154,0.1456691311228383,-0.8645223777234707
120,0.0806884852111832,-0.704121853044825
121,-0.0316455905266823,-0.6603123038835513
155,0.12226929388606249,-0.7617081555155047
149,-0.48466758442743346,-0.38023029199471736
102,0.4463750265126722,-0.7860884858985988
108,0.29551340756202793,-0.8846260154369915
142,-0.6026240060250782,-0.4746969799123075
143,-0.5922195780548399,-0.32962092813488475
109,-0.2820777977500426,-0.8652417872920412
147,-0.7326676127564413,-0.6588655578500425
94,0.40319717724152826,-0.7946039344163641
98,0.6476791291488456,-0.5777846494767964
110,0.5692426186280994,-0.8112661388576253
91,0.30980595914760684,-0.8502432043605942
92,0.46314617789864165,-0.7121133969494584
93,0.3687072143449042,-0.6856799501086009
95,0.3954946336856802,-0.7611543181946614
96,0.19061103153221828,-0.9394753078793865
97,0.11778649068971901,-0.992216191017202
99,0.361533939179167,-0.5610997493344847
101,0.35522351491588183,-0.610994507503095
103,0.5132820014461732,-0.896273474203656
107,-0.04754285183325948,-0.9761326020585145
111,0.5660325642487404,-0.9211158681315598
116,-0.322131668757907,-0.2728424210330421
117,-0.26031023329054387,-0.28992303643559253
123,0.2087087516124525,0.7224146120523124
156,0.2064840012403698,-0.8256990705318197
157,0.12260991998304431,-0.8276072490131395
128,0.7717983680261282,0.7606359587065141
133,0.8565186957521589,0.666363212992969
134,0.8382281463791807,0.6062914345664843
137,-0.8400302923297843,-0.3995774402788177
138,-0.7178415469692875,-0.3764151958869814
139,-0.8182384594292468,-0.5240076472072261
141,-0.9493533933217548,-0.5039607966057108
144,-0.6709858961365199,-0.3175404262469519
146,-0.9603650006687137,-0.6030063446092182
148,-0.8885290248924108,-0.6404174903092676
150,-0.6282167829825704,-0.28959409008785403
151,-0.6524225961744,-0.13240252459213653
153,-0.9155596059258992,-0.6970044014984959
158,0.25031790243912994,-0.9652972662965033
