0,0.5777826987202069,0.19648159957051942
1,0.6037083645613353,0.2735535819861245
2,0.6468601536719378,0.19997232846209992
3,0.6029707038137173,0.34228632369487544
4,0.5513289538154316,0.36723188838071086
5,0.4593571662907248,0.08967364440264823
6,0.5553060552043049,0.0066720326777943905
7,0.5240412197898725,0.17256509839832196
8,0.5275683105945901,0.4081644160814454
10,0.5532940219649046,0.4680143436950167
11,0.42008076802418265,0.47788857342071933
9,0.3422082367452111,0.15687114950927877
13,0.2826333113526855,0.0008218527711634315
14,0.3700504741458632,-0.08003784092888035
15,0.7181477179711656,-0.10363785027883061
12,0.4261765568770699,0.5268370091551418
16,0.1658555688885213,0.11225186835147377
17,0.26069274363424444,0.3593634744483626
18,0.6543769488940414,0.5669511904934742
19,0.16436445653638498,0.5501097600026136
20,0.5740078458056835,0.5983548430610593
54,0.13060621540324968,-0.061517506065951896
89,0.18570994548567918,-0.17236228961841746
172,0.8119738605328672,-0.2233665849009844
39,-0.013466730888799716,0.18063250082233687
42,0.06541224136653803,0.2837110681806875
49,0.15521124404958175,0.37164199849569934
61,0.17373969549693832,0.4850596859810585
83,0.19330154439134933,0.41234249143916707
88,0.23351480937835864,0.49819594960141667
113,0.14549922963904596,0.7349360758936452
114,0.1384753458569094,0.6843177167434243
115,-0.0025905937538043306,0.5285006119864532
116,-0.10866023751024355,0.4666139350040195
117,0.09666349822471201,0.6510445529659377
21,0.5181141379870734,-0.6565643437949761
22,0.6328828112270575,-0.8153032797653681
23,0.3922079979156597,-0.46417688985756966
24,0.6828111669390505,-0.8689370000459593
25,0.7088676886589623,-0.9140751186499615
26,0.6594167486882878,-0.8853555298364435
29,0.43040124645536343,-0.5604213863244852
30,0.34577749702613525,-0.44544774661937603
31,0.36835392409469236,-0.39012594787943533
32,0.24397648717792944,-0.24439644749599787
27,0.5754137715750469,-0.7582274497666737
28,0.7345533462950307,-0.9573963956181093
33,0.2965987277702141,-0.4789266601488332
34,0.40976206109045515,-0.4281831039174213
35,0.22105149348188777,-0.3181930543039237
36,0.5428352209333835,-0.532736280584373
37,0.14278297296806966,0.02302327982240283
38,0.04810373342194122,-0.140060775234631
118,0.10184431895408615,-0.4082423404435074
119,0.6139152980706953,-0.40224115597001203
120,-0.0014939276452697742,-0.26142820325064914
147,0.5842407531567683,-0.6323892258139521
148,0.5917844508328151,-0.6066782099438346
173,0.6523373973358304,-0.609740797684769
93,0.0875112629623154,0.35069766621011944
101,-0.12191003614705467,0.031272391128745504
108,-0.18562578930078033,-0.09509583284957551
40,-0.0394892000995651,0.31397966594121396
41,-0.08769283698199089,0.3494389165672886
43,-0.014858066292564774,-0.027043179471616045
44,-0.18075894119124952,0.1790636046638991
45,-0.21183773118990123,0.3311680498624652
46,0.07789525752815722,0.4062287102689963
47,-0.08705807864792306,0.5742900198930789
48,-0.13416956882917372,0.507922923537949
50,0.16923714633530837,0.3513249289727295
55,-0.17799249937718717,-0.027809197384546576
56,0.0190448959168676,-0.20455070215325788
57,-0.3641585828187945,0.11821299306179807
51,-0.4393690942385049,0.24729039133841704
52,0.2653329946034628,0.4033778679561623
53,0.21483117672840613,0.42589582015781263
58,-0.020559858444339905,0.7536638303281967
59,-0.2781537905705133,0.7331653298476989
60,0.09627826264107606,0.29379666353104844
62,-0.4827054406874478,0.07745621802866078
63,-0.6338628741626176,0.3380653630834891
64,0.41727923069484135,0.38522473972095467
127,-0.1254427226801991,-0.20952742080630296
131,-0.3438726076034199,-0.054652350974814586
130,-0.06929310392311856,-0.30758134817568294
136,-0.0004923761049995982,-0.4047023035409122
159,0.09049475794238541,0.8297910482614591
169,-0.4129322951806942,0.8521631782456934
170,-0.34040269987845856,0.8669403356865127
80,0.2175905601264751,0.26652437527675243
81,0.06074004042602322,0.22772835017626686
82,-0.12279861438330453,0.2043919867735155
90,0.040438608935464415,0.5489819454013818
91,0.14548253693032132,0.5916129922410458
135,-0.5270238220959107,-0.03781948664650538
139,-0.6290764811086903,0.09616995304845641
163,-0.7158403089631007,0.28024761232451423
171,-0.7280051480370684,0.4373743071242749
84,0.3708686483602902,0.3112250824859391
65,-0.6092560811297487,-0.8960160825206878
66,-0.7544995016711106,-0.7441206915617089
67,-0.550249376808441,-0.9926680066977431
68,-0.5103810142195782,-0.9824090984171352
69,-0.4781241486199359,-0.968708987543313
70,-0.847126408164979,-0.5651606088168663
73,-0.4300559135075237,-1.0
74,-0.3805582293972639,-0.993235427353478
75,-0.34730291328631563,-0.9940171148030318
71,-0.8318412090617275,-0.38381880527920526
72,-0.9162254847116834,-0.49024826094762597
140,-0.701679617037167,-0.17339633677663782
76,-0.2944084850730766,-0.9900057064468389
78,-0.22578048675431509,-0.9941215960316333
77,-0.2003383209377939,-0.9734471735763257
79,-0.15082923200922863,-0.9686041268901378
149,-0.07799998868315892,-0.9565213152216503
150,-0.024156071033406026,-0.9346714701472465
85,-0.2557554404793377,0.24256585802311617
86,-0.17994703936845702,0.3047374113440103
87,-0.3549484650137459,0.07337037491699797
97,-0.12018222988795756,0.4189284987132731
98,-0.23230067282119699,0.3507836823296673
111,-0.41286712819339216,0.14558731204006153
141,-0.5049632037833857,-0.047904917016291224
142,-0.5141562104594637,-0.0990966902591046
125,0.08146335489071306,-0.39168817544360807
96,0.01060389821856558,0.5589034939606621
105,0.0628990760129364,0.6560472350063349
92,-0.0486485237683493,0.4213641694843568
94,0.09717499885710049,0.5358664735141938
95,-0.12267162075352385,0.26863361482803044
99,0.24482319161762167,0.6129814352190365
100,0.14637982139675493,0.6945989737437762
102,-0.3212025558942764,0.262421727652188
106,-0.42622762413876597,0.34149787471361864
103,0.39191228474833173,0.8210058695045039
104,0.34571379315456285,0.7515375767009537
107,0.2773238239274101,0.8517843844257118
109,-0.29758036423280876,0.06483177739821999
110,-0.4816280050791004,0.3297822779742628
126,0.4051861533853671,0.9225860957293646
155,0.4606223029582659,0.9525172031601828
156,0.4822445226871613,0.9279361340996132
112,-0.5817673010594934,0.5044533326391388
132,-0.40549018536130343,-0.016749930754254846
133,-0.35428329915445933,-0.0992104243489971
134,-0.21796155003801296,-0.16885381624439835
137,-0.44120779052440773,0.14554968542184343
166,-0.6902977429823247,0.5947234662163217
167,-0.6513503652200311,0.6447112742646274
168,-0.6774071901938852,0.6437237844981699
160,-0.35140257760435484,0.3685085799395578
121,0.09996509985636054,-0.48306593724409386
122,0.12717591460885033,-0.4249949569254512
123,-0.051766684225822895,-0.3829436000254189
124,0.7653055535757785,-0.34476154237266754
145,0.25525745919010595,-0.5396722311968817
128,-0.1434019275075866,-0.3216924084750076
129,-0.20635276449003276,-0.24002218685019247
161,0.023441423444092647,-0.5937509441854252
138,-0.6029565931818864,-0.03760310315338229
143,-0.6143985099927852,-0.18290999788062137
144,-0.5973939078722874,-0.1976658451084842
157,-0.6686467377904322,-0.2798737205794184
158,-0.6934970574590505,-0.2566648400142485
146,0.4591090295863071,-0.6073005403671368
151,0.003703887694450991,-0.8440969473510611
152,-0.0031559853918227843,-0.9779650434755899
153,0.00861411787386708,-0.9463434296415808
154,0.03350464152682651,-0.9822213559192376
162,0.04761893931310369,-0.9461764827949473
174,-0.5281189131250987,0.3152691673085333
164,-0.6618092922482489,0.7383716235352746
165,-0.5638698276994433,0.8589986384540818
