0,0.5526227421974654,-0.027494849054098863
1,0.6150695483727301,-0.0741516937929155
2,0.6264672255022187,-0.050273853024835315
3,0.5470127713911774,-0.04807919614053227
4,0.5999936372833371,-0.10211873180489654
5,0.4092778484889851,0.03652337387898164
6,0.5734647227981666,-0.12586985310379953
7,0.5981529535483062,-0.13368835284643962
8,0.5451890523512758,-0.13778763272077565
9,0.5358518010992477,-0.1165497948300745
11,0.1933373708779663,0.1306150759787548
10,0.477677321222815,-0.08852147323369185
12,0.44755566671659114,-0.07095102130026965
13,0.5007872543703374,-0.13881692117560723
14,0.3666750460823944,0.007136199815400337
131,-0.030694397787689245,0.22864870237336185
68,0.4108466194377309,-0.026868203998671555
69,0.3519769530571305,0.029955622965030248
70,0.21705274138539166,0.148245517102315
71,0.4217640692646835,0.005450662776460657
15,-0.19635881971514704,0.05040645501620974
16,-0.2972621156132333,-0.027261223688379195
17,-0.24639339012489495,-0.11788154977637663
18,-0.27476901889982774,-0.02976444471134767
19,-0.01466718876132222,0.24514167346342813
20,-0.18735811033689534,-0.005071279729740197
21,-0.233619460023782,-0.026099451271113114
22,-0.20816736912889197,-0.33861684875158
23,-0.2332341232734255,-0.048930398915544696
24,0.030589017804808185,0.38064597190061006
25,0.08736323848056228,0.2943053729664906
26,0.0553500925112547,0.3812105419684543
27,0.10067414868164876,0.2312971268244449
28,0.0974362756305476,0.21509657760566314
29,-0.06845442876581136,-0.0025786462891960846
30,-0.1390958494252621,-0.022356305241434102
31,-0.13799268927398653,-0.48483692113297744
32,-0.20227490960706182,-0.44082911153524473
33,-0.17981763396987083,-0.45777077175830955
34,-0.19507947003714776,-0.3654420893479322
95,0.07027709611119544,0.5062610685177237
96,0.0695108483826612,0.42938423301442796
84,0.11745529201573919,0.5097698845201165
111,0.055742658028390735,0.008554378651145054
112,0.0032304207632724265,-0.004028690779749111
136,-0.07024427183981957,-0.5978756848584524
137,-0.07640002036892875,-0.57200868462423
138,-0.11324610266630782,-0.5290484644509166
140,-0.24110581102993356,-0.44732301194742385
117,-0.11061319961047604,-0.26142764644453315
141,-0.24684059750556311,-0.40026862943090374
142,-0.22818100765791213,-0.41255170930778623
143,-0.16578364142869967,-0.3498970532783463
35,0.2154624764917208,-0.9129838562949251
36,0.13738118330855015,-0.8836194635411762
37,0.19370559759833342,-0.8712007626680103
38,0.16077269108692696,-0.9055145838958845
39,0.2862841590102042,-0.917791369494835
40,0.2629607277479842,-1.0
41,0.2329479540704876,-0.8986746421154229
42,0.2559763689570018,-0.8712059414562344
43,0.10849026480659871,-0.8919279287774668
44,0.08304943454759788,-0.8710809373312832
45,0.05813169144286294,-0.8741624510614195
46,0.2648311791877446,-0.9206082859501139
49,0.3068709695382992,-0.9757570354485468
47,0.03928775064933275,-0.8444190301373012
48,0.014883156132502543,-0.7951067142798539
50,0.0015389466811841868,-0.7564279803548747
51,-0.03267789709379134,-0.682359160458115
52,-0.027263758910333894,-0.7098694385437571
53,-0.7079497834819596,0.42802454670452694
54,-0.6616545011050573,0.387134049533715
55,-0.6548153527978674,0.3586715647552585
56,-0.709205669504927,0.3601344325389631
57,-0.6980377965163982,0.47919113409208725
58,-0.7513765819734535,0.49179685530428296
59,-0.690657609112268,0.4973637012007644
60,-0.5963251594520416,0.46581648700868866
61,-0.6560700472491685,0.2920832135612657
64,-0.6559211408605755,0.255853057977845
62,-0.4491638177274078,0.5340382004071612
63,-0.5425382109560228,0.5374275545201429
65,-0.5867952867633738,0.1807524356756616
66,-0.27011068435937174,0.5677492845632547
67,-0.4543091126887154,0.0923815608795594
119,-0.1378118729086048,0.53128324125608
120,-0.15794113745039812,0.5756309860429172
121,-0.2027457909693137,0.6034307008949586
139,-0.28047137096859887,0.04677707094404356
72,0.23244300545354005,0.4841776894054076
73,0.22599228453414494,0.42669388580038775
74,0.23010428086157084,0.34182637688381434
75,0.20867563687974572,0.45128194825378387
76,0.19405049823524934,0.525473412124729
77,0.18806125349790864,0.5704484045900942
78,0.2689141378545853,0.3867717228804027
79,0.20275908645513946,0.353027706869467
80,0.2855463075804722,0.3651745843311742
81,0.22340000757994313,0.24067700237158882
82,0.1539833430726827,0.2569864546996353
83,0.18312897873310188,0.1792872050087144
85,0.13693098710013898,0.5778128604631918
86,0.21406235879514293,0.34266180563634135
87,0.11679002550487885,0.25126961940880677
88,0.19261990020900754,0.10557785010027733
89,0.19504886382333694,0.25944365115353507
90,0.01957732404346316,0.15317983859601547
91,0.05648296173542646,0.20921955628880304
92,0.15158613058734913,0.2211955339975097
93,0.1443640081440896,0.05119527343540225
94,0.11392962595569167,0.051806316755738255
97,0.21238164675563467,0.4131399717391331
98,0.21328768066433693,0.4432682534109986
99,0.23276058732902066,0.4443391806455771
101,-0.010656268573611408,0.18009713518881887
105,0.17049193727564166,0.008765444477408364
106,-0.06547049002950105,0.20318929812404585
108,-0.05874604850526335,-0.017219601780604558
109,-0.0995610392309026,0.11455300437068143
110,0.08053885762556526,-0.04136865038796473
100,0.10501420304037752,0.45765036864569403
102,-0.041590083504207176,0.5099242558161173
103,0.03599986628516281,0.47756745380474364
104,-0.0321768369000185,0.41207410130236555
107,-0.1397489539515654,0.10372040425453234
122,-0.17095103737259074,0.09419670639702905
144,-0.18754493341531822,0.043199812065339425
114,-0.07644018648300534,-0.14916238900773485
127,-0.15783416040682405,0.04654170319825765
134,-0.10349750698756259,-0.06503340193730421
135,-0.0645669080230838,-0.127810783675751
113,-0.022248270378678263,-0.18467246589519537
115,-0.05768744589060576,-0.20364139605172632
116,-0.08365791176793591,-0.18743478578196443
118,-0.08357033143801484,-0.29202208315917644
133,-0.11426512284074081,-0.09338693371393787
145,-0.03652948000798557,-0.20288154255534546
123,-0.24471992382416444,0.16451896345181358
124,-0.23676681106768604,0.2481048234436727
125,-0.22090759671163904,0.1932985984337655
126,-0.27951487335601327,0.23936124299574682
128,-0.15857639896926043,0.27999142296430596
129,-0.16563664098872852,0.2545677706276022
130,-0.2197943702971967,0.27728604423435455
132,-0.13574893010406713,0.2916506342070279
