0,-0.2568073978336078,0.06053695349186548
1,-0.09564996235295785,0.0014723917186919373
2,-0.16814068878728966,0.020970911220182954
3,-0.40709245281326406,0.15343199274883554
4,-0.3210940335434562,0.036813661649545984
5,0.06569173541404495,-0.012149919449437802
6,-0.01893367828633077,0.004396912767205579
7,-0.2050330364354435,-0.018824241506920865
8,-0.07619253155125624,0.022333936139223468
11,-0.5638686027344741,0.2909844504498861
12,-0.4744097605005571,0.012569439998269137
9,0.13272317019570906,0.029032414864300415
10,0.226429959068965,-0.0007883558168459713
15,-0.2540761768057946,-0.11973643554944295
18,0.06209181088341126,0.07306879213605022
19,0.15879102561117983,0.1025636980459881
21,0.27978543903563613,0.06147911365462261
26,0.37165774582679884,0.018717417978651417
13,-0.6247002248162514,0.2445637838411823
14,-0.6699247318360336,0.43931153235010356
16,-0.5009966605209655,-0.11088665148671213
17,-0.6066327007137681,-0.08898245089137488
143,-0.7707830832075087,0.3604663056165822
147,-0.7176308546587477,0.6123930984724123
148,-0.7380214330225591,0.6045168218692576
60,0.09478323628988974,-0.21740255675113968
61,-0.666310929356439,-0.14589703504818027
62,-0.6364780593390187,-0.12897747630412856
99,-0.7270002264263118,-0.1519209679661096
20,0.12356994439473157,0.15053985777277476
22,0.22001932768701488,0.12245486594027295
23,0.10437967934227986,0.17413159165354228
27,0.19600994809142513,0.0736210382317397
28,0.07360402618743818,0.2464537629856592
29,0.184533145426284,0.1597744193931945
24,0.3597562614652493,0.09759442799940465
25,0.40745902561467684,0.04676226970681882
30,0.3545818594475985,0.14464092211193086
31,0.038958406572247535,0.09251091557673621
32,0.03513992123224008,0.22200426669833867
50,0.45446330981873323,0.1273715493420708
58,0.3463800426472743,0.001387433772906453
33,0.18866359675370425,-0.0787129016213416
34,0.24231596306438102,0.022974725733789444
35,-0.04032980325638392,0.29139634352040655
36,-0.010403119576119571,0.32186337702950135
47,0.5097869919094641,0.19215532377956532
48,0.4368185514540777,0.07762044372656755
55,0.3238592217629121,0.04434018353948764
59,0.16848445168174514,0.17222332312124874
71,-0.15726746579665957,-0.08220555352667214
69,-0.08191737166419352,0.2680907278331831
75,0.0260847614530104,0.29502407242804146
63,0.26131925618232,-0.1571097849721964
144,0.317715446858713,-0.020747553497478345
145,0.2568066170664442,0.1598149081958365
68,-0.17884169570355346,0.27977261441151186
83,0.1387365603265523,0.2976576678383729
37,0.6599329805437079,0.3339253801043549
38,0.6423087757046755,0.43702956288372585
39,0.6215400111545718,0.2794489888275902
40,0.5573659482441813,0.22533448743592377
41,0.5551632149075373,0.4759719641979142
42,0.5698350440447556,0.4243754836484591
43,0.6029733863024855,0.3664713663095459
46,0.5806466008825839,0.2985805088498659
49,0.5074065551454077,0.15146192782990398
44,0.4645682555851022,0.528293230689699
45,0.43959133045147664,0.4509954564109324
51,0.3809948434018582,0.46687869793267467
52,0.4015973790377657,0.5050233236539643
53,0.31962179643169564,0.3509780829438089
54,0.3547669579545722,0.3777604911885703
56,0.39104355800057966,-0.029199977731068017
57,0.32609848650883805,-0.09926287375098644
84,0.22697093527372678,0.29558035001233407
85,0.2523559065453759,0.2977057210438615
86,0.285288085574357,0.16365616620957685
142,0.35594702794860356,-0.05887640664005993
161,0.25209012554018234,-0.2558564789599286
162,0.23108977823256424,-0.24688122632972442
132,0.1086612326091952,-0.19988711347073246
64,0.29331392883448953,-0.32158024023093273
65,0.2622871538740952,-0.39107894344603605
96,-0.7892940458951744,-0.1929528673555566
140,0.37625521979111803,-0.2966438513881421
137,0.4018571594539954,-0.4637124321134328
139,0.40791326283777235,-0.41763292370675215
141,0.3605990661213712,-0.5227642992488736
66,-0.2289883450039467,0.21797263624657198
67,-0.17818962669015748,0.09979252771638072
70,-0.1685222513388208,0.2985066000721355
72,-0.21335907051760172,-0.08634344689084245
73,-0.21963826656164714,-0.04917964261733238
80,-0.35274175870588814,0.2139157934567908
74,-0.06083451403701971,0.4045836903683507
76,-0.1709019104698194,0.4523314222299016
77,-0.24262946172989755,-0.2566655876825505
78,-0.2451199356503325,-0.22809809850657567
79,-0.23378380696400936,-0.18045788085354741
134,-0.11365285681647305,0.5197306901612339
103,-0.30193106857922286,-0.38646767308172963
105,-0.27550433423836085,-0.30591912496045676
81,-0.45449392603762484,0.12800074720633742
82,-0.4301663544568405,0.13269222037444814
90,-0.408937250680433,0.008846050595547496
87,0.3369552033143234,-0.18762879122549941
88,0.3707073691517065,-0.4828654933361449
89,0.4373113621770941,-0.35139046124098905
110,0.495358172509651,-0.7103991274924715
117,0.23654969231984443,-0.5645062048784406
124,0.5415389477102757,-0.4127631276060747
128,0.5139369434537773,-0.45168275178166
91,-0.2805472963541055,-0.08708377962871795
129,-0.09144175636790557,-0.14835590591499992
135,-0.23244771692609462,-0.10358060782566776
92,-0.764861288178307,-0.2021919473631485
93,-0.8656128529484566,-0.21192576520483639
94,-0.8781828680151093,-0.17366978516247206
95,-0.8113628155045697,-0.1941359166190703
97,-0.6109269180073503,-0.24510891938328677
98,-0.680683594438108,-0.22276737849631315
100,-0.4254527695543918,-0.2818804015939103
101,-0.5642314012376817,-0.25155596842535854
102,-0.5782172320955884,-0.2860140820079728
130,-0.13347851998840923,-0.29309107228307774
104,-0.3679893330222086,-0.564148192681769
106,-0.4205094778593976,-0.6855425735373197
107,0.5744464212708921,-0.8030144945525008
108,0.5395426092771787,-0.8313923550769977
109,0.5942142044902182,-0.8174848955099893
111,0.6509483976690712,-0.8282281313086005
112,0.6039039294863385,-0.7430404939540305
113,0.6550313178213374,-0.8523887152926195
114,0.577253357259791,-0.6531985548023994
115,0.517478704721067,-0.611388383768514
116,0.5492598436093187,-0.6823298801440435
136,0.49324980875463764,-0.5465222681829411
138,0.45814790258717497,-0.5890357884537185
133,0.10284418709799445,-0.5151694696456437
118,0.5008479873195888,-0.37600145422372955
119,0.5027370354601697,-0.34650089065620604
120,0.35939728958034,-0.3217169013038371
121,0.5934986011477505,-0.3908756671123864
122,0.5532292305330109,-0.3754287317333844
123,0.4220160689130991,-0.34404465225054387
125,0.30612801732549355,-0.2989497428407438
126,0.28413615925520225,-0.32888849020957955
127,0.16225675300966821,-0.2499324224225372
131,0.020584776168725383,-0.36427813106724427
146,0.4146115702472482,-0.15204233288591887
149,-0.8860133619272671,0.4996660755610932
151,-0.7532605833643954,0.7614872792494685
157,-0.7869085525562621,0.6540510530843718
160,-0.9489850625433255,0.645340060241907
150,-0.8195436389815359,0.8756035795094239
152,-0.7584161447011726,0.8596550955383229
153,-0.7866609977845388,0.8860090798573733
154,-0.7906782639045027,0.8432567185056684
155,-0.9037392385677275,0.9072385044499143
156,-0.8523787151402459,0.952006354284192
158,-0.9523435215961151,0.7867740369926951
159,-0.9110479523409726,1.0
163,0.19354103047117685,-0.3507919927900477
