0,-0.4377804907630642,-0.04073028963204459
1,-0.3563110927274526,0.06673494944024126
2,-0.40708883799662027,0.016315286801753866
3,-0.5115660960579778,-0.13561353431216522
4,-0.5116246593773482,-0.07535687879319508
5,-0.46023470522463467,-0.06042937481241741
6,-0.29539364861282663,0.1859519058427581
7,-0.37712090713878643,0.07735536305461975
8,-0.3148951378151998,0.14429893585158077
15,-0.5877668908435273,-0.17429689326244982
16,-0.5881800524891231,-0.2261174181802859
17,-0.5480773590986555,-0.1758813259910054
18,-0.5931395396693436,-0.07210829108280065
19,-0.5215253056913779,0.03215432749236201
9,-0.23336352740063648,0.25473870303097373
10,-0.2718710063383555,0.2511062927317275
11,-0.20996150538249275,0.32727572445837316
12,-0.25029838328178755,0.24942666518222556
13,-0.3817435866764537,0.1630294909728648
14,-0.23086966317454138,0.28702914731366724
20,-0.09179951120811553,0.31995109770576796
21,-0.20122023965857053,0.26999420037425675
22,-0.16569379261991513,0.2891743448881455
23,-0.3196772287672477,0.2207682619040175
24,-0.35335082643560795,0.20931734402653085
25,-0.17150989446853238,0.34507581797043985
26,-0.10096386972031648,0.4270361549499357
27,-0.14200481099226125,0.3971582421607698
28,-0.5012576904789978,0.08493143184397381
29,-0.46602325530129757,0.11686138977822283
30,-0.440154558170818,0.13938697447047196
130,-0.681800152719155,-0.20012343215850095
139,-0.6200595576960771,-0.28015524493674293
140,-0.6165662784151058,-0.25713677623707665
134,-0.675683913557091,-0.29173987314643274
131,-0.6725310858917067,-0.1710694752551647
132,-0.6655827236649394,-0.11403894086341064
136,-0.637626339267407,-0.08402820374566033
144,-0.5920238266814015,-0.012728543061963539
146,-0.5603704526901965,0.019853449269471652
31,0.07297053119137199,0.27305906578499656
33,-0.06555525558142307,0.29606513030274484
35,-0.06025034939553438,0.4360335560155263
78,0.037552901485470795,0.49897965206332384
80,-0.02817440176846558,0.4826389036880232
32,0.01889021298355027,0.3296707696428853
34,0.28448008032496874,0.18284423489169546
36,0.4861810120989981,0.06512778625580574
77,0.05874982690439128,0.519523517005766
111,0.5816464075928619,-0.013012090523243888
112,0.5693183679443723,-0.03586672296758634
148,0.6064616173040748,0.024739155693625222
37,0.555326266493284,0.5321860618225545
38,0.5068171653309909,0.5656953238155162
39,0.6138601452999533,0.5415300939431488
40,0.429895166629969,0.5523753819270699
41,0.4968606532811424,0.5251031669105231
42,0.5631302632278797,0.5807889790252591
43,0.6616971817167582,0.454877232022033
44,0.3922131812707762,0.5640771501957792
45,0.6950082938745916,0.5338034667640288
46,0.2909993217272187,0.5571727804987365
47,0.34863901735758757,0.5246294794829971
49,0.8007735123573292,0.31979985920411386
50,0.7103054462640843,0.43882667825439636
51,0.7624302288021125,0.4073196086076278
48,0.28114447398156456,0.5787665146628738
52,0.16196007209111543,0.5543548785849006
53,0.17974585876347904,0.5345356914535382
54,0.22574134549450922,0.5611841368167064
55,0.49443335907599295,0.422666640087616
56,0.9151055038147323,0.1665737098863898
93,0.6104386802814746,0.4339142794338556
79,0.09970837242569096,0.5408769072401718
83,0.5275863346047884,0.3136710601859055
87,0.5431508066947945,0.3496860772785595
89,0.5638624579795763,0.37923465162527725
57,0.9816698017757145,0.07963688358853885
58,1.0,0.10296942183581485
59,-0.0999020849820873,-0.47908524349740045
60,-0.056260892690384416,-0.41871486925965395
61,-0.0636719317800503,-0.4918550993167182
62,-0.058776178892765735,-0.45668058763610697
63,-0.11389361436158373,-0.41363987896775917
64,-0.12143618926676433,-0.45937559512329923
65,0.02812955308728352,-0.43389745226451537
66,0.0017052165705640169,-0.44697961296190997
67,-0.0713573162800322,-0.2984242454331828
68,-0.12584199694919435,-0.3803996719173708
69,-0.13282212113020916,-0.33280301161933273
70,-0.11279418859518148,-0.3401935785112736
71,0.04089623764960051,-0.3825515522638027
72,0.09437925630690266,-0.40073971501732214
73,0.11593144017952461,-0.4023190195118231
74,-0.06270680653581884,-0.14833041537054245
75,-0.1059205153841897,-0.25710599218833796
76,-0.09399035677900622,-0.21590981405473703
126,0.14841897571693713,-0.3834024092123313
120,0.18375025294485037,-0.3405100245520899
121,0.1670272216256142,-0.3518398071253063
98,-0.03238394689605471,-0.01245049491876979
99,0.013389888126394876,-0.04520696754917305
81,0.5418208712726086,0.26294271170388056
82,0.5378625618485714,0.23168784036607118
84,0.554080029266614,0.2936203264468342
85,0.5212506802625736,0.1725237208410109
86,0.5101024770811947,0.20447751382843116
88,0.49382167850174524,0.1460473086057418
90,0.4644772274732022,0.1215251180463475
91,0.47535200776394165,0.08191349166984316
92,0.4280750142847641,0.05997673407569835
94,0.3959057211864068,0.03642887268953472
95,0.3658291841129653,0.011989338733041727
96,0.5178253409854814,-0.06326452196761373
108,0.3656653545196326,-0.036799154084039484
109,0.3196246662274974,-0.01411418796808163
104,0.27918919477478904,-0.06123867135351087
105,0.28393475245275585,-0.0216458993660097
113,0.5629548208171177,-0.09435572899349091
114,0.5166473100918142,-0.1234025906786116
115,0.46432348779713456,-0.16826995272485723
116,0.4885515056301736,-0.14853528130044255
97,0.07170484948949007,-0.01433335188213928
100,-0.0153829056074528,0.05573910836321625
101,0.1877939465410304,-0.037520222082846166
102,0.16439706239609894,-0.03845033635560922
103,0.13785915229440895,-0.09356876896874143
106,0.22398488805298167,-0.04079237451533871
107,0.2159659775325366,-0.24993293713230552
123,0.33208114246944015,-0.1942162774621626
117,0.27021016788271085,-0.2766915643694482
118,0.3203433640785282,-0.24128770403091532
119,0.3131584807254281,-0.26300500778699726
122,0.23547709543492434,-0.3164837299889764
110,0.40929328951720007,-0.16263146496413675
124,0.3997874743367869,-0.21042816104816717
125,0.3873421245955145,-0.2298909198152885
147,0.648847922029763,-0.009600524688737637
149,0.6462109127359428,-0.03199006933835414
127,-0.7285232695566592,-0.20141452638545224
128,-0.7291545116809927,-0.25939920145491974
129,-0.7456694308320899,-0.2985374243522615
133,-0.7687961325259294,-0.37057216220338235
135,-0.790091573776876,-0.420307248566324
137,-0.7410734146605756,-0.43885764075816724
138,-0.7774020856685414,-0.46813355573159127
141,-0.7209946604160068,-0.42409548204464137
142,-0.6899596697824062,-0.38338531273677384
143,-0.6721357485301309,-0.3539159917627823
145,-0.8029699369988439,-0.530826964914944
150,-0.7371681825085856,-0.476450723235873
151,-0.7708934874317576,-0.5431397257764469
152,-0.8227532756873164,-0.609733428576403
155,-0.7953716458516453,-0.6046000103753254
153,-0.808466515451142,-0.6438409228987279
154,-0.8340943328988095,-0.6339157879650779
156,-0.8527823158191353,-0.6823115935423123
