0,0.1006727874465586,-0.5887428510499728
1,0.13650715791584195,-0.6590059254119742
2,0.15976647732541116,-0.6513469576570936
3,0.09961620783349043,-0.5492546799701907
4,0.0738559828916337,-0.504220356586651
5,0.05442181233214844,-0.5055685535860929
6,0.17244339882985282,-0.7391371937081852
7,0.20923198690690684,-0.7076533953581773
8,0.22704848926795512,-0.7289472019103431
9,0.0966748634708219,-0.45244814129844557
10,0.02676861528086399,-0.41042716452098627
11,0.3114822767614498,-0.7149615007331095
12,0.15754444022191957,-0.33511240815683246
13,-0.1561764837106322,-0.27856119831988313
14,0.4259263944946324,-0.6580900518020263
58,0.1879370926101646,-0.17268808265333296
68,0.3004814221399,-0.30643096431057826
66,-0.2269622598799274,-0.17944780539979532
67,-0.23659800042041207,-0.18936689916696756
124,-0.26047568791568465,-0.22042564275053406
125,-0.22920087368251557,-0.3063684784575664
27,0.5075546949566254,-0.5523354503291976
15,0.5512912097250786,-0.2875857070997447
16,0.5160570664988501,-0.2170844795002125
17,0.47973420563822733,-0.16407308150018793
18,0.5497944815189812,-0.30613558355546616
19,0.6172342845834011,-0.33104171986551395
20,0.5985635746965414,-0.3437552739748355
21,0.5502854725813419,-0.41059139049990834
22,0.4506484074042278,-0.12049445488500322
23,0.46504758756422515,-0.17973373535359657
24,0.37195037086396465,-0.047954043716842296
25,0.6050597639999588,-0.3790379685694522
26,0.4308384578084686,-0.051486333842161294
28,0.24335516780910085,-0.025380784568862017
29,0.360527125221158,-0.021830938329325953
30,0.4223901359696042,-0.011783592864893121
31,0.23648556296069637,0.13668565945736716
54,0.1491885601933677,-0.10085344063503522
60,0.1695257127101946,0.1563579456117429
61,0.15167878976953467,0.10886882501075112
71,0.1831750462845119,0.22988671471480998
73,0.15668132645525415,0.3007122535479582
32,0.0106423812096795,0.31963405656958516
33,-0.06445396196988029,0.2581485021376109
34,-0.04489544940556073,0.2722116384065814
35,0.04663639323465725,0.340775682369561
36,-0.09299973658205453,0.24887170374634413
37,0.06220683926978844,0.3623470755741502
38,0.12397714300654353,0.4135685286514102
39,-0.20919549201800727,0.1522929726777428
45,0.14849635431727365,0.4393004158600223
46,0.20524609306600067,0.4948491312121872
47,0.21084528133603891,0.5273977242883001
40,-0.21086419797359207,-0.029993186296849914
41,-0.40252572051045615,0.04243940764721541
42,-0.35118871719975897,0.13466824310809222
43,-0.293992946649573,0.16384735168427655
44,-0.301571550209025,0.18568503249630566
48,-0.24291998642714133,-0.20108697899030833
49,-0.2149922659233177,-0.08806304429603308
50,-0.48362568543085704,0.12207202709430641
51,-0.462458550457336,-0.12610554566471743
52,-0.5332240244065387,-0.045554301564099745
53,0.2313672603732405,0.5500272357131311
128,0.24758915473024365,0.583923371711575
129,0.244619280148032,0.6212746622729983
85,-0.23423259590823156,-0.1262804396690549
86,-0.2633228003597823,-0.1073971137439026
87,-0.2957085127470064,-0.2898774734184221
88,-0.3207917720252417,-0.2752483558941569
89,-0.26250332752625516,-0.3092899938338236
91,-0.2655391499392025,-0.06343430819561781
113,-0.5183029982828914,0.2631620852559952
116,-0.5444910590475271,0.22882425484826824
95,-0.3750443641373922,-0.24326736887318726
96,-0.41213804742786375,-0.23578709211019805
112,-0.599430597549558,-0.14589680649250825
108,-0.6728689153809604,-0.1599786690400249
130,0.2752775558243743,0.632275641397324
55,0.12724041316482357,-0.04875597202671528
56,0.12341624412863411,-0.03155554083756116
57,0.041476536184517396,-0.1535157936234387
59,0.11989007530437214,0.04800963225741271
63,-0.14390693126905735,-0.14891427532823148
64,0.32590850048605846,-0.17334522653605502
62,0.07093565197929852,0.06258515269366226
72,0.1311937647383221,0.3005503811500497
65,-0.2602969604228381,-0.1340961137244353
69,0.4052160282035831,-0.19098406925441191
70,0.420589837680995,-0.14775499989580668
135,-0.30578979347998725,-0.15393577952534895
133,0.39670790288952096,-0.26057007943243793
134,0.37927261306042304,-0.2708646421205214
141,0.12608871155059798,0.4263831097110448
142,0.11756987282627107,0.39783191341693264
143,0.12636144583734757,0.46458311686823367
74,0.1259882426981991,0.09533436187697375
75,0.138743566848856,0.04383525616361326
76,0.07462048792046246,0.09122412465691719
77,0.18951015920760647,0.0591425674813968
78,-0.01643587804955796,0.16633400239949914
79,0.001757728677793301,0.1516607547651235
80,0.3184194918512673,0.06227270739117914
81,-0.08758203717315208,0.21406909242300176
82,-0.10691544528561062,0.23378796606534263
83,-0.12571070775029922,0.2551356462995241
84,0.5489987749552432,0.07048379964144733
122,-0.18327478257169416,0.3022944804870704
123,-0.19923596645461034,0.3202446520757785
138,0.7003778991688814,0.09048295370704469
139,0.7088634858019744,0.07733054106870563
90,-0.2903460422268877,-0.06832301013213915
92,-0.3095032867760442,-0.03540314818109395
93,-0.35927685110738444,-0.006087120860916804
94,-0.3230027796172514,0.0016435662760771398
97,-0.3607542155467279,0.024007299999419692
126,-0.38366269554702603,0.04200232133779457
127,-0.4684476418993906,0.01065610725049085
98,-0.8396650505171557,-0.2174721807984306
99,-0.8115216275127417,-0.2544026151256186
100,-0.7661763150660107,-0.22078289326355838
101,-0.8427738517165858,-0.23585859658974243
102,-0.7786034691436137,-0.20939202544511065
103,-0.9024933776387084,-0.2316119760397291
104,-0.8513522777888212,-0.1706706842343247
105,-0.7363784547200021,-0.22136960352236892
106,-0.8932560094578715,-0.26858620229731367
107,-0.6997307449547824,-0.19226661950328275
110,-0.9084910047527323,-0.21433732476006215
111,-0.7575711767987842,-0.08206773854520857
109,-0.6744945297053055,-0.20239925246677382
140,-0.6295319942020511,-0.024467005283701927
114,-0.4762798082849881,0.37198085852940443
115,-0.5466637542958178,0.3188376267262235
117,-0.4250180285481709,0.44324623355927856
118,-0.3722517222332042,0.4094078488214402
119,-0.3404007368379261,0.43268060812061765
120,-0.2715648005883767,0.3860311619241903
121,-0.2812419619474868,0.3726247710215987
131,0.22115480806024035,0.6526581597261732
132,0.2252631970469099,0.6977478618056788
136,0.15300537305523837,0.6138997277726705
137,0.16736746608871853,0.6519298743928095
144,0.13368385502279076,0.5510109298682315
145,0.1193650055255553,0.5099103261021181
146,0.12919838753847418,0.587945237615551
152,0.8148264066020275,0.11094636857270092
154,0.7907953808882426,0.09019804061038833
147,1.0,0.15943976411646424
148,0.9765822146229728,0.20147746170635086
149,0.9805257993795395,0.1717302627992201
150,0.929940935697535,0.15438662127823324
151,0.9553279585119221,0.1293407862141614
153,0.8817640723288862,0.10699041752337213
