0,0.23149767381268505,0.27033232507984334
1,0.2291351188767508,0.3639318309709443
2,0.18577189416968545,0.17266508286180635
3,0.27128147083681037,0.23984233491527354
4,0.40800220073852017,0.3963200570344861
5,0.05267882683325839,0.36734014844110774
6,0.1794456284827637,0.3081349823763607
17,0.16640698123450706,0.12286831795705888
18,0.08453126027622163,0.05746591214649161
19,0.21307177830211668,0.14644428760517333
7,0.5340612954314439,0.49762125154260184
8,0.5465548640543999,0.47776930570691684
9,0.5097482516318048,0.45872866181886074
10,0.14362461387757267,0.30454460336810285
11,-0.13066728359157753,0.4061294462225912
12,-0.0024937193523869782,0.3744245944928894
13,-0.06147648703326217,0.39481605839365314
14,0.07130043559624824,0.356744270311365
15,0.3311853613968319,0.16051421386641118
16,0.13690537580852935,0.40516900541368656
151,0.6294791378309638,0.5547507733546454
144,-0.25772991747945106,0.4446123318484048
145,-0.21670398416938183,0.41241032136587447
146,-0.2875590265093542,0.4127196932375672
104,0.5005300773164149,-0.022107295832439387
105,0.4707846806184146,0.05897032439668972
110,0.424073059035633,0.18314698626789783
153,0.10410697704850534,0.5153748868953919
20,0.06321716508655438,0.014331498023971835
21,0.12470857243576426,0.06106514851724237
22,-0.01373626291099142,-0.055271525599125924
126,-0.028999661908271693,-0.08072655057529793
127,0.04227121218105843,-0.021599846118469195
102,-0.1141228564953535,-0.16171267320417124
128,-0.08754032904316787,-0.12824168668398567
129,-0.07320851434730626,-0.10482480314189326
23,0.47889373322894985,-0.34025365262817087
24,0.7214826649554485,-0.37812204762061086
25,0.3068268866882243,-0.29633232688409555
26,0.2889312755479356,-0.30809552864263445
27,0.8661200326374843,-0.42526762399574114
28,0.8454573764592884,-0.4103411116414957
29,0.8532489040460177,-0.3840940631048239
33,0.10858627609837984,-0.23326888759159606
34,0.20641008530998634,-0.3097681847876049
30,0.8875315127037927,-0.4624419377786112
31,0.93068788367741,-0.47169466320359144
32,0.9133170444219579,-0.43105022722145375
115,0.804745146828996,-0.42066088956236325
117,0.8490436255735779,-0.44014729379367884
35,-0.05996667041960417,0.05426248167423665
36,-0.036754617292401134,-0.41839910277141334
37,0.0631955758391459,-0.3618907793333246
83,-0.026278244668499727,0.24912006268788597
131,-0.15927956955214673,0.16976329980174715
132,-0.2350338005316487,0.155913478418464
136,-0.12743080874312687,0.16768479623340926
98,-0.16967810322683946,-0.2799287280579284
139,-0.05856606819073475,-0.5516847695942647
140,-0.12052776549261358,-0.6311958877234091
38,0.10580245289647212,-0.24574756830685265
39,-0.03139444502696714,-0.2927126229660409
40,0.011601708577244877,-0.302054667919036
41,0.2275721280582633,-0.16879897995584556
42,0.19270352073014457,-0.1444208773771427
43,-0.09454396562858323,-0.2964845203908562
44,-0.1463847854028165,-0.31508833231886524
45,-0.11471673163366135,-0.28343715295325156
46,0.01916865657476492,-0.2491476740843177
48,0.29348955740947574,-0.06576438843363344
49,0.2851422051025605,-0.10779783659390271
50,0.3109752883833286,-0.0017618659124004792
47,-0.26032660940191354,-0.2805180307456051
51,-0.35381729693874964,-0.268405865230588
52,-0.4031821883673314,-0.2629379847437024
53,-0.4267889551689636,-0.2949303324681798
81,0.3474183944890447,0.005565690852690807
82,0.3656411117996264,0.0658828309937124
75,0.38394603932502863,0.15578965485314408
54,-0.5040938254512733,-0.3040458249081352
55,-0.46891240486181845,-0.22932081976673435
56,-0.5266397677425574,-0.38186642316964575
85,-0.5883198233523884,-0.38610774373125084
84,-0.5912385204135008,-0.4317562687180956
87,-0.5543408128167766,-0.49606789965726433
57,-0.10701961456735792,0.7857219732250519
58,-0.29474962398423854,0.7668039066264652
59,0.032695616378405915,0.7304435604113942
60,-0.03193545030422442,0.8254920610880957
61,-0.020169092702683897,0.8064825940655926
62,-0.4748856410249777,0.7097348699517935
64,0.17747114716586812,0.5651866857410893
63,-0.6402550060744434,0.6214618658679387
65,-0.7856742379509349,0.5106363991576447
93,0.3131023905333686,0.3827131997711925
154,-0.8803190769622057,0.39437756813911556
155,-0.8782142296767261,0.48102208914380096
66,0.3640989842292865,0.49853689683528224
67,0.4103438920866598,0.4738827965530223
68,0.4074175446797711,0.3486674583610981
69,0.4058494386246593,0.43121683327919585
70,0.43834302691011595,0.454813599223809
71,0.35934224586823527,0.5396981393135413
72,0.2701199340674457,0.5337242441364711
73,0.30284084740237155,0.5786013607278164
74,0.31393006147319363,0.5976467930539646
76,0.42385520771348045,0.2914357400524527
77,0.4137291370041371,0.21501739793371438
78,0.234796688922133,0.5662744646233764
79,0.13803121757791245,0.46190846216531983
80,0.22119985527499342,0.5871175125646604
86,-0.5922871829561417,-0.4965913700914167
88,-0.5693686563092762,-0.5770385562375215
89,-0.5634529081140237,-0.615561987495317
90,-0.5280222747685925,-0.624142571371831
91,-0.5154835392808916,-0.6680361218884686
92,-0.48926926512847185,-0.6978104332094212
118,-0.4595359820083855,-0.7115052815927977
119,-0.42455372086236237,-0.7395031873289329
120,-0.3937963437109767,-0.7737246275771938
94,-0.5930393988819087,-0.043555466585220894
95,-0.47900935241271625,-0.14570680662316693
96,-0.6421217233861273,0.08240883674800233
97,-0.32052118840129684,-0.22329770938095297
100,-0.46473303425155504,0.17396175506192815
101,-0.8236858151033218,0.08081876373745754
99,-0.214591412031602,-0.22285261954015317
103,-0.15678335963203585,-0.20220067007329828
130,-0.31107883669807784,0.18238041911270148
134,-0.37526215322983764,0.2244906540315985
135,-0.3704977701668049,0.1933356455592439
137,-0.4307799373365242,0.2772777702355622
157,-0.9426222026969424,0.10738386900028507
158,-0.9255905262111254,0.06377903474414745
106,0.5645007188768704,-0.08272641605606615
107,0.5172125689729213,0.04350639916031102
108,0.5996866587955033,-0.12863469596565313
109,0.6055287032700036,-0.16649637967964
111,0.6615408674357914,-0.23361309942376463
112,0.6901104325719151,-0.29213197268204594
113,0.7194215551678196,-0.34961717713759766
114,0.768410580535153,-0.35259461841172113
116,0.7717856063016808,-0.38707495680081616
121,-0.35073639017500546,-0.7712033752664291
122,-0.3177694778059062,-0.7769064279788173
123,-0.3031988492565724,-0.8066485061971669
124,-0.26333947764688015,-0.802093911128682
125,-0.2490541380771531,-0.7810546997620078
141,-0.22046844332582938,-0.7512628694270961
142,-0.1851022326185962,-0.754707716144335
143,-0.1628634704328267,-0.7418536573935182
133,-0.22142465960046315,0.18918142506021585
138,-0.41869472850644196,0.3278461148192563
149,-0.3949437078997679,0.37575932240383303
150,-0.43124620831305555,0.378712625825923
148,-0.3524365700573701,0.3947626080693716
147,-0.3635085553291195,0.43305249072538166
152,0.7197425539714783,0.6237077598503269
156,-0.9378094640976964,0.24812100775884752
159,-1.0,0.17987820067755234
160,-0.963061728952286,0.15628953135115084
