0,0.0827849390979277,0.5844317534871909
1,0.021495811227195682,0.6344464587334551
2,0.08249859981093766,0.6011779103680319
3,0.023689707091325028,0.6021583002245084
4,0.033942520200188696,0.5819668006184224
5,0.05929305186378261,0.5668563985262551
6,0.2019131445098195,0.5775381564551956
7,0.15413586861931627,0.5286399139330107
8,0.11052448515813233,0.48022766869367717
9,0.09322673080928014,0.5613299861086442
10,0.10637859989739326,0.499423925133553
11,0.12794416234176303,0.4981311839776991
13,0.31477802340677313,0.4775294543165242
14,0.2008091383717629,0.36683014067564107
15,0.1921365541541267,0.3354301149204569
12,0.14105255022296,0.4434820951513094
16,0.13130772547297231,0.3337949548815618
125,0.1752139335643302,0.295197110861512
17,0.4377323340851451,0.31123971815516116
18,0.4212217809180096,0.4421710072719265
19,0.1998853696670237,0.24116162256328427
20,0.22985746922962452,0.25272744991295176
21,0.2583538432378461,0.20639184561207205
22,0.24955268801552907,0.1792269201239197
106,0.06707751363624939,0.366776165770094
107,0.14922000443883943,0.03818422656393345
126,0.13926453547628181,0.4153744375065779
145,0.544190082429801,0.15790853879461514
174,0.39689221531352686,0.17755666949326868
177,0.4957016559567393,0.1916199379901805
176,0.16945231300991662,0.11212567443461918
179,0.18905960680281395,0.11521023824453236
165,0.2313448098413159,0.01837103766911847
175,0.3011946803699553,0.14757800952736078
154,0.28314153389552754,0.02129643674167567
23,0.8923175773951073,-0.18644906800424604
24,0.956226905841543,-0.09661616372005823
25,0.9782452672021031,-0.1285214632197927
26,0.9573545523024126,-0.1762951677235293
27,0.96620635394311,-0.2079587895830484
28,0.8767987545973103,-0.23021559061477417
29,0.7210155331195836,-0.2529611804044182
30,0.985901328712326,-0.04421705002324176
31,0.9999999999999999,-0.057591423343423515
32,0.9091123659185615,-0.008764832320748588
34,0.46831287491431495,-0.2975880713351503
33,0.7411719167217523,0.06189891363823377
146,0.5639259688949291,0.08553081882335889
183,0.6457154627478853,0.11180199689017219
35,0.20039290873496896,-0.29234216638234856
40,-0.07727708702257757,-0.23817888646560115
36,-0.1433757466974597,0.0730582834824862
37,-0.1331246653882967,-0.06223715209141164
38,-0.13761859030391124,0.13298404660835864
39,-0.07504888228234813,0.18015874198152496
41,-0.17743036394643288,-0.21899227442235158
42,-0.08742018414093405,0.0536931828948872
43,-0.11588901519354516,-0.17802043423641387
44,-0.2003605528996233,0.21899183053481666
45,-0.05629444403602574,0.21951718211424434
46,-0.15773083383641112,0.27927332988564424
54,0.02771539776637552,0.2269900714765823
55,0.06336467439646978,0.1914330595819903
47,-0.27282299702613205,-0.23381602646220306
48,-0.20830218800617714,-0.2957616372390718
49,-0.24746598330763586,-0.29774004916764835
50,-0.026132139226347974,-0.03738606860711583
51,0.0033691426096038872,0.09703710035487742
52,-0.09421662988112371,0.17540569847518442
53,-0.04469531794974657,-0.15893053809919705
56,-0.3807976427567293,0.19804014962252872
57,-0.2756019576414408,0.28269225931691555
58,0.1723476940007144,0.1337161853066492
59,-0.12364973556178475,0.3387112419230941
60,-0.2120932323951323,0.401327209507866
61,-0.17204748724268576,0.39340155694060885
72,-0.4892812154834824,-0.11350173809066784
73,-0.1973022192650404,-0.30737714924866044
74,-0.2713334682443986,-0.33361668985487786
75,-0.3155443637171969,-0.40448644087330565
77,-0.2499824639522062,-0.38024083235008477
83,0.06463749537320482,-0.02660451445904263
178,0.08350859075275366,0.05120203830224495
180,0.14355536922747558,0.07648936201368761
181,0.07616666663362427,0.14434614162833506
182,-0.03406073540745445,0.21874802895616732
82,0.06522060773479013,-0.1006032744095765
134,-0.4600493394880818,0.10072767886815255
137,-0.3864037572231672,0.2585845985016151
138,-0.4536634513359641,0.20665941190440526
139,-0.4775294401379108,0.18352800270817685
155,0.37638211468819777,-0.004074753106728221
184,-0.17193034581648828,0.45160613803255806
147,-0.318931075870533,0.39870283509767107
148,-0.2505475804152701,0.4786536719340579
62,-0.925661645918774,0.24097882482407898
63,-0.8983350586265154,0.2759065964925633
64,-0.9290216096904779,0.3238407728962275
65,-0.8310627479110717,0.1558250003792597
66,-0.9064842345331265,0.36090160939508115
67,-0.8489245084535535,0.30511276275361865
68,-0.6794514428189634,0.012900608268936312
69,-0.8517169947411614,0.37489921765392475
70,-0.7529435147037454,0.200789911677663
71,-0.798200815302748,0.2561886120977165
119,-0.7802695763397879,0.30586401450789086
123,-0.8262051655097332,0.40894387107019337
116,-0.6892480659366178,0.06894320066527723
117,-0.736954295585518,0.18146965843952495
118,-0.7053075420289627,0.062427210731092565
76,-0.2862144046158612,-0.36028623218056266
78,-0.4588636214306384,-0.33556149883173503
79,-0.37781666233868444,-0.4984234025689201
80,-0.35038713191385384,-0.5517177378882182
81,-0.2844425744385467,-0.2567843195003507
130,-0.5208274149952946,-0.14334286689261655
131,-0.5631645867057861,-0.25366720521182706
132,-0.30278599733379463,-0.6486755931270948
133,-0.34857170172845403,-0.6672557521637174
101,-0.14136330917360745,-0.15799914363421666
102,-0.25473000122872624,-0.1985130717757793
103,-0.3125420508547582,-0.22191753527549563
114,-0.40215009885911523,-0.29153995243447267
113,0.07034890149128878,-0.056044218602290315
157,0.14612918337553782,-0.005990039621868972
84,-0.09188655531138402,-0.04394814542463199
85,-0.013356852714021476,0.05157388298707017
86,-0.08184978700978975,0.073457834502579
87,-0.09718054057035572,-0.08428137204704934
88,0.013624777203269128,-0.11960576968167724
89,-0.1767025417618857,-0.15889067319885114
90,0.12040858567277907,0.08783334201886467
91,0.017692617142369714,0.12383742872904092
95,0.004016442441505382,0.24519400066817698
96,-0.09367300926875033,-0.12653593872185903
97,0.030830343571682708,-0.06450396283489875
98,-0.20879740242361278,-0.16852551177942363
99,0.295305620595873,-0.08319197517791616
100,-0.096316995499979,-0.16560172607219334
104,-0.31720879802217566,-0.25570609512139103
92,0.04303388909880368,0.17947922540048641
93,0.06757478367863305,0.22868695694758193
94,0.3242198749669714,-0.051996002850095854
105,0.08008082179682047,0.3056554212878247
109,0.37591339590345196,-0.1410493893775702
110,0.4327212850911552,-0.06924200678592736
111,0.4238943279400602,-0.04508235049166981
127,0.42683040873798556,-0.13298982902369688
128,0.4117460626507969,-0.10095719636582946
108,0.16397009626967352,-0.03414684065170876
112,0.4536565953872981,0.014287720315569954
115,-0.4373871029002384,-0.3944156686180615
159,0.1912496301233157,-0.11554818062240338
160,0.17669436886590895,-0.11563735889858318
161,0.19641826133159773,-0.06811581194735639
129,0.2158257359931405,0.11779007210267685
140,0.42603763039853526,-0.22388922601495148
141,0.5119057800694495,-0.07060743116770456
142,0.5204102127514004,0.02221560434827787
143,0.5191730002006718,-0.005690446998668058
173,0.4395151035429244,0.10717465496846915
156,0.26963295319068487,0.06260597050346478
121,-0.5261816695898538,-0.2778774612355401
122,-0.536059523313568,-0.3364535451655861
124,-0.4392401600852515,-0.5174503363561114
158,-0.39425054567258244,-0.5762467636263712
120,-0.6193097623188385,-0.12196206974422098
171,-0.3199494199667717,-0.691871332510196
135,-0.6191574456946879,-0.20672631371862588
136,-0.19515742587637663,-0.7433397486896137
172,-0.27663553018086917,-0.7567947647114897
164,-0.08255942829450656,-0.7084964217925193
167,-0.13460394482388097,-0.8112240422865988
144,0.591496688635134,0.07192900149234012
149,0.5371650055823203,-0.2798627104902271
150,0.6318234760003351,-0.34048481939164854
151,0.41667657917892476,-0.1561509214964577
152,0.6253142285932086,-0.26012439876593485
153,0.5307479040029044,-0.14072738649755978
163,0.1446474730439616,-0.3035774055860275
162,0.05079843509201943,-0.5281209007250374
166,-0.20017267216545329,-0.7969278221059747
168,-0.2641874706005916,-0.8228006211818127
169,-0.15967011596045616,-0.8872665407305886
170,-0.21166737914218492,-0.8916827866243487
