0,-0.8475831724819068,-0.6648697870038103
1,-0.8501317887382438,-0.5310416387783835
2,-0.8351431890610775,-0.6006799126944481
3,-0.9245509930578741,-0.6117950485331609
4,-0.6773142949588272,-0.6608831400470633
5,-0.870179633163062,-0.4981438072038567
6,-0.7869034736420988,-0.46170366161283494
7,-0.7431007600244763,-0.34262479816864616
11,-0.4100365737052155,-0.5991928915176934
8,-0.6126022576261255,-0.3293652836399299
9,-0.6399605048720584,-0.22065334368063147
10,-0.5886319750285467,-0.08772440488576694
13,-0.41805639168400505,-0.389256468273351
14,-0.4680863307130447,-0.12526552116385925
15,-0.4122903537610709,0.19445559693936026
12,-0.12400956138798062,-0.4485902417298441
73,0.10765219684170045,-0.21123262608997137
66,-0.3176823313658111,-0.4815786776084576
68,-0.37401581524523836,-0.3235897832856308
71,-0.2187815546068591,-0.31524616943277106
70,-0.30643170445988704,-0.2191580881260203
72,-0.3975703128608521,-0.015047925251653991
149,-0.3695400177697434,0.47395932363997584
150,-0.2662359041045304,0.5464648646459848
16,0.8212709077317101,-0.24920062723200667
17,0.878793345881089,-0.28227792737184615
18,0.8770715431873494,-0.23418548857565608
19,0.923783371679425,-0.2900105250682461
20,0.7918031135753871,-0.16857452990422753
21,0.7415687735891929,-0.2074150424704915
22,0.7812093559513038,-0.21030230069800265
23,0.6423186100486414,-0.1700932104557808
24,0.7095415497222608,-0.19299736201767592
25,0.9151356584255339,-0.2417646874165697
29,0.6770210573597895,-0.03610241030477173
30,0.6226650746853288,-0.07065888564075876
31,0.48171643247222024,-0.04813458583704621
32,0.3663865537216243,-0.1815409266057915
26,0.525788658620287,-0.0815724991843154
27,0.41245769323995657,-0.1309764578395128
28,0.7156617563348109,-0.11793389833362887
144,0.3067911551398821,0.0634846229350292
145,0.354041204608324,-0.0009026566134882815
33,0.5644493100812616,0.14741473512951456
34,0.5566008730663045,0.03888109791805064
35,0.3822843454515705,0.05137167103662624
36,0.2989148696058776,0.09821678829840955
37,0.4822054462656783,0.11933771950209655
38,0.152036706329393,-0.26673023958378805
39,0.1223194485731459,-0.08904586056705119
139,0.5907893411544077,0.47071609275468007
158,0.44177461410160734,0.25167369764738645
159,0.4970368326256964,0.10695285743173924
129,0.05632338621829856,-0.05119618927639019
130,0.16997026203099297,0.07778585855976784
160,0.3232297156980357,0.14145332389975498
75,0.07328791141208568,0.1010414189713217
76,0.0243197106985391,0.058945547454882924
80,0.1915219127328808,0.12371258478381245
84,0.38356959277654934,0.17234088773009099
85,0.4632340237302885,0.1876356507248225
69,-0.08446873308248211,-0.35306533819769664
103,-0.12585964667808536,0.14314071428711772
40,0.3355682585801677,-0.7617748889692226
41,0.3703262646547968,-0.776810350710332
42,0.12393255925053456,-0.7699374284489993
43,0.5041458864986395,-0.6167114433444056
44,0.5005831364735258,-0.78614150656596
45,-0.1962482153359707,-0.657109986872898
46,0.6594478638910267,-0.28353330372062613
47,-0.4226260710696244,-0.4284317536179672
48,-0.3758397762967218,-0.6211725833743467
49,0.792062930864125,0.09269430105177376
114,-0.4131954841453781,-0.23298075496846354
115,-0.39238196038460443,-0.2694961629810014
122,-0.5071036031947805,-0.2199980146537891
123,-0.3937627425771124,-0.40703077481041233
164,-0.6138876526931543,-0.25997172930493445
170,-0.4274021805844812,-0.8083599709832204
131,0.8720216818431493,0.29213008438208177
132,0.8974123913551825,0.23959092521565112
133,0.8158185918846335,0.3557963671539043
50,0.13847059237583673,-0.6218648567136522
51,0.2473585494743873,-0.6275821323715435
52,0.256014008871905,-0.46080869336669567
53,-0.06152338414781191,-0.6296661954346522
54,0.3057230868441049,-0.17211294832409255
55,-0.14200332070396468,-0.4392804946508333
56,-0.15743236672123823,-0.5637950769690421
57,-0.14569102114595006,-0.7276760502640723
58,0.23743841420568695,0.011397573391958321
59,0.2829719965321269,0.03335743502410517
60,0.34803100329323833,-0.10034376779038613
61,0.42327744384160637,-0.04905380236170039
62,-0.2194433316614675,-0.47036612165571823
63,-0.22897046162241158,-0.3176730719383907
64,-0.09951616266506873,-0.18826114572057065
65,-0.1709598373284149,-0.3420522157620226
120,0.08041949875475042,0.14746519716251397
126,0.20390508958097117,0.18305941343462695
165,0.46124124656025306,0.035757650915894966
178,0.5784510380976797,0.01565397955242148
151,-0.34642283521091477,-0.1876934423561904
154,-0.21563067753772078,-0.16650262971652763
121,-0.03369893036574921,0.08960036094712905
78,-0.20133985937939933,-0.1278894734045372
79,-0.10332903813615964,-0.15384692800162136
67,-0.16493081336157703,-0.518527368669872
102,-0.03279937594063474,-0.0474337984125391
104,0.10963769314713519,-0.02206826213379716
105,0.06758730552092221,-0.1415138776680794
74,-0.051387401443457686,-0.01714908257242861
77,-0.00906677999089967,0.06746322549784288
81,-0.1313568500358564,0.17316905623799309
82,-0.1973351795014273,0.10895998176648412
83,-0.22295129007092016,0.008799177360106984
89,-0.3969958176906759,-0.061508692286884326
86,-0.24537940317324028,0.2402372087357207
87,-0.3546583829148254,0.19076130731852786
88,-0.17062570886103645,0.25918227799281857
90,-0.33507714205693584,0.07620478503871307
95,-0.33277716891442727,0.30039454352018846
106,-0.6213148936314769,0.23454599084129282
152,-0.6192197354086153,-0.026852969097426103
153,-0.4734776968787939,-0.13263495117298446
91,-0.4199106180915348,0.3358131843931935
92,-0.49967486962311836,0.4636212485988146
93,-0.5032759436664629,0.4080450269454032
94,-0.24678049534300175,0.15146894007874856
96,-0.3869872294716738,0.3890784324107644
97,-0.5267785454797805,0.5058617910190762
98,-0.6620809860538542,0.3774814185016102
99,-0.20940905695173967,0.30883647979962
100,-0.09889209580926055,0.3050263516597922
101,-0.6043493533413058,0.31690893183469776
140,0.055413617356013196,0.22970137771989876
141,-0.01933405093640456,0.2883394899033533
146,-0.49961749100908887,0.2589981568368196
142,0.13206116142778423,0.15464105125236405
168,-0.7359722952776306,0.18912988389260227
143,0.17509468246506665,0.14953051945015364
155,-0.7401353143207752,0.10889371706727159
107,-0.27397860249253264,0.5929655198762132
108,-0.2681687159973757,0.3475389797589594
109,-0.23363602674095071,0.47874522022577776
110,-0.23340243030494484,0.5720672120685858
111,-0.27662637579582716,0.7773357676116932
112,-0.32656106653673034,-0.01110925039158071
113,-0.20680380594370457,0.17225585556476974
117,-0.22189005672451848,0.7182382798597455
116,-0.37449412597503945,-0.23072749355429978
118,-0.3729031083560709,-0.053442223752510606
119,-0.28074726077160606,0.03921801818123391
124,-0.22384835070404796,0.9099787343284215
125,-0.479777280706331,-0.07284760593119777
127,0.06949884925199623,0.19867279311054406
128,0.11526454116317338,0.32492317456359776
157,-0.622350534632531,-0.1240414995213288
166,0.22814060858257532,0.5452015496616001
167,0.17232406886969107,0.5383623748023022
134,0.8226423789042706,0.46538809528782626
135,0.7430262840479969,0.5029477695472695
136,0.7739451023578074,0.5326033561290251
137,0.6995995784278632,0.5587630462199364
138,0.644286096679976,0.5823284433122293
161,0.5751184203355649,0.5932396829908201
162,0.5100728322335079,0.6101911431759472
163,0.47991161012461697,0.6075463831974618
147,0.30732642168405383,0.19823119044327242
148,-0.6938582381112882,0.12674693934108688
169,-0.7453253995398539,-0.07359270733440275
175,-0.34204107875574086,0.6481232585959096
176,-0.10101878339802883,0.8153071342026014
156,-0.7432030945882303,0.013612809239240747
171,0.4259808694963173,0.5332480771431769
172,0.3762156361723221,0.6302970859594762
173,0.41445230976948555,0.6648453632547675
174,0.3079178902518862,0.6261991947008613
177,0.004076700946204106,1.0
