0,0.22392997817716906,-0.06424870079214438
1,0.3328265160046886,-0.03957256992057073
2,0.26713793299466126,-0.07685414743284137
3,0.26578232122088175,-0.048874886042249974
4,0.12791044442164565,-0.07085060880425843
5,0.12883189782051704,-0.04860611002070674
6,0.4313437212684299,-0.017872660303134353
7,0.3652171561934219,-0.046975151370028626
8,0.41024455201144766,0.018154819836938736
11,0.016325563430829262,-0.04498081163940959
12,0.04396193371541842,-0.032844557720443035
13,0.020601534305089382,-0.06390058201964624
9,0.4619586273145337,0.053860067335948336
10,0.38001839832927725,0.10193001709155948
59,0.2396001394962277,0.15146889185726278
14,-0.09765702456839254,-0.0021064310084812484
15,-0.08070158430202233,-0.07818237317540973
38,-0.20259656212305285,-0.0918041596849791
39,-0.19201676438715048,0.1313770007261574
40,-0.23443617970672018,0.03816431126789806
16,-0.2865615365295043,-0.053102012847237666
17,-0.4664456873180862,-0.20174171440899397
18,0.002602227543209609,0.13499335637818477
19,-0.3767624223967431,-0.09492910960833036
20,-0.20547423394385342,-0.052900642633211876
21,-0.3674636954660853,-0.06621407681016189
22,-0.465221786871443,-0.17476663627454445
23,-0.5598619507416822,-0.3194943121231098
24,-0.5591485269165596,-0.2702572632260457
28,0.19757913515600248,0.2180959059489867
29,0.05583607090243529,0.09733070960086407
30,0.1899834013062764,0.13503683882638606
31,0.09061579394951513,0.33289817427560603
32,-0.34600343565734115,-0.04323018680407146
33,-0.47338729228567106,-0.10582085503624747
34,-0.11028030269887369,-0.23661316722737286
25,-0.6016746215810009,-0.4532285404473264
26,-0.6073938068821653,-0.3836695370897599
27,-0.6113452355660649,-0.4272611213034851
35,-0.5566347200873645,-0.4608792982756429
36,-0.5408831379927836,-0.4778103981700567
37,-0.5820489885921938,-0.5454482405188908
58,0.34966490372214004,0.21511697579125413
60,0.390790917623845,0.29898269981098097
61,0.2090996928863115,0.3817967391413735
62,0.31396846737088213,0.010906571650234283
66,0.12075659382473836,0.46231272950289165
68,0.048067526949045536,0.4273781037540251
77,0.00827238196574644,-0.3842849413430035
50,-0.450978322022493,-0.3718463477176883
57,-0.5486658171284254,-0.5728456895222351
56,-0.5081476468112595,-0.510569743568609
41,-0.318579632860653,-0.09409439082753726
42,-0.31399672982372795,-0.14821359645856308
43,-0.23567377402848516,0.15527269030882127
44,-0.22338660117383768,0.2796203856565817
45,-0.2866067058803084,-0.001793345064746892
48,-0.3492765337573379,-0.1854893707839133
49,-0.3848501870064314,-0.18445622787563037
51,-0.19758680895300962,0.016411345082925907
123,-0.19634933064577595,0.3402843131363999
124,-0.19219588744573496,0.4328049494512151
46,-0.36854254558997446,-0.25362895049437373
47,-0.24785390361301482,-0.13232300170561445
52,-0.10282688655878729,-0.05936935844237598
53,-0.1389761873431351,0.10533589962514492
54,-0.11960202066222975,-0.015971809085645227
55,0.04646360231443377,-0.19658369815463378
122,-0.12237336897080854,0.3266178826143734
125,-0.240181929407775,0.06991303819024072
135,-0.06794917639954048,-0.17099227566193334
136,0.1775740517127797,-0.31335331247368453
63,0.5833187897651796,0.25226810195964017
64,0.3434914759936011,0.41373391295309503
65,0.5970908436882709,0.3206007916501089
67,0.23769856040403128,0.4820042887376441
69,0.3924513847992101,-0.13884069277709893
79,0.7917944801767629,0.2654104857059631
114,0.3796792761586005,0.4522354671498917
118,0.47842861405856935,0.40704086510100995
120,0.6108433370930272,0.3992464652407418
137,0.6905518195236737,0.35529126107191944
138,0.7450781779689327,0.28551165303267034
70,0.099605095138006,0.5577333958341074
71,-0.0072251322358701684,0.49858769529045627
72,-0.07296550871846108,0.3900892931188381
78,0.41202521154289684,-0.29193324599141035
90,-0.044346558850692754,0.6002483749781579
91,-0.09014312640560702,0.5531362096059937
116,0.2758020814289612,0.5497836234341446
95,-0.08032086600331917,0.46380126359790846
121,-0.20181064267112958,0.22485368542132494
73,0.2755681853298033,-0.5057330520315938
74,0.14942378897493416,-0.4755654139223483
75,0.2603796987397844,-0.4784084405767084
76,0.3531150778247369,-0.42478201019618383
153,0.9169447085444695,0.257771340293746
155,0.9203470515283444,0.2867742156455705
80,-0.1780910808449707,0.3996602158359248
81,-0.21718882990249377,0.5296499100001115
82,-0.2369440189209494,0.4907708121356277
83,-0.16556362035062808,0.5386806386513301
84,-0.2650886411820033,0.5416506993071586
85,-0.16751416782951956,0.3325504049865197
86,-0.13401541431636435,0.29013781562113117
87,-0.07698065399470756,0.15699094725232696
88,-0.20339346964194394,0.5852590100808293
89,-0.3532421047864201,0.5600375144141923
92,-0.44616520807479554,0.5623973116896874
93,0.07221655094713465,-0.17628938421995333
94,-0.5110750688741795,0.5164019722290601
99,0.1254219103178052,0.62843604741607
100,-0.13256833024357167,0.5532327351963923
96,-0.13853463810816405,0.45763065448284823
97,-0.5481920118257962,0.584742337872168
98,-0.5649471688656753,0.5126585840510544
101,0.1861958591719977,-0.4683539167921688
102,0.15551521046912747,-0.3224477595183413
132,-0.5986292165475526,0.37230559109945816
147,0.2834842949858873,-0.6780625592351538
150,0.2484495971334092,-0.6472542780505961
152,0.21187224010576572,-0.4180764825597613
156,0.22299033009946428,-0.3746871800915916
103,-0.3041372010392202,-0.4450202813205115
104,-0.3211642382481976,-0.5637013253382406
105,-0.29127830661799775,-0.566656536031454
106,-0.2933478778123343,-0.5053187839404614
107,-0.33811668172336906,-0.22554374263773927
108,-0.29270587640674034,-0.3659319782182944
109,-0.44735064151514176,0.02090464199592543
110,-0.31628524427103616,-0.07904088678544557
111,-0.26932804047210696,-0.24861800676228737
126,-0.32886652437392044,0.11733055760450672
127,-0.35283155328790117,0.037645901362295904
128,-0.5794429094144741,0.20504334807403082
129,-0.5751451517825911,0.13138901575422948
130,-0.5729767705294718,0.061235862674477295
131,-0.15258490143459053,-0.26798070470170127
112,0.41119067535001974,0.46488055217913954
113,0.47881427364371865,0.2943568454606325
115,0.382876479806278,0.5461264472673835
117,0.5524243106603388,0.0254885471836176
119,0.5802165574425848,-0.2354090940920613
151,0.5707139841935996,-0.47527979278922955
133,-0.6333628175852013,0.2536822779306348
134,-0.6577393477318491,0.296516046283125
157,0.2585070956014608,-0.3945193500940326
139,0.8836221193693785,0.22477258635894667
140,1.0,0.2070708760327049
154,0.9909026677808064,0.2510794919630352
141,0.44704972695139605,-0.8686181708762493
142,0.3684725739786372,-0.8018208879502475
143,0.45289751759365915,-0.7996308275887752
144,0.5182664030331675,-0.8142182972259763
145,0.35005430819110306,-0.774430012791604
146,0.3025931687312317,-0.7566517762471091
148,0.5324700410019313,-0.6850806002711035
149,0.28238801696515836,-0.738140613587342
