0,-0.6207714000027462,-0.9012456295792463
1,-0.6232209147107571,-1.0
2,-0.5732480619431837,-0.9715088092992469
3,-0.6139242812154154,-0.9669763521447147
4,-0.6204893724432854,-0.7617383575845267
5,-0.583898566764174,-0.89045141953991
6,-0.7063333115443119,-0.8803785187996254
7,-0.7002955344210303,-0.9060727439530621
8,-0.685461329108856,-0.9503131220567778
10,-0.6438619044735441,-0.563040858743322
9,-0.7197749146274866,-0.8446346741727417
11,-0.7601334027103593,-0.807352250193838
12,-0.7286257585002026,-0.8180775794721713
13,-0.7034901368782872,-0.7006983775309871
53,-0.6195616932904394,-0.34644393158122994
49,-0.6159193774529971,-0.507180912952628
54,-0.7068432067539423,-0.6121221084072521
14,0.4628851879107041,0.08454984343416053
15,0.5354768184028456,0.11502646690707236
16,0.43762345043721207,0.14446189015749455
17,0.411173197239427,0.10757588732115808
18,0.3484279265445876,0.12933201790552937
19,0.5736948870866676,0.20695134599249893
20,0.25585174910916,0.15723029955146312
23,0.19468174059211923,0.1719678753194518
21,0.4958959120029965,0.12952782539777363
22,0.6588403868162096,0.3566026869358163
24,0.022879962633045984,0.20076956082576541
25,0.12719310857570545,0.21284864538584944
26,0.6255145001427804,0.22045225312192757
27,0.5262332514033085,0.12738572288049324
28,0.3167567647300836,0.011992729744243195
29,0.7154994758482044,0.27226648118492397
30,0.6588680669575768,0.5722605621222145
31,-0.0030879244906178837,0.2666234713512
33,-0.29345127626863576,0.21313613461662487
66,0.6707878380813028,0.18868085442680937
67,0.03344575037375171,-0.1379456045763849
124,0.5978480212362897,0.6868911307063551
126,0.6411280978807915,0.6662261049001867
128,0.6577547999818737,0.6972646371463418
32,-0.16190497130933626,0.2778673641247568
34,-0.426939610484007,0.21726682864883076
35,-0.41861993988570545,0.2591076946280657
36,-0.474867066753504,0.1246022820905147
37,-0.4941601469414564,0.18845176057533805
38,-0.542569368993797,0.04377380832017501
39,-0.5893947281338348,-0.03360070298569588
40,-0.5911615157522548,0.09032524040446091
41,-0.558230349190097,0.2933822775963648
42,-0.6148152960534162,0.18035550720626495
46,-0.5527102644064134,-0.07406627493965157
56,-0.5099016463778191,-0.123619047248322
57,-0.48500967904454423,-0.2040602676931805
68,-0.7343637259623973,-0.04896741630448572
69,-0.7332991111486251,-0.021754054113195444
50,-0.6251221431555543,-0.1258001394285087
55,-0.6614265402212076,0.04857940104950234
70,-0.47566558077546783,0.5173781352353581
43,-0.43687786103043524,-0.2552930444730716
44,-0.5758651525117408,-0.31014817933613986
45,-0.3619098975057638,-0.2817434489470277
47,-0.21897575344617626,-0.3508160069353201
48,-0.46871253980483385,-0.33212870100608755
58,-0.3737900232262522,-0.34508498255373754
59,-0.17088451353746545,-0.404109392967841
60,0.05459945971881906,-0.415481954692667
51,-0.25907255447651417,-0.2808916562816336
52,-0.4496704678323081,-0.40198354032024586
61,-0.22276437374633298,-0.44143389610444
62,-0.055272272046711646,-0.46023295037998474
63,0.019075057950179258,-0.4524740098898694
64,0.18025440052335423,-0.4328530069413094
65,0.30721110887689956,-0.4241450295807115
139,0.14231903436714818,-0.43938553813716646
140,0.2838848240751075,-0.41240916840127084
142,0.34160884853161533,-0.37011330820549
77,0.48795597951179365,-0.4202727284470322
82,0.4469887566628264,-0.3434885975777661
109,-0.6763015672294679,-0.05777780735376051
110,-0.7963139549467129,-0.04387549058158241
134,-0.3374967811662836,0.6954229621330968
71,0.6411971115371348,-0.4216507772436488
72,0.7557752507080825,-0.4637076853899038
73,0.7468316646864597,-0.42697084543863345
74,0.5634786846805822,-0.3466563982882526
75,0.6710202191451429,-0.3805019127448345
76,0.578390488591024,-0.36609414964201176
78,0.7112595658722453,-0.40606293990736486
80,0.3869555310657547,-0.2922441772482013
79,0.7094239127547766,-0.3665822626000578
81,0.4285420172266117,-0.41549412543058956
83,0.5100280721916473,-0.31477193334455467
143,0.19418232513865546,-0.22426658933577925
144,0.23792242748372638,-0.24749615911013984
145,0.2558317343985284,-0.30242069600521865
146,0.3638245497939317,-0.4401807639209978
151,0.47027875183840473,-0.17609754706285782
84,-0.07646703214257644,-0.14318619344808656
85,-0.05669222573895513,-0.03356835073357237
86,-0.1100666222819157,-0.17899234812841489
87,-0.03959440760297913,-0.09562845610644065
88,-0.07182419115391682,-0.11495069558108524
89,-0.08760252889186144,-0.08239089004487789
90,-0.13173660763241576,-0.1287005841723
91,-0.05103779544837395,-0.1441423614286953
92,-0.05353721507584155,0.04905083345765855
93,-0.11508177216251066,0.00046049113768892053
94,0.05996991273677207,0.08777845815626463
103,-0.05186844549674326,0.03288482900521574
104,-0.0456141855469153,-0.044788448078037994
105,-0.05667353868270348,0.0763238492179015
95,0.07402494163133938,-0.18579425445777012
96,-0.10349040615203137,-0.12890930760867295
97,0.045863283020945375,-0.1678286705089798
98,0.11088678815324145,-0.21951708573617784
99,-0.21547114614071025,-0.09054293647964048
100,-0.21841976631806803,-0.11903953985827827
101,-0.2415952457390185,-0.07510481548251223
102,0.3021650875082482,0.23209160142880506
147,-0.3437181354793625,-0.09410704034078424
148,-0.3349239169234467,-0.07470441006654747
149,-0.33522957965869066,-0.11398294829402945
116,0.37967318905142056,0.41672663344664895
117,0.3730402472171401,0.37952556081843986
118,0.3887046654036128,0.34304821924335643
127,0.39048201687539397,0.20922717238642285
155,0.40259320689613587,0.050593322826249836
106,-0.06553288901008446,0.16171919545199964
107,-0.04315053458921628,0.2025311133318299
108,-0.051300392023856806,0.23089080572611723
130,-0.05344988488023292,0.2779569758797268
129,-0.0022739455095919124,0.3985862861391959
164,-0.4825065898735228,-0.0758077681700009
111,0.42330235384620984,0.5094540920551368
112,0.36930462097691585,0.6102371872486456
113,0.42137204373785625,0.5511428769856227
114,0.4296949002258705,0.6362815006883521
115,0.5239120187082915,0.6480779611410821
119,0.2659070245436802,0.641310602435381
120,0.3010690616046819,0.6286209583646709
121,0.5493223972552204,0.7106800236839421
122,0.33188985876971,0.6600398534160954
125,0.4821850755061089,0.7153704273679663
123,0.18433591455493742,0.5672707743486473
131,-0.03238240236406892,0.5041612203156253
132,-0.06244309106660184,0.5111911069077507
133,-0.07455931115752211,0.4868401906271975
135,-0.1560288002204443,0.8189431114469637
136,0.0009882455554064062,0.8509051249061788
137,-0.09199623893628739,0.8975244972076007
138,-0.03340352034565921,0.8672641330884853
156,0.1111294398062911,0.8739526861605263
157,0.15636037611157733,0.8020315203849704
158,0.12093908832291951,0.8275821387229987
141,0.30730154845193497,-0.3561282014583699
150,0.41010544705114416,-0.18478298964055462
165,-0.41042321910848745,-0.08416733349477254
166,-0.4265122365674402,-0.11428520370547864
152,0.49136784234366115,0.08135874603216417
153,0.4695062827535504,0.32728610114120743
154,0.5453652959188058,0.22038492624774877
162,0.3594206406980864,0.5763671122375746
159,0.20123835343209737,0.8208109640781581
160,0.24679395328256054,0.7377791611287224
161,0.2760424659619005,0.7194689719460712
163,0.33951132538799694,0.6881703808349012
