0,0.18761970262322578,0.18470911478992855
1,0.1638208856556012,0.24782131645066224
2,0.32787980716082793,0.219280745150521
3,0.2825434975583335,0.28073893042646786
4,-0.015135337037806383,0.21145146232108153
5,0.03999189887987577,0.14914442518260412
6,0.3026568566477967,0.23870019483596266
7,0.2524033766596795,0.16790567455548483
8,0.17379958055956918,0.055598507775314616
9,0.29480097498781904,0.044066674406289266
10,0.46557616580369693,0.1266988973534863
11,0.421485514273783,0.1445230157784306
12,0.3961837953189992,0.18594431203717704
13,0.3034527577839589,0.332398568829457
14,-0.17609606077590229,0.1440532861290353
15,-0.0934414346979888,0.2323070667893907
16,-0.18369972132618445,0.21599950475397542
17,0.05940644002437231,0.00775022907706664
18,0.20446625041995284,0.2739621608351617
19,0.254904329574975,0.05923364366699479
20,0.12254750723126548,-0.07886476131864768
21,0.29287039647268664,-0.07127390428954976
22,0.3861045379696284,-0.05718752835125287
23,0.42568312124297714,-0.06014812449859919
24,0.44775694048296316,0.027234590046510042
25,0.5448130182317752,0.050918122548963864
26,0.4884874935730742,0.02582916121195469
27,0.1880907330487437,0.39632997595801417
28,0.2521090024178627,0.3646372153420876
29,0.38422622147729085,0.33791074440163277
30,0.43876174220623276,0.35266919008444453
31,0.3525254467038738,0.35987403453174094
32,-0.2807873415092398,0.13419268611076693
33,-0.36542582970139104,0.03288845148957728
34,-0.2820778033179261,0.101713225564677
35,0.03321212107281029,0.3798315599356915
36,-0.11085520369059809,0.3521674472353982
37,0.1303056686064305,-0.014334848575348362
38,0.044681937529984624,-0.07726450421373264
39,-0.0078077188899799,-0.09917037413428394
62,0.37068601898375836,-0.14068481568409646
66,0.18193006587405894,-0.14991181427930844
73,0.1614933838490247,-0.1907754094858518
82,0.017968547380966284,-0.14419077703435915
60,0.41521175328953414,-0.13582198487605265
61,0.41773997006135016,-0.10803233750083024
65,0.5149344750942035,0.0157211931761551
67,0.2687328158884215,-0.1577278230780243
57,0.4305140288892701,-0.18480434676216306
63,0.45832219967478977,-0.1733629115255854
102,0.6151515270437237,0.04792172154818766
103,0.6193608427463005,0.1440960935747513
104,0.6402234899665467,0.11521627667931071
101,0.12888190039667619,0.35738630265584237
105,0.23582407216338874,0.28406868592354567
111,0.5523517616445942,0.31535496898684096
112,0.4646448225844816,0.30579569425153397
106,0.5872782199633357,0.2850261097414698
76,-0.4397665974622964,-0.009024232808236903
77,-0.45804291256957613,-0.08309660213096859
78,-0.4960141281247158,-0.1126037486505479
80,-0.06955475909726629,0.49005806546470876
88,0.03625405739204793,-0.1759104239952048
86,-0.07333427755132908,-0.1627859814745137
87,-0.06731509656033625,-0.191886954784438
40,-0.8276413262145733,-0.7919843970151448
41,-0.7953460286933396,-0.7509233567647137
42,-0.775356638855057,-0.7059730216531647
43,-0.730451298853752,-0.7158234049233817
44,-0.9040759355425412,-0.793122844733268
45,-0.8669348635814415,-0.7890996505306748
46,-0.9220780917791098,-0.8324216012998591
47,-0.7064403005786516,-0.6459611769579393
48,-0.6761536566736773,-0.5767233485880218
49,-0.6443396093173553,-0.5889201412823493
50,-0.9919811602484481,-0.8033629596774987
51,-0.9518449188626404,-0.7910566863310908
52,-0.9863299323541593,-0.8518010149880315
53,-0.636090625781795,-0.4979914952689474
54,-0.6194921483882176,-0.4664974920743877
55,-0.5938553415743099,-0.4760665004240711
74,-0.6255514725148259,-0.41086408596503904
75,-0.5617449857523552,-0.2974010077898069
56,0.429229378742565,-0.22161807144481815
58,0.35674162479489785,-0.23483773499585403
59,0.45487419398365436,-0.21703702886057852
64,0.14294018638736236,-0.2783121686319021
68,-0.008206865251710995,-0.3141234058063856
69,0.01966224647863751,-0.2992487397834293
70,0.040623354491584385,-0.33348437782788365
71,0.0895703670096342,-0.3127882215811832
72,0.11827733405966599,-0.2420639019621655
83,-0.09640830457296426,-0.2579173966682709
84,-0.05492899881413482,-0.2298469839298055
85,-0.06975088811600309,-0.29710542149838093
79,-0.5315959075698782,-0.13990084000688388
81,-0.5549426352496889,-0.1784510925973297
91,-0.07187446581357519,0.6167110045295888
97,0.005002807747508939,0.5521718007474642
89,-0.0799368735762959,0.7296551356757768
90,-0.13009290325812872,0.7432146972591689
92,-0.14486917723707704,0.7988668976624733
93,-0.08714791313239625,0.7035613391000989
94,-0.10699134062984923,0.8161017400225717
95,-0.08799814019516271,0.8926824010011691
96,-0.02556089159995114,0.5452109288572039
98,-0.020623440469415038,0.4749930860271111
99,-0.06370689940626185,1.0
100,0.07194900901499314,0.33265421235081755
109,0.12503931313116903,0.21749304128551272
110,0.15034622248580604,0.22359708621395724
107,0.6671509950938264,0.23162702551686543
108,0.6176194942634391,0.24392413745578032
