0,-0.2560947863432479,-0.5818721878716079
1,-0.30244031472569977,-0.6646661804203838
2,-0.24096910513349115,-0.48244173895612025
3,-0.18722685819956814,-0.5100273694834699
4,-0.25519588942959553,-0.3794697748451164
5,-0.16653528379326413,-0.4124616596573727
6,-0.3020144354627706,-0.4715612880786143
7,-0.28232001654275013,-0.46858050384918914
8,-0.09617004851940922,-0.4757588254637589
120,-0.19812562289602378,-0.24557234516344534
124,-0.20036735706167003,-0.3403071630048012
128,-0.28487126840371974,-0.26870173778378087
129,-0.3277830005385783,-0.35693916752160976
130,-0.3057129298529714,-0.3605958816748483
117,-0.04654104442565775,-0.4374970752710624
131,-0.17126279000897235,-0.2641869358420073
118,0.014532762888782774,-0.4584938756541634
9,-0.28104717982071725,0.2724843473922632
10,-0.4091424172426859,0.2372855401324878
11,-0.23121924353261397,0.28850297868723274
12,-0.24211933617392456,0.2171048438832238
13,-0.13354023124056602,0.29927628545516943
14,-0.47723288150653514,0.1574394423798684
16,-0.17909215985301588,0.29749549418857685
17,-0.34647163116982393,0.045993703841613325
18,-0.1455080985272277,0.2666490794993055
19,0.08438438492594617,0.3120341419796923
20,-0.09648587406001118,0.39836520151712385
15,-0.44090770859605666,0.0551773236990848
21,-0.38961880794825293,-0.013078628542510795
22,-0.4041426335122187,-0.02035786919360562
82,-0.12166803428176055,0.21903111880068646
23,-0.32008683813988137,-0.11989741224060654
51,-0.06797577526270815,0.20335010799646724
83,-0.10134332141100669,0.19209382662357644
70,0.15047004439509293,0.45479522789146426
75,0.166069978979546,0.35367249856815614
76,0.1721387465672408,0.39000903871018516
78,0.16006107039542486,0.25338513880529057
79,0.14931862673954419,0.2305202815781689
137,0.13352132682309675,0.20398204117955604
69,0.034276798085595826,0.5736990997698516
24,0.321120178986259,-0.7400375715257849
25,0.33688735905267303,-0.8378387014355494
26,0.26588033963613905,-0.6281457094270106
27,0.25027911550829374,-0.7850472667335613
28,0.3959962806067359,-0.9314586786623066
30,0.21274995348642656,-0.6761149378988215
33,0.2258372446165429,-0.5074513773254905
29,0.1947062011082618,-0.7552312041253723
31,0.21122369141577113,-0.8501859334684617
32,0.4373432946911876,-1.0
34,0.15812688365942948,-0.6125320233027042
35,0.19170618548717,-0.8669565251887601
36,0.17782625769015203,-0.5580333362872979
37,0.19089266331807508,-0.9230447886470969
38,0.21578149013678075,-0.9204514425724908
140,0.1762518572022146,-0.37377655219893186
107,0.08690055546402636,-0.6372566468936368
108,0.1204642861854656,-0.5092424293662271
111,0.13513737361286846,-0.4765736808308704
116,0.11841663317525875,-0.4556472005798829
39,0.162016888437112,0.17334966416915312
40,0.2942347213700333,0.09068089990830182
41,0.2101965886870742,0.10493864242027061
42,0.04260468669838003,0.1703972435625961
43,0.12768266745211226,0.13356289430738197
44,0.10096660160783526,0.3261715345274189
45,0.44631334138883666,0.054916225601149345
52,-0.04323411665228874,0.17487041639738504
53,0.039826734392913746,0.46610416940611515
54,0.12367988271587514,0.38725684228674767
46,0.47762986423589104,0.0924516131553134
47,0.547988122407873,0.026522271860240327
48,0.4722739730792897,0.07542853277012998
49,0.4568654270103218,0.09639849818492083
50,0.5148844047808816,0.05123212553228674
55,0.39825149671906995,0.1353088408935106
56,0.4016852545383829,0.15221874553902764
57,0.6358914082403871,-0.019624315098453887
58,0.6452861456559248,0.006192231525096089
81,-0.03548345655347713,0.13609758716332412
84,-0.08991019218721572,0.1521907373817262
80,-0.0009119295082510466,0.5846884328255678
93,0.06329908753369788,0.4665539626138879
90,0.1650012597617627,0.2931583150316934
86,0.2919513688199261,0.22512824328679312
88,0.33484698401690355,0.20595970600712538
85,0.2829320263978655,0.24852966579248395
59,0.18818955212453337,0.5806680044793984
60,0.1316040830310983,0.6275510177334576
61,0.16943538239545722,0.6499569645047945
62,0.20024117493234556,0.6347753262721894
63,0.12239906989510399,0.5895106290123291
64,0.1893057967459085,0.4755224893715608
65,0.15797969548742855,0.5595543448877945
66,0.19649374197928685,0.503087077422752
67,0.07305534111394771,0.6685897800780294
68,0.10216417710421392,0.6483755706641174
71,0.05778329686415107,0.6372709881041877
72,0.08682238994355058,0.6065794752560719
73,0.09900001942797747,0.6704203127966334
77,0.08061081437922789,0.6219810649705199
74,0.05178173655617623,0.6803475583859911
94,0.2020720791649416,0.21155500731319965
138,0.14528138706916383,0.08236788285689882
99,-0.09075978381669697,0.656909176512701
100,-0.044351293945656484,0.597151166593864
101,-0.10848626120253943,0.6685957544871867
142,0.10280881126043404,0.03347210202456931
87,0.18105982804350645,0.31023350118875864
89,0.22838169537485506,0.27216527283688247
91,0.053076601661652525,0.41305399255708913
92,0.10651784472052189,0.3544695317235992
95,0.1767767996033846,0.11318893056965251
96,-0.061440400042380605,0.5304772217451045
97,0.03414493294994845,0.4149913831045315
98,0.03458669365091409,0.38934611928887264
143,0.1755507690811587,-0.0002647564889278254
144,0.1611959816210687,0.004479718281243628
145,0.21450791947636264,0.033355294242223804
104,-0.12926861587174251,0.6440317485691955
102,-0.16061003907765012,0.714044146684821
103,-0.10891367020125355,0.6915084920910131
105,-0.14474687041523043,0.7253358575495488
106,-0.1673673312530108,0.7546112378686944
109,0.035734778103407,-0.7117505885751076
110,0.060670799942512524,-0.7224801676425662
112,0.1129378929619626,-0.3291596640952766
113,0.06166869922399982,-0.39036223835549255
114,0.03906366865449827,-0.23353598456733785
115,0.12675493940131588,-0.10300414908853278
139,0.12031180926516871,-0.08402989941526198
119,-0.18235428537162782,-0.14893713345816015
121,-0.13758554846226465,-0.14146920132812088
122,-0.12148550683033656,-0.14335180238485828
123,-0.11470756596961654,-0.16540748752539194
125,-0.17612039215443165,-0.2191289126955026
126,-0.28148672535129093,-0.2880155510463853
127,-0.054959697050263275,-0.07886290237889355
132,-0.11777811105750759,-0.19332026344571104
133,-0.1532609670387106,-0.15611804355672584
134,-0.15301964725975864,-0.18674639561280254
135,-0.41510150055538275,-0.3205631844925688
136,0.05736733642496571,-0.06749899558809991
146,-0.1793532957041035,-0.15230154673749108
147,-0.22002469721128476,-0.14303735049342983
149,-0.23527010655088057,-0.11362301238965472
161,-0.5168491982302884,-0.31257217883241956
141,0.13242735210271314,-0.20611278806876943
148,-0.30204266614593406,-0.13869302345076448
150,-0.30159337541026,-0.1189546784595306
151,-0.2755556298831036,-0.0856195999684144
152,-0.374216987123983,-0.10517986935709404
153,-0.3291589672413776,-0.09962076389309331
154,-0.4463733034247707,-0.16769395008074892
155,-0.3997411308977394,-0.12788964180518433
156,-0.4400968356649715,-0.1189870251444409
157,-0.4891617668455256,-0.14983962254445962
158,-0.5361172784344077,-0.17916860905885362
159,-0.5265728169948356,-0.23156339995273068
160,-0.517670525318765,-0.19020662269257876
