0,-0.07100560064535882,-0.553861033042776
1,-0.11201978934174998,-0.5970251176571278
2,-0.050501974590014695,-0.5231276799822365
3,-0.11222716500108168,-0.6370369069275031
4,0.014848872604010053,-0.43682243557897427
5,0.039563687071000234,-0.40219109478784715
6,-0.16772846656392607,-0.7368207554491678
7,0.1169773835172491,-0.3046407138743337
8,0.09311387428839338,-0.3596745222912798
9,0.14665370481172602,-0.28257251374080683
10,0.21710383497995073,-0.16416084511217424
11,0.20984836061012963,-0.2869474838983423
131,0.24628329534460017,-0.2619805205900188
92,0.3844581485828071,-0.30088599786747683
103,0.1936979092576245,0.13140382820873256
12,0.003483872484306155,0.5269648625537986
13,-0.058220598564974926,0.44568235412275264
14,-0.008007998830265704,0.5517583739301204
15,-0.06805194776092806,0.5508621611715647
16,-0.1678450602563958,0.2793930915958507
20,-0.13239433751246815,0.5782142261042487
21,-0.15135834435856615,0.5132682350379573
22,-0.11709921620899716,0.5594100026905457
17,-0.2603896938218109,0.20688373027126156
18,-0.23380707235822698,0.18516901455211404
19,-0.25003384691862046,0.2442658808676
23,-0.34559978967040783,0.2163898222298249
24,-0.3050485445847865,0.1537416315015138
25,-0.31205094220019713,0.23866938990572664
26,-0.21351242832945588,0.37827937278880447
27,-0.14601316212132023,0.47006044158965316
28,-0.13127506623053609,0.5113457227729624
29,-0.3074436386719043,0.3247743508557614
30,-0.3709780093772301,0.16301792547743213
31,-0.21479545183756552,0.30489058450818246
32,-0.19225878686556686,0.36717005222283317
33,-0.19319083983555144,0.32623834672857693
58,-0.1290391669918043,0.3571984632794003
133,-0.19662232437258337,0.46516187471919485
134,-0.1653732808767358,0.4191069753630442
135,-0.17214223758670885,0.4471376786957235
49,-0.3628355805560367,0.4320871173695004
50,-0.41161832222155037,0.4016701299769019
59,-0.10365256555745903,0.3184272662243094
60,-0.06564820587213992,0.38872630013675724
34,-0.976762798365124,0.2967726219717639
35,-0.9129723191167647,0.22454275823921824
36,-0.9654063421930967,0.2710863730418789
37,-1.0,0.2382063460652622
38,-0.9279294318528962,0.37258637523523785
39,-0.8767647926104335,0.18071649267697623
40,-0.8331738192316787,0.17595653037111458
41,-0.7942830594080391,0.19976663539686046
42,-0.9750880212399589,0.19716676658229526
46,-0.8312695528336775,0.4765500813099165
43,-0.7729606630865693,0.17523723595605442
44,-0.7452083894876029,0.18196455539708728
45,-0.6482114190134415,0.21847413310153904
47,-0.43769310644509524,0.2939058107249879
61,-0.6952538639758814,0.5453713240906372
63,-0.24392304958282685,0.36848338162767563
138,-0.325624583853313,0.33435626935722723
48,-0.44064128029306315,0.4759529155244066
51,-0.4539450737458531,0.4529597095749503
52,-0.4261891397012293,0.5328360493825902
53,-0.4184617456635062,0.5072692699242098
54,-0.5783309522038069,0.5558448454442857
55,-0.5750371831102575,0.5784223658104102
56,-0.2250358739957301,0.5093292604137495
57,-0.3507425538286613,0.5522841835849446
62,-0.0445834277547731,0.5287862512816199
64,0.010158765464780844,0.317838609015901
65,0.0544966826173786,0.24322071667896866
66,0.10500450831037833,0.2677218103006672
96,0.040743134751957226,0.6524890216461742
97,0.08562574611093837,0.5264059649610452
137,-0.23712217702067534,0.33505222580005334
101,0.14689346081109575,0.31111597031648835
104,0.24964070620528267,0.19813081639969596
67,0.3984680398117547,-0.5296069752238359
68,0.5146113863533694,-0.4945306450880019
69,0.4442853523086693,-0.406184887902967
70,0.3444921831778856,-0.7135404453006997
71,0.3728303599154146,-0.6783229012233458
72,0.37146955612740234,-0.3317412764330065
73,0.6463225424334677,-0.49694196812558505
74,0.48252348815268087,-0.36607826917362457
75,0.4350589320092312,-0.25294664533471656
79,0.26819130387102436,-0.818889843524833
80,0.3374365783301099,-0.8157270323914404
81,0.31544833339771794,-0.7959472792204358
82,0.3140790360703971,-0.22453922525368342
83,0.29008292450066775,-0.2594259386610728
84,0.37442391290626476,-0.21613927999847166
85,0.3271573007980758,-0.23376218589999287
76,0.7242283494680102,-0.48679578227005454
77,0.7081165003891665,-0.4633410172481755
78,0.649864833876444,-0.4372786579007242
91,0.5443869496132114,-0.37758211217409404
93,0.46872285831761495,-0.10291156692689823
105,0.6893157843435957,-0.4243927878441843
106,0.6413186890921887,-0.407010071621505
107,0.5719253619120108,-0.3750576835786824
86,0.1547224472977392,-0.8172846526870754
87,0.22774418441604388,-0.8697831041443304
88,0.29448307345464353,-0.889558587978406
89,0.2718712515658287,-0.8826528340458051
90,0.298103770483701,-0.8618748324781308
94,0.2639954166411206,-0.20240494275911486
95,0.42306456541200627,-0.1283710038410947
136,0.055033279278738884,-0.7177474636313034
123,0.41808657634021695,0.01588619917309911
124,0.4400727756197349,-0.057968981039512674
112,0.378058827856916,-0.18192960103919853
98,0.06275079818088132,0.7623043969302504
99,0.03640071518821551,0.7598004579619362
100,0.07881016619775784,0.6803787139817781
102,0.03780248481924102,0.8424660916441152
128,0.32064982109917733,0.12248778096609528
132,0.3159126564496503,0.172575605835687
126,0.38759770257925835,0.09248982593070858
108,0.31302521047087095,-0.24818632571366764
109,0.2014829401994421,-0.3908900491267135
110,0.26095948393459506,-0.3362344412764946
111,0.4018219022789844,-0.07154559794025954
113,0.33459050939415935,-0.2897308114780796
114,0.09161093285145332,-0.5073223890408697
115,0.24220223625965068,-0.392896642817687
116,0.15438633302256324,-0.44642897919461766
117,0.18506222743994377,-0.4362163838988631
121,0.46648946972929206,-0.1428219302431155
122,0.4456384580213527,-0.1391080677551189
125,0.4491154135879272,0.04955366903114386
127,0.4307105766158799,-0.20528543401143456
118,0.004312795659991272,-0.6046003391757437
119,0.02566760481090475,-0.6118885483062089
120,0.040801477547646285,-0.5355857258051203
129,0.42699669800769474,0.1442762707278107
130,0.479012788393672,0.12836787170689973
