0,0.4787178856289244,0.055467200337723024
1,0.5019404225978605,0.04397069671589057
2,0.4206812954715788,-0.00866895239622504
3,0.47968238156103515,0.15870328891292373
4,0.4886596887293133,0.09532780716127609
5,0.5236230401658446,0.14279262162401032
6,0.4139090491674059,0.02551667540503829
7,0.47649604686379027,-0.018438140720674248
8,0.2839257862318042,-0.01933802591672951
9,0.4706402645526954,0.2638452275246351
10,0.4017940597482646,0.25419758555228933
11,0.49017840607261365,0.21714017288557147
12,0.45059445376420787,0.15909045022884907
13,0.4096582529214855,0.11248325380656665
14,0.5789032233288592,0.13800456852174306
15,0.5480901028471103,0.22199007284080827
16,0.09172748924579097,-0.03174637596175318
17,0.4064555297189339,0.33307094282340965
18,0.33492174930559554,0.30666556325231475
19,0.26918471576937,0.33728706744680725
20,0.4298832248809411,0.2781752222194307
61,0.6186706020397243,0.1445194830364236
62,0.3212713218384511,0.18876744099133044
63,0.27739292971952345,0.23422391707100904
64,0.6917134590284942,0.14185775572686224
65,0.6438435276690155,0.18689014000473297
138,-0.1014620005438703,-0.036304815238669415
21,0.3187000319248653,0.33318507673569414
22,0.3795592977343361,0.37188130413706516
23,0.19811745732984817,0.2709853336882802
70,0.0972855458172817,0.35590246340010057
71,0.19190547893215315,0.48601038993944723
24,-0.009748074269038886,0.18516211882248007
31,-0.22210755401832866,-0.04516323093982214
99,-0.03625854345976502,0.3260524104921443
25,-0.3892007547167451,-0.1558509147223931
26,-0.37668257487252976,-0.1914939447550926
27,-0.3165270161709363,-0.11774971588341479
28,-0.45393454883070933,-0.16338241135188247
29,-0.3462072710201086,-0.1661818026871581
30,-0.3896624846531431,-0.24444273170165431
32,-0.3124227445524953,-0.07931533079119497
33,-0.2790890805758261,-0.05889275652479844
37,-0.5911046313478288,-0.19236772039706343
38,-0.5672195321385742,-0.2188241957404172
34,-0.3580508154797453,-0.2128701879925656
36,-0.3923232433227938,-0.2744067585432205
35,-0.4468249395361555,-0.25900449628267636
39,-0.2670454670241746,-0.027415734618992802
40,-0.22630268779802415,-0.029332843092126616
41,-0.2188741560685635,-0.062316244563469146
42,-0.4681583645019163,-0.2642309409669388
43,-0.4223266962276407,-0.307163070288766
44,-0.536333404081835,-0.1562509651418803
45,-0.4463541697451643,-0.3349594001498971
125,-0.5873253816193721,-0.14406888226694708
127,-0.6131720629956268,-0.17266314896680918
129,-0.6723062982564558,-0.168183693538666
139,-0.20134498380221932,-0.032090620313473144
93,-0.5777833893409771,0.020696502906257876
95,-0.6230296394058573,-0.10760926492001008
46,0.2589218172660224,-0.6615700259737435
47,0.23781387618878055,-0.5934923388160668
48,0.26650142476868305,-0.634800383589843
49,0.2479156339608788,-0.5707479800729596
50,0.2639626176973984,-0.7087711849916596
51,0.3137330515041135,-0.7316896755162383
52,0.252374214881289,-0.5274591117689028
53,0.23444766852911705,-0.5062992299066603
54,0.2669310616880681,-0.4960157588893156
57,0.4006298344972421,-0.8250900375561041
55,0.25664704520588194,-0.4240606942976212
56,0.24878082287514325,-0.44292554993372635
58,0.24597357830801297,-0.3639421100239696
59,0.26147108382291995,-0.3335519595243058
60,0.2662368967525181,-0.3698318793647956
133,0.48742771666551155,-0.8767012464678448
105,0.23055849423475835,-0.3051488403890145
106,0.2018753245522015,-0.29827872063941746
107,0.22239156630276066,-0.2496295873969462
66,0.7347596432758651,0.14268729631469168
67,0.1627013694429018,0.2713309227078528
68,0.14535630530071741,0.29779773496147327
69,0.7899567756776952,0.142417228523263
97,-0.032248412807622126,0.35571764040475523
100,0.010770342382620526,0.33737147108262444
101,0.009583989859646723,0.3836965933809309
103,0.11063550569040552,0.4719820575614977
79,0.23997802716730351,0.6539394998086911
132,0.171291656586377,0.5925144339113041
72,0.29776964001445994,1.0
73,0.2791914027227284,0.9467721492022101
74,0.3243923883708927,0.9871922399367489
75,0.30341290367631607,0.9224419054227634
76,0.24638440919971535,0.8467638908324586
77,0.27462252935764003,0.8023490330578439
78,0.20679753834508935,0.7334533501391494
80,-0.4979759669638694,0.2846357352753937
81,-0.4758945922264487,0.3381126186222724
82,-0.45099961783549214,0.3809340728894848
83,-0.38869570612273613,0.3498461748411448
84,-0.4992028001095604,0.2642605826368556
85,-0.5437943484377055,0.2599743524923676
86,-0.5459305804278868,0.17181445742650972
87,-0.5602077213624378,0.1769112619689146
88,-0.4002484138462981,0.40529075097246897
89,-0.3817036717123462,0.4291019931582673
90,-0.18125987398895752,0.3717502229921318
92,-0.6065552286421455,0.09154755243055719
91,-0.2821089032264889,0.4247268925170577
96,-0.06796028362331974,0.38027526319676314
98,-0.1612995908802084,0.41726850960941264
94,-0.6467282512700165,-0.023146680384597284
130,-0.6812688899677801,-0.1261067077629958
131,-0.6886175848130739,-0.19528948831152151
102,-0.08980104219735784,0.30300835641784163
104,-0.21116171825043606,0.2032150710550991
134,-0.3103673371567095,0.0868578786192987
108,0.12955207904116622,-0.260570565897383
109,0.09197009580638559,-0.2909790998084244
110,-0.03473537235342165,-0.2503629913663713
111,0.12658573956860056,-0.3568474332309842
114,-0.0187829222419397,-0.3065367204207161
115,-0.1183422175816684,-0.24973586177961335
116,-0.06665631821895875,-0.30178665252127845
118,-0.17251191021403536,-0.21438320351788703
119,-0.177672857608054,-0.23170333590237113
112,0.07946248711140766,-0.3636718639523136
113,0.17259154173721408,-0.37206539287056883
117,-0.2520202011844624,-0.20318442324988956
123,-0.42052515788443706,-0.14455503288426633
128,-0.3127802056236059,-0.18515931289198928
120,-0.49712941022427626,-0.1066529237334413
121,-0.5352863329923243,-0.12934732455687856
122,-0.5266501710315724,-0.1058989609301613
124,-0.4969196074030636,-0.14789763503461686
126,-0.5971486730097902,-0.121305462519556
135,0.5532383202715374,-0.8862530441425683
136,0.525652722328998,-0.8923358124674651
137,0.5409965405728191,-0.931312385948836
