0,0.07077535599198613,0.22563094504653328
1,0.2363135621946247,0.3411728662434672
2,0.07762698225719716,0.20295534197267198
3,0.053694412918371216,0.12887800082625045
4,0.03221935505274936,0.12851928110469665
5,-0.039706643430253034,0.12037296970994221
6,0.031131041479841637,0.23225857654699483
7,0.08381611881334797,0.2803079282439779
8,0.18196573025926854,0.34545547116426983
9,0.37136809609122773,0.496624817199229
10,0.2842594149860334,0.4258462813714219
11,0.32780116196272835,0.3192818110256097
12,0.38108570783499507,0.3644094754911388
13,-0.08076692973939308,-0.012478598215407415
14,-0.009526970158351867,0.1542260421190346
25,0.061045054082252685,0.30641162721556753
26,0.0642106905638289,-0.04659311654864496
27,0.024836663335145975,-0.03123959855131518
28,-0.04302654677897663,0.1582044304196256
15,0.22533996211202556,0.42420447947128337
16,0.16619021857910887,0.37398891255962635
17,0.2743330260479646,0.5238153548864206
18,0.49990957276903353,0.5661753645132008
19,0.4660719762285044,0.6173417012639226
20,0.37613698845977683,0.6085562334203565
21,0.30040459716535,0.1978347961391496
22,0.3447424127128281,0.21141215451313167
23,0.4845411796672867,0.4336275237631751
24,0.4360670317249321,0.2951537470732604
33,-0.22194362105516705,-0.37285541716564913
34,0.34338687985834754,0.46661507435114946
35,0.3074950481321345,0.5073991395655182
30,0.13633892956743143,0.466516775896908
117,0.5541537110796595,0.6666425115898965
73,0.21496142841992827,0.06103471539204187
75,0.30339931025845496,0.07207325311638235
78,0.379879215180617,0.14525992766829193
29,0.06315432554575692,0.4542348466755503
31,0.12520767175966818,-0.19951732686144824
32,0.045457688602013685,-0.24889616700762943
56,0.10466849190738754,-0.1636861336827597
59,0.16748599144360493,-0.12794311947755796
61,0.18615209853509163,-0.0845131408601049
76,0.12442658393623772,-0.36929226888346417
79,-0.03784745917579816,-0.4655230992844094
80,-0.09619783902066938,-0.4316442737284759
102,-0.35938722461881867,-0.508439455883497
122,-0.17349605500914764,-0.5041371330657712
123,-0.20460832241058366,-0.4852846927230707
124,-0.2978203929708213,-0.5177495472900854
125,-0.375727256418954,-0.5311337027970864
36,0.5630131053108108,0.08684431978344063
37,0.5239596095342165,-0.06680376511539039
38,0.5368946154610788,-0.10708096127031821
39,0.5805228018279804,-0.005579053240992587
40,0.5168519069158929,0.3464413184028726
41,0.5917108437536778,-0.07803027531912961
42,0.44765744867125706,-0.00023848317910510854
43,0.37818970485800657,-0.18533348798112703
44,0.5132559331687432,-0.15508957412538768
45,0.5640704478938989,-0.2205037599466796
53,0.3969191752321786,0.5824921931616582
46,0.7089916782360993,-0.19300982313890294
47,0.4704698299641354,-0.046350712247026686
48,0.2884004047036953,0.046816990260965134
49,0.25082147632227564,0.0625216165994977
50,0.18093790596802295,-0.24438567493869925
51,0.18368464320788042,-0.1944206331554385
52,0.15550529609794106,-0.2000575822542665
54,0.7083294419617651,-0.2881318217008313
118,0.7076893894292702,-0.3106988462717541
67,0.13908971076793758,0.099233528272367
126,0.11300080860354984,0.16889240973254857
127,0.13076431665190535,0.046380888247442756
128,0.3582048327592863,-0.02991961234777069
68,0.24790080823034782,-0.04872979110859695
109,-0.026048836641622084,-0.20744820531956648
143,0.060774177154855176,-0.23371131583869684
111,-0.01871097677853357,-0.11119117127049889
55,0.2624750377575414,0.7897312041903118
115,0.19829225970572792,0.9270918515258987
116,0.1718386068305313,0.9132559895746175
57,0.0033192185659578024,-0.2429400253881836
58,0.01298163144451735,-0.1748592462298538
60,0.12304509188982801,-0.07146802403125824
62,0.08513557124865083,-0.09147002552584747
63,-0.07826281137330934,-0.16526409401646777
64,-0.08629393394500544,-0.40706719062916347
65,-0.15769919242812222,-0.21729127685643584
66,-0.0864600355987993,-0.2320413596617165
72,0.2860529001898915,-0.005598311232594274
74,0.0355575508687542,-0.022374236864478713
69,-0.2506117098265069,-0.159817797077309
70,-0.17076667505935453,-0.11440192806526288
71,-0.1711406440558685,-0.538729756470516
77,-0.31123654850617855,-0.19049792818515868
142,-0.0008751721224224504,0.27895941475863
98,-0.33825576897838305,-0.14330629233482212
101,-0.37632051342642225,-0.19650607694237004
107,-0.21810374762929657,-0.09372956272164627
113,-0.07603666968540904,-0.04970522050393115
81,0.12740021442575444,-0.5386152930119255
93,-0.48721310607072005,-0.21663819347098456
120,-0.009569611817845228,-0.6064951271846905
121,-0.05679095360049038,-0.5582566171677203
119,0.04914672242156887,-0.6293380340273619
82,-0.5750741494487999,-0.2611142140484678
83,-0.6730362439706552,-0.3902067764394521
84,-0.5248663483442646,-0.21732016407008295
85,-0.47543018312677815,-0.19278873971822624
86,-0.453036029695839,-0.21316495363339424
87,-0.5499247609440896,-0.19205022395922733
88,-0.6116685817545546,-0.2405456305207945
89,-0.625400676151594,-0.3122575629146446
90,-0.6662952605539285,-0.4520180052562973
91,-0.7283741332158599,-0.384230153880231
92,-0.6805742594791279,-0.536212024419492
97,-0.5738511261472521,-0.1686505186395006
99,-0.27547051021318825,-0.2208126776515975
100,-0.39747924761237236,-0.17384416058376503
94,-0.5543232299476655,-0.5571154296910464
95,-0.635584423691951,-0.6191666986701866
96,-0.7371113820134146,-0.6321136835704066
103,-0.4446564405587686,-0.5821799968913104
104,-0.5155709564526871,-0.6103097162018462
105,-0.560365667197832,-0.6407179344587923
106,-0.1799362145848899,-0.05934133018840157
108,-0.10104263734814567,-0.2662136930402113
110,-0.20329831472360252,0.08263988226725498
112,-0.12470229691441959,-0.07424907583352075
129,-0.3522226195108257,0.25819665329999636
132,-0.2894644835352223,0.3049592984200028
114,0.1391688618759984,1.0
137,-0.10648112800829165,0.32246546462366094
130,-0.40669407083823345,0.36462581611245154
131,-0.46520272768263315,0.3740646153977621
133,-0.42307461281838016,0.4076004356309069
134,-0.48612507885135087,0.43390806951461386
135,-0.3511324432053137,0.40413000779463226
136,-0.5226203476659951,0.45576403781409996
138,-0.24066764968708695,0.394866655039274
139,-0.16303348621502797,0.4294344475363268
140,-0.08500813250227748,0.40150240327421705
141,-0.10482564448464561,0.385414434882001
