0,-0.07775252537052385,0.23447563188250645
1,-0.17716128619266205,0.3225256104916599
2,-0.030837031582375274,0.28973964258652257
3,-0.09060121717268373,0.20726728518159324
4,-0.02432076785206049,0.11687902580565708
5,-0.0725896765943515,0.08110074561149748
6,0.04354567211097106,0.13599660103469288
7,-0.20800762350522028,0.37136444139387587
8,-0.2288633642149822,0.3776730253037757
9,-0.3154524136679484,0.40046836451519574
10,-0.15911999648126265,0.34112934614694584
11,0.19783445653315293,0.11008087879466985
12,-0.03994557334651022,0.4213162857095342
13,0.09084401718618551,0.017402518093897663
14,0.006144621975692535,0.11494938834862682
15,-0.11808857027959879,0.33614669765999333
19,0.0051952461170818144,-0.017430616132170684
20,0.011147744850561704,0.031121697584342266
21,-0.08654009148617507,-0.040883936619423085
22,0.1711332956772662,0.05523779632154076
16,-0.2715556238724459,0.5054855323320886
17,-0.361095306059588,0.2888150179782448
18,-0.44560095938185024,0.36709255712718714
32,-0.2333661381995913,0.182906524268002
33,0.008533325241415458,0.322494791731718
23,0.2862957705691313,-0.03119086277843828
34,0.3774826080923068,0.024044742902915073
35,0.26910076321401105,-0.059895496460880694
24,0.20051712123627677,-0.12703706431183096
25,0.13488212497406085,-0.15621953405958783
26,0.1070558331628845,-0.04354506115808629
117,0.06262703585374364,-0.008706364361169023
118,0.03896343048661236,0.04296570724758306
119,-0.021730501867670678,0.19959557439964215
120,-0.16317314066450733,0.5299726938618682
123,-0.2445866423594087,0.6337196972051128
124,-0.3015062232570614,0.6694068037396542
125,-0.251522525702281,0.6800516085925811
96,-0.4243032092861606,0.09465529510088555
97,-0.5134044605479192,0.18923305957560313
103,-0.5994287193263691,0.3049515891219507
27,-0.05088388878005584,-0.1095004109870766
28,0.13689768229329521,0.09706142489716167
29,-0.05367245995856086,0.0689988426743503
30,-0.15000327043520856,-0.028847334012829025
31,-0.13169152458846353,-0.17856933151470505
36,0.28870677703264286,0.03398028148032363
48,0.24471608842587717,-0.24727944245980593
52,0.3904303960822851,-0.13501503359087214
58,0.40740424009748855,0.15157399835897292
56,0.25840486484779185,-0.2329281520178281
83,0.1724997228184136,-0.19148817388059042
61,0.08161512501562247,-0.2194057570948323
62,0.09851501000353866,-0.35030905715267135
65,0.1376836772122836,0.12318633414482714
66,0.28070049738260006,0.12746201205003696
67,-0.20491876644987814,-0.03352513855634623
68,-0.11166587319800335,0.09425904500479038
69,-0.2479662020134248,-0.1980771927600951
81,-0.07326254569816568,-0.31507020298172783
85,-0.25569598336611593,-0.30428622494941854
95,-0.3982326225167428,0.007333158114120008
100,-0.2696021814506097,0.04632355639839517
112,-0.07538661809732387,0.21546154157779532
63,0.31202288142649115,0.327825861232338
51,0.5025200734953652,-0.03770008710489916
53,0.5013979483343977,0.06957424844471082
55,0.3364278759885198,-0.11887957995132838
60,0.3975711289497981,0.010357112971037755
37,0.630508499860831,-0.6340629060167357
38,0.6444610862309101,-0.7264460110885783
39,0.5352105103843608,-0.6078739382195962
40,0.6782122451368877,-0.5522565840985321
41,0.527529786214942,-0.49493239273866363
42,0.3614658743281807,-0.451951724329208
43,0.6901390012946103,-0.4194412159213913
44,0.40467190186660185,-0.32611564042029495
45,0.27370067308053264,-0.4704029175199174
46,0.5418570096551294,-0.38776105236140274
47,0.23513749309901646,-0.3911596613586033
49,0.27800936202369864,-0.3523781831644446
71,0.7013074261502793,-0.29740203920978514
72,0.7853034643117575,-0.3513389608811072
73,0.7902742537064055,-0.3194440860148955
50,0.4879874697897851,-0.13637531759013785
54,0.4274326422807212,-0.20901617904645942
74,0.046280939930485786,-0.4763179020435411
75,0.00981167899647242,-0.6139609089434588
76,0.6780671916041169,-0.25643368437610986
57,0.45484634743531294,0.2574020516083566
59,0.5423854419622648,-0.13779195178402337
64,0.3571162437827543,0.37429267720102055
70,0.6185022690265916,-0.13732320649937857
82,0.7025446172857869,-0.18389408767278292
77,-0.12813902569422977,-0.3911899350928564
122,0.4394052901784791,0.44412525056302987
121,0.1408623420198335,0.30123414746833654
78,-0.1892335870381156,-0.4742958665615324
79,-0.04466160734925867,-0.8001276840402023
80,-0.12168488757267146,-0.7575159797338017
84,-0.35140018130719236,-0.2777079351699727
87,-0.4153945895218989,-0.20304918407925954
114,-0.10426010785290801,-0.8967954617089439
115,-0.13128270648175805,-0.9400701464784978
116,-0.17011916329492227,-0.9199659042313254
86,-0.4816518134444199,-0.28071834700982673
88,-0.49205073480874206,-0.021198304770544157
89,-0.46714697299691094,-0.13112282631006647
90,-0.47852506265003564,-0.14807360991174995
91,-0.6277530633131624,-0.3472470243868524
92,-0.5954626556270668,-0.2871013869619362
93,-0.5750290319560474,-0.24212863155408804
94,-0.5675473414223746,0.0662248859094122
98,-0.6170069404784725,0.19049315861648972
101,-0.4562480779524922,-0.08057475093046389
102,-0.5948788401649721,-0.1659845750915915
99,-0.6561444945857875,0.31059287364255317
104,-0.6812368212883211,0.380787590175441
108,-0.6408335978603754,0.5636456041379438
113,-0.013829977424619576,0.1714086374030807
105,-0.4925692189877895,1.0
106,-0.5389044507540608,0.8329809417135462
107,-0.43388324177939597,0.9696125877533824
109,-0.3029925909181192,0.9284997698642622
110,-0.21992720446404165,0.7705925585947877
111,-0.2621059455454157,0.8499671884705323
126,-0.20640865896517024,0.6992146420965821
