0,0.024210710912054553,0.564060058685218
1,0.1649453130149291,0.5252843941684735
2,0.051907593855153776,0.4745584544633319
3,0.1684153999572444,0.6400035092092707
4,-0.12340672990030208,0.39399323715118484
5,-0.06523683830646672,0.7011806706642126
6,0.2828123102019611,0.43724354182798747
7,0.2637290600181526,0.533009083666113
8,0.1879136213113025,0.4071479911924422
12,0.2668604855626069,0.5817595730781152
13,0.3072405439695528,0.6553844130935463
14,0.039139161178731535,0.7726702110040643
16,-0.1787392133343235,0.547035318887643
17,-0.2934422444990253,0.1930935105533731
18,-0.19298988743543619,0.21296927181172873
19,-0.14695102552184486,0.6521497292794485
20,-0.038656793308256734,0.8642544097856811
9,0.34861727812588306,0.3961123703188808
10,0.36846554569545226,0.30814377801858805
11,0.2910114953566266,0.32256562036833497
15,0.16932801358102692,0.241175399220823
21,0.3958104118120249,0.24931734281526108
22,0.3064681294865437,0.30924715789059654
23,0.33933850916390385,0.18547131711817877
24,0.4239098664185625,0.1686807407825322
25,0.34680149403075355,0.15975664667919723
26,0.3566125653601755,0.48355010345279176
27,0.3880935598303158,0.5797029811524174
28,0.2736225337137655,0.4046867820391106
29,0.23846966382322157,0.5883131712451082
30,0.27986365183344963,0.6582140207075788
31,0.11148013928824127,0.6431644929361084
32,0.402875556015017,0.667901364595107
37,0.002991484712164313,0.23655897692408112
103,0.1725868398463256,0.07809236235064568
104,0.156206179210379,0.11337307328775886
156,0.13046444843719518,0.1841130368446372
33,-0.31085049440035334,0.40083639878526284
34,-0.4144745070384995,0.035222927940114626
35,-0.37777980419671997,0.19372146391511777
36,-0.3852943102653727,0.021689037452188795
38,-0.0977143540049414,0.2664862028815765
39,-0.1505912916710958,0.5365823057033035
40,-0.05525482064957574,0.9999999999999999
141,0.3672268964377509,0.09853361764730174
72,0.25852558712235374,0.12902699791777097
146,0.28376862843065925,0.24189330579556664
130,0.2325332961793668,0.007518534595666066
143,0.4345509696776142,0.025468583927431274
144,0.4555489756509815,0.0803340186834077
145,0.4660731688964121,0.12478978317562865
134,0.5404713590784904,0.4152564413495716
136,0.5139764457226661,0.59584989675266
147,0.0539396174184954,0.6573034619033638
148,-0.13278945915085175,0.623984041941174
157,-0.3794401141666934,0.3231876099493278
158,-0.2977088261567869,0.5363664049052348
101,-0.37727986032028193,-0.10486035417653596
113,-0.48819607601237497,-0.17141083068196483
129,-0.3861482205355489,-0.00778355375982434
115,-0.3625699886389413,0.12263831327920471
97,-0.5046329387913149,-0.12378211342623623
98,-0.4780374274273521,-0.12438282199589387
159,-0.32777598719499756,0.46777548621073184
172,-0.02054721385024108,0.4824062138632937
173,-0.030174360917611574,0.5171297404822411
41,0.03111731112403443,-0.28571501556011253
42,0.14007510501669,-0.21486120069680942
43,0.2324997898064797,-0.2685679712395671
44,-0.14540398951186315,-0.24692399675010127
45,-0.1384636227639278,-0.26751429291591716
46,-0.03094065170369107,-0.30812570957605856
47,-0.020888287421925705,-0.33877655033651405
48,0.1148334869127188,-0.3590784242781914
49,0.21392158730426836,-0.3193157305631273
50,0.2978952947158327,-0.23647709035364453
51,0.10594388972636652,-0.09400276603357752
52,-0.011761401938077811,-0.10367325568580026
56,0.41831283974218547,-0.2248453495971644
60,-0.14957196723156954,-0.0917430165281682
62,-0.2769894718661638,-0.3593151537500879
63,-0.16014805899375983,-0.2690688399121116
64,-0.2609416538057883,-0.19986910545136394
65,-0.30135229647794415,-0.1910168502503972
66,-0.05959730709903762,-0.3949843291969501
67,0.026405471187724273,-0.20865302575614
54,0.1955234181378068,-0.4533903679953088
55,0.21360985198455262,-0.2050602500305659
68,0.1853862623183806,-0.39301209662976927
69,0.16015877665426867,-0.5065172261172316
53,0.24261539701364956,-0.3797884549359524
57,0.38525483728059035,-0.10908625274824395
58,-0.08894987753604754,-0.030595182358289435
59,-0.03332819071501951,-0.06162159303327858
61,-0.11636567291873305,-0.0708772305863993
70,0.21840499918859269,-0.48774480199167664
71,0.18023840861391888,-0.5680142308220508
73,0.5474847826592367,-0.14152105497987902
74,0.5522780553857806,-0.24792927405455628
75,0.5875787726698635,0.06322182223828063
76,-0.2219560232444956,0.0041712106163339846
77,-0.2018368936049048,0.027928776610763924
78,-0.09579691108853061,-0.1346900711432564
79,-0.12648140862479218,-0.20846971896812694
116,-0.2979434881259786,-0.42789869948664944
171,-0.29825222362494563,-0.5399015852628684
89,-0.2802800893378898,-0.22988631501533188
100,-0.22063780779811398,-0.3739743336812253
124,-0.19550021821401956,-0.4925885688121061
128,0.10795937057338462,-0.49017150054037456
140,0.6480398687340055,0.05589416644297837
167,0.6284636091155108,-0.24353685058930585
137,0.677137247371094,0.17661312953134106
138,0.6316546611308637,0.21437793843425426
139,0.6935603514113879,0.1425592522371068
168,-0.31939727710669635,0.0766980070829798
169,-0.0930700736992947,-0.23912085761551333
170,-0.12934010688229686,-0.37089829725748197
80,-0.08806974505057386,-0.3053926129122941
81,-0.24876908780778786,-0.2663907552734933
82,-0.08936252866881027,-0.4643997703154117
83,0.015605044798622604,-0.14310219003606642
84,-0.45174154636937425,-0.27695385604044703
85,-0.11780833627554992,-0.1650446182924728
93,-0.03675880101274104,-0.45938741493080093
94,-0.15232025192456197,-0.5159037474572931
91,0.06009805990538691,-0.06276403251197771
92,0.06340636321799303,-0.02797258609130505
95,0.11861420109451543,-0.03690703832584298
86,-0.47084615853846223,-0.27348959205201073
87,-0.5298109995288576,-0.21201057147708274
88,-0.596502922465088,-0.2723131644979106
90,-0.3074874459820233,-0.29838911872024604
96,-0.43309867473777,-0.21268485581622026
99,-0.5401354672282371,-0.23736172612092013
102,-0.28556506722507924,-0.4859460959056857
149,0.010237618520155483,-0.4635300473680871
150,0.15680071942843574,-0.3279848114103405
125,-0.27182755452503354,-0.5738832890845527
109,-0.504492890410851,-0.40575138204675193
126,-0.3171714384031059,-0.5739513638867496
127,-0.3630787263113692,-0.5967464846101621
105,-0.5282407156470156,-0.4742250984691679
106,-0.5050745602803861,-0.5157433194709992
107,-0.38527611644976584,-0.48715522109039416
108,-0.554714057579552,-0.3441719885678019
110,-0.33499456772437,-0.24889750920120532
111,-0.35260702866032084,-0.6965616190847399
112,-0.27444510497241525,-0.4394580009534589
114,-0.4430558933957072,-0.6571197871851597
117,-0.3011775443207965,-0.708169679305273
118,-0.24298444801997157,-0.6846168544842441
119,-0.3747061921601845,-0.7659573716974558
120,-0.40370072594600004,-0.7855268786811784
121,-0.42705617116044603,-0.7724010386735036
122,-0.19663071293002418,-0.5247448456681024
123,-0.15391122193519893,-0.48751088553803945
162,-0.35996916419184305,0.4191394539120274
142,0.3514189461466031,-0.031825935126619465
131,0.6706367779742904,0.38387134668113904
132,0.6192827921872398,0.46493072481563885
133,0.6547906712274018,0.3246509565427746
135,0.7199354785631831,0.2630199345498665
152,0.301828900199307,-0.18060327980974705
153,0.39841838227243703,-0.09240000267132635
154,0.44985913142320566,-0.09816815125593979
155,0.4456862646758895,-0.054743812872564336
163,-0.2997524227580175,0.5734686187744533
165,-0.29328778687491924,0.6208237637498326
151,0.345305092613845,-0.1818677249837399
160,-0.42713515578344297,0.4309098065215183
161,-0.40165284927498535,0.4224320071227629
164,-0.35744529033327044,0.542887393744305
166,-0.3705412684705837,0.565635077167412
