0,-0.11793979635991793,-0.6337830905808389
1,-0.1386699129969625,-0.7679378822949979
2,-0.15949799131159473,-0.6750177411935316
3,-0.13951396972091684,-0.5417860045342106
4,-0.0835442002065131,-0.5018428628616901
5,-0.15300546097602105,-0.8011610855364385
6,-0.1451606317258602,-0.8585899314183133
7,-0.14323804000677273,-0.8842585485550033
8,-0.2273594699285377,-0.5827443883699541
12,-0.056803151683016695,-0.39473398442815305
13,-0.24220091182386633,-0.5077046156361074
14,-0.13502139904466268,-0.48833775260400947
15,-0.035918504078110064,-0.40063368100886376
9,-0.14199846387652948,-0.9329830084164973
10,-0.15925274968043646,-0.9652045420080755
11,-0.12270499174448912,-0.9617581840334966
16,-0.308173537074498,-0.525207782276796
17,-0.13813738409607706,-1.0
58,0.04961211290182715,-0.24131977866781873
59,0.05263967991551141,-0.19703451391704538
91,-0.1609327584907133,-0.5285521224717955
128,-0.35443883130881204,-0.4386341470842352
154,-0.19764001567721104,-0.5312167360847456
157,-0.19317247784509584,-0.5962840619489015
18,-0.1465704815300386,0.420380529039189
19,-0.18375045646425178,0.4107308770966464
20,-0.17422013644074946,0.46986375576700146
21,-0.13269158190065664,0.36791076492878905
22,-0.08703001448683531,0.41434870584994155
23,-0.12491794443527002,0.4417456306276889
24,-0.1478378002461899,0.5005161801852264
25,-0.1871485913707281,0.44091895372807804
26,-0.11826499241034766,0.3132867217917914
27,-0.15050636628384514,0.45867796175605946
28,-0.28565429087763444,0.3629772527669463
29,-0.2296617903652254,0.3661654315922991
30,-0.1376624678335328,0.5166281096690591
31,-0.19237016258914744,0.5256671695179261
32,-0.22746102726919595,0.5222435969015101
33,-0.07778823747870332,0.22750413185119064
34,-0.013193917879864214,0.39757454966732614
35,0.016619702277370082,0.3833593976756052
36,-0.07926372797201947,0.48496246151937367
37,-0.062028149565986485,0.43612017675511827
45,-0.03957491822865178,0.16325820909535263
38,-0.10010206271749618,0.5250514953487129
39,-0.33924801009660266,0.33463223301996575
40,-0.2631482054241138,0.32611785604190247
41,-0.3400470640694123,0.3563476982034473
42,-0.3012055093135825,0.2976271388722074
43,-0.30335154491607275,0.3236108163382678
44,-0.26434872242669166,0.2635363899074829
46,0.0033195168993061,0.08009678558206142
47,0.0645702485031754,0.27329647603220764
48,0.07234636054681616,0.3509145355862579
49,-0.01809515066260409,0.36782074963582323
50,-0.002688649768265255,0.3212071211841494
51,-0.13532402020548298,0.27235255240095546
52,-0.27761649064854976,0.23312727666514785
53,-0.27667694355403494,0.20019142836257428
75,-0.20482964181596666,0.16962590098566116
149,0.06253897559925761,0.036111252153302006
150,0.10777986289393368,-0.036991722764454046
69,0.10225516487058026,0.15529741362723523
76,0.057554084020332824,0.18558062216384993
84,0.1395249501580339,0.17695785001758488
85,0.05847292099791482,0.22425065494025317
86,0.08805405776546162,0.21547412528759427
144,0.13798178979194023,0.2623374878926442
161,0.0814249201499366,0.29987118479680674
143,-0.0176999629032646,0.2755331409227756
73,-0.07150774275981962,0.19484289605512062
81,-0.21866770530892993,0.15669756041307428
82,-0.26225080410626583,0.12960497951705865
83,-0.2719171397162025,0.13717785188745665
54,-0.018799345258442374,-0.08285734585212058
55,-0.06294595436221449,0.011598144402006549
56,-0.11932556469794188,0.002488969981713901
57,-0.036502503378230765,0.08974199139644813
60,-0.2091225104741274,-0.011713323892926003
61,0.0577409593299276,0.09196450303809285
62,-0.1328184893993426,0.015378539386739637
63,0.034422213904105575,0.044556378092568474
64,-0.04058603059094697,0.06431037577236125
65,-0.237895269870696,0.05080033845423367
77,0.18103870542232992,-0.14115925093348758
78,0.17507419036006402,-0.1307415639879539
79,0.08262038376286616,-0.18686751493731119
80,0.1326130931119929,-0.02232021472021491
66,-0.26684980035640904,-0.07733841136621454
67,-0.31270274412981164,-0.03946582841887843
68,-0.3108616448850651,0.00489982608588252
70,0.1641769600997725,0.14491399807697242
71,0.12475433831289581,0.13383223682666953
72,-0.04610909865282118,-0.0002613733863487651
74,0.010443534015105789,0.11278810808808691
89,-0.35854532735881645,0.017016024299303923
139,-0.20284142021346674,-0.12620082761702398
140,-0.4115550136072516,0.007150419796407103
141,-0.38865728228159446,0.0073954997893714335
87,0.20495837068705852,0.122295291522351
88,0.19708700872313092,0.1354940895131244
131,0.24806872264651766,0.18024206636990506
90,0.3666262530377956,0.011496537455177787
92,0.058950552130531915,-0.1826591818190905
93,-0.04434911212670797,-0.18501466789568924
94,0.01745735033304253,-0.22802501821891022
95,0.1590193113242924,0.06761932503981641
96,0.08205835487002917,0.04422632349042777
97,0.12208929962826491,0.015503018785889337
123,0.04375408703294211,0.13363088241703963
145,0.2758287138835126,0.047767568043267504
130,0.2890461163144383,0.26113528807971703
142,-0.4467723800520872,0.02799222965380712
105,0.3865614373832404,0.1421288763526581
106,0.4455015348102758,0.07697900323688686
107,0.41638528586410906,0.11200920243822653
108,0.3995313513799527,0.12737014651679526
115,0.5171024841560046,0.041444761819711455
116,0.4925912680464669,0.037559195071005635
117,0.5420270942471157,0.02847274608446602
155,-0.24434540170919702,-0.6406844412741558
160,-0.20029021297933677,-0.5739669616402155
125,0.13901917623649052,-0.004143674938742236
113,0.0408186520361912,0.008155267449391108
122,-0.017225259946298185,0.04415733559943508
124,0.015494185628047306,0.08733628366541919
104,0.10354793659796745,0.09223774813116187
153,0.14495427657855198,-0.0632130771439898
98,0.26839041936681896,0.22458294797908657
99,0.3237679244005593,0.22578093201698865
100,0.33731353804981323,0.19653114792312754
101,0.37092437258139915,0.19520967325353872
102,0.23227057339307966,0.1954266959208312
103,0.3740594977660957,0.3503846319109051
109,0.43271074510105373,0.44420244263481656
110,0.4000640857173932,0.4358267391594502
111,0.4171035827208674,0.2660304198348235
112,-0.09107524813106747,-0.027376931735596424
114,0.08728610675706845,-0.006275911790725967
129,0.35705455851114243,0.3765985312626407
147,0.3658387184488145,0.1508409954829613
118,-0.302979535471735,-0.1701499351474318
132,0.6428047413966975,0.030255218485804345
133,0.5955291090718492,0.045653610204933165
134,0.6497829656015153,0.04703830530533763
119,-0.41775943781107483,-0.2347895626073254
120,-0.40424609519850846,-0.199104692255646
121,-0.3878417607238967,-0.3136663332258344
126,-0.46100440007963106,-0.31483243307281317
127,-0.43348488762168585,-0.3801559200543232
148,0.23159144239691115,-0.04623549774545057
135,0.7597718686550898,0.020842472215146606
136,0.6843060318998206,0.05053082914605649
137,0.7187746220080921,0.037232086586582044
138,0.8495155595940352,0.009109205881763767
146,0.18485009005099817,-0.008918092182807
151,0.21785292796940287,-0.12490636061569126
152,0.20942205830530924,-0.10197723206093336
156,-0.2478005580125133,-0.6788653395331575
158,-0.2860664845761569,-0.7103905263392944
159,-0.31503723929432914,-0.7083038519447554
