0,-0.4509592639018794,-0.44265376816836377
1,-0.48455591538358617,-0.3526308260098781
2,-0.46491127729051995,-0.36390213654304326
3,-0.3594133837847201,-0.48664203021571656
4,-0.44539145420938875,-0.4743657192212736
5,-0.4417959926633459,-0.22942759561487946
6,-0.47711777545890105,-0.2663817165044312
11,-0.3020847212840579,-0.5426900392708597
12,-0.24868267982640074,-0.41259938188866696
7,-0.4294098896616007,-0.16074294031808276
8,-0.4666415848610802,-0.1989826675385663
9,-0.39074657104041927,-0.09139876050339246
10,-0.4165690866198562,-0.11769869355575019
104,-0.37332526024306834,-0.047174248236410456
105,-0.3199570948703808,0.017569504545349324
106,-0.3771895538109447,0.007057775372639896
13,-0.3249385168633351,-0.648398038167562
14,-0.25552421947015586,-0.3044448251312309
15,-0.1285269388403662,-0.26824645515565615
135,-0.1570663220763829,-0.17020468566313904
136,-0.43583057450690477,-0.36206321297744143
137,-0.2661278411996696,-0.23844890610107883
69,-0.051407565170725214,-0.12014386205212822
73,0.01908827903209246,-0.18041614250474042
16,0.17774848662715223,-0.3358050069432418
17,0.21787547648894035,-0.2748721046051449
18,0.21340159278110643,-0.36161651286440427
19,0.22501142120155349,-0.2990530574379379
20,0.20304240074666327,-0.22297583552221126
21,0.1397947581023203,-0.3729325936149067
22,0.24993764504389177,-0.3386780974022264
23,0.17238411506156803,-0.39217917658632195
24,0.05569288815306746,-0.37346686072951174
25,0.22084087243812497,-0.17578861850424374
26,0.218522623703192,-0.19153117300954192
27,0.18502405923298157,-0.061079560070711254
29,0.04555802401595277,-0.3443980303976519
30,0.06907114716562503,-0.3577068064533972
31,0.3244068913200806,-0.2445157710078906
32,0.34958282865054574,-0.26572758249812356
33,-0.13292957258152707,-0.32065026597815327
28,0.22958576317424959,-0.09714336352811631
34,0.11413451632391376,0.17837529052945209
35,0.2049485637126501,0.0006609914827798029
36,0.2678149192473517,-0.06038276046109914
111,-0.007270137993939183,-0.20244368506815055
113,0.017158916051189632,-0.27784818221611135
118,0.048547835577897824,-0.41676985703681324
158,0.0815503089323743,-0.4490970935307102
82,0.315781616710072,-0.14620097275366148
84,0.3691352716424363,-0.13935098123286555
99,0.2719757048556777,-0.3024489857948383
183,-0.3083653833738878,-0.21865979127971083
87,0.05896881031905652,0.3414722310828127
90,0.0809995719324736,0.32158705748994976
91,0.10142506868960718,0.25289364632336875
95,0.1138173822604523,0.23150875890262188
98,0.1451496291912552,0.14148312381781694
37,-0.9743182179924963,-0.18551894691068468
38,-1.0,-0.09872968429623556
39,-0.8949681774735695,-0.24552727917204462
40,-0.9452756149413651,-0.14971111769529558
41,-0.9854637337890749,-0.019623826375157492
42,-0.9820576593864719,-0.08335916511378319
43,-0.9698835004782977,-0.06652504607873427
46,-0.7732488907358417,-0.3292654159996327
44,-0.9209864497098403,0.030172032258011287
45,-0.9305428347345436,-0.020464588901073392
188,-0.8108108109076303,0.019316547826061712
47,-0.6167241939384264,-0.36995223969387936
48,0.46626835122747556,0.26163190746275733
49,0.3283139594397542,0.20184895531086683
50,0.5369664340750234,0.32562967282803823
51,0.1908881487127052,0.12265467295079925
52,0.36929326975161597,0.3194709062423892
53,0.3293146706843674,0.2742970093867811
54,0.22628771661616756,0.10217880758439235
63,0.45639988139705534,0.3251197785901465
55,0.21226468698466802,0.18593232624938302
56,0.12001085995500727,0.16478330543599767
57,0.08526977147856518,0.014998087761218751
58,0.09111971586043373,0.11392851407636255
59,0.3098055429330172,0.3817449859188351
60,0.3870007690076799,0.37661166155184234
61,0.342044680623574,0.3946509702465696
62,0.12245395292161565,-0.05584833101324342
64,0.23398030788218482,0.2626163307881664
65,0.15110428292107125,0.24899043768937462
66,0.03881456684984452,0.19244802329054178
67,0.006530667462232177,0.13214916523058265
68,-0.052176006201460165,-0.01573408226273248
70,0.18924054185487285,0.38351951453726646
71,0.24362351274149494,0.40786123771444965
72,0.34702198810752677,0.4389984520033141
74,0.09038287329159801,-0.14852087149584053
151,0.3255574065881736,0.28086934187782564
154,0.4265037040529601,0.2900919558135251
152,0.13656397368360407,0.2706204051390774
153,0.046792496055768906,0.26695764703287034
97,-0.04020594723183688,0.26909060398432805
156,-0.0701096877679353,0.1027360243458807
172,-0.1294910136105078,-0.021620723135416412
117,0.07285680783009435,0.30188912447569327
120,0.11273683449187621,0.34056827602772005
122,0.14081677178738317,0.3766278651783609
75,0.37413823335724217,0.05471692704664976
76,0.4043949678626194,0.04409789879405936
77,0.2838713036850181,0.13840403999897735
78,0.35428432046886116,0.005273516637670455
79,0.40551733166738435,-0.04145725289626346
80,0.29814279487331996,0.0489015988129107
81,0.18413958503499925,0.21473188567233314
83,0.18890256941498512,0.2856563602859993
85,0.007534798927610783,0.36501436317664865
86,0.0713899350721362,0.406908421916083
100,-0.13054482997102712,0.32726999059439654
101,-0.07990839766031174,0.46567624036827615
102,-0.04630264812390629,0.4750148355695717
88,0.046222901033061675,0.4186307334734617
89,0.01929195489747687,0.4132283499240365
92,-0.014913158300501637,0.4341322425428424
93,-0.027192891276407304,0.39868416164611076
94,-0.05037683213543036,0.397132143723425
96,-0.07425356086301274,0.39067030644205625
103,0.16468850003584615,-0.4363896765562653
126,-0.11516258615466907,0.4806752857689437
129,-0.042555527709796606,0.2485187274002105
133,-0.24277780743306532,0.18419359855513018
134,-0.08809810417842956,0.30950309549095356
127,-0.11961079087836639,0.5501396454157956
159,0.1046768126886513,-0.49059386300277685
160,0.08582579599522708,-0.49197883369521156
121,-0.30481614718061273,0.051919837810593936
115,-0.19929638444340797,0.1226967615986622
175,-0.5602810996843904,0.001571856822198053
107,-0.04518592465489587,0.02631063091654537
108,-0.03694677192364503,-0.058472339927708165
109,-0.021713430420166876,-0.09844238742630122
110,-0.04014728596663796,0.1750229450928441
112,-0.03558396768550925,0.06210147583612878
114,-0.02697082736652679,0.2199649272247333
116,0.04310305098236895,0.2957114637468958
119,-0.1136194209074723,0.24078934347623676
157,-0.05101618564859097,0.30671829360818764
174,-0.033107683982910724,0.31896246241036863
123,-0.06536123801921614,0.5308864953243634
124,-0.04077221685575392,0.5354845639033144
125,0.05200604321052604,0.45119110304034354
128,0.21675713601028065,0.29682998061878657
130,0.4334333109721256,0.2081828428884099
131,0.3609680602918723,0.2845957796896264
132,0.3953808996950015,0.2642376007631944
162,-0.2174776710498263,0.17696427950463553
178,0.6375275923236561,0.023490436739118964
182,0.5305548710664814,0.22699541312696755
161,-0.35982326539647635,0.08977781607508344
163,-0.4035286392188343,0.058287993149943984
155,0.01308106214378175,0.28897661819935655
173,-0.19682603586005154,-0.1404618808770415
176,-0.3949128945913095,-0.26291007527868054
177,-0.3337195788358075,-0.30587792707967953
138,0.7992830745072774,-0.3730566301455339
139,0.7778123142880682,-0.26936033450270896
140,0.7793899513944144,-0.29244713961602165
141,0.8087820010667656,-0.3149741082787618
142,0.8322944285253033,-0.3790790289192733
143,0.8445152951287613,-0.43076740811639885
144,0.8482517973656059,-0.462042184558612
145,0.7508062511390481,-0.19929705135425438
146,0.7477543652673877,-0.17954101790263402
150,0.8680749006810085,-0.38956150245472504
147,0.7084131133448563,-0.10758743849643702
148,0.7195485256878605,-0.09388652850611583
149,0.7313063749389693,-0.07971722108840754
179,0.7323775367469335,-0.026069886401398484
180,0.7688473424597877,0.004575525769854152
164,-0.466903951042277,0.011077123122453536
165,-0.46984755771234826,-0.013871124255330942
166,-0.5054749041125653,-0.04431505592744849
167,-0.5392634857153297,-0.08068041833961934
168,-0.5338341785560328,-0.10976726963322023
169,-0.56447185046655,-0.13512139233468973
170,-0.5902539672222938,-0.17190092058786277
171,-0.5237134529482995,-0.20419799253816143
184,-0.6826582453939967,0.0243801778447903
185,-0.640858899647924,0.03252652220000303
186,-0.603605234584584,-0.014920880509685763
187,-0.6893729362593252,0.006965247371983366
189,-0.4710629850745367,-0.09487462200605631
181,0.7139297894198671,0.08234445967222671
190,0.6556993396719909,0.17667481606640817
