0,-0.3111077932517632,-0.4532496005191612
1,-0.06644190092180023,-0.45033454899759745
2,-0.25406351285434253,-0.42845588791253764
3,-0.42228365969735493,-0.4661521189871855
4,-0.5083678216333578,-0.4977866127844961
5,0.02379726432826935,-0.33674101727584993
6,-0.11897175505262156,-0.34930923041702927
7,-0.08351816417529022,-0.3681486066811883
8,0.20642425101769113,-0.5662820867879159
9,-0.46526762870350413,-0.4734062044114219
20,-0.561293318712156,-0.4979926095368392
21,-0.595072528692809,-0.5263217165790313
22,-0.6472831193912656,-0.5213322063082678
10,0.10027618307481699,-0.21331956104549915
11,0.044843680301512284,-0.31595426677006194
12,0.01692282014070053,-0.2578740337265728
13,0.024542553980632816,-0.5339344793665253
14,0.12956068831633946,-0.5736044287563863
15,0.08817980561406305,-0.5803392165931822
16,0.43630224664429973,-0.6013141221723093
17,0.24331162152901833,-0.6049020047737423
18,0.33722006430123375,-0.6113657967658784
19,0.40321707374192806,-0.6112471779098876
65,0.19935730306590466,-0.06841384160461662
66,0.1343545938676309,-0.18556692293887694
67,0.1615306230377247,-0.11450210550386834
71,-0.016723992160442798,-0.4873748504815733
75,-0.20218653807681727,-0.4023394384542512
76,-0.16609478979463294,-0.45535280491615887
77,-0.07386076204917601,-0.5083555066551454
78,0.6277697240202863,-0.621774295110152
79,0.5756392421257632,-0.6049634499403198
80,0.5264637744213315,-0.6104677152873161
23,-0.37265407415446905,0.17357210639504506
24,-0.3594509593571211,-0.003921202571091275
25,-0.40170438094201827,0.022794526568730565
26,-0.3638210368771081,0.1374074866255947
27,-0.3490216090245927,0.2264150304959768
28,-0.3447028369838408,0.3264706792179266
29,-0.27840115333382837,0.3025611588075129
30,-0.34506962174096334,-0.16136308718708836
31,-0.26653897675473703,-0.13988278926951248
32,-0.3474284470105059,0.048124807378065515
37,-0.27343360814844253,0.3415328237710873
38,-0.3296723751271022,0.40341264275035565
39,-0.24481139281885367,0.45572622236616767
40,-0.05870616816773746,0.4639753295798808
33,-0.2127559039838281,-0.2814306176757796
34,-0.27410083058855617,-0.2993542841932089
35,-0.4095801477031902,-0.2858748968968301
36,-0.0946622866046172,-0.29260835762728316
55,-0.18227023189275499,-0.4009862289401259
56,-0.05006217328954789,-0.377968274453038
57,0.06645599776369847,-0.3670658343409922
60,0.1711717074624042,-0.26946200335558684
41,-0.17917122766325513,0.32761376778101353
42,-0.1574138128881223,0.24991503434100387
43,-0.14563197742649134,0.5929637248759916
44,-0.17926291988351353,0.603409135506991
45,-0.07560959271787393,0.5904590510537748
46,0.05841970784265033,0.4602505391142355
47,-0.030837263377447494,0.5519917387040499
48,0.10840579357940573,0.4045915532459835
49,0.08522669922446797,0.4374775136814045
50,-0.06736044368282822,0.1883697868815022
51,-0.05418656431766396,0.1403324441460495
52,-0.25845391651398636,0.6547840905456302
53,-0.21928795350324787,0.6776371451310667
103,-0.22639562269642963,0.5353365711608616
54,0.21062404053162928,0.2486959370550648
106,-0.049780839546202105,0.26236278514811695
117,0.09351419582461287,0.044064025051111795
104,-0.35214239936366115,0.6697404863867273
105,-0.3329927880455362,0.6983949448443783
63,0.3106750302702068,-0.05815197991858913
123,0.3673107401752167,0.05428303847941389
58,0.14563419345185458,-0.37637152223936726
59,0.20414015241791406,-0.3788516092507392
61,0.2811650742869532,-0.307520611595655
62,0.32492994029294653,-0.20668205058957934
64,0.38970687465855,-0.18306537133354772
121,0.40043568880588104,-0.10527285121108977
122,0.440458503287886,-0.07610129219683018
68,0.287083913949684,0.01828233900852121
69,0.2500096868169365,0.01795999734942721
70,0.29412706483881335,0.06957743260138706
72,0.39750151362535957,0.09691598315225151
73,0.35689288808601727,0.10323545284107795
74,0.3383958016134834,0.0815741114622477
130,0.5012269910540648,0.06692481558144865
131,0.4689437196791506,0.10458072935822084
132,0.4127713347697467,0.04741625500451474
81,-0.45190286536774993,-0.23756790771309944
82,-0.3689229608517781,-0.30961735505113636
83,-0.28833053863606417,-0.3709716755453451
135,0.7065396182194945,-0.5413089902138059
84,-0.6262755804422029,-0.051601243813244935
85,-0.5544897035745943,-0.1646746135991384
86,-0.5025368612033794,-0.1904973925387895
110,-0.6636170811215957,-0.00793459209458943
111,-0.7421822724178931,0.1657443627387
112,-0.739363584947619,0.11020564223910238
87,0.21312922574593168,0.5710688166142461
88,0.4118069988609776,0.5579893183966813
89,0.37170265954573106,0.6092932540539087
90,0.4505627151076456,0.49370646870190416
91,-0.16031284040794544,0.5750505449931499
92,0.5451936150584298,0.4443346357981672
93,0.5931494863183503,0.38998330807047277
94,0.565249773229768,0.34402998105312577
96,-0.3874009185926517,0.6020583612680996
97,-0.46967501970396114,0.5496531128148563
95,0.6003769724845311,0.28765348110567085
98,0.6351444959674919,0.26163812692379235
99,0.5594210869638876,0.18075584797707195
116,0.6066300502983312,0.14996435877698527
100,-0.5647267250661999,0.5659592243463992
101,-0.6659285056988243,0.4548820332812002
102,-0.658265665789445,0.49568763677476324
114,-0.761546533454685,0.29144585282995844
115,-0.7437592859977524,0.34885267414242466
120,-0.758538554865571,0.3932051676041685
107,-0.5117363242028793,0.7337833150322948
108,-0.47677186485746503,0.7853284071025199
109,0.178878610091779,0.0635892598227473
118,0.2452923057665941,-0.020497027458861197
119,0.31082361252429114,-0.02443728458482855
124,0.4246524951795557,-0.04214971831514014
113,-0.7589361441494719,0.21681275445521794
125,0.5488413063152501,-0.0813979589919388
126,0.7010927255328031,-0.11547047045520588
127,0.7580882117065227,-0.13276879522089088
128,0.8694309698528007,-0.18876651797641186
129,0.84375837663885,-0.13469437462595407
133,0.8504265733994374,-0.3818429637302693
134,1.0,-0.07719697762201846
