0,-0.11915651974181479,0.08879538653172209
1,-0.15108195896637516,0.15628531164475243
2,-0.05935202716458398,0.13691284112201207
3,-0.19000707257599217,0.08331951170567942
4,-0.07212793325362965,-4.9968005465307575e-05
5,-0.1412562370752799,0.018413786787329006
6,-0.2453829599184159,0.09610136117844734
7,-0.08080931685426758,0.24545225863107348
8,-0.20441015340088767,0.19687493152554295
9,0.0708252825888669,0.2572357158421562
10,0.016567040704143693,0.11685696256907602
13,-0.26024596008280443,0.021009638962729258
17,-0.2164712174911524,-0.14852934521133085
18,-0.10678598270332794,-0.1133954711347027
19,0.012383189240161662,-0.07700158130183413
20,0.05486612198832652,0.028327109570726535
11,-0.3111903453785549,-0.028454332443711285
12,-0.30531926326205705,0.11809407857531028
14,-0.02799901984524359,0.3741675154301226
15,-0.15454680883813873,0.28249836157649766
16,-0.2712778477144065,0.20819772161987155
21,0.14050400917115294,0.3534284702051985
22,0.24154665295458463,0.3575593888158877
23,0.15777286336406834,0.3207445829548952
24,0.09853515142527425,0.09668783972172697
25,-0.2792250686969903,-0.08714715096391219
26,-0.31453112729580546,-0.14951763217959804
27,-0.37086441639844064,-0.03073041695941435
28,-0.39509454659481813,-0.08836402147425117
29,-0.36437358166632755,0.13199810253118885
30,0.037843609829025696,0.4978915785831353
31,0.10627126573778187,0.4363903099705947
49,-0.2855718805430601,-0.2349995354623667
50,-0.34743249984050506,-0.25932672819867203
52,-0.17410207830859586,-0.20988001966281875
53,-0.35497824623895424,-0.3174285638394381
61,-0.11717250208297186,-0.1824901609899545
76,-0.0009941057818592329,-0.1716267496052157
79,0.14125536794687293,-0.08582289036190405
83,0.16238619104781837,-0.016182460842794004
102,0.14599838099388626,0.06530095082679098
140,0.36113617217067734,0.40585735094350106
141,0.38139494859858364,0.407823364656701
142,0.3362196581775566,0.41086404699881957
151,0.26959753487426513,0.4132121308621138
101,0.18506960286196492,0.09093052955323866
32,-0.25348419234892056,-0.19973259093745094
33,-0.34892639283509624,-0.19285874529434027
34,-0.19830285018657814,-0.3132680346317721
35,-0.43068133064894126,-0.1554851603355026
36,-0.46646737390441173,-0.12055176574324238
37,-0.42065472305780005,0.01469276326161493
38,-0.491139674194924,-0.05403205451106726
117,0.07368056306567232,0.6230508221929034
118,0.07180188069718,0.5384097125787932
39,-0.057014582191163336,-0.44902337314181057
40,-0.09662351204824318,-0.4401854726825944
41,-0.12317303187434597,-0.41417891114486527
42,-0.5547735303128282,-0.16092898707960115
43,-0.6030560656420929,-0.13151239864941902
44,-0.5969739301539074,-0.07571557004598208
68,0.0865132305749551,-0.5313506534516379
69,-0.010536927392974628,-0.5116919789884826
47,-0.6745068692593635,-0.18801512795705344
45,-0.6621717378341092,-0.09878979454735368
46,-0.7062188078393333,-0.1658983762128541
48,-0.7557770267217652,-0.19397628434629077
51,-0.3886191598265184,-0.29585183629666684
54,-0.4716831170989217,-0.3415673276115154
59,-0.1783287942967976,-0.27389006565440865
60,-0.14523624752092568,-0.3023356726943323
62,-0.21785691681803038,-0.22999357741651508
55,-0.3537440075752651,-0.4263492483862235
56,-0.37897348991348345,-0.42683996578290745
57,-0.42841237750950484,-0.40221750498039377
58,-0.655465985718129,-0.3996536894860381
63,-0.25068373105996117,-0.40584307973846545
64,-0.2929798103649299,-0.440589775664946
65,-0.3091342774111147,-0.44563595308355747
66,-0.4315784277080018,-0.4589864006891725
67,-0.4162047609750216,-0.47311545437279734
152,-0.7341551435777001,-0.4441461870684626
153,-0.7657939002662622,-0.3811250100557378
154,-0.7504833337456631,-0.4313918514831245
72,-0.22314551124132845,-0.38581458873039903
73,-0.24176250896353318,-0.25174199748882137
74,-0.17244978093116692,-0.40599198730792
75,-0.19410068458236632,-0.40241756451180255
78,-0.28341838566029276,-0.17040641991249206
77,-0.22830543773918854,-0.4480588670180011
70,0.25737273333332894,-0.5634862028173947
71,0.41817981306610047,-0.5453057373995435
85,0.491955909896154,-0.47596883932791434
91,0.49653618760436913,-0.51117737184118
92,0.48437854346164194,-0.5382633841725372
93,0.5038258713545354,-0.5416552972512569
80,0.11091952339984852,-0.1324117239529466
81,-0.3831057126715589,-0.1459837475360954
82,-0.4489714322796081,-0.09953245516335225
104,0.24103015532905928,-0.04358863217958165
105,0.30036864720202816,-0.07107852239324328
109,0.2018267462033582,-0.08517288817653541
122,-0.6324172156146715,-0.02014080577059159
98,0.20231444814293417,0.05358834076910935
100,0.2541757813407217,0.018420086516389256
84,0.5236189388355751,-0.39575995962175964
86,0.5201355868617393,-0.42839173130445796
87,0.511921346709253,-0.37417129185328885
88,0.5151131944170786,-0.4673445331684213
89,0.5026936260448764,-0.2891733050624326
90,0.5214588809447308,-0.3267328692031966
94,0.5040100103405921,-0.2558869311060065
95,0.5147742208503047,-0.22159411223345496
96,0.45309106988613806,-0.16694399951465835
97,0.5042270475650454,-0.15387300254296474
159,0.5412315606587509,-0.14035295611585918
107,0.43631891146208923,-0.1044781745263557
161,0.5026476868826162,-0.12562640129408845
106,0.46426224342648553,-0.07342188158997698
160,0.571553055508273,-0.10791342413798537
99,0.21806992751787627,0.09273851794912999
103,0.3712265789431119,-0.03279323586679793
108,0.3545153910899411,-0.05482247102953764
162,0.2889677923848271,-0.057060436423396026
110,0.16517033187929722,0.6820430671891754
111,0.09015071435913548,0.6930322983521293
112,0.10000445427249462,0.708597447225574
113,0.13834841042936205,0.6829743553204809
114,0.2577015030656752,0.6474253133759827
115,0.21351905632418614,0.6818349521089452
116,0.2233669078683817,0.6528810285464417
119,0.35712251327913713,0.6159656157746389
120,0.3208690275482366,0.6155218016770384
121,0.29163919145830414,0.6283555956412056
133,0.45933416122577303,0.6065691498874739
137,0.4249058248882808,0.6030591470299644
138,0.3943654274707186,0.5745152022964171
143,-0.714245096151981,0.02876725787191192
144,-0.7418465517369782,-0.0005145782559701018
145,-0.7392509162992191,0.019185739974760686
123,0.6758544232734599,0.6287697681599819
124,0.630592726538614,0.6246333713555877
125,0.6433270890787193,0.5706975723677417
126,0.5952543511230514,0.6011935499217731
127,0.5764728312672585,0.6346215683305655
128,0.5514117692370465,0.6208853355433525
129,0.5627209098447628,0.5053529957208726
130,0.6244847710079079,0.5078100979124687
131,0.5015005649351644,0.6057583438874672
132,0.5263752596252657,0.584499955982386
134,0.4698454225709571,0.4403070399997321
135,0.49244188644540055,0.4503095995074938
136,0.5375469711469847,0.46740383615513464
139,0.42864092068709264,0.4604043674831956
146,-0.7881414126042866,0.014534917489985285
147,-0.8159163823696912,-0.009903513934687583
148,-0.8547129898209302,-0.0511655216090525
149,-0.8844146563412965,-0.07000855076298339
150,-0.8627716188028408,-0.1514669416289675
163,-0.83660492064709,-0.2775793019094582
155,1.0,-0.1542449808132905
156,0.9196631211835367,-0.14540856700088187
157,0.808675811135194,-0.13576326984033954
158,0.6709614301607036,-0.1277737911488049
