0,0.08746720811605234,-0.048710876004507186
1,0.23170530924170063,0.1886435878506105
2,0.25396498511065785,-0.1944069922521127
3,0.4786030720557301,-0.2000559067770062
4,-0.06554264916731484,0.001562944091694197
5,-0.07107970926768813,0.03311099231811794
6,-0.017213530764278673,0.039584849727276175
7,-0.2831900510329436,-0.21970806693258355
8,-0.07218855142734458,0.08502737640179654
9,-0.02807439862646506,0.08494334047453753
10,-0.09972535004221239,0.08520432236562137
11,-0.002549959728269988,0.08929654406558749
14,0.14954255701222371,0.14628572670407264
21,-0.10044716892567152,-0.1110272092179523
35,-0.19969602238283252,-0.12450226977430365
39,0.4920761416314401,0.10790468439664301
43,0.5766094059357513,0.17215347035035078
47,0.5922899533512822,0.2689196839895583
53,0.39560013846452063,0.10093835916842037
58,0.5546191729014538,0.3781849938476622
67,0.5047867979738179,0.40269057819971854
71,0.4440568298170761,0.1480511151983781
75,0.3682350042439353,0.4750339928559539
79,0.4965442982214365,0.27980126258321186
84,-0.11979135052544815,0.200470095102467
119,-0.2573392311350338,0.28194237751926876
40,0.4509359939236992,-0.4457579471247714
44,0.5593099711904298,-0.33169577750672896
48,0.6033348265703782,-0.18154462589057127
54,0.34307821831932045,-0.44070505524497977
59,0.5569011420669611,-0.098755507813036
68,0.5679682182798825,-0.05718911997100343
72,0.40388422053899625,-0.41200072492983253
76,0.4197131427075372,-0.019099328887516843
80,0.5280797100392383,-0.2741466781161247
121,-0.04662987074156951,-0.5134761884256519
41,0.6681660977721525,-0.4242096485984648
45,0.7587665251195747,-0.3357059524783667
49,0.7974160691000093,-0.21566268842209876
55,0.5501618168754588,-0.431746009794005
60,0.7476075206188966,-0.09413284981056455
69,0.7448455796912462,-0.043683468611469996
73,0.6396197462549708,-0.37237494886486877
77,0.6192044153282429,0.02250159922060117
81,0.7084884876822027,-0.24352881151406272
125,0.03316526863625489,-0.42962197464915314
22,-0.1548010539264937,-0.1343780928377256
32,-0.2146290279979154,0.18694592398804893
37,-0.18071602732477085,0.24829484165035465
52,-0.022613823348692275,-0.28311590941671544
78,0.16224437244263035,0.097241854268712
108,-0.21823874859793774,0.26464310670384994
97,-0.6751868893639622,-0.14051469798560384
74,-0.08944525717943266,0.3922641961751779
93,-0.0032780455584987952,0.2529591218895615
96,-0.17642517193976884,0.2966330854113977
107,-0.3173790985453803,0.1300181426442937
127,0.2819739547623247,-0.24228794318682068
88,-0.027039724313402104,0.39817691657354554
129,0.4382903133212661,-0.25552506340272507
103,-0.2529585974938164,0.16895264666958937
12,0.08259061733861262,0.5269693499859506
13,0.14792468900551767,0.5697605900040466
15,0.04110616285562472,0.4367894149758469
16,0.043856695079835875,0.36881811742653475
17,-0.24077003569889258,0.613673674925795
18,0.0054304537671229685,0.3900883745914843
19,-0.003408396724959149,0.339495304770494
20,0.3359605658855888,0.5816805109030369
51,0.2996668932146184,0.2320143883613276
82,-0.5383025105180954,0.5652560413086214
85,-0.09440532017730394,0.34459027495614025
23,-0.09453757825595957,-0.3772336629938066
24,-0.3022498854843291,-0.2960388854499965
25,-0.33462952223242,-0.25950354911618345
26,-0.2258858713773926,-0.36428658100479405
27,-0.38338290814226494,0.10286691747710393
28,-0.41897975777282526,0.0306335644569865
29,0.08801458291127458,-0.1499158978975953
30,-0.37417920180990255,-0.3675792999545508
31,-0.22460345394569248,-0.5782483861164947
33,-0.34513251760707325,-0.12720721189169212
94,-0.3981350352513165,-0.47422371638091376
109,-0.3936398230926601,-0.04870942203646671
86,-0.7097200737648091,0.27957453366667795
98,-0.8302589617115911,-0.0699933538482669
34,0.5283451058938086,-0.22535206062153876
36,0.17871253182457938,-0.433062548546598
111,-0.5807135862793008,-0.18517533486025117
131,-0.7170304844904218,-0.036319179415770175
132,-0.5241294100876408,-0.41245942864398444
62,-0.1432873195802801,-0.5915378579977704
100,-0.2904327822668998,-0.7142869655624877
101,-0.25402739097460647,-0.4135149140933987
102,-0.20945989357086792,-0.5027070918962833
134,-0.18256001058691426,-0.838092974426773
135,-0.05915186078405452,-0.7859473444739024
64,-0.1427433024078493,-0.1921722248526924
83,-0.08433655571958053,0.21685528923323238
89,-0.15125783764776052,0.11032924094862072
90,-0.3033590647763531,0.3605954851236988
91,-0.3322244541649842,0.31770206253745864
95,-0.4872881017542865,0.2444684255904416
112,-0.5621326591958007,0.29342333037948914
115,-0.2377343070573209,0.46885294055309323
137,-0.45204466943329197,0.11175523216926346
123,-0.09208481132964152,-0.07399888479278817
38,0.7883025336609607,-0.13751072017696403
65,-0.42164159401598617,-0.2548812969764088
106,-0.2957703570175394,0.03327699075046461
114,-0.36529789078611097,-0.06184232405825915
122,-0.4044505940220919,-0.5570515314069272
130,-0.4217790926060964,0.21610377197329858
136,-0.6209115440344392,-0.30338380056860476
126,0.04555112575674316,-0.25355512478370434
104,-0.25022924744432357,0.5228327156712437
105,-0.49731581062757235,0.20879957220770926
110,-0.43427389374222153,0.3787361540798433
113,-0.5149222115441815,0.1637524339715775
116,-0.3660699064461124,0.43405630094080666
117,-0.37441674788521223,0.5388547229836926
118,-0.31718306984303285,0.5773454668008497
124,0.24843773716699127,0.25457976207831506
42,0.8526632814432217,0.024824270031540294
46,0.801045500669139,0.15263288499363772
57,0.7126902307337825,0.2249643600537367
50,0.3373035088978003,-0.18110336488672554
56,0.6797870894425074,-0.11340625526655577
61,0.4026778547404618,-0.20436143831055523
63,-0.10147935620024234,-0.7048267807941772
66,0.41037673633608807,0.2962012874215906
70,0.5313251824749479,-0.012148778172974566
87,-0.8567817120335363,0.5214731942990305
92,-0.6602431114607996,-0.058261229507206844
99,-0.7202191563660513,0.20966529646667584
120,-1.0,0.09816385142478698
128,-0.20134244550620573,-0.2097830046055256
133,-0.5322991578037443,0.49811492793069684
