0,-0.2150193252594336,-0.4117541975041195
1,-0.1959592836369478,-0.036464113124995506
2,-0.16322460158306124,-0.06286742544917066
3,-0.17435395978019663,-0.6055977674564422
4,-0.27169202499145345,-0.564423556655963
5,-0.14099583699746562,-0.5706879507277952
6,-0.32586201705156176,-0.5170794754962528
7,-0.22514047636238546,-0.5529598099213372
8,-0.3062215648952025,-0.552165787033767
9,-0.20922938523409143,-0.5967351142178775
10,-0.1670874589403466,-0.5444815109029043
11,-0.2760569546777648,-0.5235791137197936
12,-0.24843729028549413,-0.5889484762261954
13,-0.38542742062012175,0.2523774663374928
14,-0.10729273579286903,-0.2736873296534627
15,0.153229906142607,0.2756460885889666
16,-0.19242021265954143,-0.10609924364168036
17,-0.2195693665499262,-0.13063387954031386
18,-0.2404312074486709,0.03440804133481999
19,-0.2960912421002061,-0.1304930496826826
20,-0.29230577339430147,-0.07875560474927559
21,-0.32863179298727857,-0.10739461713310036
22,-0.3410228161051151,-0.07027220401936211
23,-0.2710046282926226,-0.033934365512159816
24,-0.294135974127144,0.004947669460164499
25,-0.32404194649863016,-0.032722663482135185
26,-0.25952833611662857,-0.12473077867679151
37,-0.5722482828385986,-0.17818011534851144
38,-0.06493158414582072,-0.3724869779133945
39,0.03423090573265991,-0.2714994456542897
40,-0.10552882397416656,0.2588533486194897
41,-0.10883541667395641,-0.10281376577625666
27,-0.4768680752079419,0.3441622905891659
28,-0.4216941430265975,0.37553620324901277
29,-0.46148439140601893,0.38037056972763483
30,-0.5336204322922915,0.32578788245440893
31,-0.4766203107264841,0.42067500839290634
32,-0.3994691836149248,0.4056947165775977
33,-0.5327237638956764,0.3867309546311396
34,-0.43774237216731743,0.4178098251837528
35,-0.5174912224706654,0.3559845244612894
36,-0.5029345409717537,0.4007771730102283
42,-0.4718612261591839,0.17184386724674353
43,0.2078087461893501,-0.19151139062100916
44,-0.31242112356631524,-0.7592931076916508
45,0.15402085153405126,-0.6720337054065053
46,-0.40211125241336826,-0.636654239242744
47,-0.07592915316336517,-0.7970588266061962
48,-0.40635244664796805,-0.008674371034795401
49,0.24754857229565505,0.016173541057586886
50,0.12118770246038042,0.1437483892850866
51,0.17302661675276385,-0.11800262810962962
52,0.24940488612270792,0.6545623002205496
53,-0.1997786472575611,0.5634212227594491
54,-0.22203265464030775,-0.2265235159884173
55,0.4691463210386506,0.14356280579086014
56,0.604263223653464,0.06563390778058935
57,0.577930531675709,0.5547362644153299
58,0.43969989346038924,0.6652826734468694
59,0.6587975004164776,0.3721726502010701
60,-0.053099258937037944,0.6232868080311461
61,-0.2718724956926628,0.21196034817648352
266,-0.7507074870647283,-0.14351258190822744
267,-0.7388396928075817,-0.2595826968170022
268,-0.7664530871241142,-0.17031961799464268
269,-0.7456041073042795,-0.21662900088376508
270,-0.7274076623744307,-0.18021440655217463
271,-0.6983360365055352,-0.2823785445974989
272,-0.7311382476739631,-0.2910169558210975
273,-0.710337821393868,-0.23231373432379948
274,-0.7765757350865818,-0.20338222920641
275,-0.7683009736015857,-0.24516565782189353
276,-0.08353475835047,-0.5172888598999379
277,0.023815344486060323,-0.49066485113855596
278,-0.041837917459818554,-0.5384984613478391
279,-0.08378679545030523,-0.4799728579829434
280,-0.04257506109493539,-0.49439950120113263
281,-0.12339761177187998,-0.4630872355422709
282,-0.01010841467004383,-0.5194327258029943
283,0.014854797298847493,-0.5381438693529875
284,-0.008081086456157217,-0.4691798391185983
285,0.052600026869711686,-0.5006132738806531
286,0.13245028399833184,-0.3696048295393031
287,0.05886546416535725,-0.3941954416292791
288,0.10503305636783403,-0.4113840099719232
289,0.1617801632312862,-0.33019898113400287
290,0.1327602257710693,-0.29445368326518256
291,0.14275570975417232,-0.4104521233647637
292,0.027067375544494877,-0.35513779138515883
293,0.10216640993584927,-0.32592429680917895
294,0.16803203772129036,-0.3747406390970478
295,0.08907036060859276,-0.3689976339746041
296,-0.12140506848650212,0.4139196396053154
297,-0.07505605402325244,0.3740578487944087
298,-0.17690206790337235,0.3716085415258988
299,-0.018538445164474684,0.36949660036896115
300,-0.12724459748135175,0.36871327691382555
301,-0.04034851382662028,0.4084525209443321
302,-0.0067666753639875395,0.40674662665262684
303,-0.15787493011842393,0.4085964304126348
304,-0.08965147905450767,0.42843378198538307
305,-0.05574924217118897,0.4368974977519591
76,-0.11105449461671363,0.23649784887146336
166,-0.6434800953911396,0.254953289485598
167,-0.674484706008337,0.22997062728520215
168,-0.6116403244303531,0.2570830220451674
169,-0.6383891392692853,0.21540763969870902
170,-0.6195118497056475,0.3329688403655874
171,-0.6158927498227136,0.2942446960937666
172,-0.6481215993578366,0.30173284662957633
173,-0.6690139477532503,0.2697093133157028
174,-0.6661608432319919,0.19369533559410512
175,-0.5916747791073678,0.3200781187094344
176,0.3624724219223105,-0.3110820676799155
177,0.38696662650411456,-0.22798501865531873
178,0.2922513477246994,-0.3373028824663634
179,0.3934811552817305,-0.26585164265736416
180,0.35828251483636203,-0.24768079271856472
181,0.30511563957960947,-0.2991748395902784
182,0.3877602903749939,-0.30090036947159177
183,0.3382013114422704,-0.3248867378208089
184,0.32724026305671494,-0.35191028556976
185,0.3415487422009411,-0.2777866408398046
86,-0.15728470532531183,-0.5973892089846289
186,-0.446306578331006,-0.8980374900496728
187,-0.37467984501239804,-0.907712314187326
188,-0.33877327174334865,-0.9170765583758909
189,-0.4232725437332309,-0.9257742115758992
190,-0.3035867480190348,-0.9307725211347152
191,-0.3319758462552548,-0.9538685013671433
192,-0.40794300436085534,-0.8854563804180705
193,-0.3662203455928104,-0.9519999209648999
194,-0.4558406650915399,-0.8623212838443356
195,-0.39649616716556774,-0.9422058415316289
196,0.21855264376969336,-0.8500719631996242
197,0.2719743401733477,-0.7673809374570457
198,0.18417200907880268,-0.8384592731515824
199,0.2514165944557412,-0.8397448499364183
200,0.3189639664468678,-0.767432154865472
201,0.2502010133432288,-0.7964057562061825
202,0.280881587613314,-0.8224310123388744
203,0.30187461376897146,-0.7395198718875183
204,0.30155664993787606,-0.7969782754721467
205,0.21502739474767785,-0.8087864352930493
206,-0.5199206485171275,-0.7353565632927245
207,-0.45522031096510285,-0.774088703541622
208,-0.5608958768371981,-0.7493999333260597
209,-0.5334989926882441,-0.773073474870346
210,-0.5350789117450808,-0.7020617393235168
211,-0.47990011306123215,-0.7384026067878716
212,-0.5751773384729909,-0.7161634421828081
213,-0.49540938011800495,-0.7759242219842813
214,-0.5634960958640053,-0.6781020741182174
215,-0.4166310263072595,-0.7728800452412279
216,-0.11842441106019228,-0.9843651318557941
217,-0.07031428822849103,-0.9740923931597589
218,-0.09404149009009388,-0.9461949977857077
219,-0.01009864575285311,-0.9787036559062646
220,-0.04143274847576939,-0.9957798959471359
221,0.017580386660245213,-0.9520976240122236
222,-0.08648015054308279,-1.0
223,-0.04502124749684113,-0.9498727678546727
224,-0.13472241922377198,-0.9553480879429596
225,-0.01358780623792597,-0.9360127876367283
96,0.06627407835689605,0.04257653044119751
226,-0.5488218999676788,0.08200412840401247
227,-0.5754690861711302,0.053147981372747906
228,-0.5500498926347533,-0.026624925667953988
229,-0.5909655836141222,-0.019880649208935584
230,-0.5493685930854292,0.026858453732634183
231,-0.5868293251093217,0.018154649050593517
232,-0.6160030061415911,0.0034439119873935766
233,-0.5795601009862451,-0.04874134059724961
234,-0.5853399909504478,0.08166120257763691
235,-0.6121667008289601,0.04866699354623414
236,0.30972700306665485,0.10102027568849488
237,0.3200181851361122,0.14369039449475146
238,0.34932538754610165,0.0792921792308669
239,0.4022851939384351,-0.005483338907119668
240,0.40285674075413536,0.09543215997996675
241,0.4132054168551567,0.042975503802291905
242,0.3801624426582233,0.1296088757953351
243,0.3500582480223,0.12612950062555583
244,0.3726945878736875,0.027648623915428237
245,0.385201652306044,0.07146519687029472
246,0.1376516184323802,0.30621048385235045
247,0.1055434131543331,0.2756912367511915
248,0.2049753941326362,0.28941764735852055
249,0.17226225775456772,0.23153548360635856
250,0.18042106126614132,0.3170566290853133
251,0.2239585150000716,0.20371177057095935
252,0.1735100098444052,0.2729239901220939
253,0.2563040296152687,0.2514751633619559
254,0.2372469305738853,0.285811672163686
255,0.21841741240674611,0.2443441053117427
256,0.322975060009723,-0.11354545954871667
257,0.25909034989246965,-0.10818646996362632
258,0.25013916335524894,-0.05466036207520461
259,0.2450309301109234,-0.17370880413012532
260,0.28929574034792377,-0.18958716724808236
261,0.2865601949942541,-0.1456886206262629
262,0.13853233314982702,-0.07550776741896992
263,0.19936162820491848,-0.048411967247552506
264,0.3264803602974176,-0.15541752394209613
265,0.2964036360183592,-0.07801072354177582
62,0.29252041566878295,0.7845317374187437
63,0.2701230855258985,0.8445335031477884
64,0.2866161566114778,0.81974948649006
65,0.21283420574254985,0.7699881219414618
66,0.4902027657345494,0.43005532671390506
67,0.1508222750627991,0.724642245384106
68,0.13954349574153913,0.7578425280479175
69,0.22505736734275625,0.8220467084205726
70,0.32418546933784737,0.8068169534219622
71,0.19751755001286503,0.8102452559457399
72,0.16518775547650316,0.7901330441930874
73,-0.26888038827745714,0.6829952578613717
74,-0.24637303373462344,0.743233761787408
75,-0.23476668134592998,0.7091947069512943
77,-0.304713811638145,0.6730498832144517
78,-0.34306240327632365,0.6414432989119838
79,-0.30988719051571345,0.7394208777891851
80,-0.34365860305016754,0.7031815150709868
81,-0.27596127623151406,0.7343061095798983
82,-0.3044697232196727,0.7096229236414818
83,-0.3458245513322608,0.6727664628670204
84,-0.3574931041304158,-0.305336002046708
85,-0.3822260057767812,-0.252529710184088
87,-0.3489724520521494,-0.27358540638236356
88,-0.38219710070992247,-0.34082379130110346
89,-0.30982548921865527,-0.3677898803723413
90,-0.40630936858143835,-0.2850572143344668
91,-0.35970477565048037,-0.3667499905821674
92,-0.30191620976954325,-0.32826318064293697
93,-0.3355967907414567,-0.336214481118334
94,-0.4052235060935046,-0.31885425236435366
95,0.6303406964570517,0.1300827121548286
97,0.6040316189724202,0.08763146076096458
98,0.6105756003963022,0.23081512788696412
99,0.6441698803287789,0.19212734402781662
100,0.6155278428417856,0.1740336930017384
101,0.6330392326017837,0.06555446963968972
102,0.5878260846039389,0.2078662391051361
103,0.6518336184487552,0.10493213748538244
104,0.5944910676681516,0.13727127499555272
105,0.6582081675090843,0.15076938552774205
106,0.7405617437615931,-0.05035097985280135
107,0.7406977039701198,-0.01575530555613861
108,0.7052376228318054,-0.05395379148277652
109,0.7382072316968249,-0.08589005673443197
110,0.7826365730814783,0.04215742792649214
111,0.7630865571678961,0.008041313928406466
112,0.7015817528032962,-0.08842378651565394
113,0.797026889785983,0.00750253545556124
114,0.7837820186897153,-0.02882756299867279
115,0.7704645813502448,-0.06127494047361697
116,0.7532630696318212,0.6107894543322231
117,0.7263050389233121,0.5870502298378758
118,0.7075653699635793,0.6184732065367401
119,0.7278563047381598,0.663509059277723
120,0.7212343892143355,0.6926153317198569
121,0.6502944255970667,0.6978613445544779
122,0.6884080686952923,0.7064937685071373
123,0.685674126471813,0.6452398083943386
124,0.7510407816515196,0.6438178181681297
125,0.6750916502385587,0.6745680866981302
126,0.5700880175051783,0.7639696746908007
127,0.45080302111192705,0.8444878352098965
128,0.5333513128605438,0.7665813484356472
129,0.5241315448157895,0.798769315837578
130,0.4911648134150139,0.8054843363555193
131,0.5150286957687036,0.838976164620795
132,0.4853342451160743,0.8506510861565019
133,0.5458450265565952,0.824170403837342
134,0.5694095362744622,0.7990844544301593
135,0.45673707937433805,0.8103222540924869
136,0.7920716582804913,0.438644973495328
137,0.8076715558974767,0.3647339363754734
138,0.8547357321744036,0.38460730580756614
139,0.7989165761888343,0.40182726939379315
140,0.8373679559938736,0.41086482883307285
141,0.7855708508749908,0.474714347362845
142,0.8453315677003742,0.4393713291472516
143,0.8472538689771963,0.3520738239460427
144,0.8216720787225228,0.3281013512223899
145,0.822623526325451,0.4662204031792458
146,-0.01837445709476683,0.7684501248224985
147,-0.016583416375536564,0.8027730045319589
148,-0.07021061553991854,0.7883973794989051
149,-0.14430441828476448,0.7633306435990125
150,-0.11283997210058992,0.7501379303459751
151,-0.11074674157629698,0.8039085514933108
152,-0.14150698772138565,0.7959613525420968
153,-0.08580270720544049,0.8228956800075948
154,-0.0706015621654024,0.7545938931653315
155,-0.04982337901945451,0.8138979861505556
156,-0.4368877962843222,0.20146756906199983
157,-0.4363283558865595,0.1589927885324612
158,-0.37636708630295934,0.22015529851822038
159,-0.4097351015606999,0.19393856575885116
160,-0.39491806682149677,0.2908950719293957
161,-0.3867387876191707,0.16333180084508808
162,-0.4392078634029226,0.2519816396296243
163,-0.3673312121942097,0.275501438039193
164,-0.4133664517151957,0.12839303566858337
165,-0.37295453872720596,0.12449933176146655
