0,-0.052215977206058785,-0.0017345926848103667
1,0.06739544546473274,-0.0436452004790822
2,0.012161218431473697,-0.0555901396143807
3,-0.015566613965875735,-0.13318692104226582
4,0.1180911395139882,-0.10450985377018661
5,0.1554505676600529,-0.04561917268433745
6,0.08864671996436978,0.007321676785330065
7,0.15486558528068872,0.035765376382566
8,0.12299181794428837,-0.009381485795368587
9,0.0939506862986598,-0.049544924503349894
10,0.16093158763958937,0.011765230962784583
11,0.08241503766315529,-0.02729530456472384
12,0.10832248537239947,-0.06808267573652607
13,-0.057911393304986035,-0.07668881112026842
14,-0.09172675025999046,-0.40375183057243424
15,-0.15745000917852228,-0.13682591590235657
16,-0.01872954110369378,-0.02843427343475986
17,-0.026051619705279944,-0.09164350484250763
18,-0.21039920066874498,-0.17690349933424843
19,-0.1103954247151461,-0.12420202501552162
20,0.22524792083213868,0.008779104890303667
21,0.23899517507146684,0.11155673560666424
22,0.22510727150965412,0.13947718058494998
23,0.22810639986620931,0.07911270672388916
24,0.004015487454582377,0.07020576896843995
25,0.033113986715231296,-0.02637903137887982
26,0.1579971827104929,-0.016738536656708023
27,0.03930670403024135,0.03334826984824158
28,0.00584640461005477,0.023786186295728144
29,0.2885315440023124,0.08414480553913288
30,0.2238963342150109,0.060192691135770866
31,0.22914789733484794,-0.03822288276618824
32,0.24990575584564764,-0.13062644223368625
33,-0.26274845664515695,-0.49063910178304937
34,-0.22665463107701903,-0.5951243540213773
35,-0.20303528175800822,-0.6471199080495266
36,0.16021324840500445,-0.20298681590714387
37,-0.11866104430557085,-0.20633829628067726
38,-0.21771553602312968,-0.23609393652138444
39,-0.3053183481775557,-0.12607976296378226
40,-0.3494966625696851,-0.21840104163108232
41,-0.30298306842441347,-0.2606003787493638
42,0.2776214155781145,-0.13623239090942285
43,0.32527315893653863,0.12234012184223926
44,0.33441029610865675,0.005587337301653301
45,0.25074305946777475,0.2077956259271586
46,0.23391955277618712,0.17618402950489087
47,0.19921492370639873,0.2172194848970548
48,0.24256661840322502,0.24888187386969637
49,0.2839224691021982,0.20125381125767927
50,0.30307518281556306,-0.05940329898959507
51,0.3213741561713704,0.3397786539128995
52,0.36549669599530854,0.048850447042133996
53,0.14762817201854228,0.18508734584757597
54,0.40239794360212283,0.1321483632344029
55,0.2945953674398145,0.22645391370140575
56,0.4326664593740018,0.1512669685668191
57,0.3533994114894913,-0.18925499460127884
58,-0.39071580753610924,-0.5465190552185268
59,-0.3146741436401351,-0.6884146020837888
60,-0.28617235491767495,-0.7518289170742388
61,-0.2763960542421697,-0.8236871650848915
62,-0.2637101731821235,-0.7904820937786697
63,0.2993628896522953,-0.2957849493897388
64,0.20172998866962225,-0.32041658815625956
65,-0.12419899422123885,-0.14337501482030515
66,-0.14474810373338182,-0.2607967988321293
67,-0.14796407539152898,-0.23417135062135377
68,-0.1119635296446242,-0.2560261712645143
69,-0.030873881941021936,-0.26347984269700425
70,-0.11586055751888102,-0.23848504541214688
71,-0.10907654094326567,-0.14266146687031495
72,-0.20856525689014535,-0.2860173368542896
73,-0.24281686157887142,-0.3291431213959402
74,-0.2945046633258242,-0.31564881243702925
75,0.2036505545841971,-0.42514669084010015
76,0.451808331472104,0.09099948235842638
77,0.16688574966797143,0.29670390872478575
78,0.15412284800678894,0.3565135362310955
79,0.27172158486611436,0.43207367588332796
80,0.28423582981151013,0.3381453615457468
81,0.4507825941178236,-0.10757784769485201
82,0.4824813320710203,0.30934686984425835
83,0.32703845328728987,0.5536399972986594
84,0.42477827672835766,0.4398618943350927
85,0.3035351314944389,0.5555943977650437
86,0.3493289813274576,0.4929351240925412
87,0.5796849618841623,0.18277160946373625
88,-0.2359376839811627,-0.855218802526504
89,-0.31330782346533664,-0.8617199992129297
90,-0.313350164934472,-0.9202122644681336
91,-0.27825229341942936,-0.9258471320175204
92,-0.3196290912529309,-0.8893154427359528
93,0.3833814817597225,-0.4791778860152281
94,0.31798992499761874,-0.4030727873268623
95,0.21189824820698158,-0.3756564189821399
96,-0.15074478942968064,0.13114619388912432
97,0.10877078129370914,-0.6744594265329821
98,0.031531526421434246,0.38136749064213515
99,0.6077416280059416,0.3793635157479037
100,0.29279686758284856,0.703908394700111
101,0.3253587716887997,0.6524260350531113
102,0.3400519136506223,0.6902265372547108
103,-0.05710711407750185,-0.795041082328461
104,0.5161981516789086,-0.6391162408425515
105,0.4723785293735927,-0.5675759817031815
106,-0.08368678907428437,0.26413893671764205
107,-0.2931657503879945,0.3657561758500564
108,-0.18174532879678296,0.28138890564217417
109,-0.12517412538569075,0.3187911040671933
110,0.1482621398028955,-0.8429751306312063
111,0.26750938568072297,0.8766866773809981
112,0.6184532762919424,-0.7664370575380501
113,-0.4601902403577416,0.5175519784269648
114,-0.4748996795260147,0.5361368198745512
115,0.022476306932731803,0.4229131503558541
116,0.17555510691407566,-0.9637683016559125
117,0.26262481667713733,1.0
118,0.6915702186734031,-0.8582323853076588
119,-0.5840481228087566,0.6056217986129302
120,-0.5383928539465337,0.5569316606592095
121,-0.5522256825586321,0.5924544660925242
122,-0.5003069208252126,0.6109980262842022
123,-0.5681870398068607,0.5817149939725604
124,-0.5296642668001964,0.63097766150334
125,-0.6914920169328219,0.6576142983260265
126,-0.7023769253005252,0.6948847679242817
127,-0.6339608894276176,0.5632320289109475
128,-0.5581495187445056,0.6799573165068408
129,-0.6777561348177914,0.5836847088438064
130,-0.7980953172942629,0.7288511542355067
131,-0.8097903029646861,0.6891403706596545
132,-0.8916951503365249,0.8074136510828287
133,-0.8760224956460606,0.7126021275023311
