0,-0.6602384896133017,-0.9014084413192858
1,-0.5414978669470989,-0.9419204663961274
2,-0.7974487405747043,-0.8151285001369206
3,-0.5389601359208469,-0.8115203810191656
4,-0.6696627104718467,-0.7878270683189996
5,-0.906465775359475,-0.6694283651032598
6,-0.7795059020135088,-0.6875276590908601
7,-0.38993207873504954,-0.6251172902646498
8,-0.5289999401300461,-0.6882648065095015
11,-0.628052413546795,-0.6540172949821789
9,-0.9704125661620093,-0.4872003883842914
10,-0.852208149035703,-0.5366142757578239
14,-0.6971867818115339,-0.5447030153054179
36,-0.3794026552965186,-0.3457955500584136
39,-0.3843239188162985,-0.5075966327063627
41,-0.31460490113723555,-0.7741355622603018
42,-0.32470903718143995,-0.6742728531827972
45,-0.46553150225429923,-0.5698663097341978
12,-0.9880019590201814,-0.2886176529781187
13,-0.8827140320507326,-0.36000352743128267
17,-0.7323692799503271,-0.3950487319593388
46,-0.5224661422268235,-0.5184710813175247
15,-0.9611924845204637,-0.08959340266981364
16,-0.8730342200791336,-0.1769538400706524
20,-0.7318332836661918,-0.23206762940265493
47,-0.5499832332597548,-0.4005080112001962
18,-0.8953286903199403,0.09605892043802376
19,-0.8231766174431098,5.568791276816276e-05
23,-0.6938453429960764,-0.06862754643428881
48,-0.5536033761788902,-0.2609274748873855
21,-0.8011082790166975,0.2550176101588984
22,-0.7406286739489993,0.15806619244252867
26,-0.6230600281864337,0.07858221049951847
49,-0.5270715776259032,-0.10772064203311742
24,-0.6851499735791414,0.3579184477955764
25,-0.6359304356387061,0.2817270638263931
29,-0.5272543797346154,0.20238921119078238
50,-0.4693253118474533,0.026684023986315007
27,-0.563828416482691,0.3138571953855275
28,-0.5149734869261411,0.32245326588494816
32,-0.4152704362772016,0.27748816960164624
51,-0.37696045947525564,0.13701351012970597
30,-0.4803550117442534,0.14491090867113812
31,-0.43249917521197323,0.21344865450988915
35,-0.32776432608062495,0.2188450315183388
52,-0.27562986778698423,0.2143236041478383
33,-0.4204484217213179,-0.08458869734118021
34,-0.39260779737288265,0.011926536565115385
38,-0.2971016743222634,0.05182829223135171
53,-0.1899098464065768,0.19144132190613586
37,-0.38034597259985414,-0.24015808947176587
40,-0.29373530324630465,-0.16864352929299012
54,-0.15315319219788637,0.05584395294142189
43,-0.31453800137763377,-0.40957716773814407
55,-0.16222147111293558,-0.1281674241506675
44,-0.28284833390199265,-0.5706301273524709
56,-0.19303228428975747,-0.33339927467682934
57,-0.18353761280534056,-0.4829567443993876
58,-0.3366574258411789,-0.46038790353437037
59,-0.356627408479295,-0.38778803328852063
60,-0.353095607055172,-0.26911875705379956
61,-0.33525816986867657,-0.12883023791746748
62,-0.2842115643987132,-0.002478615392379852
63,-0.20853186192658035,0.10097958286389674
64,-0.11142061932133503,0.15924133266166118
65,-0.027407382481982056,0.15415392937430292
66,0.014245087477809339,0.041214506228505976
67,0.012021512944869982,-0.11600021189959281
68,-0.02318513731670042,-0.28879171041776674
69,-0.0386523958816847,-0.42180854929954326
70,-0.1593903129700566,-0.364702983504963
71,-0.15084787054481116,-0.26335524529949256
72,-0.1256111495787555,-0.14537375040396242
73,-0.09675337848924709,-0.009561002070586128
74,-0.034756632672860756,0.09938605198909065
75,0.060016527257338165,0.13658748770859125
76,0.15129024528283433,0.11737506047953367
77,0.1965192735974498,0.031608575417452336
78,0.20244044553459883,-0.10068659495520328
79,0.1730835331250128,-0.25100584858337766
80,0.1396029728356218,-0.3746745462885095
81,0.04254892508111106,-0.2620753888629049
82,0.07345986600016254,-0.14862684010294025
83,0.09797541943761398,-0.011824465535086223
84,0.13325097040039635,0.1210759840613798
85,0.22110447974349096,0.1671384474426713
86,0.32089073448458805,0.12363484876000391
87,0.3815516210281627,0.04086446756607423
88,0.39976339822310064,-0.07381476490107163
89,0.37532102274319407,-0.19865852742321213
90,0.3412591363570894,-0.31719370412339937
91,0.26024055245785127,-0.1545982728530234
92,0.2909226999705584,-0.01682111821591512
93,0.3070186746107794,0.1333935918785477
94,0.3641895257781168,0.21982838035390978
95,0.4648885046996025,0.18535274015038644
96,0.5486456573396298,0.10230959690563927
97,0.5875835434577388,-0.0009947750541227016
98,0.5742983701377691,-0.10966620969466677
99,0.545059639913001,-0.23165974425369393
100,0.46663669724639056,-0.017441669258703933
101,0.4883109371369305,0.12677302311536268
102,0.508592610084036,0.25916167263857737
103,0.5774880011225048,0.29299444490102944
104,0.6758599191413791,0.22594301896668226
105,0.7420903046267172,0.12600104726738676
106,0.7493039192523867,0.024876334707945712
107,0.7365286089345537,-0.10373725872736395
108,0.6517668686491741,0.13762741410563895
109,0.6579741364509496,0.2830611251977254
110,0.6738570664029483,0.3831811775607577
111,0.7566412797089851,0.3748424063025057
112,0.8455372436506527,0.2969372736400253
113,0.8772212256964215,0.2023354298863917
114,0.8907504420221738,0.0750508640351629
115,0.7960264221927087,0.3192559386547943
116,0.7808047917623248,0.44872492746165704
117,0.7965117396941508,0.5167094453678621
118,0.8813977992896813,0.4846189152525161
119,0.9403742791413103,0.414522806740601
120,0.9791174128948087,0.2944142456925563
121,0.8790523368932797,0.5248349658359787
122,0.8399891028148165,0.6260018125822232
123,0.8496041146711022,0.6641419316616249
124,0.9111428332667207,0.6258360561687554
125,0.97719983322501,0.5311683304156276
126,0.8872251403494122,0.7275630771155491
127,0.8197930356265782,0.8020879381157269
128,0.7922190750030238,0.7974632291421736
129,0.862337374987446,0.7383944813506742
130,0.7678410107878553,0.8899951372252114
131,0.6986951133764249,0.9301913675109391
132,0.7239929201628672,0.8944188907183278
133,0.6000513285308494,0.989329649635348
134,0.5704054626997912,0.9999999999999999
135,0.40785616704834865,0.9981994096951462
