0 1
0 2
0 4
0 5
0 6
0 7
0 8
0 9
0 11
0 19
0 20
0 22
0 26
0 46
1 0
1 3
1 5
1 6
1 7
1 8
1 9
1 10
1 13
1 15
1 17
1 27
2 0
2 1
2 3
2 4
2 5
2 6
2 7
2 8
2 9
2 13
2 16
2 28
2 31
2 49
3 0
3 1
3 2
3 4
3 5
3 6
3 7
3 8
3 9
3 16
3 21
3 23
3 25
3 42
3 43
4 0
4 1
4 2
4 3
4 5
4 6
4 7
4 8
4 17
4 22
4 41
5 0
5 1
5 3
5 4
5 6
5 7
5 8
5 9
5 11
5 13
5 24
5 26
5 29
5 37
5 39
5 42
6 0
6 1
6 2
6 3
6 4
6 5
6 7
6 8
6 9
6 11
6 13
6 15
6 16
6 17
6 18
7 0
7 1
7 2
7 3
7 4
7 5
7 6
7 8
7 9
7 14
7 20
7 22
7 27
7 29
7 39
8 0
8 1
8 2
8 3
8 4
8 5
8 6
8 7
8 9
8 10
8 12
8 14
8 17
8 23
8 28
8 40
8 49
9 0
9 1
9 2
9 3
9 4
9 5
9 6
9 7
9 8
9 15
9 20
9 26
9 28
9 42
10 4
10 11
10 12
10 13
10 15
10 16
10 17
10 18
10 19
10 41
10 44
10 45
10 46
11 10
11 12
11 13
11 14
11 16
11 17
11 19
11 24
11 26
11 27
11 40
11 42
11 43
11 45
12 11
12 13
12 14
12 16
12 17
12 19
12 27
12 37
12 49
13 10
13 12
13 14
13 16
13 17
13 18
13 35
13 36
13 42
13 45
14 8
14 11
14 16
14 17
14 33
14 39
14 40
15 6
15 12
15 13
15 14
15 17
15 18
15 19
15 40
15 43
15 45
16 12
16 14
16 15
16 17
16 18
16 40
16 43
16 45
16 46
17 11
17 12
17 14
17 15
17 16
17 19
17 32
17 37
17 39
17 44
18 10
18 11
18 12
18 13
18 14
18 15
18 16
18 41
18 45
19 4
19 10
19 11
19 12
19 13
19 14
19 15
19 16
19 18
19 26
19 32
19 42
20 8
20 9
20 13
20 17
20 21
20 22
20 23
20 24
20 25
20 26
20 27
20 28
20 29
20 40
20 43
20 48
21 4
21 7
21 9
21 20
21 22
21 23
21 24
21 25
21 26
21 27
21 28
21 29
21 36
21 41
21 47
21 49
22 7
22 9
22 12
22 18
22 20
22 21
22 23
22 24
22 25
22 26
22 27
22 28
22 29
22 42
22 46
22 47
23 5
23 6
23 10
23 11
23 12
23 20
23 21
23 22
23 24
23 25
23 26
23 27
23 28
23 29
23 40
24 0
24 10
24 13
24 20
24 21
24 22
24 23
24 25
24 26
24 27
24 28
24 29
24 48
25 0
25 2
25 5
25 7
25 20
25 21
25 22
25 23
25 24
25 26
25 27
25 28
25 29
25 46
26 1
26 4
26 7
26 9
26 10
26 11
26 13
26 17
26 20
26 21
26 22
26 23
26 24
26 25
26 27
26 28
26 29
27 1
27 14
27 17
27 18
27 19
27 20
27 21
27 22
27 23
27 24
27 25
27 26
27 28
27 29
27 40
28 5
28 14
28 20
28 21
28 22
28 23
28 24
28 26
28 27
28 29
29 0
29 1
29 5
29 7
29 12
29 14
29 17
29 19
29 20
29 22
29 23
29 24
29 25
29 26
29 27
29 28
32 18
32 25
32 33
32 34
32 35
32 36
32 37
32 38
32 39
32 30
32 31
32 42
33 11
33 20
33 32
33 34
33 35
33 36
33 37
33 38
33 39
33 30
33 31
33 42
34 32
34 33
34 35
34 36
34 37
34 38
34 39
34 30
34 31
34 47
35 18
35 28
35 29
35 33
35 34
35 36
35 37
35 38
35 39
35 30
35 31
36 32
36 33
36 34
36 35
36 37
36 39
36 30
36 31
37 8
37 22
37 32
37 33
37 34
37 35
37 36
37 38
37 39
37 30
37 31
38 3
38 21
38 22
38 32
38 33
38 34
38 35
38 36
38 37
38 30
38 31
39 23
39 28
39 32
39 33
39 34
39 35
39 36
39 37
39 38
39 30
39 31
30 10
30 13
30 14
30 32
30 33
30 34
30 35
30 36
30 37
30 38
30 39
30 31
30 48
31 1
31 6
31 10
31 28
31 32
31 33
31 34
31 35
31 36
31 37
31 38
31 39
31 30
31 44
40 7
40 8
40 9
40 21
40 22
40 41
40 42
40 43
40 44
40 45
40 46
40 47
40 48
40 49
41 3
41 8
41 25
41 29
41 38
41 40
41 42
41 43
41 44
41 45
41 46
41 47
41 48
41 49
42 2
42 20
42 24
42 37
42 40
42 41
42 43
42 44
42 45
42 46
42 47
42 48
42 49
43 1
43 2
43 8
43 22
43 23
43 40
43 41
43 42
43 44
43 45
43 46
43 47
43 48
43 49
44 7
44 22
44 24
44 40
44 41
44 42
44 43
44 45
44 46
44 47
44 48
44 49
45 3
45 4
45 7
45 12
45 24
45 25
45 29
45 40
45 41
45 42
45 43
45 44
45 46
45 47
45 48
45 49
46 9
46 24
46 29
46 40
46 41
46 42
46 43
46 44
46 45
46 47
46 48
46 49
47 6
47 8
47 9
47 21
47 26
47 29
47 39
47 40
47 41
47 42
47 43
47 44
47 45
47 46
47 48
47 49
48 0
48 1
48 2
48 5
48 7
48 8
48 22
48 27
48 32
48 40
48 41
48 42
48 43
48 44
48 45
48 46
48 47
48 49
49 4
49 6
49 7
49 18
49 19
49 24
49 27
49 30
49 40
49 41
49 42
49 43
49 44
49 45
49 46
49 47
49 48
