0 1
0 4
0 5
0 6
0 7
0 37
1 0
1 2
1 3
1 4
1 5
1 6
1 7
1 9
1 34
1 39
1 40
2 1
2 3
2 5
2 7
2 8
2 9
2 10
2 13
2 36
3 0
3 2
3 4
3 5
3 6
3 7
3 8
3 9
3 16
3 18
3 33
3 34
3 31
4 0
4 3
4 5
4 6
4 7
4 8
4 9
4 38
4 30
4 31
4 42
4 45
5 0
5 1
5 3
5 4
5 6
5 8
5 45
6 0
6 1
6 2
6 3
6 4
6 5
6 8
6 9
6 12
6 30
7 0
7 2
7 3
7 4
7 5
7 6
7 8
7 17
7 39
8 0
8 2
8 4
8 5
8 6
9 0
9 1
9 2
9 3
9 4
9 5
9 6
9 8
9 34
9 39
9 31
10 12
10 13
10 14
10 15
10 16
10 17
10 18
10 19
10 26
10 27
10 34
10 36
10 39
10 30
10 31
11 10
11 12
11 13
11 14
11 16
11 18
11 24
11 36
11 37
11 39
11 30
11 47
12 7
12 10
12 13
12 14
12 15
12 16
12 17
12 18
12 19
12 31
12 40
12 46
13 10
13 11
13 12
13 14
13 15
13 16
13 17
13 18
13 19
13 33
13 38
14 10
14 11
14 12
14 13
14 15
14 16
14 17
14 18
14 20
14 26
14 32
14 38
15 10
15 11
15 12
15 13
15 14
15 16
15 17
15 18
15 19
15 35
16 10
16 12
16 13
16 14
16 15
16 17
16 18
16 19
16 21
16 33
16 36
16 38
17 10
17 11
17 12
17 13
17 14
17 16
17 23
17 38
18 10
18 11
18 12
18 13
18 14
18 15
18 17
18 19
18 32
18 33
18 34
18 37
18 38
19 10
19 11
19 12
19 13
19 14
19 15
19 16
19 18
19 21
19 27
19 28
19 32
19 39
19 30
20 1
20 9
20 15
20 17
20 19
20 21
20 25
20 26
20 27
20 28
20 29
20 33
20 30
21 6
21 11
21 20
21 22
21 25
21 26
21 27
21 28
21 29
21 36
22 4
22 10
22 18
22 20
22 23
22 24
22 25
22 26
22 27
22 28
22 29
23 21
23 22
23 25
23 26
23 27
23 28
23 29
23 37
24 5
24 20
24 21
24 22
24 23
24 25
24 26
24 27
24 28
24 29
24 35
25 9
25 10
25 13
25 15
25 18
25 21
25 22
25 24
25 27
25 28
25 29
25 34
26 20
26 21
26 22
26 23
26 24
26 27
26 28
26 29
26 32
27 6
27 16
27 17
27 20
27 21
27 22
27 23
27 26
27 28
27 29
28 22
28 23
28 24
28 27
28 29
28 34
28 42
29 6
29 8
29 20
29 21
29 22
29 23
29 24
29 25
29 26
29 27
29 28
29 39
32 11
32 12
32 18
32 21
32 34
32 36
32 37
32 38
32 39
32 31
32 47
33 13
33 14
33 17
33 18
33 20
33 27
33 32
33 34
33 35
33 36
33 37
33 38
33 39
33 30
33 31
33 41
33 44
33 45
33 48
34 3
34 10
34 16
34 20
34 21
34 25
34 32
34 33
34 35
34 36
34 37
34 38
34 39
34 31
34 40
34 44
34 45
34 47
35 14
35 16
35 20
35 21
35 32
35 33
35 34
35 36
35 37
35 38
35 39
35 30
35 40
35 41
36 0
36 11
36 13
36 17
36 25
36 34
36 35
36 37
36 38
36 30
36 31
36 43
36 45
37 5
37 12
37 13
37 14
37 32
37 33
37 34
37 36
37 30
37 31
37 49
38 12
38 15
38 19
38 22
38 27
38 32
38 33
38 34
38 35
38 36
38 37
38 39
38 30
38 43
38 45
39 11
39 15
39 17
39 19
39 20
39 28
39 29
39 32
39 33
39 34
39 36
39 38
39 30
39 31
39 43
39 49
30 12
30 13
30 17
30 20
30 33
30 34
30 37
30 38
30 39
30 31
30 45
31 17
31 22
31 26
31 34
31 35
31 36
31 37
31 39
31 30
40 0
40 14
40 15
40 36
40 37
40 41
40 42
40 43
40 44
40 45
40 46
40 49
41 1
41 3
41 6
41 7
41 12
41 14
41 19
41 43
41 45
41 46
41 47
41 48
41 49
42 16
42 17
42 19
42 34
42 35
42 31
42 40
42 41
42 43
42 44
42 45
42 46
42 49
43 4
43 13
43 15
43 23
43 26
43 32
43 37
43 39
43 40
43 41
43 45
43 46
43 47
43 48
43 49
44 3
44 9
44 27
44 34
44 40
44 41
44 42
44 43
44 47
44 48
44 49
45 17
45 21
45 31
45 40
45 41
45 43
45 44
45 46
45 49
46 7
46 12
46 17
46 21
46 26
46 34
46 39
46 40
46 41
46 43
46 44
46 47
46 49
47 0
47 10
47 18
47 29
47 34
47 40
47 41
47 42
47 43
47 44
47 45
47 48
48 11
48 13
48 16
48 35
48 40
48 41
48 43
48 44
48 45
48 46
48 49
49 0
49 3
49 11
49 14
49 15
49 18
49 35
49 40
49 42
49 43
49 44
49 45
49 46
49 47
