0 1
0 2
0 3
0 4
0 5
0 6
0 7
0 9
0 13
0 16
0 34
0 36
0 40
0 49
1 0
1 2
1 4
1 6
1 8
1 9
1 12
1 14
1 15
1 19
1 20
1 47
2 1
2 3
2 4
2 5
2 6
2 7
2 8
2 12
2 14
2 15
2 17
2 18
2 42
2 46
2 49
3 0
3 1
3 2
3 4
3 5
3 6
3 7
3 8
3 9
3 14
3 15
3 35
4 0
4 2
4 3
4 5
4 6
4 7
4 8
4 9
4 15
4 17
4 19
4 31
4 42
4 45
4 49
5 0
5 1
5 4
5 9
5 10
5 12
5 17
5 38
5 30
6 0
6 2
6 3
6 4
6 5
6 7
6 8
6 19
6 38
6 30
6 46
7 0
7 1
7 2
7 3
7 4
7 5
7 6
7 9
7 13
7 15
7 19
7 43
7 45
7 46
8 0
8 1
8 3
8 4
8 5
8 6
8 7
8 9
8 12
8 26
8 49
9 0
9 1
9 2
9 4
9 5
9 6
9 7
9 8
9 12
9 14
9 15
9 22
9 24
10 11
10 12
10 13
10 14
10 16
10 18
10 19
10 27
10 40
10 41
10 44
10 47
11 5
11 10
11 12
11 13
11 14
11 15
11 16
11 17
11 18
11 19
12 10
12 11
12 14
12 15
12 16
12 18
12 23
12 27
12 40
12 46
13 10
13 11
13 12
13 14
13 15
13 16
13 17
13 19
13 25
13 40
13 42
13 43
13 47
13 48
13 49
14 10
14 11
14 12
14 13
14 15
14 16
14 17
14 18
14 19
14 23
14 24
14 40
14 48
14 49
15 10
15 11
15 12
15 13
15 14
15 16
15 17
15 18
15 19
15 37
15 45
15 46
16 10
16 11
16 12
16 13
16 14
16 17
16 18
16 19
16 21
16 24
16 25
16 29
16 47
17 11
17 13
17 14
17 15
17 16
17 18
17 19
17 22
18 11
18 12
18 14
18 15
18 16
18 17
18 19
18 31
18 44
18 45
19 10
19 11
19 12
19 13
19 14
19 16
19 17
19 18
19 37
19 42
20 5
20 8
20 13
20 19
20 21
20 22
20 23
20 24
20 25
20 26
20 27
20 28
20 29
20 34
20 35
20 38
21 1
21 3
21 6
21 20
21 22
21 23
21 24
21 25
21 26
21 27
21 28
21 29
21 36
21 39
21 41
21 44
21 48
21 49
22 2
22 4
22 5
22 11
22 14
22 20
22 21
22 23
22 24
22 25
22 26
22 27
22 28
22 29
22 32
22 42
23 8
23 20
23 21
23 22
23 24
23 25
23 26
23 27
23 28
23 29
23 44
24 2
24 5
24 6
24 20
24 21
24 22
24 23
24 25
24 26
24 27
24 28
24 29
24 34
24 40
25 0
25 2
25 17
25 20
25 21
25 22
25 23
25 24
25 26
25 27
25 28
25 29
25 34
25 35
25 40
25 44
25 45
26 2
26 20
26 21
26 22
26 23
26 24
26 25
26 27
26 28
26 29
26 32
27 3
27 9
27 20
27 21
27 22
27 23
27 24
27 25
27 26
27 28
27 29
27 31
27 40
27 48
28 7
28 8
28 20
28 21
28 22
28 23
28 24
28 25
28 26
28 27
28 29
28 35
28 30
28 45
28 49
29 0
29 4
29 8
29 9
29 20
29 21
29 22
29 23
29 24
29 25
29 26
29 27
29 28
29 34
29 39
29 30
29 40
32 2
32 4
32 5
32 10
32 16
32 17
32 18
32 33
32 34
32 35
32 36
32 37
32 38
32 39
32 30
32 31
32 42
32 43
32 45
33 11
33 18
33 29
33 32
33 34
33 35
33 36
33 37
33 38
33 39
33 30
33 43
33 47
34 0
34 4
34 6
34 7
34 10
34 12
34 17
34 32
34 33
34 35
34 36
34 37
34 38
34 39
34 30
34 31
34 45
35 3
35 15
35 20
35 32
35 33
35 34
35 36
35 37
35 38
35 39
35 30
35 31
36 4
36 5
36 32
36 33
36 34
36 35
36 37
36 38
36 39
36 30
36 31
37 3
37 8
37 9
37 32
37 33
37 34
37 35
37 36
37 38
37 39
37 30
37 31
38 5
38 11
38 16
38 32
38 33
38 34
38 35
38 36
38 37
38 39
38 30
38 31
38 42
39 1
39 3
39 8
39 9
39 32
39 33
39 34
39 35
39 36
39 37
39 38
39 30
39 31
39 49
30 11
30 12
30 16
30 19
30 32
30 33
30 34
30 35
30 36
30 37
30 38
30 39
30 31
30 44
31 14
31 16
31 18
31 29
31 32
31 33
31 34
31 35
31 36
31 37
31 38
31 39
31 30
31 43
40 1
40 6
40 38
40 41
40 42
40 43
40 44
40 45
40 46
40 47
40 49
41 0
41 7
41 16
41 35
41 40
41 42
41 43
41 44
41 45
41 46
41 47
41 48
41 49
42 5
42 8
42 9
42 31
42 40
42 41
42 43
42 44
42 45
42 46
42 47
42 48
42 49
43 0
43 5
43 10
43 11
43 17
43 18
43 39
43 40
43 41
43 42
43 44
43 45
43 46
43 47
43 48
43 49
44 3
44 13
44 18
44 40
44 41
44 42
44 43
44 45
44 46
44 47
44 48
44 49
45 7
45 14
45 17
45 40
45 41
45 42
45 43
45 44
45 46
45 47
45 48
45 49
46 1
46 12
46 14
46 15
46 16
46 32
46 31
46 40
46 41
46 42
46 43
46 44
46 45
46 47
46 48
46 49
47 14
47 15
47 16
47 19
47 36
47 40
47 41
47 42
47 43
47 45
47 46
47 48
47 49
48 0
48 2
48 5
48 13
48 14
48 15
48 40
48 41
48 42
48 43
48 44
48 45
48 46
48 47
48 49
49 4
49 8
49 10
49 39
49 40
49 41
49 42
49 43
49 44
49 45
49 46
49 47
49 48
