0 1
0 3
0 4
0 5
0 6
0 7
0 8
0 17
0 18
0 20
0 31
0 42
0 48
1 3
1 4
1 5
1 6
1 8
1 12
1 20
1 21
1 44
2 0
2 3
2 4
2 5
2 6
2 7
2 8
2 9
2 10
2 21
2 24
2 25
2 29
2 35
2 39
2 40
2 42
3 1
3 2
3 4
3 5
3 6
3 7
3 8
3 9
3 14
3 20
3 25
3 35
3 42
3 43
4 0
4 1
4 2
4 3
4 5
4 6
4 7
4 8
4 9
4 17
4 33
4 39
4 47
4 48
5 0
5 1
5 2
5 3
5 4
5 6
5 7
5 8
5 9
5 10
5 13
5 15
5 29
5 37
5 47
6 0
6 1
6 2
6 3
6 4
6 5
6 7
6 8
6 9
6 15
6 16
6 18
6 21
6 22
6 26
6 33
6 38
6 30
6 40
6 47
7 0
7 1
7 2
7 3
7 4
7 5
7 6
7 8
7 9
7 13
7 14
7 17
7 27
7 28
7 36
8 0
8 1
8 3
8 4
8 5
8 6
8 9
8 11
8 12
8 14
8 18
8 24
8 25
8 37
8 49
9 0
9 1
9 3
9 5
9 6
9 7
9 16
9 25
9 29
9 35
9 42
9 48
10 5
10 11
10 12
10 13
10 14
10 15
10 16
10 18
10 38
10 44
11 4
11 9
11 10
11 12
11 13
11 14
11 15
11 16
11 17
11 18
11 19
11 32
11 34
11 36
11 44
12 0
12 6
12 10
12 11
12 13
12 14
12 16
12 17
12 18
12 33
12 36
12 49
13 6
13 12
13 15
13 17
13 18
13 19
13 20
13 29
13 35
13 39
14 1
14 2
14 7
14 11
14 12
14 17
14 19
14 29
14 37
14 38
15 8
15 10
15 11
15 12
15 13
15 14
15 17
15 18
15 19
15 34
16 0
16 10
16 11
16 12
16 13
16 14
16 15
16 17
16 18
16 27
16 32
16 43
17 1
17 7
17 10
17 12
17 13
17 14
17 16
17 19
18 7
18 10
18 11
18 13
18 14
18 15
18 26
18 28
18 37
18 47
19 8
19 10
19 11
19 13
19 16
19 17
19 18
20 5
20 6
20 7
20 13
20 17
20 21
20 23
20 24
20 25
20 26
20 27
20 28
20 29
20 41
21 3
21 9
21 12
21 17
21 19
21 20
21 22
21 23
21 25
21 26
21 27
21 28
21 37
21 44
21 45
21 47
21 49
22 2
22 16
22 19
22 20
22 21
22 23
22 25
22 26
22 27
22 28
22 29
22 41
22 46
23 1
23 2
23 5
23 10
23 16
23 20
23 21
23 22
23 25
23 26
23 27
23 28
23 29
24 7
24 8
24 16
24 20
24 21
24 23
24 26
24 28
24 33
24 40
24 45
24 49
25 4
25 8
25 18
25 20
25 21
25 22
25 26
25 27
25 28
25 29
26 5
26 8
26 9
26 13
26 20
26 21
26 22
26 23
26 24
26 29
26 46
26 49
27 0
27 8
27 9
27 20
27 21
27 23
27 24
27 28
27 41
27 47
27 49
28 1
28 5
28 6
28 20
28 21
28 22
28 23
28 24
28 25
28 26
28 27
28 33
28 48
29 8
29 13
29 20
29 21
29 22
29 24
29 26
29 27
29 28
32 0
32 3
32 5
32 11
32 16
32 28
32 34
32 35
32 36
32 39
32 31
32 44
32 46
32 48
33 0
33 1
33 2
33 5
33 7
33 16
33 19
33 25
33 32
33 34
33 35
33 38
33 39
33 31
33 42
34 19
34 32
34 33
34 35
34 36
34 37
34 38
34 31
35 2
35 3
35 9
35 33
35 34
35 36
35 37
35 38
35 30
35 31
36 5
36 17
36 22
36 23
36 24
36 28
36 29
36 32
36 33
36 34
36 37
36 38
36 39
36 30
36 40
36 48
37 0
37 1
37 20
37 22
37 26
37 32
37 33
37 34
37 35
37 36
37 39
37 30
38 1
38 5
38 7
38 9
38 12
38 18
38 32
38 33
38 34
38 35
38 37
38 39
38 30
38 31
39 0
39 5
39 7
39 32
39 35
39 37
39 30
39 44
39 48
30 1
30 11
30 21
30 29
30 32
30 34
30 35
30 37
30 38
30 39
30 31
30 45
31 5
31 9
31 17
31 20
31 23
31 28
31 32
31 33
31 34
31 35
31 36
31 37
31 30
40 4
40 13
40 16
40 41
40 42
40 43
40 44
40 45
40 46
40 47
40 48
40 49
41 17
41 40
41 42
41 43
41 44
41 45
41 46
41 47
41 48
41 49
42 38
42 40
42 41
42 43
42 44
42 45
42 46
42 47
42 48
42 49
43 1
43 13
43 14
43 39
43 40
43 41
43 42
43 45
43 46
43 47
43 48
43 49
44 1
44 14
44 40
44 41
44 42
44 43
44 45
44 46
44 47
44 48
44 49
45 15
45 28
45 41
45 42
45 43
45 44
45 46
45 47
45 48
45 49
46 1
46 7
46 8
46 14
46 17
46 18
46 20
46 40
46 41
46 42
46 43
46 44
46 45
46 47
46 48
46 49
47 9
47 14
47 16
47 18
47 40
47 41
47 42
47 43
47 44
47 45
47 46
47 48
47 49
48 18
48 20
48 22
48 40
48 41
48 42
48 43
48 44
48 45
48 46
48 47
48 49
49 7
49 18
49 26
49 40
49 41
49 42
49 43
49 44
49 45
49 46
49 47
49 48
