0 2
0 3
0 4
0 6
0 7
0 8
0 9
0 11
0 48
1 2
1 4
1 5
1 6
1 7
1 8
1 9
1 15
1 20
1 22
1 41
2 0
2 1
2 3
2 5
2 6
2 7
2 8
2 9
2 18
2 19
3 0
3 1
3 2
3 4
3 5
3 6
3 8
3 9
3 10
3 16
3 21
3 48
3 49
4 0
4 1
4 2
4 3
4 5
4 6
4 7
4 8
4 9
4 13
4 15
4 19
4 44
5 0
5 1
5 2
5 3
5 4
5 6
5 7
5 8
5 9
5 13
5 14
5 18
5 26
6 0
6 1
6 3
6 4
6 5
6 7
6 8
6 9
6 13
6 14
6 16
6 25
6 29
7 0
7 2
7 4
7 5
7 8
7 14
7 16
7 18
7 23
7 25
7 40
7 48
7 49
8 0
8 1
8 2
8 3
8 4
8 5
8 6
8 7
8 9
8 27
8 41
9 1
9 2
9 3
9 5
9 6
9 7
9 8
9 16
9 17
9 21
9 43
10 11
10 12
10 13
10 14
10 15
10 16
10 17
10 18
10 19
10 34
10 37
10 30
11 3
11 10
11 12
11 13
11 14
11 15
11 16
11 17
11 18
11 19
11 34
11 39
11 46
11 49
12 10
12 11
12 13
12 14
12 15
12 16
12 17
12 18
12 19
12 40
12 44
12 45
12 49
13 5
13 10
13 11
13 12
13 14
13 15
13 16
13 17
13 18
13 19
13 20
13 35
13 38
13 44
13 46
13 48
14 1
14 10
14 11
14 12
14 13
14 15
14 16
14 17
14 19
14 46
14 48
15 7
15 10
15 11
15 12
15 13
15 14
15 16
15 17
15 18
15 19
15 27
15 33
15 38
15 31
15 46
15 48
15 49
16 0
16 6
16 10
16 11
16 12
16 13
16 14
16 15
16 17
16 18
16 19
16 20
16 34
16 36
16 41
16 43
16 49
17 10
17 11
17 12
17 13
17 15
17 16
17 18
17 19
17 20
17 30
17 43
17 47
18 10
18 12
18 13
18 14
18 15
18 16
18 17
18 19
18 20
18 31
19 5
19 10
19 11
19 12
19 13
19 14
19 15
19 16
19 17
19 18
19 35
19 36
19 39
19 40
19 41
19 45
19 49
20 0
20 3
20 7
20 10
20 12
20 13
20 21
20 22
20 23
20 24
20 25
20 26
20 27
20 28
20 29
21 4
21 13
21 17
21 19
21 20
21 22
21 23
21 24
21 25
21 27
21 28
22 6
22 10
22 17
22 21
22 23
22 24
22 25
22 26
22 27
22 28
22 29
23 6
23 14
23 16
23 20
23 21
23 24
23 25
23 26
23 27
23 28
23 29
24 0
24 10
24 20
24 21
24 22
24 23
24 25
24 27
24 28
24 29
24 40
24 45
25 10
25 15
25 16
25 20
25 21
25 22
25 23
25 26
25 27
25 28
25 29
25 32
25 40
26 0
26 8
26 20
26 21
26 22
26 25
26 27
26 29
26 48
27 0
27 9
27 17
27 20
27 21
27 22
27 25
27 28
27 29
27 40
28 9
28 22
28 23
28 24
28 25
28 26
28 36
28 38
28 39
28 47
29 1
29 20
29 21
29 22
29 23
29 24
29 25
29 26
29 27
29 28
29 30
32 8
32 20
32 21
32 33
32 34
32 36
32 37
32 39
32 30
32 31
32 43
33 7
33 10
33 15
33 26
33 32
33 34
33 35
33 36
33 38
33 39
33 30
33 31
34 14
34 22
34 24
34 32
34 33
34 35
34 36
34 37
34 38
34 39
34 31
34 42
35 4
35 12
35 24
35 33
35 34
35 36
35 37
35 38
35 39
35 30
35 31
35 48
36 0
36 9
36 32
36 33
36 34
36 38
36 39
36 30
36 31
37 0
37 6
37 18
37 20
37 32
37 33
37 34
37 35
37 36
37 38
37 39
37 30
37 31
38 0
38 1
38 2
38 20
38 22
38 32
38 33
38 34
38 35
38 36
38 37
38 30
38 31
39 4
39 9
39 14
39 18
39 32
39 33
39 34
39 35
39 36
39 37
39 38
39 30
39 31
39 44
30 5
30 16
30 32
30 33
30 34
30 35
30 36
30 37
30 39
30 31
30 44
31 9
31 20
31 28
31 32
31 33
31 34
31 35
31 37
31 38
31 39
31 30
40 1
40 7
40 11
40 12
40 32
40 35
40 37
40 41
40 43
40 45
40 46
40 47
40 48
40 49
41 0
41 5
41 9
41 13
41 15
41 18
41 23
41 36
41 40
41 42
41 43
41 44
41 46
41 47
41 48
41 49
42 8
42 16
42 22
42 23
42 29
42 32
42 35
42 36
42 40
42 41
42 43
42 44
42 45
42 46
42 48
43 10
43 13
43 33
43 36
43 40
43 41
43 42
43 44
43 45
43 46
43 47
43 48
43 49
44 6
44 13
44 37
44 39
44 31
44 41
44 42
44 45
44 46
44 47
44 49
45 8
45 14
45 21
45 24
45 40
45 41
45 42
45 43
45 46
45 48
45 49
46 11
46 17
46 33
46 35
46 30
46 40
46 41
46 42
46 44
46 45
46 47
46 49
47 11
47 22
47 34
47 39
47 31
47 40
47 41
47 42
47 43
47 44
47 46
47 48
48 10
48 24
48 28
48 36
48 39
48 41
48 42
48 43
48 44
48 45
48 46
48 47
48 49
49 13
49 16
49 17
49 28
49 33
49 30
49 40
49 42
49 45
49 46
49 48
