0 1
0 2
0 3
0 4
0 5
0 6
0 7
0 8
0 10
0 12
0 14
0 26
0 35
0 36
0 43
0 47
1 0
1 2
1 3
1 4
1 5
1 6
1 7
1 8
1 38
1 31
1 41
2 0
2 1
2 3
2 4
2 5
2 6
2 7
2 9
2 10
2 11
2 15
2 19
3 0
3 1
3 2
3 4
3 5
3 6
3 7
3 8
3 9
3 12
3 15
3 17
3 33
3 40
3 44
3 47
4 1
4 2
4 5
4 6
4 7
4 8
4 9
4 11
4 12
4 17
4 28
4 35
5 1
5 2
5 3
5 4
5 6
5 8
5 9
5 19
5 23
5 45
6 0
6 1
6 2
6 4
6 5
6 7
6 8
6 9
7 0
7 1
7 2
7 3
7 4
7 5
7 8
7 9
7 14
7 31
7 42
8 0
8 1
8 2
8 3
8 6
8 7
8 9
8 16
8 19
8 20
8 22
9 0
9 2
9 3
9 4
9 5
9 6
9 7
9 8
9 17
9 26
9 28
9 33
10 11
10 12
10 13
10 14
10 15
10 16
10 17
10 18
10 19
10 23
10 28
10 33
10 37
10 39
10 31
10 40
10 49
11 12
11 13
11 15
11 16
11 17
11 18
11 19
11 20
11 24
11 38
11 39
12 1
12 10
12 11
12 13
12 14
12 18
12 19
12 27
12 28
12 32
12 33
13 10
13 11
13 12
13 14
13 15
13 16
13 17
13 18
13 19
13 27
13 29
13 35
13 36
13 38
13 31
13 40
14 10
14 11
14 12
14 13
14 15
14 16
14 17
14 18
14 19
14 20
14 23
14 30
14 31
15 10
15 11
15 12
15 13
15 14
15 16
15 17
15 18
15 21
15 25
15 26
15 29
15 34
15 36
15 40
15 45
16 10
16 11
16 12
16 14
16 15
16 17
16 18
16 19
16 21
16 22
16 28
16 34
16 49
17 10
17 11
17 12
17 13
17 14
17 15
17 16
17 18
17 19
17 28
17 34
17 36
17 49
18 5
18 10
18 11
18 12
18 14
18 15
18 16
18 17
18 19
18 20
18 22
18 27
18 29
18 38
19 2
19 6
19 10
19 11
19 13
19 14
19 15
19 16
19 17
19 18
19 24
19 38
19 39
20 0
20 4
20 6
20 8
20 9
20 15
20 21
20 22
20 23
20 24
20 25
20 26
20 28
20 29
20 45
20 46
20 49
21 3
21 5
21 6
21 9
21 15
21 20
21 22
21 23
21 24
21 25
21 26
21 27
21 28
21 29
21 41
21 48
22 0
22 4
22 6
22 10
22 20
22 21
22 23
22 25
22 26
22 27
22 28
22 29
22 41
22 43
23 1
23 5
23 7
23 20
23 21
23 22
23 24
23 25
23 26
23 27
23 28
23 29
23 40
23 44
24 12
24 18
24 21
24 22
24 23
24 25
24 26
24 27
24 28
24 29
25 20
25 21
25 22
25 23
25 24
25 26
25 27
25 28
25 29
25 49
26 0
26 3
26 20
26 21
26 22
26 23
26 24
26 25
26 27
26 28
26 29
26 40
26 48
27 0
27 3
27 5
27 7
27 20
27 21
27 22
27 23
27 24
27 25
27 26
27 28
27 29
27 45
28 4
28 20
28 21
28 22
28 23
28 24
28 25
28 26
28 27
28 29
28 40
28 45
28 46
28 47
29 7
29 20
29 21
29 22
29 23
29 24
29 25
29 26
29 27
29 28
29 46
29 48
29 49
32 20
32 33
32 34
32 36
32 37
32 38
32 39
32 30
32 31
33 6
33 17
33 23
33 25
33 28
33 32
33 34
33 37
33 38
33 39
33 30
33 31
33 47
34 22
34 27
34 32
34 33
34 35
34 37
34 38
34 39
34 30
35 10
35 21
35 25
35 26
35 32
35 34
35 36
35 37
35 38
35 39
35 30
35 31
36 25
36 33
36 34
36 35
36 37
36 39
36 30
36 31
36 47
37 34
37 35
37 36
37 38
37 39
37 30
37 31
38 13
38 20
38 22
38 23
38 27
38 28
38 32
38 33
38 35
38 36
38 37
38 39
38 30
38 45
39 21
39 22
39 32
39 33
39 34
39 35
39 36
39 37
39 38
39 30
30 4
30 22
30 26
30 27
30 32
30 33
30 35
30 36
30 37
30 38
30 39
30 31
31 14
31 23
31 24
31 26
31 32
31 33
31 34
31 35
31 36
31 37
31 38
31 39
31 30
31 41
31 42
40 11
40 19
40 22
40 32
40 34
40 36
40 39
40 41
40 42
40 43
40 44
40 46
40 48
40 49
41 14
41 33
41 34
41 36
41 37
41 38
41 39
41 31
41 40
41 43
41 44
41 45
41 46
41 47
41 48
41 49
42 10
42 21
42 22
42 23
42 34
42 37
42 38
42 41
42 43
42 44
42 45
42 47
42 48
42 49
43 19
43 22
43 26
43 27
43 28
43 33
43 30
43 31
43 41
43 44
43 45
43 46
43 47
44 12
44 21
44 32
44 34
44 37
44 30
44 40
44 42
44 43
44 45
44 47
44 48
44 49
45 10
45 11
45 15
45 21
45 23
45 25
45 28
45 33
45 34
45 38
45 39
45 40
45 41
45 42
45 43
45 44
45 46
45 47
45 48
45 49
46 17
46 19
46 25
46 36
46 37
46 30
46 31
46 40
46 42
46 43
46 44
46 45
46 47
46 49
47 19
47 21
47 22
47 23
47 24
47 32
47 33
47 35
47 30
47 31
47 40
47 41
47 42
47 43
47 44
47 45
47 48
47 49
48 16
48 25
48 36
48 37
48 38
48 39
48 40
48 41
48 43
48 44
48 46
48 47
48 49
49 11
49 13
49 18
49 25
49 35
49 39
49 41
49 45
49 47
