0 1
0 2
0 3
0 4
0 5
0 8
0 9
0 24
0 27
0 28
1 0
1 2
1 3
1 4
1 5
1 6
1 9
1 21
1 28
2 3
2 5
2 6
2 7
2 8
2 9
2 10
2 11
2 21
2 25
3 0
3 1
3 2
3 4
3 5
3 6
3 8
3 9
3 11
3 20
3 21
3 23
3 25
3 46
4 1
4 2
4 3
4 5
4 6
4 7
4 9
4 27
4 46
4 47
4 49
5 0
5 1
5 2
5 3
5 6
5 7
5 8
5 9
5 23
6 0
6 1
6 2
6 3
6 4
6 5
6 7
6 8
6 9
6 11
6 17
6 21
6 22
6 23
6 24
6 25
6 46
7 1
7 2
7 3
7 4
7 5
7 6
7 8
7 9
7 20
7 25
7 28
8 0
8 1
8 3
8 5
8 6
8 7
8 40
8 41
8 47
9 1
9 2
9 3
9 5
9 6
9 8
9 11
9 17
9 20
10 4
10 11
10 13
10 14
10 16
10 17
10 18
10 19
10 33
10 34
10 35
10 44
10 48
11 5
11 10
11 12
11 13
11 14
11 15
11 16
11 17
11 18
11 19
11 20
11 28
11 33
11 37
11 39
11 47
11 49
12 0
12 6
12 10
12 11
12 13
12 14
12 15
12 16
12 17
12 18
12 19
12 20
12 43
12 45
12 47
13 5
13 8
13 10
13 11
13 14
13 15
13 16
13 17
13 18
13 19
13 35
13 39
13 30
13 42
13 43
13 44
13 47
14 2
14 10
14 11
14 12
14 13
14 15
14 17
14 18
14 19
14 28
14 38
14 42
14 46
14 47
14 48
15 3
15 7
15 9
15 10
15 11
15 12
15 13
15 16
15 17
15 18
15 19
15 24
15 32
15 30
15 45
15 48
16 4
16 8
16 10
16 11
16 12
16 13
16 14
16 15
16 17
16 18
16 19
16 23
16 34
16 35
16 31
16 40
16 41
16 44
16 49
17 0
17 2
17 10
17 11
17 12
17 13
17 15
17 16
17 18
17 19
17 22
17 23
17 27
17 32
17 34
17 30
17 48
18 0
18 10
18 11
18 12
18 13
18 14
18 15
18 16
18 17
18 19
18 21
18 24
18 26
18 37
18 39
18 40
18 41
19 7
19 11
19 12
19 13
19 14
19 15
19 16
19 17
19 27
19 32
19 33
19 35
19 39
19 31
19 41
19 42
19 43
19 45
20 1
20 6
20 8
20 17
20 21
20 22
20 23
20 24
20 26
20 27
20 28
20 29
20 34
20 41
20 42
20 45
20 47
20 48
20 49
21 5
21 10
21 17
21 20
21 22
21 24
21 25
21 26
21 27
21 28
21 29
21 41
21 43
21 46
22 1
22 9
22 16
22 20
22 21
22 23
22 24
22 25
22 26
22 27
22 28
22 29
22 44
22 48
23 5
23 6
23 12
23 21
23 22
23 24
23 25
23 26
23 27
23 28
23 29
23 40
23 44
23 45
23 46
24 2
24 20
24 21
24 23
24 25
24 26
24 28
24 29
24 36
24 46
25 1
25 7
25 9
25 20
25 21
25 22
25 23
25 24
25 27
25 28
25 29
25 31
25 42
26 9
26 20
26 21
26 22
26 23
26 24
26 27
26 28
26 29
26 42
26 43
27 1
27 5
27 12
27 17
27 20
27 21
27 22
27 23
27 24
27 25
27 26
27 28
27 29
27 40
27 44
27 47
28 6
28 12
28 16
28 19
28 20
28 21
28 22
28 23
28 24
28 25
28 27
28 29
28 35
28 42
28 43
28 48
29 0
29 2
29 4
29 12
29 14
29 20
29 21
29 23
29 24
29 26
29 27
29 28
29 40
29 45
29 46
32 6
32 7
32 19
32 28
32 33
32 34
32 35
32 36
32 37
32 38
32 39
32 30
32 31
33 0
33 1
33 2
33 10
33 25
33 32
33 34
33 35
33 36
33 37
33 38
33 39
33 30
33 31
34 16
34 18
34 21
34 24
34 27
34 32
34 33
34 35
34 36
34 37
34 38
34 39
34 30
34 31
34 47
35 4
35 5
35 14
35 24
35 26
35 28
35 32
35 33
35 34
35 36
35 37
35 38
35 39
35 30
35 31
36 6
36 8
36 16
36 28
36 29
36 32
36 33
36 34
36 35
36 37
36 38
36 39
36 30
36 31
36 40
37 0
37 1
37 17
37 19
37 22
37 24
37 32
37 33
37 34
37 35
37 36
37 38
37 39
37 30
37 31
38 0
38 2
38 3
38 9
38 19
38 28
38 32
38 33
38 34
38 35
38 36
38 37
38 39
38 30
38 31
39 2
39 4
39 5
39 8
39 19
39 32
39 33
39 34
39 35
39 37
39 38
39 30
30 8
30 14
30 16
30 22
30 26
30 27
30 32
30 33
30 34
30 35
30 36
30 37
30 38
30 31
31 3
31 4
31 8
31 19
31 32
31 33
31 34
31 36
31 37
31 38
31 39
31 30
31 48
40 1
40 3
40 11
40 14
40 20
40 29
40 36
40 41
40 42
40 43
40 44
40 46
40 48
40 49
41 8
41 9
41 26
41 31
41 40
41 42
41 43
41 45
41 47
41 49
42 0
42 1
42 8
42 18
42 26
42 31
42 40
42 41
42 43
42 44
42 45
42 46
42 47
42 48
43 11
43 13
43 38
43 40
43 41
43 42
43 44
43 45
43 46
43 47
43 49
44 1
44 3
44 5
44 7
44 12
44 22
44 25
44 37
44 40
44 43
44 45
44 46
44 47
44 48
45 1
45 5
45 15
45 20
45 27
45 29
45 32
45 39
45 42
45 43
45 44
45 46
45 48
45 49
46 13
46 18
46 34
46 40
46 41
46 42
46 43
46 44
46 45
46 47
46 48
47 0
47 12
47 27
47 37
47 40
47 41
47 42
47 43
47 44
47 45
47 46
47 48
48 1
48 2
48 13
48 20
48 21
48 40
48 41
48 42
48 43
48 45
48 47
48 49
49 0
49 3
49 6
49 13
49 23
49 24
49 41
49 43
49 44
49 45
49 46
49 47
49 48
