0 1
0 2
0 3
0 4
0 5
0 6
0 7
0 8
0 9
0 12
0 13
0 30
0 42
0 46
1 0
1 2
1 3
1 4
1 5
1 6
1 7
1 8
1 9
1 30
1 31
1 41
2 0
2 1
2 3
2 4
2 5
2 6
2 7
2 8
2 9
2 12
2 36
2 43
2 44
2 45
2 48
2 49
3 0
3 1
3 2
3 4
3 5
3 6
3 7
3 8
3 9
3 32
3 41
3 46
4 0
4 1
4 3
4 5
4 6
4 7
4 8
4 9
4 12
4 20
5 0
5 2
5 3
5 4
5 6
5 7
5 8
5 9
5 20
5 21
5 44
6 0
6 1
6 2
6 3
6 4
6 5
6 7
6 8
6 9
6 16
6 23
6 37
6 38
6 49
7 0
7 1
7 2
7 3
7 4
7 5
7 6
7 8
7 9
7 10
7 19
7 25
7 36
7 31
7 40
7 42
7 47
7 49
8 0
8 1
8 2
8 3
8 4
8 5
8 6
8 7
8 9
8 23
8 24
8 30
8 40
8 42
8 44
8 47
9 0
9 1
9 2
9 3
9 4
9 5
9 6
9 7
9 8
9 13
9 38
9 48
10 5
10 11
10 12
10 13
10 15
10 16
10 17
10 18
10 19
10 28
10 39
10 31
10 47
11 10
11 12
11 13
11 14
11 15
11 16
11 17
11 19
11 20
11 34
11 39
11 30
11 31
11 46
12 0
12 3
12 5
12 10
12 11
12 13
12 14
12 15
12 16
12 17
12 18
12 20
12 22
12 26
12 28
12 33
12 42
13 10
13 11
13 12
13 14
13 15
13 16
13 17
13 18
13 19
13 22
13 29
13 37
14 10
14 12
14 13
14 15
14 16
14 17
14 18
14 19
14 22
14 24
14 27
14 36
14 37
15 10
15 11
15 12
15 13
15 14
15 16
15 17
15 18
15 19
15 22
15 36
16 10
16 11
16 12
16 13
16 15
16 17
16 18
16 19
16 28
16 36
16 45
17 10
17 11
17 12
17 13
17 14
17 15
17 16
17 18
17 19
17 23
17 25
17 37
17 31
17 48
18 1
18 10
18 11
18 12
18 13
18 14
18 15
18 16
18 17
18 19
18 20
18 22
18 32
18 34
18 30
19 10
19 11
19 12
19 13
19 14
19 15
19 16
19 17
19 18
19 20
19 24
19 26
19 33
19 34
19 38
19 30
19 49
20 21
20 22
20 23
20 24
20 25
20 26
20 27
20 28
20 29
21 20
21 22
21 23
21 24
21 25
21 28
21 29
21 49
22 15
22 20
22 25
22 26
22 27
22 28
22 29
22 42
22 45
22 46
22 47
22 48
23 21
23 22
23 24
23 25
23 26
23 27
23 28
23 29
23 47
24 10
24 15
24 20
24 21
24 23
24 25
24 26
24 28
24 29
24 33
24 39
24 40
24 45
25 14
25 15
25 20
25 21
25 22
25 23
25 24
25 26
25 28
25 29
25 30
25 43
25 46
26 17
26 22
26 23
26 24
26 25
26 27
26 28
26 29
26 38
26 31
26 44
26 48
27 14
27 15
27 19
27 21
27 22
27 23
27 24
27 25
27 26
27 28
27 29
27 32
27 34
27 40
27 42
27 44
27 48
28 11
28 20
28 21
28 22
28 23
28 24
28 25
28 26
28 27
28 29
28 34
28 37
28 43
28 47
28 49
29 21
29 22
29 23
29 24
29 25
29 27
29 28
29 42
29 45
32 33
32 34
32 35
32 36
32 37
32 38
32 39
32 30
32 31
32 46
33 11
33 20
33 32
33 34
33 35
33 36
33 37
33 38
33 39
33 30
33 31
33 43
33 47
33 48
34 32
34 33
34 35
34 36
34 37
34 38
34 39
34 30
34 31
34 40
34 45
34 48
35 26
35 28
35 32
35 33
35 34
35 36
35 37
35 38
35 39
35 30
35 47
35 48
36 27
36 32
36 33
36 34
36 35
36 37
36 38
36 39
36 30
36 31
36 43
36 45
36 46
37 24
37 32
37 33
37 34
37 35
37 36
37 38
37 39
37 30
37 31
37 40
37 43
37 46
38 32
38 33
38 34
38 35
38 36
38 37
38 39
38 30
38 31
38 40
38 41
38 47
39 9
39 11
39 25
39 33
39 34
39 35
39 36
39 37
39 38
39 30
39 31
39 41
39 43
39 45
39 46
30 32
30 33
30 34
30 35
30 36
30 37
30 38
30 39
30 31
30 41
30 42
30 43
30 45
30 48
31 32
31 33
31 34
31 35
31 36
31 37
31 38
31 39
31 30
31 41
31 43
40 11
40 17
40 23
40 31
40 41
40 43
40 44
40 45
40 46
40 48
40 49
41 9
41 20
41 23
41 40
41 42
41 43
41 44
41 45
41 48
41 49
42 0
42 11
42 16
42 17
42 18
42 40
42 41
42 43
42 44
42 45
42 47
42 48
43 26
43 28
43 29
43 36
43 31
43 40
43 41
43 42
43 45
43 46
43 47
43 48
43 49
44 10
44 14
44 21
44 26
44 40
44 41
44 42
44 43
44 47
44 48
44 49
45 11
45 27
45 35
45 40
45 41
45 42
45 43
45 44
45 47
45 49
46 4
46 15
46 16
46 23
46 28
46 29
46 40
46 41
46 42
46 44
46 47
46 48
46 49
47 12
47 16
47 22
47 23
47 36
47 40
47 41
47 42
47 43
47 44
47 46
47 48
48 3
48 18
48 21
48 35
48 30
48 40
48 41
48 43
48 44
48 45
48 49
49 11
49 12
49 14
49 15
49 24
49 29
49 40
49 41
49 42
49 43
49 44
49 45
49 46
49 47
49 48
