0 1
0 2
0 3
0 4
0 7
0 8
0 23
0 25
0 31
0 40
0 43
0 48
1 0
1 2
1 3
1 4
1 5
1 6
1 7
1 9
1 21
1 27
1 42
1 43
1 44
1 46
2 1
2 3
2 4
2 7
2 8
2 23
2 26
2 44
2 47
3 0
3 1
3 2
3 4
3 5
3 6
3 7
3 8
3 9
3 12
3 23
3 39
3 48
4 0
4 1
4 2
4 3
4 5
4 6
4 7
4 9
4 26
4 27
4 34
4 46
5 0
5 1
5 3
5 4
5 6
5 7
5 9
5 24
6 0
6 1
6 2
6 3
6 4
6 5
6 7
6 9
6 18
6 21
6 29
6 32
6 41
7 0
7 2
7 3
7 4
7 5
7 8
7 9
7 26
7 28
7 36
7 31
7 41
7 45
8 0
8 1
8 2
8 3
8 4
8 7
8 42
8 45
8 47
9 0
9 1
9 3
9 4
9 6
9 7
9 8
9 22
9 25
9 42
9 48
9 49
10 11
10 13
10 14
10 15
10 16
10 17
10 18
10 19
10 33
10 37
10 38
11 0
11 1
11 10
11 12
11 13
11 14
11 15
11 16
11 17
11 18
11 19
11 24
11 31
12 3
12 4
12 10
12 11
12 13
12 15
12 16
12 17
12 18
12 19
12 30
12 41
13 2
13 10
13 11
13 12
13 16
13 18
13 19
13 36
13 40
13 41
14 1
14 3
14 9
14 10
14 11
14 12
14 13
14 15
14 16
14 17
14 18
14 19
14 39
14 31
14 44
15 1
15 7
15 9
15 10
15 11
15 12
15 13
15 14
15 16
15 17
15 18
15 19
15 38
15 30
16 2
16 4
16 7
16 10
16 11
16 12
16 13
16 14
16 15
16 17
16 18
16 19
16 27
16 33
16 43
17 8
17 10
17 11
17 12
17 13
17 15
17 16
17 18
17 19
17 22
17 32
17 33
17 38
17 39
17 30
17 40
17 43
17 46
18 0
18 10
18 11
18 12
18 13
18 14
18 15
18 16
18 17
18 19
18 34
18 47
19 10
19 11
19 12
19 13
19 14
19 15
19 16
19 17
19 18
19 32
19 35
19 36
19 31
19 40
20 3
20 9
20 12
20 13
20 21
20 22
20 23
20 24
20 25
20 26
20 27
20 28
20 29
20 33
20 34
20 35
20 37
20 42
20 46
21 5
21 7
21 10
21 16
21 17
21 18
21 20
21 22
21 23
21 24
21 25
21 27
21 29
21 34
21 35
21 39
21 42
21 43
21 44
21 48
22 1
22 9
22 20
22 21
22 23
22 25
22 26
22 27
22 29
22 32
22 37
22 41
22 44
22 45
22 48
22 49
23 1
23 13
23 20
23 21
23 22
23 24
23 25
23 26
23 27
23 28
23 29
23 32
23 33
23 37
23 39
23 40
23 41
23 46
24 0
24 2
24 5
24 6
24 9
24 13
24 14
24 15
24 20
24 21
24 22
24 23
24 25
24 26
24 28
24 29
24 32
24 37
24 39
24 41
24 42
24 43
24 45
24 47
24 49
25 5
25 8
25 9
25 11
25 12
25 18
25 19
25 20
25 21
25 22
25 23
25 24
25 26
25 27
25 28
25 29
25 34
25 37
25 41
25 47
25 49
26 20
26 22
26 23
26 24
26 25
26 28
26 29
26 32
26 34
26 42
27 3
27 20
27 21
27 22
27 23
27 24
27 25
27 26
27 28
27 29
27 39
27 41
27 44
27 48
28 4
28 10
28 20
28 21
28 22
28 23
28 24
28 25
28 26
28 27
28 29
28 41
28 44
29 10
29 11
29 12
29 17
29 18
29 20
29 21
29 22
29 23
29 24
29 25
29 26
29 27
29 28
29 39
29 43
29 44
29 45
29 48
32 20
32 22
32 33
32 34
32 35
32 36
32 38
32 39
32 31
33 14
33 16
33 22
33 35
33 36
33 37
33 38
33 30
33 31
33 49
34 14
34 22
34 26
34 32
34 33
34 35
34 36
34 37
34 38
34 39
34 30
34 42
35 16
35 19
35 32
35 33
35 34
35 36
35 37
35 38
35 39
35 31
36 10
36 15
36 17
36 26
36 32
36 33
36 34
36 37
36 38
36 30
36 31
37 11
37 20
37 25
37 29
37 32
37 33
37 34
37 35
37 36
37 38
37 39
37 30
37 31
38 10
38 17
38 29
38 32
38 33
38 34
38 36
38 30
38 31
38 44
39 7
39 20
39 24
39 32
39 33
39 34
39 35
39 36
39 38
39 31
30 19
30 27
30 33
30 35
30 37
30 38
30 39
30 31
30 47
31 24
31 26
31 28
31 33
31 35
31 36
31 37
31 39
40 10
40 11
40 12
40 13
40 16
40 21
40 41
40 42
40 43
40 44
40 45
40 46
40 47
40 49
41 3
41 12
41 39
41 40
41 42
41 43
41 44
41 46
41 47
41 48
41 49
42 4
42 5
42 16
42 20
42 29
42 41
42 43
42 44
42 45
42 46
42 47
42 48
42 49
43 11
43 40
43 41
43 42
43 44
43 45
43 46
43 47
43 48
43 49
44 25
44 40
44 41
44 43
44 45
44 46
44 47
44 49
45 2
45 11
45 12
45 14
45 16
45 21
45 27
45 39
45 41
45 42
45 43
45 46
45 47
45 48
45 49
46 2
46 9
46 16
46 20
46 22
46 24
46 40
46 41
46 42
46 44
46 47
46 48
46 49
47 18
47 19
47 22
47 29
47 40
47 41
47 42
47 43
47 44
47 45
47 46
47 48
47 49
48 5
48 11
48 14
48 15
48 17
48 20
48 35
48 41
48 42
48 43
48 44
48 45
48 46
48 47
49 14
49 18
49 25
49 40
49 41
49 42
49 43
49 44
49 45
49 46
49 47
49 48
