0 1
0 2
0 3
0 4
0 5
0 6
0 7
0 8
0 9
0 13
0 23
0 38
1 0
1 2
1 3
1 4
1 5
1 6
1 7
1 8
1 9
1 15
1 25
1 47
2 0
2 3
2 4
2 5
2 7
2 8
2 9
2 21
2 25
2 30
2 46
2 47
3 0
3 1
3 2
3 4
3 5
3 6
3 8
3 9
3 13
3 18
3 26
3 34
3 40
4 0
4 1
4 2
4 3
4 5
4 6
4 7
4 8
4 9
4 12
4 21
4 23
4 26
5 0
5 1
5 2
5 3
5 4
5 6
5 7
5 8
5 9
5 17
5 26
5 27
5 35
5 36
5 45
6 0
6 1
6 2
6 3
6 4
6 5
6 7
6 8
6 14
6 17
6 32
6 43
7 1
7 2
7 4
7 5
7 6
7 8
7 9
7 13
7 16
7 25
7 36
7 43
8 0
8 1
8 2
8 4
8 5
8 6
8 7
8 9
8 12
8 20
8 26
8 29
8 35
8 42
9 0
9 1
9 2
9 3
9 5
9 6
9 7
9 20
9 24
9 25
9 26
10 9
10 11
10 12
10 13
10 14
10 15
10 16
10 17
10 35
10 45
10 47
11 6
11 7
11 10
11 12
11 13
11 14
11 15
11 16
11 17
11 19
11 23
11 26
11 35
11 45
12 5
12 11
12 13
12 14
12 16
12 17
12 18
12 36
12 38
13 4
13 8
13 9
13 10
13 11
13 12
13 14
13 15
13 16
13 18
13 19
13 26
13 34
14 10
14 11
14 12
14 13
14 15
14 16
14 17
14 19
14 22
14 24
14 44
15 1
15 10
15 11
15 12
15 13
15 14
15 16
15 17
15 18
15 19
15 32
15 43
16 0
16 10
16 11
16 12
16 13
16 14
16 15
16 17
16 18
16 19
16 24
16 39
17 10
17 11
17 12
17 13
17 14
17 15
17 16
17 18
17 19
17 20
17 21
17 26
17 27
17 32
17 40
18 2
18 6
18 9
18 10
18 11
18 12
18 13
18 14
18 15
18 16
18 17
18 19
18 22
18 40
18 46
19 4
19 10
19 12
19 13
19 14
19 15
19 16
19 17
19 18
20 6
20 10
20 21
20 22
20 23
20 24
20 25
20 26
20 27
20 29
20 35
20 41
20 48
21 20
21 22
21 23
21 24
21 25
21 26
21 27
21 29
21 39
21 44
22 13
22 20
22 21
22 23
22 24
22 25
22 26
22 27
22 28
22 29
22 38
22 30
22 31
22 41
23 20
23 22
23 24
23 25
23 26
23 27
23 28
23 35
23 38
24 20
24 21
24 22
24 23
24 25
24 27
24 28
24 29
24 36
24 44
25 11
25 20
25 21
25 22
25 23
25 24
25 26
25 27
25 28
25 29
25 30
25 41
26 2
26 12
26 20
26 21
26 23
26 24
26 25
26 28
26 29
26 36
26 37
26 40
26 46
27 0
27 10
27 20
27 21
27 22
27 23
27 24
27 25
27 26
27 28
27 29
27 33
27 35
27 38
27 39
27 31
27 49
28 0
28 13
28 20
28 21
28 22
28 23
28 25
28 26
28 27
28 29
28 31
29 16
29 20
29 21
29 22
29 23
29 24
29 25
29 26
29 27
29 28
29 46
32 33
32 35
32 36
32 37
32 39
32 30
32 31
32 41
32 46
33 2
33 17
33 32
33 34
33 35
33 37
33 38
33 39
33 30
33 31
33 48
34 0
34 1
34 7
34 15
34 20
34 21
34 27
34 32
34 33
34 35
34 37
34 38
34 39
34 30
34 31
34 40
35 4
35 5
35 6
35 7
35 9
35 18
35 26
35 32
35 33
35 34
35 36
35 37
35 38
35 30
35 31
35 42
35 44
36 1
36 5
36 32
36 33
36 34
36 35
36 37
36 38
36 39
36 30
37 3
37 10
37 20
37 22
37 24
37 32
37 33
37 35
37 36
37 38
37 39
37 30
37 31
37 48
38 11
38 29
38 32
38 33
38 34
38 35
38 36
38 37
38 39
38 30
38 31
38 44
39 4
39 17
39 32
39 33
39 34
39 35
39 36
39 37
39 38
39 30
39 31
30 5
30 27
30 32
30 33
30 34
30 35
30 36
30 37
30 38
30 39
30 31
30 46
30 47
31 18
31 28
31 32
31 33
31 34
31 35
31 36
31 37
31 38
31 39
31 30
31 40
31 42
31 46
40 27
40 41
40 43
40 44
40 46
40 47
40 48
40 49
41 23
41 34
41 40
41 42
41 43
41 44
41 45
41 46
41 47
41 48
41 49
42 7
42 11
42 38
42 30
42 40
42 41
42 44
42 45
42 46
42 47
42 48
42 49
43 3
43 6
43 40
43 42
43 44
43 45
43 46
43 47
43 48
43 49
44 5
44 14
44 16
44 31
44 40
44 41
44 42
44 43
44 45
44 46
44 47
44 48
44 49
45 7
45 30
45 40
45 41
45 42
45 43
45 47
46 6
46 17
46 29
46 41
46 42
46 43
46 44
46 45
46 47
46 48
46 49
47 11
47 40
47 41
47 42
47 43
47 44
47 48
47 49
48 0
48 21
48 27
48 34
48 40
48 41
48 42
48 43
48 44
48 45
48 46
48 47
48 49
49 39
49 40
49 41
49 42
49 43
49 44
49 45
49 46
49 47
49 48
