0 1
0 2
0 3
0 4
0 6
0 8
0 9
0 13
0 35
0 36
1 0
1 2
1 3
1 4
1 5
1 6
1 7
1 8
1 14
1 25
1 32
1 45
1 46
2 0
2 1
2 3
2 5
2 6
2 7
2 8
2 9
2 29
2 44
2 47
3 0
3 1
3 2
3 4
3 5
3 6
3 7
3 8
3 9
3 16
3 20
3 28
3 32
3 35
4 0
4 1
4 2
4 3
4 5
4 7
4 9
4 19
4 25
4 28
4 46
4 49
5 0
5 1
5 2
5 3
5 4
5 6
5 7
5 8
5 9
5 10
5 11
5 36
6 0
6 1
6 2
6 3
6 4
6 5
6 7
6 8
6 9
6 10
6 14
6 33
6 31
6 40
7 0
7 1
7 2
7 3
7 4
7 5
7 6
7 8
7 9
7 19
7 24
7 30
7 40
7 44
7 49
8 0
8 1
8 2
8 3
8 4
8 5
8 6
8 7
8 9
8 14
8 26
8 28
8 40
8 41
9 2
9 3
9 4
9 6
9 7
9 8
9 15
9 23
9 36
9 30
9 46
9 48
10 2
10 9
10 11
10 12
10 13
10 14
10 15
10 16
10 17
10 18
10 19
10 29
10 33
10 35
11 10
11 12
11 14
11 15
11 16
11 17
11 19
11 20
11 31
12 2
12 7
12 9
12 10
12 13
12 14
12 15
12 16
12 17
12 18
12 19
12 42
12 48
12 49
13 6
13 10
13 11
13 12
13 14
13 15
13 16
13 17
13 18
13 19
13 20
13 46
13 49
14 0
14 8
14 11
14 12
14 13
14 16
14 17
14 18
14 19
14 21
14 32
14 37
14 30
14 31
14 44
15 7
15 10
15 11
15 12
15 13
15 14
15 17
15 18
15 19
15 26
15 33
15 39
16 6
16 10
16 11
16 12
16 13
16 14
16 15
16 17
16 18
16 19
16 37
16 31
16 43
17 10
17 11
17 12
17 14
17 15
17 18
17 19
17 22
17 29
17 46
18 0
18 10
18 11
18 12
18 13
18 14
18 15
18 16
18 17
18 19
18 25
18 30
18 40
19 10
19 11
19 13
19 14
19 15
19 16
19 17
19 26
19 29
20 4
20 11
20 19
20 21
20 22
20 24
20 25
20 26
20 27
20 28
20 29
20 46
21 20
21 22
21 23
21 24
21 25
21 26
21 27
21 28
21 29
21 35
21 37
22 19
22 20
22 21
22 24
22 25
22 26
22 27
22 28
22 29
22 32
22 42
22 49
23 15
23 19
23 20
23 21
23 22
23 24
23 27
23 29
23 33
23 35
23 37
23 38
23 40
23 43
24 5
24 11
24 19
24 20
24 21
24 22
24 23
24 25
24 26
24 27
24 28
24 29
24 32
24 30
24 46
25 1
25 5
25 6
25 20
25 21
25 22
25 23
25 24
25 26
25 27
25 28
25 29
25 38
25 41
26 20
26 22
26 23
26 24
26 25
26 27
26 28
26 29
26 33
26 39
27 5
27 11
27 20
27 21
27 22
27 23
27 24
27 25
27 26
27 28
27 29
27 38
27 45
27 46
28 4
28 7
28 8
28 19
28 20
28 21
28 22
28 23
28 24
28 25
28 26
28 27
28 29
29 9
29 10
29 14
29 20
29 21
29 22
29 24
29 25
29 26
29 27
29 28
32 20
32 33
32 34
32 35
32 36
32 37
32 30
32 31
32 42
32 48
33 28
33 29
33 32
33 34
33 35
33 36
33 37
33 38
33 39
33 30
33 31
34 6
34 8
34 9
34 12
34 15
34 28
34 32
34 35
34 36
34 37
34 38
34 39
34 30
34 31
35 2
35 7
35 32
35 33
35 34
35 36
35 37
35 38
35 39
35 30
35 31
35 43
35 44
35 49
36 1
36 4
36 8
36 10
36 17
36 23
36 26
36 32
36 33
36 34
36 35
36 37
36 38
36 39
36 31
36 42
36 48
37 3
37 5
37 10
37 12
37 21
37 32
37 33
37 34
37 35
37 38
37 30
37 43
37 44
37 48
38 2
38 6
38 10
38 13
38 14
38 17
38 23
38 24
38 26
38 27
38 32
38 33
38 34
38 35
38 36
38 37
38 39
38 30
38 31
38 43
38 48
38 49
39 1
39 8
39 32
39 33
39 35
39 36
39 37
39 38
39 30
39 31
30 9
30 11
30 18
30 27
30 32
30 34
30 35
30 36
30 37
30 38
30 39
30 31
30 43
31 3
31 4
31 26
31 32
31 33
31 34
31 35
31 37
31 38
31 39
31 47
40 1
40 7
40 23
40 41
40 44
40 45
40 46
40 48
40 49
41 5
41 19
41 40
41 42
41 43
41 44
41 45
41 47
41 48
41 49
42 4
42 7
42 8
42 29
42 31
42 40
42 41
42 43
42 44
42 45
42 46
42 47
42 48
42 49
43 1
43 3
43 17
43 23
43 27
43 33
43 40
43 41
43 42
43 44
43 45
43 46
43 47
43 48
43 49
44 13
44 16
44 17
44 40
44 41
44 42
44 45
44 46
44 47
44 48
44 49
45 6
45 11
45 19
45 21
45 33
45 40
45 41
45 42
45 43
45 44
45 46
45 48
45 49
46 16
46 38
46 40
46 41
46 42
46 43
46 44
46 45
46 49
47 4
47 11
47 34
47 31
47 41
47 42
47 44
47 45
47 48
47 49
48 2
48 6
48 7
48 19
48 27
48 40
48 41
48 42
48 43
48 44
48 45
48 46
48 47
48 49
49 19
49 25
49 27
49 34
49 39
49 40
49 41
49 42
49 43
49 44
49 45
49 46
49 47
49 48
