0 1
0 2
0 3
0 4
0 5
0 6
0 7
0 9
0 10
0 19
0 35
0 39
0 30
0 46
1 0
1 2
1 3
1 4
1 5
1 6
1 7
1 8
1 23
1 29
1 40
1 44
2 0
2 1
2 3
2 4
2 5
2 6
2 7
2 8
2 9
2 37
2 40
3 0
3 1
3 2
3 4
3 5
3 6
3 8
3 9
3 32
4 0
4 1
4 2
4 3
4 5
4 6
4 7
4 8
4 9
4 39
4 43
5 0
5 1
5 2
5 3
5 4
5 6
5 8
5 9
5 11
5 16
5 29
5 32
6 1
6 2
6 3
6 4
6 5
6 7
6 8
6 9
6 19
6 37
7 1
7 2
7 3
7 4
7 5
7 6
7 8
7 9
7 17
7 22
7 36
7 43
8 0
8 1
8 2
8 3
8 4
8 5
8 6
8 7
8 9
8 10
8 22
8 45
9 1
9 2
9 3
9 4
9 5
9 6
9 7
9 14
9 15
9 23
9 38
9 45
10 0
10 4
10 11
10 12
10 13
10 14
10 15
10 16
10 18
10 19
10 32
10 48
11 0
11 10
11 12
11 13
11 14
11 15
11 16
11 18
11 19
11 25
11 34
12 3
12 8
12 10
12 11
12 13
12 14
12 15
12 16
12 17
12 18
12 19
12 20
12 21
12 24
12 29
12 47
12 49
13 2
13 10
13 11
13 12
13 14
13 15
13 16
13 17
13 18
13 19
13 29
13 42
13 49
14 3
14 7
14 10
14 11
14 12
14 13
14 15
14 16
14 17
14 18
14 19
14 24
14 46
14 47
15 4
15 8
15 10
15 11
15 13
15 14
15 16
15 17
15 18
15 19
16 10
16 11
16 12
16 13
16 14
16 15
16 17
16 18
16 19
16 21
16 44
17 6
17 7
17 10
17 11
17 12
17 13
17 14
17 15
17 16
17 18
17 19
17 42
17 49
18 8
18 9
18 10
18 11
18 12
18 13
18 14
18 15
18 16
18 17
18 19
19 7
19 9
19 10
19 12
19 13
19 14
19 15
19 16
19 17
19 18
19 20
19 42
20 5
20 8
20 11
20 21
20 22
20 23
20 24
20 25
20 26
20 28
20 29
20 32
20 36
20 30
20 41
20 44
21 1
21 8
21 20
21 23
21 24
21 25
21 26
21 28
21 29
21 35
21 40
21 48
22 21
22 23
22 24
22 25
22 26
22 27
22 28
22 29
22 35
23 18
23 20
23 22
23 24
23 25
23 26
23 27
23 28
23 29
23 38
23 43
24 12
24 14
24 20
24 21
24 22
24 23
24 25
24 26
24 27
24 28
24 29
24 34
25 13
25 18
25 20
25 21
25 22
25 23
25 24
25 26
25 27
25 28
25 29
26 14
26 20
26 22
26 23
26 25
26 27
26 28
26 29
26 36
27 9
27 16
27 22
27 23
27 24
27 25
27 26
27 28
27 29
27 33
27 30
28 2
28 20
28 22
28 23
28 24
28 25
28 26
28 27
28 29
28 49
29 14
29 16
29 20
29 21
29 22
29 23
29 24
29 26
29 27
29 28
32 7
32 16
32 18
32 28
32 33
32 34
32 35
32 36
32 37
32 38
32 39
32 31
33 10
33 27
33 32
33 34
33 35
33 36
33 37
33 38
33 39
33 30
33 31
34 10
34 11
34 33
34 35
34 36
34 37
34 38
34 39
34 30
34 31
34 43
34 48
34 49
35 3
35 9
35 12
35 29
35 32
35 33
35 34
35 36
35 37
35 38
35 39
35 30
35 31
35 43
36 0
36 8
36 19
36 32
36 33
36 34
36 35
36 37
36 38
36 39
36 30
36 31
37 7
37 11
37 26
37 29
37 32
37 34
37 35
37 36
37 38
37 39
37 30
37 31
38 17
38 33
38 34
38 35
38 36
38 37
38 39
38 30
38 40
38 46
39 2
39 3
39 5
39 8
39 32
39 33
39 34
39 35
39 36
39 37
39 38
39 30
39 31
39 42
39 47
30 3
30 13
30 19
30 24
30 32
30 33
30 34
30 35
30 36
30 38
30 39
30 31
30 40
31 5
31 10
31 11
31 21
31 23
31 27
31 32
31 33
31 34
31 35
31 36
31 38
31 30
40 8
40 16
40 18
40 20
40 21
40 24
40 29
40 41
40 42
40 43
40 44
40 45
40 46
40 47
40 48
40 49
41 0
41 6
41 16
41 20
41 21
41 27
41 28
41 39
41 30
41 40
41 42
41 43
41 44
41 45
41 47
41 48
42 8
42 25
42 26
42 40
42 41
42 43
42 44
42 45
42 46
42 47
42 48
42 49
43 9
43 17
43 28
43 40
43 41
43 42
43 44
43 46
43 47
43 48
43 49
44 27
44 30
44 40
44 41
44 42
44 43
44 45
44 46
44 47
44 48
44 49
45 17
45 36
45 37
45 40
45 41
45 42
45 46
45 47
45 49
46 11
46 15
46 25
46 32
46 40
46 41
46 43
46 44
46 47
46 48
47 6
47 9
47 20
47 29
47 37
47 40
47 41
47 42
47 43
47 44
47 45
47 46
47 48
47 49
48 0
48 3
48 6
48 18
48 34
48 30
48 40
48 41
48 42
48 43
48 44
48 45
48 46
48 47
48 49
49 4
49 9
49 37
49 40
49 41
49 42
49 43
49 44
49 45
49 46
49 47
49 48
