0 1
0 2
0 3
0 4
0 5
0 6
0 7
0 9
0 28
0 29
0 35
0 30
0 47
1 0
1 2
1 3
1 4
1 5
1 6
1 7
1 8
1 9
1 34
2 0
2 1
2 3
2 4
2 5
2 6
2 7
2 8
2 9
2 15
2 35
2 39
2 42
2 44
3 1
3 2
3 5
3 6
3 7
3 8
3 9
3 12
3 30
3 41
3 43
4 0
4 1
4 3
4 5
4 6
4 7
4 8
4 9
4 15
4 26
5 0
5 1
5 2
5 3
5 4
5 6
5 7
5 8
5 9
5 12
5 15
5 21
5 26
5 49
6 0
6 1
6 2
6 3
6 4
6 5
6 7
6 8
6 23
6 26
6 40
7 0
7 2
7 3
7 4
7 5
7 6
7 9
7 24
7 25
7 31
8 0
8 2
8 3
8 4
8 5
8 6
8 7
8 9
8 26
8 37
8 30
8 41
9 0
9 1
9 2
9 3
9 4
9 5
9 6
9 7
9 8
9 22
9 38
10 2
10 3
10 11
10 12
10 13
10 14
10 15
10 16
10 17
10 18
10 19
10 22
10 25
10 37
11 10
11 12
11 13
11 14
11 15
11 16
11 17
11 18
11 19
11 24
11 46
11 47
12 8
12 10
12 11
12 13
12 14
12 15
12 16
12 17
12 18
12 19
12 25
12 27
13 5
13 8
13 10
13 11
13 12
13 14
13 15
13 16
13 17
13 18
13 19
13 35
13 37
13 38
13 39
14 9
14 10
14 11
14 12
14 15
14 16
14 17
14 18
15 8
15 10
15 11
15 12
15 13
15 16
15 17
15 18
15 19
15 26
15 41
16 10
16 11
16 12
16 13
16 14
16 15
16 17
16 18
16 19
16 23
16 43
17 5
17 10
17 11
17 12
17 14
17 15
17 16
17 18
17 19
17 25
17 28
17 36
17 37
17 31
17 46
18 8
18 10
18 11
18 12
18 13
18 14
18 15
18 17
18 19
18 42
19 5
19 10
19 11
19 12
19 13
19 14
19 15
19 16
19 17
19 18
19 20
19 36
20 3
20 12
20 21
20 22
20 23
20 24
20 25
20 26
20 27
20 28
20 29
20 37
20 38
20 30
21 0
21 7
21 22
21 23
21 24
21 25
21 26
21 27
21 28
21 29
21 33
21 40
21 45
21 48
22 4
22 6
22 12
22 16
22 21
22 23
22 24
22 25
22 26
22 27
22 28
22 29
22 36
22 31
22 44
23 0
23 9
23 17
23 19
23 20
23 21
23 22
23 24
23 25
23 26
23 27
23 28
23 29
23 33
23 36
23 46
24 17
24 20
24 21
24 23
24 25
24 26
24 27
24 28
24 29
24 39
24 30
25 10
25 12
25 17
25 20
25 21
25 22
25 24
25 26
25 27
25 28
25 29
25 37
26 15
26 20
26 22
26 23
26 25
26 27
26 28
26 29
26 43
27 2
27 12
27 19
27 20
27 21
27 22
27 23
27 24
27 25
27 26
27 28
27 29
27 36
27 30
28 3
28 20
28 21
28 22
28 23
28 24
28 25
28 26
28 27
28 29
28 37
28 38
29 7
29 8
29 12
29 20
29 22
29 23
29 24
29 25
29 26
29 27
29 28
29 33
29 39
29 30
29 40
32 9
32 13
32 14
32 15
32 33
32 34
32 35
32 36
32 37
32 38
32 30
32 31
33 11
33 32
33 34
33 35
33 36
33 37
33 38
33 39
33 30
33 31
33 43
34 32
34 33
34 35
34 36
34 38
34 39
34 30
34 31
35 5
35 9
35 12
35 20
35 21
35 23
35 28
35 32
35 33
35 34
35 36
35 37
35 38
35 39
35 30
35 31
35 40
36 24
36 32
36 33
36 34
36 35
36 37
36 38
36 39
36 30
36 31
36 41
36 48
37 3
37 24
37 32
37 33
37 34
37 35
37 36
37 38
37 39
37 30
37 31
38 25
38 32
38 33
38 34
38 35
38 36
38 37
38 39
38 30
38 31
39 9
39 12
39 16
39 24
39 32
39 33
39 36
39 37
39 38
39 30
39 31
39 40
30 6
30 13
30 25
30 32
30 33
30 34
30 35
30 36
30 38
30 31
30 49
31 19
31 28
31 32
31 33
31 34
31 36
31 37
31 38
31 39
31 30
31 48
40 0
40 2
40 41
40 42
40 44
40 45
40 46
40 48
40 49
41 5
41 7
41 19
41 22
41 27
41 34
41 38
41 40
41 43
41 44
41 45
41 46
41 47
41 48
41 49
42 9
42 16
42 38
42 30
42 40
42 41
42 43
42 44
42 45
42 47
42 48
42 49
43 10
43 19
43 20
43 40
43 41
43 42
43 44
43 45
43 46
43 47
43 48
43 49
44 6
44 21
44 37
44 40
44 41
44 42
44 43
44 45
44 46
44 47
44 48
44 49
45 6
45 14
45 19
45 27
45 29
45 40
45 41
45 42
45 43
45 44
45 46
45 48
45 49
46 25
46 40
46 42
46 43
46 44
46 45
46 47
46 49
47 13
47 22
47 24
47 30
47 40
47 41
47 42
47 44
47 45
47 46
47 48
47 49
48 5
48 19
48 20
48 29
48 33
48 40
48 41
48 42
48 43
48 44
48 45
48 46
48 47
48 49
49 13
49 15
49 18
49 40
49 41
49 42
49 43
49 44
49 45
49 46
49 47
49 48
