0 1
0 3
0 4
0 5
0 6
0 7
0 8
0 13
0 18
0 21
0 23
0 37
0 42
0 48
1 0
1 2
1 3
1 4
1 5
1 6
1 7
1 8
1 9
1 12
1 23
1 24
1 34
1 30
2 0
2 1
2 3
2 4
2 5
2 6
2 7
2 8
2 9
2 10
2 16
2 20
2 22
2 24
2 25
2 30
2 45
3 0
3 2
3 4
3 5
3 6
3 7
3 8
3 9
3 29
3 34
3 36
4 0
4 1
4 2
4 3
4 5
4 6
4 7
4 9
5 1
5 2
5 3
5 4
5 6
5 7
5 8
5 9
5 16
5 45
5 49
6 0
6 2
6 3
6 4
6 5
6 7
6 8
6 9
6 14
6 23
6 24
6 28
6 30
6 31
6 42
7 0
7 1
7 3
7 4
7 5
7 6
7 8
7 13
7 37
7 30
7 41
7 49
8 0
8 1
8 2
8 3
8 5
8 6
8 7
8 9
8 18
8 19
8 23
8 31
9 0
9 1
9 2
9 3
9 4
9 5
9 6
9 7
9 8
9 10
9 35
9 37
9 39
9 30
9 42
9 48
10 3
10 5
10 7
10 9
10 11
10 12
10 13
10 14
10 15
10 16
10 17
10 18
10 19
10 21
10 35
10 36
10 45
11 8
11 12
11 13
11 14
11 15
11 16
11 17
11 18
11 19
11 33
11 37
12 10
12 11
12 13
12 14
12 15
12 16
12 17
12 18
12 19
12 21
12 35
12 44
13 12
13 14
13 16
13 17
13 19
13 49
14 10
14 11
14 12
14 13
14 15
14 16
14 17
14 18
14 19
14 23
14 34
14 36
14 42
15 5
15 10
15 11
15 12
15 13
15 16
15 17
15 18
15 19
15 25
15 28
15 32
16 10
16 11
16 12
16 13
16 14
16 15
16 17
16 18
16 19
16 27
16 28
16 39
16 43
16 45
17 10
17 11
17 12
17 14
17 15
17 16
17 19
17 36
17 40
17 41
18 5
18 6
18 9
18 10
18 11
18 12
18 13
18 14
18 15
18 16
18 17
18 19
18 32
18 45
19 2
19 10
19 11
19 13
19 14
19 15
19 16
19 17
19 18
19 27
19 47
20 18
20 21
20 22
20 23
20 24
20 25
20 27
20 28
20 29
20 35
21 20
21 22
21 23
21 24
21 25
21 26
21 27
21 28
21 29
21 42
21 45
22 15
22 21
22 23
22 24
22 25
22 26
22 27
22 28
22 29
22 34
22 41
23 5
23 9
23 20
23 21
23 22
23 24
23 25
23 27
23 28
23 29
23 43
24 12
24 20
24 21
24 22
24 23
24 25
24 27
24 28
24 29
24 47
25 0
25 12
25 20
25 22
25 24
25 26
25 27
25 28
25 29
25 34
25 36
26 20
26 21
26 22
26 23
26 24
26 25
26 27
26 28
26 29
27 20
27 21
27 22
27 24
27 25
27 26
27 28
27 29
28 1
28 2
28 4
28 20
28 21
28 22
28 24
28 26
28 27
28 29
28 37
28 44
28 49
29 20
29 21
29 22
29 23
29 24
29 25
29 26
29 27
29 28
29 36
29 38
29 30
29 31
32 0
32 4
32 18
32 25
32 33
32 34
32 36
32 38
32 39
32 30
32 31
32 40
33 32
33 34
33 35
33 36
33 37
33 38
33 30
33 31
34 18
34 24
34 29
34 32
34 33
34 35
34 37
34 38
34 30
34 31
34 45
34 49
35 18
35 25
35 32
35 33
35 37
35 38
35 39
35 30
35 31
35 43
36 1
36 2
36 4
36 32
36 33
36 34
36 35
36 37
36 38
36 30
36 31
36 42
36 43
36 49
37 25
37 32
37 33
37 35
37 36
37 39
37 31
37 40
37 42
37 44
37 48
38 0
38 10
38 17
38 23
38 27
38 32
38 33
38 34
38 35
38 36
38 37
38 39
38 30
38 31
38 41
38 42
38 46
39 17
39 18
39 32
39 33
39 34
39 35
39 37
39 38
39 30
39 31
39 49
30 6
30 19
30 24
30 32
30 33
30 34
30 35
30 36
30 37
30 38
30 39
30 31
30 41
30 44
30 45
30 47
31 2
31 4
31 12
31 14
31 28
31 29
31 32
31 34
31 35
31 36
31 37
31 38
31 39
31 30
31 43
31 45
31 47
40 21
40 25
40 32
40 41
40 42
40 43
40 44
40 45
40 46
40 48
40 49
41 3
41 4
41 12
41 24
41 33
41 37
41 40
41 42
41 43
41 44
41 45
41 46
41 47
41 48
41 49
42 8
42 33
42 40
42 41
42 43
42 44
42 45
42 47
42 48
42 49
43 3
43 6
43 9
43 13
43 14
43 17
43 36
43 40
43 42
43 44
43 45
43 46
43 49
44 6
44 21
44 25
44 29
44 35
44 31
44 40
44 41
44 42
44 43
44 45
44 46
44 47
44 48
44 49
45 40
45 41
45 42
45 43
45 44
45 46
45 47
45 48
45 49
46 7
46 9
46 11
46 18
46 37
46 40
46 41
46 42
46 43
46 44
46 45
46 47
46 48
46 49
47 28
47 33
47 40
47 41
47 42
47 43
47 44
47 45
47 46
47 48
47 49
48 12
48 19
48 33
48 40
48 41
48 42
48 43
48 44
48 45
48 46
48 47
48 49
49 34
49 39
49 40
49 41
49 42
49 44
49 45
49 46
49 47
49 48
