0 1
0 3
0 4
0 5
0 6
0 7
0 8
0 9
0 18
0 33
0 42
0 43
1 2
1 3
1 4
1 5
1 6
1 7
1 8
1 9
1 27
1 34
1 40
2 0
2 1
2 3
2 4
2 5
2 6
2 7
2 8
2 9
2 15
2 20
2 29
2 42
3 1
3 2
3 4
3 5
3 7
3 8
3 9
3 10
3 14
3 32
3 34
3 46
4 0
4 1
4 2
4 3
4 6
4 7
4 8
4 9
4 26
4 37
4 42
4 46
5 0
5 1
5 2
5 3
5 4
5 6
5 7
5 8
5 9
5 17
5 20
5 32
6 0
6 1
6 2
6 3
6 4
6 5
6 7
6 8
6 9
6 33
6 30
6 42
7 0
7 1
7 2
7 3
7 4
7 5
7 6
7 8
7 9
7 12
7 23
7 39
8 0
8 1
8 2
8 3
8 4
8 5
8 6
8 7
8 21
8 22
8 29
9 0
9 1
9 2
9 3
9 4
9 5
9 6
9 7
9 8
10 11
10 12
10 13
10 14
10 15
10 16
10 17
10 18
10 19
10 25
10 43
10 47
11 12
11 13
11 14
11 15
11 16
11 18
11 19
11 20
11 24
11 36
11 30
11 44
11 46
12 10
12 11
12 13
12 14
12 15
12 16
12 17
12 18
12 19
12 48
13 7
13 10
13 11
13 12
13 14
13 15
13 16
13 17
13 18
13 26
13 32
13 45
14 10
14 11
14 12
14 13
14 15
14 16
14 17
14 18
14 19
14 20
14 28
15 7
15 10
15 12
15 13
15 14
15 17
15 18
15 19
15 28
16 10
16 11
16 12
16 14
16 15
16 17
16 18
16 19
16 35
16 37
17 3
17 6
17 9
17 11
17 13
17 14
17 15
17 16
17 18
17 19
17 20
17 23
17 38
18 11
18 13
18 14
18 16
18 17
18 19
18 21
18 27
18 28
18 39
19 6
19 10
19 11
19 12
19 13
19 14
19 15
19 16
19 17
19 18
19 27
19 35
19 37
19 30
19 46
20 3
20 21
20 22
20 23
20 24
20 25
20 26
20 27
20 28
20 29
20 30
20 41
21 2
21 3
21 20
21 22
21 23
21 25
21 27
21 28
21 29
21 33
21 39
22 8
22 13
22 14
22 19
22 21
22 23
22 24
22 25
22 26
22 27
22 28
22 29
22 39
23 15
23 16
23 20
23 21
23 22
23 24
23 26
23 27
23 28
23 43
24 6
24 9
24 20
24 21
24 22
24 25
24 26
24 27
24 28
24 29
24 33
24 36
24 30
24 40
24 41
24 45
25 4
25 20
25 21
25 22
25 23
25 24
25 26
25 27
25 28
25 29
26 0
26 2
26 4
26 20
26 21
26 23
26 24
26 25
26 27
26 29
26 35
26 46
27 1
27 8
27 12
27 13
27 14
27 21
27 22
27 24
27 26
27 28
27 29
27 41
27 42
28 3
28 15
28 20
28 21
28 22
28 23
28 24
28 25
28 26
28 27
28 29
28 35
29 5
29 11
29 14
29 22
29 23
29 24
29 25
29 26
29 27
29 28
32 0
32 3
32 33
32 34
32 35
32 36
32 37
32 38
32 39
32 30
32 31
33 32
33 34
33 35
33 36
33 38
33 39
33 30
33 31
33 42
34 0
34 12
34 22
34 32
34 35
34 37
34 38
34 39
34 30
34 31
34 47
34 49
35 2
35 9
35 14
35 32
35 33
35 34
35 36
35 37
35 38
35 39
35 30
35 49
36 0
36 25
36 32
36 33
36 35
36 37
36 38
36 39
36 30
36 31
36 43
36 48
37 9
37 32
37 33
37 34
37 35
37 36
37 38
37 39
37 31
38 7
38 22
38 25
38 32
38 33
38 34
38 35
38 36
38 37
38 39
38 30
38 31
39 2
39 4
39 6
39 7
39 12
39 25
39 32
39 33
39 34
39 35
39 36
39 37
39 38
39 30
39 31
39 42
39 43
39 45
30 23
30 32
30 33
30 34
30 35
30 36
30 37
30 38
30 39
30 31
30 42
30 48
31 20
31 32
31 33
31 34
31 35
31 36
31 37
31 38
31 39
31 30
31 45
31 46
40 3
40 18
40 19
40 23
40 30
40 41
40 42
40 43
40 44
40 45
40 46
40 47
40 48
40 49
41 15
41 22
41 30
41 31
41 40
41 42
41 43
41 44
41 45
41 46
41 48
41 49
42 2
42 12
42 20
42 24
42 40
42 41
42 43
42 44
42 45
42 47
42 48
42 49
43 16
43 27
43 38
43 39
43 40
43 41
43 42
43 44
43 45
43 46
43 47
43 48
43 49
44 2
44 25
44 29
44 33
44 31
44 40
44 41
44 42
44 43
44 45
44 46
44 47
44 48
44 49
45 7
45 26
45 34
45 40
45 41
45 43
45 44
45 46
45 47
45 48
45 49
46 5
46 16
46 17
46 32
46 39
46 40
46 41
46 42
46 43
46 44
46 45
46 47
46 48
46 49
47 3
47 5
47 15
47 27
47 37
47 40
47 42
47 43
47 44
47 45
47 46
47 48
47 49
48 17
48 40
48 41
48 42
48 43
48 44
48 45
48 46
48 47
48 49
49 3
49 10
49 20
49 34
49 40
49 41
49 42
49 43
49 44
49 45
49 46
49 47
