0 1
0 2
0 3
0 4
0 5
0 6
0 7
0 8
0 9
0 19
1 0
1 2
1 3
1 4
1 6
1 7
1 8
1 14
1 31
2 0
2 1
2 3
2 4
2 5
2 6
2 7
2 8
2 9
2 14
2 23
2 33
2 34
3 0
3 1
3 2
3 4
3 5
3 6
3 7
3 8
3 9
3 10
4 0
4 2
4 3
4 5
4 6
4 7
4 8
4 9
4 21
4 28
5 0
5 1
5 2
5 3
5 4
5 6
5 7
5 9
5 32
5 40
5 42
6 0
6 1
6 2
6 3
6 4
6 5
6 7
6 8
6 9
6 18
6 19
6 29
6 32
6 38
6 39
6 40
6 45
7 0
7 1
7 2
7 3
7 4
7 5
7 6
7 8
7 9
7 30
7 43
7 44
8 0
8 1
8 2
8 3
8 4
8 6
8 9
8 11
8 21
8 34
9 0
9 1
9 2
9 3
9 4
9 5
9 6
9 7
9 8
9 15
9 23
9 26
9 29
10 9
10 11
10 13
10 14
10 15
10 17
10 18
10 19
10 25
10 36
10 30
10 41
11 9
11 13
11 14
11 15
11 16
11 18
11 19
11 24
11 28
11 29
11 39
11 41
11 45
11 48
12 9
12 10
12 11
12 13
12 14
12 16
12 17
12 18
12 19
12 25
12 30
12 44
13 9
13 10
13 11
13 12
13 14
13 15
13 16
13 17
13 18
13 19
13 34
13 35
13 37
13 30
13 43
13 45
13 49
14 0
14 1
14 10
14 12
14 13
14 15
14 16
14 17
14 18
14 19
14 35
15 3
15 6
15 10
15 11
15 12
15 13
15 16
15 17
15 18
15 19
15 22
15 23
15 32
15 30
16 0
16 10
16 11
16 12
16 13
16 15
16 17
16 18
16 19
16 21
16 26
16 28
16 42
16 49
17 6
17 11
17 12
17 13
17 14
17 15
17 16
17 18
17 19
17 29
17 32
17 40
17 45
18 5
18 10
18 11
18 12
18 13
18 14
18 16
18 17
18 19
18 27
18 41
19 0
19 1
19 11
19 12
19 13
19 14
19 15
19 16
19 17
19 18
19 24
19 36
19 45
20 18
20 21
20 22
20 23
20 25
20 26
20 27
20 28
20 29
20 32
20 33
20 41
21 2
21 5
21 16
21 20
21 22
21 23
21 24
21 25
21 26
21 27
21 28
21 29
21 41
21 42
21 48
21 49
22 5
22 9
22 20
22 21
22 23
22 24
22 25
22 26
22 27
22 28
22 29
22 33
22 34
22 36
22 43
22 44
23 0
23 2
23 20
23 21
23 22
23 24
23 26
23 27
23 29
23 32
23 30
24 16
24 21
24 22
24 23
24 25
24 27
24 28
24 29
24 37
24 39
24 46
24 47
25 12
25 20
25 21
25 22
25 23
25 24
25 27
25 28
25 44
25 46
26 17
26 20
26 21
26 22
26 23
26 24
26 25
26 27
26 28
26 29
26 32
26 35
26 43
26 45
26 48
27 0
27 13
27 16
27 19
27 20
27 21
27 22
27 23
27 24
27 25
27 26
27 28
27 29
27 40
27 45
27 48
28 0
28 6
28 13
28 14
28 20
28 21
28 22
28 23
28 24
28 25
28 26
28 27
28 29
28 45
29 1
29 8
29 13
29 20
29 21
29 23
29 24
29 25
29 26
29 27
29 28
29 32
29 34
29 49
32 6
32 7
32 15
32 18
32 33
32 34
32 36
32 37
32 38
32 39
32 30
32 31
33 0
33 1
33 19
33 26
33 29
33 32
33 34
33 35
33 36
33 37
33 38
33 39
33 30
33 31
33 44
34 1
34 27
34 32
34 33
34 35
34 36
34 37
35 0
35 1
35 11
35 27
35 32
35 33
35 34
35 36
35 38
35 39
35 30
35 31
35 40
36 3
36 5
36 19
36 21
36 29
36 32
36 33
36 34
36 35
36 38
36 39
36 30
36 43
36 48
37 10
37 32
37 33
37 34
37 35
37 36
37 38
37 39
37 31
37 45
38 13
38 24
38 26
38 32
38 34
38 35
38 36
38 37
38 39
38 30
38 31
39 3
39 5
39 12
39 17
39 27
39 32
39 33
39 34
39 35
39 37
39 38
39 30
39 31
39 44
39 48
39 49
30 4
30 10
30 11
30 20
30 32
30 33
30 34
30 35
30 36
30 38
30 39
30 31
31 15
31 24
31 32
31 33
31 34
31 35
31 36
31 37
31 38
31 39
31 30
31 49
40 19
40 30
40 41
40 42
40 43
40 44
40 45
40 46
40 47
40 49
41 4
41 12
41 15
41 16
41 39
41 40
41 42
41 43
41 45
41 46
41 47
41 49
42 35
42 37
42 30
42 40
42 41
42 45
42 46
42 47
42 48
42 49
43 0
43 3
43 7
43 12
43 41
43 42
43 44
43 45
43 46
43 47
43 48
43 49
44 0
44 4
44 16
44 17
44 33
44 41
44 42
44 43
44 45
44 46
44 47
44 48
44 49
45 2
45 12
45 14
45 35
45 36
45 40
45 41
45 42
45 43
45 44
45 46
45 47
45 49
46 22
46 40
46 42
46 43
46 44
46 45
46 47
46 48
47 11
47 18
47 24
47 26
47 36
47 40
47 41
47 42
47 43
47 44
47 45
47 46
47 48
47 49
48 24
48 33
48 35
48 36
48 40
48 41
48 42
48 44
48 46
48 47
48 49
49 3
49 8
49 14
49 23
49 32
49 40
49 41
49 42
49 43
49 45
49 46
49 47
49 48
