0 1
0 2
0 3
0 4
0 6
0 7
0 8
0 9
0 14
0 18
0 20
0 27
0 31
1 0
1 3
1 4
1 5
1 7
1 8
1 9
1 23
1 38
1 39
1 48
2 0
2 1
2 3
2 4
2 5
2 7
2 8
2 9
2 20
2 28
3 0
3 1
3 2
3 4
3 5
3 6
3 7
3 8
3 11
3 21
3 35
3 38
4 1
4 2
4 3
4 5
4 6
4 7
4 9
4 14
4 20
4 29
4 41
4 42
5 0
5 1
5 3
5 4
5 6
5 7
5 9
5 27
6 0
6 2
6 3
6 4
6 7
6 8
6 9
6 14
6 16
6 28
7 0
7 1
7 2
7 3
7 4
7 5
7 6
7 8
7 9
7 16
7 18
7 26
7 28
7 41
8 0
8 1
8 2
8 3
8 4
8 5
8 6
8 9
8 18
8 19
8 26
9 0
9 1
9 2
9 3
9 4
9 5
9 6
9 7
9 8
9 26
9 31
9 40
10 12
10 13
10 14
10 15
10 16
10 17
10 19
10 24
10 34
10 38
10 41
11 10
11 12
11 13
11 14
11 15
11 16
11 18
11 19
11 23
11 31
12 2
12 5
12 7
12 9
12 10
12 11
12 13
12 14
12 16
12 17
12 18
12 19
12 30
12 40
13 10
13 11
13 12
13 14
13 15
13 17
13 18
13 19
13 37
13 45
14 0
14 2
14 10
14 11
14 12
14 13
14 15
14 16
14 17
14 18
14 19
14 21
14 24
14 34
14 38
14 42
15 10
15 11
15 12
15 13
15 14
15 16
15 17
15 18
15 19
15 35
15 44
15 45
15 49
16 10
16 11
16 13
16 14
16 15
16 17
16 18
16 28
16 48
17 3
17 4
17 8
17 10
17 11
17 12
17 13
17 14
17 16
17 18
17 19
17 27
17 29
18 10
18 11
18 12
18 13
18 14
18 15
18 16
18 17
18 19
18 35
18 48
19 10
19 11
19 12
19 13
19 14
19 15
19 17
19 18
19 26
19 28
19 40
19 44
19 46
20 5
20 21
20 22
20 23
20 24
20 25
20 26
20 27
20 28
20 29
20 45
20 49
21 2
21 11
21 16
21 20
21 22
21 23
21 24
21 26
21 27
21 28
21 29
21 32
21 43
21 47
21 49
22 8
22 20
22 21
22 23
22 24
22 26
22 27
22 28
22 29
23 5
23 8
23 20
23 21
23 22
23 24
23 25
23 26
23 27
23 28
23 29
24 0
24 4
24 20
24 21
24 22
24 23
24 25
24 26
24 27
24 28
24 29
24 35
24 49
25 20
25 21
25 22
25 23
25 24
25 26
25 27
25 28
25 29
25 34
25 36
25 44
26 4
26 17
26 20
26 21
26 22
26 23
26 24
26 27
26 28
26 29
26 35
26 45
27 7
27 15
27 20
27 21
27 22
27 23
27 24
27 25
27 26
27 28
27 29
28 0
28 2
28 4
28 10
28 16
28 19
28 20
28 21
28 22
28 23
28 24
28 26
28 27
28 29
28 33
28 36
28 45
29 6
29 7
29 10
29 21
29 22
29 23
29 24
29 25
29 26
29 28
29 35
29 36
29 38
29 31
29 46
32 1
32 19
32 34
32 35
32 36
32 37
32 39
32 30
32 31
32 43
33 28
33 32
33 34
33 35
33 36
33 37
33 38
33 39
33 30
33 31
33 40
33 45
34 18
34 27
34 29
34 32
34 33
34 35
34 36
34 37
34 38
34 39
34 30
34 40
34 42
35 0
35 9
35 12
35 32
35 33
35 34
35 37
35 38
35 39
35 30
35 31
36 13
36 25
36 33
36 34
36 35
36 37
36 38
36 39
36 30
36 31
36 42
36 47
36 49
37 8
37 9
37 23
37 24
37 32
37 33
37 34
37 35
37 36
37 38
37 39
37 30
37 31
37 45
38 0
38 16
38 22
38 24
38 32
38 33
38 34
38 35
38 36
38 37
38 39
38 30
38 31
39 20
39 22
39 32
39 33
39 34
39 35
39 36
39 37
39 38
39 30
39 31
39 45
30 0
30 18
30 32
30 33
30 34
30 35
30 36
30 37
30 38
30 39
30 31
30 44
31 0
31 2
31 10
31 19
31 21
31 22
31 24
31 32
31 33
31 34
31 35
31 36
31 37
31 38
31 39
31 30
31 40
31 46
31 48
40 1
40 15
40 18
40 36
40 42
40 43
40 45
40 46
40 47
40 48
40 49
41 2
41 13
41 18
41 36
41 40
41 42
41 43
41 44
41 45
41 46
41 47
41 48
41 49
42 13
42 14
42 15
42 18
42 40
42 41
42 43
42 44
42 45
42 46
42 47
42 48
42 49
43 2
43 14
43 36
43 40
43 41
43 44
43 45
43 46
43 47
43 48
43 49
44 0
44 32
44 40
44 41
44 42
44 43
44 45
44 46
44 47
44 48
44 49
45 2
45 4
45 13
45 16
45 18
45 32
45 37
45 40
45 41
45 42
45 43
45 44
45 46
45 47
45 48
45 49
46 3
46 9
46 28
46 33
46 38
46 31
46 40
46 41
46 42
46 43
46 44
46 45
46 47
46 48
46 49
47 0
47 5
47 15
47 22
47 40
47 41
47 42
47 43
47 44
47 45
47 46
47 48
47 49
48 13
48 25
48 32
48 40
48 41
48 42
48 44
48 45
48 47
48 49
49 3
49 7
49 9
49 16
49 18
49 24
49 27
49 38
49 40
49 41
49 42
49 43
49 44
49 45
49 46
49 47
49 48
