0 1
0 2
0 3
0 4
0 5
0 6
0 7
0 8
0 9
0 32
1 2
1 3
1 4
1 5
1 6
1 7
1 8
1 9
1 24
1 25
1 34
1 42
1 46
2 0
2 1
2 3
2 4
2 5
2 6
2 7
2 8
2 9
2 10
2 12
2 15
2 19
2 35
2 47
2 49
3 0
3 1
3 2
3 4
3 5
3 6
3 7
3 8
3 9
3 11
3 20
3 24
3 26
3 28
4 0
4 1
4 2
4 3
4 5
4 6
4 7
4 8
4 9
4 14
4 15
4 26
4 29
4 34
4 30
5 0
5 1
5 2
5 4
5 6
5 7
5 8
5 9
5 10
5 14
5 15
5 17
5 28
5 33
5 35
5 45
6 0
6 1
6 2
6 3
6 4
6 5
6 7
6 8
6 9
6 17
7 0
7 1
7 2
7 5
7 6
7 8
7 9
7 10
8 0
8 1
8 2
8 3
8 4
8 5
8 6
8 7
8 9
8 11
8 14
8 28
8 31
8 47
8 48
9 0
9 1
9 2
9 3
9 4
9 5
9 6
9 7
9 8
9 11
9 37
9 38
9 41
9 44
10 2
10 11
10 12
10 13
10 14
10 15
10 17
10 18
10 19
10 25
10 32
10 43
11 2
11 6
11 10
11 12
11 13
11 14
11 15
11 16
11 17
11 19
11 24
11 34
11 38
11 46
12 11
12 13
12 14
12 15
12 16
12 18
12 28
12 31
13 10
13 11
13 12
13 14
13 15
13 16
13 17
13 19
13 35
13 38
13 30
13 31
13 45
13 48
14 1
14 10
14 11
14 12
14 13
14 15
14 16
14 17
14 18
14 19
14 23
14 27
14 37
14 43
15 10
15 11
15 12
15 13
15 14
15 16
15 17
15 18
15 22
15 35
15 31
16 0
16 9
16 10
16 11
16 12
16 14
16 15
16 17
16 18
16 19
16 27
16 28
16 37
16 44
17 10
17 11
17 12
17 13
17 14
17 15
17 16
17 18
17 19
17 20
17 22
17 28
17 36
18 10
18 11
18 12
18 13
18 14
18 15
18 16
18 17
18 19
18 22
18 23
18 25
18 29
18 41
18 46
19 10
19 11
19 12
19 13
19 14
19 15
19 16
19 17
19 24
19 27
19 41
19 43
20 2
20 11
20 15
20 21
20 22
20 23
20 24
20 25
20 26
20 27
20 28
20 29
21 10
21 20
21 22
21 23
21 24
21 25
21 26
21 27
21 28
21 29
21 31
22 10
22 20
22 21
22 23
22 24
22 25
22 26
22 27
22 28
22 29
22 32
23 20
23 21
23 22
23 24
23 25
23 26
23 27
23 28
23 29
23 40
23 43
23 44
23 49
24 2
24 13
24 20
24 21
24 23
24 25
24 26
24 27
24 28
24 29
24 40
24 44
25 18
25 20
25 23
25 24
25 26
25 27
25 28
25 29
25 30
25 41
25 42
25 43
26 15
26 20
26 21
26 22
26 23
26 25
26 27
26 28
26 29
26 35
26 39
26 44
27 21
27 22
27 23
27 24
27 25
27 26
27 28
27 29
28 10
28 21
28 22
28 23
28 24
28 25
28 26
28 27
28 29
28 30
29 4
29 18
29 20
29 21
29 22
29 23
29 24
29 25
29 26
29 27
29 28
29 36
29 38
29 39
29 31
32 1
32 13
32 14
32 15
32 26
32 33
32 34
32 35
32 36
32 37
32 38
32 39
32 31
32 45
32 49
33 28
33 32
33 34
33 35
33 37
33 38
33 39
33 30
33 31
33 43
34 32
34 33
34 35
34 36
34 37
34 38
34 39
34 30
34 31
34 45
35 21
35 25
35 32
35 33
35 34
35 36
35 37
35 38
35 39
35 30
36 2
36 13
36 17
36 32
36 33
36 34
36 35
36 37
36 38
36 31
36 48
37 25
37 29
37 32
37 33
37 34
37 35
37 38
37 31
38 12
38 32
38 33
38 34
38 35
38 37
38 39
38 30
38 31
39 21
39 28
39 32
39 33
39 34
39 35
39 37
39 30
39 31
30 7
30 8
30 13
30 17
30 25
30 32
30 33
30 34
30 35
30 36
30 37
30 38
30 39
30 31
30 45
30 48
31 14
31 16
31 17
31 32
31 33
31 34
31 35
31 36
31 37
31 38
31 39
31 30
40 21
40 23
40 26
40 28
40 42
40 43
40 44
40 45
40 46
40 47
40 48
40 49
41 3
41 16
41 24
41 37
41 42
41 43
41 44
41 45
41 46
41 47
41 48
41 49
42 11
42 20
42 29
42 32
42 33
42 35
42 37
42 40
42 43
42 44
42 45
42 47
42 48
42 49
43 7
43 17
43 19
43 29
43 36
43 40
43 41
43 44
43 45
43 47
43 48
43 49
44 3
44 4
44 7
44 11
44 15
44 19
44 20
44 35
44 40
44 42
44 43
44 45
44 46
44 47
44 48
44 49
45 1
45 7
45 12
45 26
45 27
45 40
45 41
45 42
45 43
45 44
45 46
45 47
45 48
45 49
46 4
46 7
46 9
46 28
46 41
46 42
46 43
46 44
46 45
46 47
46 48
46 49
47 27
47 35
47 40
47 41
47 42
47 43
47 44
47 45
47 46
47 48
47 49
48 13
48 16
48 32
48 38
48 39
48 40
48 41
48 42
48 43
48 44
48 45
48 46
48 47
48 49
49 1
49 16
49 17
49 18
49 33
49 40
49 42
49 43
49 44
49 45
49 46
49 47
49 48
