0 1
0 2
0 3
0 4
0 5
0 6
0 7
0 8
0 9
0 22
0 43
1 0
1 2
1 3
1 4
1 5
1 6
1 7
1 8
1 9
1 37
1 42
2 1
2 3
2 4
2 5
2 6
2 7
2 8
2 9
2 13
2 20
2 34
2 35
2 36
2 44
3 0
3 1
3 2
3 4
3 5
3 6
3 7
3 8
3 9
3 11
3 12
3 13
3 35
3 39
3 49
4 0
4 1
4 2
4 3
4 5
4 6
4 7
4 8
4 9
4 10
4 32
4 41
5 0
5 1
5 2
5 3
5 4
5 6
5 7
5 8
5 28
5 47
6 0
6 1
6 3
6 4
6 5
6 8
6 9
6 20
6 27
7 0
7 1
7 2
7 3
7 5
7 6
7 8
7 9
7 15
7 22
7 23
7 36
8 0
8 1
8 2
8 3
8 4
8 5
8 6
8 7
8 9
8 23
8 33
9 0
9 1
9 3
9 4
9 6
9 7
9 8
9 15
9 16
9 22
9 26
9 28
9 45
10 11
10 12
10 13
10 14
10 15
10 16
10 17
10 18
10 25
10 32
10 39
10 31
10 44
10 49
11 1
11 5
11 10
11 13
11 14
11 15
11 16
11 17
11 18
11 19
11 33
11 41
12 3
12 10
12 11
12 13
12 14
12 15
12 16
12 17
12 18
12 19
12 23
12 32
12 34
13 1
13 10
13 11
13 12
13 14
13 15
13 16
13 18
13 22
13 38
14 1
14 5
14 11
14 12
14 13
14 15
14 16
14 17
14 18
14 19
14 23
14 37
14 45
15 1
15 4
15 10
15 11
15 12
15 13
15 14
15 16
15 17
16 10
16 11
16 12
16 13
16 14
16 15
16 17
16 18
16 19
16 29
16 35
17 11
17 12
17 14
17 15
17 16
17 18
17 19
17 32
17 36
17 44
18 4
18 10
18 11
18 12
18 13
18 14
18 15
18 19
19 6
19 10
19 11
19 12
19 13
19 14
19 15
19 16
19 17
19 18
19 23
19 34
19 35
19 49
20 19
20 21
20 22
20 23
20 24
20 25
20 26
20 27
20 28
20 29
20 41
20 44
21 18
21 20
21 22
21 24
21 25
21 26
21 27
21 29
21 40
21 46
22 20
22 21
22 23
22 24
22 25
22 26
22 27
22 28
22 29
22 30
22 45
23 5
23 7
23 17
23 20
23 21
23 25
23 26
23 27
23 28
23 29
23 39
23 42
24 19
24 20
24 21
24 22
24 23
24 25
24 26
24 27
24 28
24 29
24 37
24 43
24 45
25 15
25 19
25 20
25 21
25 22
25 23
25 24
25 26
25 27
25 28
25 29
25 33
25 48
26 10
26 22
26 23
26 24
26 25
26 27
26 28
26 29
26 39
26 40
27 0
27 2
27 14
27 20
27 21
27 23
27 24
27 25
27 26
27 28
27 29
27 32
27 39
27 45
28 1
28 6
28 11
28 20
28 21
28 24
28 25
28 26
28 27
28 29
28 42
28 43
28 44
28 45
29 20
29 21
29 22
29 23
29 24
29 25
29 26
29 27
29 28
29 39
29 42
32 4
32 6
32 7
32 9
32 10
32 11
32 22
32 28
32 33
32 34
32 35
32 36
32 37
32 38
32 39
32 30
32 31
33 9
33 26
33 32
33 34
33 36
33 37
33 38
33 39
33 30
33 31
33 43
34 10
34 27
34 29
34 32
34 33
34 35
34 36
34 37
34 38
34 39
34 30
34 31
35 0
35 7
35 25
35 32
35 33
35 34
35 36
35 37
35 38
35 39
35 30
35 31
36 1
36 2
36 5
36 6
36 20
36 32
36 33
36 34
36 35
36 37
36 38
36 39
36 30
36 31
36 40
37 0
37 19
37 27
37 29
37 32
37 33
37 34
37 35
37 36
37 38
37 39
37 30
37 31
37 41
37 48
38 4
38 8
38 21
38 32
38 33
38 34
38 35
38 36
38 37
38 39
38 30
38 31
38 41
38 46
39 2
39 7
39 11
39 12
39 18
39 28
39 32
39 33
39 35
39 37
39 38
39 30
39 31
39 45
39 49
30 26
30 32
30 33
30 34
30 35
30 36
30 37
30 38
30 39
30 31
31 4
31 6
31 13
31 14
31 32
31 33
31 34
31 35
31 36
31 37
31 38
31 39
31 30
31 46
40 2
40 10
40 41
40 43
40 44
40 45
40 46
40 47
40 48
40 49
41 31
41 40
41 42
41 43
41 44
41 45
41 46
41 47
41 48
41 49
42 19
42 21
42 36
42 40
42 41
42 43
42 44
42 45
42 46
42 47
42 48
42 49
43 3
43 6
43 24
43 40
43 41
43 42
43 44
43 45
43 46
43 47
43 48
43 49
44 40
44 41
44 43
44 45
44 46
44 47
44 48
44 49
45 2
45 3
45 7
45 14
45 40
45 41
45 42
45 44
45 46
45 47
45 48
45 49
46 3
46 6
46 16
46 17
46 24
46 37
46 40
46 41
46 42
46 43
46 44
46 45
46 47
46 48
46 49
47 11
47 13
47 40
47 41
47 42
47 43
47 44
47 45
47 46
47 48
47 49
48 15
48 34
48 30
48 31
48 41
48 42
48 44
48 45
48 46
48 47
48 49
49 13
49 23
49 41
49 42
49 43
49 44
49 45
49 46
49 47
49 48
