0 1
0 2
0 3
0 4
0 5
0 7
0 9
0 19
0 22
0 31
0 45
0 46
0 49
1 0
1 2
1 3
1 4
1 5
1 6
1 7
1 8
1 9
1 21
1 24
1 26
2 0
2 1
2 3
2 4
2 5
2 6
2 7
2 8
2 9
2 26
2 27
2 35
2 45
2 47
2 49
3 1
3 2
3 4
3 5
3 7
3 8
3 9
3 17
3 26
4 0
4 1
4 2
4 3
4 5
4 6
4 7
4 8
4 9
4 17
4 26
4 32
4 37
4 31
4 42
4 44
5 0
5 2
5 3
5 4
5 6
5 7
5 8
5 9
5 27
5 37
5 39
5 31
6 0
6 1
6 2
6 4
6 5
6 7
6 8
6 9
6 11
6 27
6 44
6 49
7 0
7 1
7 2
7 3
7 5
7 6
7 8
7 9
7 15
7 17
7 29
7 41
8 0
8 1
8 2
8 3
8 4
8 6
8 7
8 9
8 20
8 23
8 34
8 31
8 41
9 0
9 1
9 2
9 3
9 4
9 5
9 6
9 7
9 8
9 17
9 18
9 41
9 46
10 7
10 8
10 11
10 13
10 14
10 16
10 17
10 18
10 19
10 24
10 25
10 47
10 48
10 49
11 10
11 12
11 13
11 14
11 15
11 16
11 17
11 18
11 40
12 3
12 10
12 11
12 13
12 14
12 15
12 16
12 17
12 18
12 19
12 22
12 27
12 28
12 38
12 47
13 6
13 8
13 10
13 11
13 12
13 14
13 15
13 16
13 17
13 18
13 19
13 21
13 38
13 49
14 10
14 12
14 13
14 15
14 16
14 17
14 18
14 19
14 28
14 34
14 42
15 1
15 5
15 10
15 11
15 12
15 13
15 14
15 16
15 17
15 18
15 19
15 21
15 35
15 44
16 1
16 7
16 10
16 11
16 12
16 13
16 14
16 15
16 17
16 18
16 19
16 36
16 43
17 10
17 11
17 12
17 13
17 14
17 15
17 16
17 18
17 19
17 32
17 38
17 39
18 2
18 3
18 8
18 10
18 11
18 12
18 13
18 14
18 15
18 16
18 17
18 19
18 26
18 42
18 46
19 2
19 7
19 10
19 11
19 12
19 13
19 14
19 15
19 16
19 17
19 18
19 25
19 26
19 37
19 46
19 47
20 2
20 13
20 21
20 22
20 23
20 24
20 25
20 26
20 27
20 28
20 29
21 8
21 10
21 18
21 20
21 22
21 23
21 24
21 25
21 26
21 28
21 29
21 34
22 10
22 13
22 20
22 21
22 23
22 24
22 25
22 26
22 27
22 28
22 29
22 37
23 20
23 22
23 24
23 25
23 26
23 27
23 28
23 29
23 30
23 41
24 0
24 2
24 14
24 20
24 21
24 22
24 23
24 25
24 26
24 27
24 28
24 29
24 30
25 3
25 16
25 17
25 21
25 22
25 23
25 24
25 26
25 27
25 28
25 29
25 32
25 34
26 5
26 15
26 20
26 21
26 22
26 23
26 24
26 25
26 27
26 28
26 29
26 38
27 2
27 5
27 15
27 20
27 21
27 22
27 23
27 24
27 26
27 28
27 29
27 32
27 33
28 0
28 13
28 18
28 20
28 21
28 22
28 23
28 24
28 25
28 27
28 29
29 0
29 21
29 22
29 23
29 24
29 26
29 27
29 28
29 33
29 42
32 2
32 6
32 33
32 34
32 35
32 36
32 37
32 38
32 39
32 30
32 31
32 40
32 49
33 34
33 35
33 36
33 37
33 38
33 39
33 30
33 31
33 42
33 45
34 0
34 9
34 15
34 27
34 28
34 32
34 33
34 35
34 37
34 38
34 30
34 31
34 43
35 16
35 25
35 32
35 33
35 34
35 36
35 37
35 38
35 39
35 30
35 31
35 44
36 13
36 15
36 32
36 33
36 34
36 35
36 37
36 38
36 39
36 30
36 31
36 45
37 17
37 32
37 33
37 34
37 35
37 36
37 38
37 39
37 30
37 31
37 48
38 1
38 2
38 6
38 33
38 34
38 35
38 36
38 37
38 39
38 30
38 31
38 46
39 5
39 33
39 34
39 35
39 37
39 30
39 31
39 40
30 17
30 18
30 33
30 34
30 38
30 31
30 45
31 29
31 32
31 33
31 34
31 35
31 37
31 38
31 39
31 30
31 43
40 12
40 13
40 19
40 24
40 26
40 28
40 35
40 41
40 42
40 43
40 44
40 45
40 46
40 47
40 48
40 49
41 15
41 34
41 40
41 42
41 43
41 44
41 45
41 46
41 47
41 48
41 49
42 7
42 9
42 21
42 37
42 40
42 41
42 44
42 45
42 46
42 47
42 48
42 49
43 11
43 22
43 33
43 35
43 40
43 41
43 42
43 44
43 46
43 47
43 48
43 49
44 3
44 9
44 11
44 20
44 22
44 26
44 35
44 36
44 38
44 40
44 41
44 43
44 45
44 47
44 48
44 49
45 8
45 15
45 27
45 29
45 34
45 40
45 41
45 42
45 43
45 44
45 46
45 47
45 48
45 49
46 0
46 25
46 28
46 29
46 30
46 40
46 41
46 42
46 43
46 44
46 45
46 47
46 49
47 3
47 41
47 42
47 43
47 44
47 45
47 46
47 48
48 11
48 22
48 30
48 40
48 42
48 43
48 44
48 45
48 46
48 47
48 49
49 2
49 7
49 14
49 35
49 38
49 40
49 41
49 43
49 44
49 45
49 46
49 47
49 48
