0 1
0 2
0 3
0 4
0 5
0 6
0 7
0 8
0 9
0 16
0 24
0 29
0 37
0 31
0 45
0 46
1 0
1 2
1 3
1 4
1 5
1 6
1 7
1 8
1 38
2 0
2 1
2 3
2 5
2 7
2 8
2 9
2 17
2 19
2 20
2 23
2 26
2 38
2 40
2 45
2 49
3 0
3 5
3 6
3 7
3 8
3 9
3 40
4 1
4 2
4 3
4 5
4 6
4 7
4 8
4 9
4 40
4 45
5 0
5 1
5 4
5 6
5 7
5 8
5 9
5 37
5 38
5 43
6 0
6 1
6 2
6 3
6 4
6 5
6 7
6 8
6 9
6 14
6 31
6 49
7 0
7 1
7 2
7 3
7 4
7 5
7 6
7 8
7 9
7 34
7 31
7 43
7 44
7 47
8 0
8 1
8 2
8 3
8 4
8 6
8 9
8 24
8 34
8 43
8 44
8 49
9 0
9 2
9 3
9 4
9 5
9 6
9 8
9 15
10 11
10 12
10 13
10 14
10 15
10 16
10 18
10 19
10 39
10 30
10 44
10 46
11 8
11 10
11 12
11 13
11 14
11 15
11 16
11 17
11 18
11 19
11 40
11 44
11 49
12 7
12 10
12 11
12 13
12 14
12 15
12 16
12 17
12 18
12 19
13 10
13 11
13 12
13 14
13 15
13 16
13 17
13 18
13 19
13 21
13 24
13 45
13 49
14 10
14 11
14 12
14 13
14 16
14 17
14 18
14 19
14 22
14 23
14 39
15 4
15 9
15 10
15 12
15 13
15 14
15 16
15 18
15 23
15 29
15 33
16 1
16 10
16 11
16 12
16 13
16 14
16 15
16 18
16 19
16 48
17 2
17 6
17 10
17 11
17 12
17 13
17 14
17 15
17 16
17 18
17 23
17 24
17 40
17 49
18 10
18 11
18 12
18 13
18 14
18 17
18 19
18 42
18 49
19 3
19 10
19 11
19 12
19 13
19 14
19 15
19 17
19 48
19 49
20 21
20 22
20 23
20 24
20 25
20 26
20 27
20 28
20 29
21 11
21 13
21 14
21 18
21 20
21 23
21 24
21 25
21 26
21 27
21 28
21 29
21 36
22 5
22 12
22 20
22 21
22 23
22 24
22 25
22 26
22 27
22 28
22 29
22 33
22 44
22 46
22 49
23 14
23 20
23 22
23 24
23 26
23 27
23 28
23 29
23 36
24 1
24 2
24 5
24 18
24 20
24 21
24 22
24 23
24 25
24 26
24 27
24 28
24 29
24 32
24 33
24 42
24 44
25 10
25 17
25 19
25 20
25 21
25 22
25 23
25 24
25 26
25 38
25 40
26 2
26 20
26 22
26 23
26 24
26 25
26 27
26 28
26 45
26 46
27 5
27 12
27 20
27 21
27 22
27 23
27 24
27 28
27 29
27 36
27 38
27 31
27 41
27 46
28 8
28 21
28 22
28 23
28 24
28 26
28 27
29 5
29 20
29 21
29 22
29 23
29 24
29 25
29 26
29 28
29 34
29 35
29 31
32 0
32 11
32 16
32 22
32 29
32 33
32 34
32 35
32 36
32 37
32 38
32 39
32 30
32 31
32 44
32 45
33 1
33 4
33 6
33 8
33 32
33 34
33 35
33 36
33 37
33 38
33 39
33 30
33 31
34 6
34 16
34 17
34 24
34 32
34 33
34 35
34 36
34 38
34 39
34 31
35 3
35 14
35 20
35 32
35 33
35 34
35 36
35 37
35 38
35 39
35 30
35 31
36 18
36 19
36 23
36 26
36 32
36 33
36 34
36 35
36 37
36 38
36 39
36 30
36 31
36 46
36 47
37 22
37 26
37 28
37 32
37 33
37 34
37 35
37 36
37 38
37 39
37 30
37 31
37 48
38 32
38 33
38 34
38 35
38 36
38 37
38 39
38 31
38 44
39 1
39 8
39 21
39 33
39 34
39 35
39 36
39 37
39 38
39 31
30 0
30 25
30 32
30 33
30 34
30 35
30 36
30 37
30 38
30 39
30 48
31 16
31 25
31 32
31 33
31 34
31 35
31 36
31 37
31 39
31 30
40 10
40 11
40 15
40 21
40 28
40 32
40 41
40 42
40 43
40 44
40 45
40 46
40 47
40 48
40 49
41 0
41 14
41 36
41 40
41 42
41 43
41 44
41 45
41 46
41 47
41 48
41 49
42 4
42 7
42 40
42 41
42 43
42 44
42 45
42 46
42 47
42 48
42 49
43 10
43 17
43 31
43 40
43 41
43 42
43 44
43 45
43 46
43 47
43 48
43 49
44 0
44 24
44 27
44 33
44 35
44 40
44 41
44 42
44 43
44 46
44 47
44 48
44 49
45 32
45 33
45 38
45 30
45 40
45 41
45 42
45 43
45 44
45 46
45 47
45 48
45 49
46 17
46 18
46 23
46 39
46 40
46 41
46 42
46 43
46 44
46 45
46 47
46 48
46 49
47 3
47 4
47 5
47 15
47 27
47 29
47 32
47 30
47 40
47 41
47 42
47 43
47 44
47 46
47 48
47 49
48 9
48 18
48 20
48 38
48 39
48 40
48 41
48 42
48 43
48 44
48 45
48 46
48 47
48 49
49 0
49 6
49 25
49 28
49 40
49 41
49 42
49 43
49 44
49 45
49 46
49 47
49 48
