0 1
0 2
0 3
0 5
0 6
0 7
0 8
0 9
0 12
0 29
0 41
0 46
1 0
1 2
1 3
1 4
1 5
1 6
1 7
1 8
1 9
1 36
1 39
1 30
1 40
2 0
2 1
2 3
2 4
2 5
2 6
2 7
2 8
2 9
2 13
2 30
2 47
3 0
3 2
3 4
3 5
3 6
3 7
3 8
3 9
3 10
3 14
3 36
3 39
3 46
4 0
4 2
4 3
4 5
4 6
4 7
4 8
4 9
4 11
4 13
4 21
4 25
4 44
4 48
4 49
5 0
5 1
5 2
5 3
5 4
5 6
5 7
5 8
5 9
5 12
5 14
5 15
5 16
5 18
5 28
5 39
5 31
5 40
6 0
6 1
6 3
6 4
6 5
6 7
6 8
6 9
6 18
6 24
7 0
7 1
7 3
7 4
7 5
7 6
7 8
7 9
7 25
7 32
7 49
8 0
8 1
8 2
8 3
8 4
8 5
8 6
8 7
8 9
8 17
8 26
8 43
8 46
8 47
8 48
9 1
9 2
9 3
9 4
9 5
9 6
9 7
9 8
9 14
10 4
10 6
10 11
10 12
10 14
10 15
10 16
10 17
10 18
10 19
10 21
10 36
10 39
10 46
11 6
11 12
11 13
11 15
11 16
11 17
11 18
11 19
11 20
11 21
11 34
11 48
12 1
12 2
12 3
12 10
12 11
12 13
12 14
12 15
12 16
12 17
12 18
12 19
12 23
12 28
12 41
12 48
13 2
13 10
13 11
13 12
13 14
13 15
13 16
13 17
13 18
13 19
13 25
13 27
13 37
14 3
14 10
14 11
14 12
14 13
14 15
14 16
14 17
14 18
14 19
14 41
14 42
15 4
15 8
15 10
15 11
15 13
15 14
15 17
15 18
15 19
15 37
16 4
16 5
16 10
16 11
16 12
16 13
16 14
16 15
16 17
16 19
16 22
16 31
17 10
17 12
17 13
17 14
17 15
17 16
17 18
17 19
17 30
17 41
17 48
18 10
18 11
18 12
18 13
18 14
18 15
18 17
18 47
19 2
19 4
19 10
19 11
19 12
19 13
19 14
19 15
19 16
19 18
19 31
19 46
20 12
20 14
20 21
20 22
20 23
20 24
20 25
20 26
20 27
20 28
20 29
20 35
20 31
20 45
21 7
21 15
21 20
21 22
21 23
21 24
21 25
21 26
21 27
21 28
21 29
21 45
22 1
22 7
22 10
22 19
22 23
22 24
22 25
22 27
22 28
22 29
22 37
22 30
22 46
23 1
23 12
23 20
23 21
23 22
23 24
23 25
23 26
23 27
23 28
23 29
23 37
23 31
23 48
24 3
24 5
24 20
24 22
24 23
24 25
24 26
24 27
24 29
24 36
24 31
25 3
25 8
25 20
25 21
25 23
25 24
25 26
25 27
25 28
25 29
25 35
25 38
25 31
25 44
26 7
26 9
26 23
26 24
26 25
26 27
26 28
26 29
26 31
27 4
27 10
27 11
27 15
27 19
27 20
27 21
27 22
27 23
27 24
27 25
27 26
27 28
27 29
27 32
28 12
28 14
28 16
28 20
28 22
28 23
28 24
28 25
28 26
28 27
28 29
28 33
28 35
28 48
29 19
29 20
29 21
29 22
29 24
29 25
29 26
29 27
29 28
29 36
29 38
29 30
29 44
32 5
32 33
32 34
32 35
32 36
32 37
32 38
32 39
32 30
32 31
32 40
32 45
32 47
33 1
33 32
33 34
33 35
33 36
33 37
33 30
33 31
34 0
34 4
34 20
34 33
34 35
34 37
34 38
34 39
34 30
34 31
34 46
35 7
35 16
35 32
35 33
35 37
35 38
35 39
35 30
35 31
36 5
36 15
36 32
36 33
36 34
36 35
36 37
36 38
36 39
36 30
37 28
37 32
37 33
37 34
37 35
37 36
37 38
37 39
37 30
38 10
38 28
38 32
38 33
38 34
38 35
38 36
38 37
38 39
38 30
38 31
39 17
39 18
39 33
39 34
39 35
39 36
39 37
39 38
39 30
39 45
39 48
30 12
30 32
30 33
30 34
30 35
30 36
30 37
30 38
30 39
31 20
31 32
31 34
31 35
31 36
31 37
31 39
31 30
31 47
40 2
40 17
40 32
40 33
40 41
40 42
40 43
40 44
40 45
40 46
40 47
40 48
40 49
41 11
41 16
41 19
41 40
41 42
41 43
41 44
41 45
41 46
41 47
41 48
41 49
42 19
42 20
42 26
42 29
42 43
42 44
42 45
42 46
42 47
42 48
42 49
43 3
43 8
43 14
43 15
43 32
43 40
43 41
43 42
43 44
43 45
43 46
43 48
44 10
44 19
44 29
44 40
44 41
44 42
44 43
44 46
44 47
45 3
45 8
45 10
45 15
45 17
45 20
45 29
45 32
45 30
45 40
45 41
45 42
45 43
45 44
45 46
45 47
45 48
45 49
46 2
46 11
46 31
46 40
46 41
46 42
46 43
46 44
46 45
46 47
46 48
46 49
47 10
47 16
47 26
47 40
47 41
47 42
47 44
47 45
47 46
47 48
47 49
48 10
48 13
48 20
48 24
48 40
48 41
48 42
48 43
48 44
48 45
48 46
48 47
48 49
49 2
49 12
49 17
49 19
49 21
49 40
49 41
49 42
49 43
49 45
49 46
49 47
49 48
