0 1
0 2
0 3
0 4
0 5
0 6
0 7
0 8
0 9
0 23
0 25
0 32
0 44
1 0
1 2
1 3
1 4
1 5
1 6
1 7
1 8
1 9
1 12
1 18
1 20
1 28
1 36
1 45
2 0
2 1
2 3
2 4
2 7
2 8
2 9
2 39
3 0
3 1
3 2
3 4
3 5
3 6
3 7
3 8
3 9
3 26
3 38
3 47
3 48
4 0
4 1
4 2
4 3
4 5
4 6
4 7
4 8
4 9
4 21
4 22
4 24
4 25
4 29
4 44
4 46
4 49
5 0
5 1
5 2
5 3
5 4
5 6
5 8
5 9
5 16
5 19
5 22
5 24
6 1
6 2
6 3
6 4
6 5
6 7
6 8
6 9
6 23
6 36
6 40
6 43
6 44
7 0
7 1
7 2
7 4
7 5
7 8
7 9
7 12
7 16
7 23
7 24
7 25
7 37
7 41
8 2
8 3
8 4
8 6
8 7
8 9
8 10
8 21
8 30
9 0
9 1
9 2
9 3
9 4
9 5
9 6
9 8
9 28
9 34
10 11
10 12
10 13
10 14
10 15
10 17
10 18
10 47
11 6
11 10
11 12
11 13
11 14
11 15
11 17
11 18
11 19
11 27
11 35
11 31
12 4
12 10
12 11
12 13
12 14
12 15
12 16
12 17
12 18
12 19
12 24
12 26
12 41
12 44
12 48
13 2
13 10
13 11
13 12
13 14
13 15
13 16
13 17
13 18
13 19
13 25
13 27
14 10
14 11
14 12
14 13
14 15
14 16
14 17
14 18
14 19
14 31
14 46
14 48
15 1
15 10
15 11
15 12
15 13
15 14
15 16
15 17
15 18
15 19
15 25
16 5
16 6
16 10
16 11
16 12
16 13
16 14
16 15
16 17
16 18
16 19
16 23
16 33
16 36
16 48
17 8
17 10
17 11
17 12
17 13
17 15
17 16
17 18
17 19
17 25
17 27
17 33
17 39
17 41
18 1
18 10
18 11
18 12
18 13
18 14
18 15
18 16
18 17
18 19
18 20
18 22
18 27
18 31
18 44
19 1
19 10
19 11
19 12
19 14
19 15
19 16
19 17
19 18
19 21
19 33
19 39
20 21
20 22
20 23
20 24
20 25
20 26
20 27
20 28
20 29
21 1
21 4
21 9
21 12
21 13
21 15
21 20
21 22
21 23
21 24
21 25
21 26
21 27
21 28
21 29
22 11
22 20
22 21
22 23
22 24
22 26
22 27
22 28
22 29
22 33
22 35
22 39
22 42
22 46
23 0
23 20
23 21
23 22
23 25
23 26
23 27
23 28
23 29
23 38
23 42
23 44
23 46
23 47
24 7
24 10
24 12
24 13
24 21
24 22
24 23
24 25
24 26
24 27
24 28
24 29
24 31
25 0
25 3
25 18
25 20
25 22
25 23
25 24
25 26
25 27
25 28
25 29
25 34
25 38
26 0
26 13
26 18
26 20
26 21
26 22
26 23
26 27
26 28
26 29
26 34
26 37
26 30
26 43
27 10
27 20
27 21
27 22
27 23
27 24
27 25
27 26
27 28
27 29
27 32
27 40
27 44
28 7
28 14
28 21
28 22
28 23
28 24
28 25
28 26
28 27
28 29
28 36
28 41
28 42
28 45
29 7
29 11
29 13
29 17
29 20
29 21
29 22
29 23
29 24
29 25
29 26
29 27
29 28
29 34
29 31
29 40
29 49
32 3
32 4
32 16
32 20
32 22
32 23
32 33
32 34
32 35
32 37
32 38
32 30
32 31
33 0
33 8
33 17
33 29
33 32
33 34
33 35
33 36
33 37
33 38
33 39
33 31
33 44
34 14
34 15
34 32
34 33
34 35
34 36
34 37
34 38
34 39
34 30
34 31
34 44
34 45
35 9
35 11
35 32
35 34
35 36
35 37
35 38
35 39
35 30
35 31
35 42
36 1
36 8
36 14
36 15
36 27
36 32
36 33
36 34
36 35
36 37
36 38
36 39
36 30
36 31
37 17
37 32
37 33
37 34
37 35
37 38
37 39
37 30
37 31
37 44
38 0
38 3
38 9
38 10
38 20
38 28
38 32
38 33
38 34
38 35
38 36
38 37
38 39
38 30
39 19
39 21
39 23
39 26
39 32
39 33
39 34
39 36
39 37
39 38
39 30
39 31
30 1
30 6
30 13
30 19
30 22
30 32
30 34
30 35
30 36
30 37
30 38
30 39
30 31
30 46
30 47
31 9
31 18
31 27
31 28
31 32
31 33
31 34
31 35
31 36
31 38
31 39
31 41
31 42
31 47
31 48
40 8
40 9
40 13
40 24
40 34
40 41
40 42
40 43
40 45
40 46
40 47
40 48
40 49
41 4
41 5
41 8
41 42
41 43
41 44
41 45
41 46
41 47
41 49
42 26
42 39
42 40
42 41
42 44
42 45
42 46
42 48
43 12
43 27
43 28
43 40
43 41
43 42
43 44
43 45
43 46
43 47
43 48
43 49
44 15
44 25
44 32
44 40
44 41
44 42
44 43
44 45
44 46
44 47
44 48
44 49
45 18
45 21
45 40
45 41
45 42
45 43
45 44
45 46
45 47
45 48
45 49
46 13
46 14
46 18
46 22
46 24
46 27
46 36
46 41
46 42
46 43
46 44
46 45
46 47
46 48
46 49
47 0
47 17
47 19
47 20
47 21
47 25
47 27
47 34
47 39
47 40
47 41
47 42
47 43
47 44
47 45
47 46
47 48
47 49
48 12
48 17
48 18
48 24
48 27
48 40
48 41
48 42
48 43
48 44
48 45
48 46
48 47
48 49
49 33
49 40
49 41
49 42
49 43
49 44
49 45
49 46
49 47
49 48
