0,-0.24413225018685802,0.20250733640447702
2,0.9893703033872645,-0.011945079566878744
6,0.30576209167658647,0.25569893736036664
8,0.18798902474377685,0.472883199724412
10,0.04417773513719277,0.2285778518150913
12,0.5786206027854399,0.8604911750350939
17,0.23874768842199112,-0.9233651264418186
20,0.0003938070516304187,-0.10327905802846263
25,-0.05767781558683024,1.0
27,-0.04845709393603282,-0.34316799253050123
28,0.7850256412972946,-0.024911950494697032
33,-0.325891241733706,-0.24476062605509757
36,0.2164449375162461,-0.29705396517906957
38,-0.45040343517870896,-0.10476748967136863
39,-0.37915631481239187,-0.6941409841080346
30,0.03502503172388752,0.6461733372821337
31,-0.126158305671052,0.5626987432859064
40,0.6543549638918875,0.29401115792847
42,0.7265041692511469,-0.9066614388243929
43,0.025316396666776337,-0.8247731534184658
45,-0.7922301244912443,-0.591069542916544
46,0.6310525818766215,-0.16571123537575577
47,0.2086595780932717,0.05108266035276321
1,-0.3350273831964918,0.7296093916543911
3,-0.8816920033080906,0.3051672939081435
5,-0.7626204165314949,0.03740894699669881
7,-0.6666008354062228,0.5390565958784177
9,-0.6112870027383147,0.13385902045442677
11,0.5003100161757636,0.09983069190313532
14,-0.6715759697445314,-0.3506232223111485
15,-0.7655125923070394,0.7689151179576272
18,0.41439944546137686,0.5369679338441561
21,0.29201990027095354,0.7482881349680527
23,-0.16607594021853322,-0.6304450548792114
24,0.6134165380923479,0.5807672957849584
37,-0.4747061191375657,-0.5591677811792573
44,0.8955913061109161,0.2720799200664309
48,-0.24797618910222563,0.44291578660358555
13,0.35671894607524124,-0.43559103417324624
32,-0.23439806432079754,-0.9061946295245338
35,0.4428279581740091,-0.22243030254360535
4,-0.9287238394257665,-0.3175878101545243
16,0.34992664392297756,-0.6710601500564589
19,-0.8759254607225724,-0.11301217467254827
22,-0.21289879774297643,0.018034538203947355
29,-0.27516673789024443,0.9072026339730939
34,-0.48128847929864677,0.37706025054932335
41,0.6158306221712897,-0.6656904537897653
49,0.030180344293688575,-0.5348173536746014
26,0.8769161384187163,-0.42906034236510127
