0,0.39709010086337915,-0.10974304680023046
1,-0.49018814296327023,0.0410151547706463
2,-0.24330796044934022,-0.13076735234796663
3,-0.16432277516955293,-0.560588023076608
4,-0.6904302955614532,-0.25792189503515545
5,-0.19484808476861767,0.6979495202810734
6,0.6102553640738451,-0.3982169366669397
8,0.633323362585519,0.5577162433767989
10,0.189515677681655,-0.757762404015759
11,0.12665060641446396,-0.3948241214488595
12,-0.5606903873906659,0.8174108544094768
14,0.08164538267415432,0.3467063288021879
15,0.35133852092737183,-0.37002518045646604
19,0.6722355327385757,-0.1860096869652635
24,-0.3034278883948147,-0.3381606881500737
26,0.15308128884811334,-0.5319382453832093
27,0.4404426486600611,-0.6370371549278454
28,0.10811090799214358,0.6137310864582791
29,0.35747724834010564,-0.9875219620774583
32,0.16690730891526057,-0.1560359264261055
9,0.464713235118609,0.36727909633725164
13,-0.8686637219950712,0.1804382571880529
16,-0.35590070028363774,-0.7632381865519692
33,-0.47799765464069827,-0.5100424224069553
36,-0.12356998856851678,-0.9873330691329283
38,-0.6536182825605414,-0.6342879097332258
45,0.9127942966962259,0.18849090938947685
47,0.22143919297395429,1.0
48,0.5704618111399853,0.1302758615558596
49,0.8313013630746279,-0.4618099178707658
7,-0.0035723613199088633,0.7337396015669212
17,-0.028833754047545346,-0.7570208767960963
18,-0.25992686414657135,0.2468347818215666
20,-0.7755841935251648,0.4820493212229661
21,-0.051441232918316315,0.051557009341003025
23,-0.05773091737388582,-0.21764466509956576
25,-0.9345021635464094,-0.35122252635750884
35,-0.511569055505054,0.1833116030423617
39,0.4611242082531819,0.7751344566263833
40,-0.22350425846949967,0.9148096825061038
43,0.8303262495164909,-0.04420207426017124
44,-0.08045126185242114,0.27443006593518293
22,-0.9751174785437392,-0.01657754219720356
34,-0.5121022316682262,-0.15673494242424588
41,0.33758560886381483,0.5950054004786945
42,0.4486970784859922,0.05360535600934481
31,0.76698800606917,0.3480181209782077
46,0.20490530465771398,0.16758072859899073
37,-0.3457489415222772,0.5747654205607334
30,-0.4513597083791963,0.37481189535100934
