0,0.2053037755272287,0.4433619165110901
5,-0.7227651073742838,-0.029987555902232097
6,-0.7058558413172518,0.1938905515032506
8,0.5134476831406132,0.8561455528999629
10,0.7688606136691924,0.5503644413457865
11,0.7928451062900115,-0.5602011035794867
16,0.42225473614253195,-0.9071794363170304
20,0.7287997542561223,-0.2607638485038315
21,0.635715363179271,0.015145642533504287
22,0.33065876860947113,0.03881586090535148
24,0.4565197050349844,0.4197949210786994
27,-0.9795343114853465,0.15790929790193392
28,-0.2281612734581131,-0.008948764438502985
32,0.15631491434292674,0.13260433953396839
33,0.05355536701950561,-0.8473781292562601
34,-0.001370512031658358,0.38238613922447257
35,-0.7404299669603741,-0.2789380295183446
36,0.7492323992617318,0.18909465864580463
38,-0.22242870298079323,0.5608972772385891
31,0.029384187489318248,-0.19284049292541436
40,0.302928864697889,-0.24709331660777858
43,0.3353050216350787,0.8206115260509335
45,0.1292441873594471,0.9026550132591589
46,0.3649324572562912,0.5645760844103238
1,-0.132831161498156,0.1872270157894166
3,-0.2780502734744543,0.3353628768544556
7,-0.963395274027647,-0.3016454778018438
13,-0.24801180676812679,-0.18501752006031522
15,-0.6394544233420696,0.48801929619325507
25,-0.840523985791199,0.6416449085999916
37,-0.6452507615975164,-0.3929884789228705
39,0.2954337130908645,-0.46305896353169346
44,1.0,0.26729511769998093
49,0.001898569283420404,-0.6489576712121398
2,-0.48818752094575646,-0.03586441044106389
14,-0.17774264980533724,-0.8305062126374544
17,-0.23474589654491584,-0.42732859337625906
18,-0.38331649863290584,-0.7892045754418545
19,-0.30016154884067975,0.7292368859530385
26,-0.09535690141692951,0.8601062901664406
29,-0.4386539683821842,-0.4392697226171839
30,-0.46224519858604174,0.5950713188164605
47,0.5188135661978371,-0.33235358595916814
48,-0.4996585048893787,-0.637803595481747
9,0.21829273063785876,-0.769470378598073
23,-0.0204031131702978,-0.40924091827805265
42,0.9096865965370138,-0.1677934423549647
4,-0.5004452560835524,0.26061353299070905
12,0.5568207667292067,-0.6103414646744385
41,0.47273161201716013,0.18134522233140343
