0,0.5049206140091467,-0.5078685440185797
4,0.48513854897923653,0.3795485881395465
6,-0.5421401891486014,0.7538812514774882
7,-0.27380208343034584,0.8196685491296535
9,-0.017322244476305326,-0.08373781726174268
11,-0.09230568214968397,0.684985372845574
12,0.02781826554208727,0.8374201523481886
13,-0.17423204258474675,0.1530709070298908
14,-0.8728538838635784,0.4525301208326414
15,-0.9730176963046295,0.02355505047783584
16,0.23362308386679118,0.20242382695717373
17,-0.194933867245865,-0.2725496871993878
18,-0.4915939940354163,-0.8193641917727631
20,-0.1996577124304193,-0.8311604534387447
24,0.616596920601371,-0.1492336866686533
25,1.0,0.28239459549400364
29,0.35350895458333587,-0.6744135332622307
34,0.3252258986476215,0.46626018415455284
35,-0.041874634921907565,-0.5920293891176611
31,0.7088468172130019,-0.5538148707107983
43,0.7198083908098959,0.27602456599785535
44,-0.3062115830093291,-0.568224602886127
45,0.6341598095850773,0.7570967679417263
47,0.05287905918683087,-0.9085580718782666
48,0.4500184716395659,0.7309417505544121
1,0.16307219785802593,-0.21819465071898328
3,-0.5506263300842306,-0.5176498540608635
21,-0.5865774138768389,-0.2464602549745961
23,-0.6744874224238852,-0.1330701527540785
36,-0.7617906831382826,0.05533801214145268
37,-0.35899899152433884,0.523984635840729
39,-0.022814131014319342,-0.3819296452905752
30,-0.42870383223061753,-0.3092064629355178
40,0.21064569835614588,0.7581234328254471
41,0.7552824376031522,0.036246666929954534
2,-0.7700203910718205,-0.5241129704594116
5,-0.6759281644632353,0.3585276446277237
19,0.6970775956226657,-0.3677759776980594
26,0.16545323569580006,-0.4800261938990887
27,-0.4047168430490137,0.05245592384661539
32,0.25256479407765586,-0.9119722295810873
38,-0.5032115909706547,0.4173352267429485
46,0.34839832360000556,-0.1601839743636787
33,-0.5568443736573542,0.14885560479981783
42,0.6013841659311971,0.1568796958905822
49,0.04414104103370009,0.2097083735706314
8,-0.2154627377609181,0.4323863261423195
10,0.07417064623622611,0.39904787206184855
22,0.9010891548421542,-0.21679852788678758
28,0.36430439334566006,0.059644644037060164
