0,0.9457205475116555,-0.06900430512904822
4,0.11684586305044568,0.10827692389906192
6,0.0581440491402,-0.10365026699940368
9,0.7911708717138685,0.5185244269547093
14,0.16269295267185882,0.4848072751683062
18,0.569284978959958,0.4157012726643832
19,0.0946106788056743,0.6794558842077855
27,0.8497964167941991,0.1895273926685564
28,-0.07433074310190144,-0.5257254003544818
29,0.2746019107747703,-0.13392379697281045
32,-0.5402613803669165,-0.053413161861483406
37,-0.7949509211744473,-0.15035595602964325
30,-0.14152559572606974,0.5588163892497763
43,0.42888634938914605,-0.795427945793373
46,0.055929176010272155,-0.5946313848319291
47,0.5982820362993012,-0.6276291419892914
49,0.07940880098943898,-0.3530675452339511
1,-0.4620496792425581,-0.6348559907464182
5,0.9999999999999999,-0.28724494247801563
7,0.5012944271952909,0.1779765255678566
8,-0.2751714396280154,-0.5084961476025792
10,-0.10585649931417729,0.32623526607845366
13,-0.29052731910133567,0.034706739312972086
15,-0.414493898989648,-0.21479925183719287
21,-0.757937603673129,0.07824314021897338
22,0.6159277556763639,-0.25134306154625763
23,0.5110841721545712,0.6358631300440196
36,-0.14342443684076267,-0.8970842002541758
39,-0.1249942177388202,0.03141347405082425
31,0.25292769319673597,-0.643223160992014
40,-0.7434759849848748,-0.6782723165724892
41,-0.8342902803523917,0.33526079580885476
42,-0.3676142360884772,0.36716287006743853
2,-0.11712331541022845,0.8031172521821421
3,0.34718867386511887,0.6058892728982895
25,-0.8036092089893392,-0.3021865207256964
26,0.14908463568661998,0.8794304085061125
34,-0.7928498018106624,0.5762712931683328
45,0.29904946705765556,-0.42227579218692046
16,0.4214496918729137,-0.2849788368137507
17,0.3722137405840387,0.055350438087465745
20,-0.30064536546616216,0.820460662224916
38,-0.22035166668867154,-0.26848127334181665
44,-0.47070700177462343,0.548306099373931
48,-0.5354772283220572,-0.3481363410226595
33,0.20535270194377278,0.2725431664901989
12,0.12286729200125654,-0.8997901057361866
24,-0.4662465222838076,0.18883817846813383
35,-0.6284829294235696,0.4326322951603166
11,0.5825823931475228,-0.07681372547021148
