0,-0.6150356876426746,0.6509635321800269
1,-0.9696989193579145,0.11850402119178867
4,-0.41486946479992803,-0.011447992908141663
6,0.3609881033618862,0.493307317493923
8,0.09114908418839845,0.9369225753196384
9,-0.22342808452704532,0.850034434830468
10,-0.33448738695710256,-0.508907598247082
12,0.6961513740472326,0.18136452987878074
16,-0.10908259549771442,0.23913564932343193
19,0.2561503692962451,0.23660991538201673
20,-0.8249987027647991,-0.07154348579301179
21,-0.5085430437496925,0.4640830874645447
25,-0.5594238629997506,-0.07013698045727013
26,-0.39885822105997676,0.7236936635721484
27,-0.12962969414043152,0.5888530108485
32,-0.601781648305329,-0.6105051946693069
36,0.8913232426296552,0.35580396902750777
31,0.009353442647839997,0.4656103840382606
42,0.036770754340883775,-0.494920665146721
48,-0.2964504367763323,0.17255164633279718
2,-0.6095287192512603,0.22171908989030992
3,-0.3152172048807542,0.4345380620659308
5,-0.32742155566535974,-0.2566501184949191
7,-0.14886868491579358,-0.5443440194250151
13,0.7022383641340559,-0.032888415989903774
17,0.7138541626356355,0.5869972363710744
34,0.3951647939731339,-0.00577609264094023
40,-0.8185342179626682,-0.2950411750632028
41,-0.097878905818951,-0.7494814892631545
45,-0.6527342860039668,-0.859647514929743
46,0.451660382939914,-0.6460383274749919
11,0.46869420092922426,-0.30454028065635436
15,0.5493161723356735,0.832123789873564
22,-0.6763906583520994,-0.38459137605956084
28,-0.20738259406146364,-0.24164929076613947
37,0.7292408079582046,-0.5911792381715105
43,0.19146791562317425,-0.0034015635323597854
47,-0.13964335763068753,-1.0
14,0.30652926144834036,-0.40739335931802517
30,-0.06398159597373852,-0.03348056904642024
49,0.1958133306231978,-0.6347113124117606
18,0.6276605441957261,-0.1891479662995622
24,-0.8639780228054941,0.45032075296660495
39,0.9164160202476752,-0.4209885709780303
23,0.12483880250995744,-0.2273639953985329
44,0.9532847252642305,-0.11443610350130251
33,0.28842806601019233,0.7526156201498659
38,0.23480332325133638,-0.8649782211701638
29,0.1894036981735762,0.4633786684372911
35,0.5271466091355208,0.3560599611746378
