0,0.711548849276184,-0.042623806841647995
3,-0.1600659478526162,-0.3750220772861893
6,0.5155974068130353,-0.2688567997213255
8,0.16705349626949353,-0.5901799748535018
10,0.03959156985377665,-0.3553182068680912
12,-0.40659487604606676,-0.6602710111961285
13,0.6282369229746592,-0.48218752061160564
14,-0.2073516071055205,-0.6928969293613741
15,0.5072110739770541,-0.10950063380491065
16,0.06829034535386551,0.5900237367859629
19,-0.25158365190031895,-0.030325676228189904
22,0.1347009691331002,0.8522746540754551
23,-0.4148301671688399,0.028010016635392838
27,0.5577716353669016,0.736336047888283
28,0.2532758808475296,0.2780259387752047
35,0.3303993827604954,0.6307959214100534
36,-0.11802836751292485,0.7828286540827755
43,0.10186489953329919,-0.02289273400840031
48,-0.21716146656790195,0.2978954680805335
1,0.6464726714025072,0.3520767798226759
4,-0.4046640676224682,-0.2144415341413377
5,-0.32201089929883464,-0.41130846259042425
7,-0.08331695532538695,-0.1481165626351171
17,-0.21040421869675796,0.5335142904944606
18,0.48290345738777796,-0.674506028469343
20,-0.08753134940612223,0.1365690608983174
25,0.30506043528354376,-0.00911821637143667
32,-0.514740457368498,0.7293626198326592
37,-0.6570204068342994,0.07639519641354005
40,0.7388777118678319,-0.37638133427905823
47,0.36909682156027174,-0.41487016412848593
49,-0.6450242715868941,-0.4668341713346408
2,-0.4365313977357488,0.18990008063050348
11,0.40279403388255763,0.41935599228595677
21,-0.7204561837537735,0.33489714851762936
33,-0.925805264926111,-0.23924348968412532
34,-0.6366196488874398,0.48264244660259553
38,0.13054360768323459,0.43904353119703016
39,-0.47141314358057945,0.4197447781719937
30,0.8085318093158469,0.03244688363456829
42,0.24249753002339464,-0.8659122749975439
44,0.22363518949564917,-0.21655033905124313
46,-0.022522585827958817,-0.5756727668416988
26,0.6007370895477907,0.19566873402231397
41,-0.503880933222678,-0.37416077249797663
45,-0.045765070073498754,-1.0
24,0.3701530949514358,0.16627588330909948
29,-0.33114423285067274,0.7768941921784165
31,-0.5880346068013319,-0.10851973837679878
9,0.045655893392003974,0.2447331704351608
