0,-0.6479447144559528,-0.5054430760240786
6,0.0090666547536899,0.34679653332133403
7,-0.4593721478837831,0.2826783983985529
10,-0.787092527297532,0.3796952242190276
12,-0.07410905436667889,0.14010961094240693
16,0.21684389201710086,-0.5344366047737673
18,0.5008801160566003,0.530196967038243
19,0.2535286775119361,-0.8449277220755057
33,-0.3263143955346787,-0.4235404661611999
34,0.052697980742194554,-0.8321189090033972
35,0.5892615886315448,-0.3380652879716479
39,0.5267218292371588,-0.4917270978575999
30,0.4633102294934861,0.7519764560127176
40,-0.4274388222760521,-0.6048984811409565
48,-0.2829226940608439,0.08922701444519465
49,0.7715010450710883,0.21855056944850232
1,0.07488178672894664,0.626493674002646
2,-0.7154172513812879,0.5731042769800841
3,-0.48927962210597326,0.771968231535313
5,-0.46293357501911786,0.49946223075860224
8,0.061138378202605745,0.9861647647200654
11,1.0,0.018525211038465893
14,0.24429073323942677,0.3430559459030821
15,-0.06287953032187471,0.6727525377484046
22,-0.49538486235939,-0.14580015210231556
23,0.38322763204864224,0.18227554329847795
24,0.6515479486570749,0.4180960224975325
38,-0.20901778387982772,-0.622096219149349
31,0.39900177333524084,-0.624444275437025
42,0.013258893460431612,-0.41575667376368175
43,0.5689318450362787,-0.03179114342564797
4,-0.7124876508850592,0.24231057322726923
9,0.26462450605172066,0.6979060355537422
13,-0.21148751440882166,0.7706425055991936
20,-0.853250858696071,-0.28311664620244253
26,-0.09061219104166209,-0.2383601430847618
36,0.6098835620947093,0.2459674103771306
44,-0.30434675751739176,-0.9762961974227985
17,-0.5563258073896089,-0.286241082328644
21,0.3820749936893955,-0.28720646035523767
47,0.7180212187034476,-0.24166860555079134
25,0.07882730722679279,0.003177575095260839
27,0.31761976494536553,-0.029505181531717408
28,-0.3095194482972398,-0.09990055977683396
46,0.10021789439009451,-0.16294986978635304
32,-0.039801105949000624,-0.7337168515957297
45,0.9065422285350505,-0.3404816838658368
29,-0.6859813106975289,-0.14518737793628173
37,-0.2249144116391982,0.39833646080310364
41,-0.7290684423954534,0.05020699535924038
