0,0.5801973126320068,-0.6296281059490895
1,0.02978207482555791,-0.060811317360278144
2,0.4641101208464563,-0.43706536413059327
4,-0.12737345624945579,0.10640420098104195
7,0.32350679022391626,-0.7177941565598148
9,-0.18578100817882698,-1.0
11,-0.6826720878145188,0.27558998847832794
14,-0.7037611431491401,-0.3372636366183267
15,0.7829935930549513,-0.2434213346230263
17,0.13717754372125077,-0.5730785001444773
18,0.6848111539848036,0.5368566409792783
23,0.49679687618038254,0.13305667582050015
24,0.3723451548582621,-0.839730251581227
25,0.9702166550666258,0.29696793080884226
28,0.5865496192536053,-0.18322661189263936
39,0.15830831093901754,0.48451945872913404
30,-0.18091156155785598,-0.653187479156573
41,-0.32784619475800675,0.4112073387824364
45,0.2761853475303246,0.2570605252195972
46,0.1447623655474311,0.10445912392102227
48,-0.38589231611965663,0.021218763757387897
3,0.5764994996969236,0.001443544876801698
5,-0.37787085194634784,-0.3927591848081693
10,-0.6383321855610647,0.07303795241352752
12,-0.8885355090140719,-0.05818498408268492
13,-0.4408138870698808,0.24907981576142868
16,-0.3580721673032172,-0.17775373834824168
20,0.011108440000198583,0.5463078894578601
21,-0.8832906309314532,0.3751304281149101
26,-0.1029098909091396,0.3369611001977953
27,0.35718850818351877,0.9281283152371994
33,-0.43142250486272893,-0.6471301439407933
36,0.1544360839473731,-0.32006567994417434
38,-0.6587257734372749,-0.7384549490819062
42,0.33119200178452657,-0.10629868550848408
6,0.8332875999551148,-0.4300583892414516
8,0.4166994590843804,0.336903132867702
34,0.4699776790486055,0.5341072121307797
37,-0.1665221995156669,-0.4261451038367464
40,-0.6348575888072153,-0.4986813946173945
43,-0.24622746153651498,0.8830209077466599
47,-0.16589269858624855,0.6642953128614899
19,0.3463304373878206,0.7301674596347766
29,0.75658574103028,0.2153467019648847
32,-0.014246504331399944,-0.24526832315966943
44,-0.6400375563011053,0.47749600425982924
22,0.04174500905542795,-0.8010821779795091
31,-0.4803980382934522,0.6663557171324184
35,-0.580705889044099,-0.09501487623133965
49,0.00030572743958044403,0.9669822466609832
