0,0.41339554058052547,0.35356063956346834
1,0.8751899436008677,-0.17889728475075636
2,0.005093010485207355,0.5694079845905654
3,-0.5323267828767497,0.6296178896893171
10,-0.8023092617935641,0.4257055396460685
13,0.6688212582039279,0.27114577542502116
17,0.7857986201084662,0.1009469323107558
18,-0.8165599722764335,-0.18459558765727155
19,-0.13809051047681775,-0.2186555270757177
20,-0.04433434520806433,0.7998415498245596
24,-0.33328633297791505,-0.04436834410247823
25,-0.060353257655532185,-0.6150897913814595
26,-0.11636456773196853,0.30684056783763153
27,-0.625972672606393,-0.0642743759466521
28,0.12093098522096586,-0.41343129184428684
29,0.4510082436146239,-0.16874877076139586
34,0.24592125441270768,0.3402496597815004
35,-0.27079206624206925,-0.5430946919165943
39,-0.5355229306920769,0.8248155777858202
30,-0.5002654555484702,0.18057267129736923
31,0.5944897230284651,0.6632759425033949
40,-0.3071520305647252,-0.32750775378298147
41,-0.10540625007667101,0.05368273916543325
45,0.3393853439845786,0.5672233153725025
47,0.6626502687311939,-0.15594878073459037
48,0.18147508213810648,0.718948567539402
5,0.21403002238398539,-0.1858429746850393
6,0.028456574460451824,-0.12868339374496934
9,-0.5460757768510696,-0.28016525289151833
11,-0.1821826216400121,-0.7980862902137046
12,0.514882127898873,-0.42259708597476225
14,-0.6692575183847534,0.20750951932443576
15,0.11414335031995147,-0.9094979945842161
21,-0.3954665738447619,0.35980960129987855
33,0.45603986611781655,0.07990772149402763
36,0.17759835856461476,-0.7002996165039144
42,0.9214114490409259,-0.4565151806190477
46,0.5963739673402375,-0.6525105685925586
4,0.3586090099377571,-0.7825530950793202
7,-1.0,0.07693565311974661
8,0.775046384358162,0.488272955228272
22,-0.24821380331780354,0.4606341436541669
23,0.08034537685963228,0.2813006118494509
44,-0.7639637215883134,-0.5054593873575034
38,0.23208495018001288,0.07147523582172184
16,-0.25898456800501984,0.6934832825075643
37,0.30197685601786267,-0.43733627734796293
43,-0.42448023980839916,-0.7121333985297199
49,-0.5842615200663855,-0.5783190236351861
32,0.14646521264404722,0.9394476630815384
