0,-0.321880255264006,-0.1202140379463522
1,0.3413295665425082,-0.7824914810227988
2,0.48332975011834023,-0.30734879476781574
3,-0.5697140985208781,0.5221009791483151
5,0.21001563114760957,0.36183267184751405
9,-0.6600197882337259,0.39022100724806125
10,0.4917556333829604,0.834371027162826
14,-0.12961075527996768,0.6313031745593208
15,-0.23413606826625213,-0.6727902263102473
16,0.0797248804502956,0.614042025088098
19,0.03789904076690633,-0.7471941115581777
21,-0.6562191047586928,-0.34545964794476913
22,0.055165046251108886,-0.5398158633931937
24,-0.6018260602219928,0.785989692229323
27,-0.048165967176290486,0.884101857883921
28,0.6390098014042068,-0.31543793750482385
29,-0.32275254468297876,0.6333889195100512
34,-0.14299405333226706,-0.22465529521361294
40,0.37519044664480694,0.23124347302031006
43,-0.8090516004781964,0.14964448011498022
44,-0.2920192841146419,0.1292759015727119
46,0.728712626788732,-0.17020427799504356
49,0.4437658971871707,-0.09411404432724646
4,0.21785104587027843,-0.5557511249508905
6,-0.1054870621638086,0.1468907093508844
8,-0.579377879007921,0.0360905811422876
13,0.5368536824381,0.4928110678515547
23,-0.35804979701707385,0.4390872695138205
32,0.04373702056852654,-0.1778611611290541
33,0.24348769173150334,-0.3312513771866577
37,0.14552448973286491,0.0012384946062269067
39,-0.562915761977664,-0.4967063709294074
30,-0.1047394875211546,-0.8927634146229582
31,-0.1776066422927575,-0.40327135360028515
47,-0.540628405660531,0.20355810174788413
18,0.8785760542274498,0.38121950676775646
20,0.4226046685227921,-0.460842033096813
25,-0.7433159347373202,-0.1090415356799947
26,0.32422013543692,0.533795892144847
48,0.8747005748234415,0.13457037898963708
17,-0.03959255668601394,0.33961066816411084
11,0.5156160053030698,0.08877502149173842
12,0.6998337461389359,0.6107096989883964
36,-0.43187617297647535,-0.37892030388312725
38,-0.4078917383712138,-0.8484547152004723
41,0.23798376646290728,0.7909171158606119
42,0.6275172199187307,0.20394369840282478
45,0.7328000033003359,-0.5862760813964368
7,-1.0,-0.2896504920884941
35,-0.547333406418661,-0.7202177326593416
