0,-0.22842895834057514,0.8158817288568582
2,-0.5111011118128411,-0.5926332580625535
5,0.18325020196535907,0.41538343193510346
6,0.35856699511252477,0.5380703109778369
7,-0.42103559120402106,0.01349230018254952
10,-0.5679512328575826,0.5499024611464918
12,0.3891910696388051,-0.4021494747785314
15,-0.07752734647691942,-0.4992824281002727
18,-0.2523615929274894,0.28634655850357615
21,-0.8886952431883709,0.010625699514504936
24,-0.04291556049289034,0.6752673510608771
33,-0.13623463190744942,0.10321023664461702
36,-0.5825183647495952,-0.048175329891937485
38,-0.5534731083613724,0.3477622861435295
31,-1.0,-0.33874127645653473
41,0.8590656695732553,0.27122562675425793
42,0.6167810372585469,0.2641703862739196
46,0.85765918786689,-0.02251724701631826
48,-0.11051738951047976,-0.056684165839599614
1,0.25558797718263315,-0.21096150878485245
3,0.5585957999065748,0.4853530314049005
8,0.12938575829073617,0.8039442953651058
11,0.012942281120097474,0.4726225589167187
14,0.27538858686807655,0.6606746174235538
16,0.7597512767107931,-0.284635288358437
19,-0.07916640885393583,-0.7763234550478358
20,-0.22105645787701828,-0.5238916428030352
23,0.5427344226182289,0.14799867043120501
26,0.19479247984768797,-0.4055797615619292
27,-0.2776435776004143,-0.21192407726136517
28,-0.2727864334032257,-0.7683213627271918
37,-0.7905542400756411,0.25609850376309745
30,-0.365576006815357,0.5114727173885647
40,-0.4263026721289438,-0.23326944453117873
43,0.2750928248950376,-0.06027235131545852
49,0.4592322214962667,-0.5884400150669057
9,-0.32557688732021856,0.6580362781316396
13,0.6468311765536378,-0.1216448801097999
22,0.12594236667316114,-0.5771697845248236
25,-0.6677196522160896,-0.28540084887997785
34,0.3565836834758508,-0.7660223568563509
35,-0.5283458453834238,0.15862635629741242
44,0.5714420713651658,-0.34806327284485006
45,-0.40344230156552846,-0.4519500652490424
47,-0.03402682236858057,-0.25074032749546965
4,0.20018995932027564,0.20819417573898213
29,-0.013461436516350895,0.2865570173819079
39,0.6785596474949136,0.650413129436239
32,0.3132872577810017,0.07848152375241106
17,0.15756492093880758,-0.8450176298616319
