0,-0.21461545380031577,0.03994340458304585
2,-0.4380514289509376,-0.1379329088975244
5,-0.6624371617057393,-0.6712156738216718
6,-0.6754131060891712,-0.46234040660044445
7,-0.897866581948436,-0.15301269476890852
8,-0.46329492173808867,-0.5621892633406481
9,-0.06969311538500166,-0.2265266391143441
13,0.23913739049997776,0.43711597421115883
14,0.651243938387031,0.4590117833299152
17,-0.2521708685957973,-0.6410619395627607
18,0.3440977582476842,0.8687620021174522
20,0.005063531725969392,0.6089320129574688
21,1.0,-0.08472499991050043
22,-0.1623826740201877,0.8228428339261014
23,0.8174326911052483,0.29725669278854805
25,0.40510968573285266,0.626417439989888
27,0.5009437568726954,-0.2773564844948414
28,0.042756105748638695,0.3612928956711731
33,0.4246679512781107,0.3890409612220024
34,-0.7027523497068093,0.26398063384446624
37,-0.4738291531223817,0.4845238174163694
38,0.4570112554949494,0.1475194489277558
39,0.3349736722052993,-0.535855350625254
41,0.3378562996448702,-0.22985133892295964
43,-0.35276964943817074,-0.25013527351879833
44,-0.19661064866726014,0.3464542039600163
47,0.6766941498451525,-0.32812373169810555
1,0.15132771523669794,-0.2817069481282267
3,-0.06503351584493336,-0.8502974735973303
10,-0.911679562881016,0.11135015470996357
19,0.21427749117309175,0.17359803764479453
36,-0.43944007580056316,0.6674854616504867
40,0.09463090291844779,-0.028284016299830537
45,0.40473158883202076,-0.800252957871328
48,0.620486942674975,-0.531630071488012
4,-0.4389165839179829,0.11850734784343629
15,-0.5610212714113885,-0.18625373714666396
32,0.6280514867071271,-0.052652589879391115
30,-0.6488860445270824,0.020947733157854732
46,-0.005206180307555998,-0.6803575334526215
24,-0.3792800275714328,0.32756754060596865
26,0.04831579109242353,-0.4775331837209286
29,0.8631738131362663,0.07308459898608964
35,-0.03171174787307786,0.10886137807000178
11,-0.6977044627290199,0.5240367740063576
12,-0.2075153064313074,-0.42394510812406194
16,-0.2413453410767883,0.6893579589330673
49,0.22491861866127016,0.689685127038658
42,0.2403839347211295,-0.7407993134255766
31,0.4623407615985274,-0.04353657918128548
