0,-0.7197664257749766,0.48630782417191964
1,0.4182548652846146,0.5053952365085925
2,-0.3637835895829971,-0.20176222374678057
3,-0.29658242513291494,-0.8604180604124521
4,0.4112201254211052,0.20547297851379678
5,0.7564985114023202,0.1776855206001539
8,-0.35365635320635547,-0.5964976194058703
19,-0.36953077404673446,0.8855658555412376
20,-0.5894283153648961,-0.556031835873236
21,-0.9858985332184197,0.010396385070836832
22,-0.5030571944457382,0.6180365582969795
24,0.2532813148381,-0.751292621335464
25,-0.888928756829408,0.18689159354475385
28,-0.05680402009343672,0.22084120830909054
29,-0.7054022288184555,0.7060266528189013
30,0.8123843838724598,0.3949719250689741
41,0.5503654770482822,-0.11331796646888204
42,-0.3294877361462868,0.08491660539276595
45,0.06939206495342938,-0.5171016698339005
46,-0.9905460173489431,-0.247649305970141
6,-0.01810605946649296,-0.7013646956018385
9,-0.5035049385892284,0.1406077519477279
10,-0.7750474031806599,0.3014409079479931
11,0.9983956265536724,-0.3156797638618838
14,-0.18142527062799904,-0.5436370773292707
15,0.00761004567864027,-0.2056228638631418
23,-0.8384950092730835,-0.5572835622590113
26,-0.12279885912345527,0.033405372692828936
27,-0.06571945601515658,0.9536262422309654
32,0.5940324317306055,-0.9397568029348491
34,0.17077254236758338,0.07085546457275373
36,0.34146061409566014,-0.11650164584756356
40,0.718889016096683,0.03679734990372829
49,0.5511507031457454,-0.33557059111880894
13,0.24768918927000014,-0.41860315788606756
17,0.1617593749055138,0.613849860141525
18,0.16289891221868277,0.39887637169891593
33,-0.3427776393626974,0.40866539562130866
37,-0.26564519791687374,0.5789537652272642
38,0.6744256548886141,0.5512247688093327
44,1.0,0.05918112749300764
12,0.522532766379395,-0.6632005243047305
31,0.7687911737652094,-0.5224049363228346
7,-0.072953845293555,0.691882400815527
16,0.3757671294300599,0.9027983607858179
39,-0.03707482954455587,-0.9298850215810475
47,0.40595970883907334,-0.3730710198831034
35,-0.6939094463648794,-0.1681066573687638
48,-0.5292074027996357,-0.3744152221381659
43,0.6260060953823943,0.7845013616210907
