0,-0.15563284095247362,-0.7155273407110404
1,-0.0257583364941194,-0.9813963635910371
5,-0.9082720530093941,-0.5426218779896524
7,0.24632223205342615,-0.337500698401226
12,-0.9646310993078099,0.26132833086392365
13,0.7380025112509743,-0.08516754708374924
22,-0.037388697486809015,0.43219200754314674
25,0.9529076089592164,-0.7408944337776578
26,0.2939054390830061,-0.028382604076462828
35,-0.020007324519988295,0.6012940480184245
37,-0.21953202398855576,-0.42478852238831766
38,-0.6468040047702828,-0.04401611318025576
39,-0.025142046231511124,-0.5140265582903911
30,-0.4635990880351362,-0.5930358567275316
31,0.6668616433296694,0.5150490570456229
41,0.7783009793391348,-0.3787671837683677
44,0.5048824686186913,-0.2190545509731032
45,-0.5815826189749468,-0.2466047886298495
46,0.562005717789834,0.13008675002001205
47,0.6321365152733719,-0.8124444696249555
2,0.38980647926374606,0.38287163985303513
3,-0.5025717284346107,0.12446405686248567
4,-0.32399822036097276,0.008343447189438994
6,-0.6908774182659071,-0.4620892056382134
8,-0.9439000609932359,-0.19779805519767227
14,0.8224612521993574,0.2842920859315805
15,-0.5303709126803529,0.8813411623006712
16,-0.7024336900185235,0.5593935512587204
19,0.009428196167527136,0.018814097949991327
20,0.13785793047923303,-0.5586554340988349
21,0.33717502366699903,-0.5518718823366671
28,1.0,0.37758594897519615
32,0.13799637477301605,0.3010792099726981
33,0.15405251848910964,-0.7993282900286169
36,-0.3608545029806244,0.41765112204023197
42,-0.36365929441356504,-0.794946101275606
9,0.529135774667846,-0.4291786720488423
11,0.10843622514871738,0.7968140319529381
18,0.06348598850904039,0.9826872832789936
29,0.5652011518118046,0.8023362329906443
48,-0.329299866385211,-0.26272892206036663
10,0.33745325705017454,0.7283658780497894
17,0.02699033881440326,-0.22716430535743087
23,-0.48055268856322303,0.6405499790987049
24,-0.2587547618184513,0.792372290592592
27,-0.1338893078862626,0.207583100050326
34,-0.7718203578542622,0.3910856958544663
40,0.3188075680110588,0.20271133504724625
43,-0.8417132254815837,0.1445604889961217
49,0.9694329751584493,-0.0368630544811615
