0,-0.5587710537438831,0.46336333752436404
1,-0.5740043290869162,0.039530248642020364
2,-0.1354204070774879,0.7486220879964657
6,0.2636776217401192,0.7634413846970739
8,-0.9320307571792982,-0.23705758370807378
9,-0.5111827506543057,0.26166246483657524
11,0.5845495084924275,0.7344441406110367
15,-0.786117546861682,0.615477279758164
16,0.18679214811466124,-0.22001381226621974
17,0.3783893408304279,0.5660029119070512
20,-0.8312079722511041,-0.4692178996347487
21,0.17492758235287595,0.01331171856846204
23,-0.205145141644762,0.9382975011564059
24,0.9057164658094891,0.4262747797814908
26,0.09784006229367967,0.3993054021295394
27,0.004909233918961238,0.181484054403121
28,-0.673302613008071,-0.1702425134829901
29,0.519875546722206,-0.3869724336774153
32,-0.0476046223476352,-1.0
39,-0.7843094457840966,0.17858860792151673
30,-0.31858710892838205,-0.16568103231767917
31,-0.3997116734915021,-0.9026025634182003
49,0.8733676139343981,-0.17685835766849614
3,0.0871843466315836,-0.8145104327357503
4,0.28604815586148585,0.2378170414839645
10,-0.41451943073988917,0.7309409616626831
12,-0.0480167413420958,-0.09126377223756871
14,0.5681574044580588,0.4014423695321644
25,-0.2021022362659516,0.1204581485923011
34,0.11692515834646461,0.8294887186912759
35,-0.523635147487289,-0.6298370520402315
43,0.506750389386795,0.08278846912451872
44,-0.019718095254299496,0.5523379629818564
46,0.7093409721156136,-0.7178819959431806
47,-0.2800798081412008,-0.5057574135700753
48,-0.24572368577963905,-0.7296361472220638
13,-0.3544299415425258,0.37974176602840615
36,0.44754752198453235,-0.15519650875786947
41,-0.2778681402083585,0.5113403220912296
45,-0.5024700101558276,-0.34692234560636104
5,0.19682298651208688,-0.4148583702292866
7,0.718106999519469,-0.005111311555022266
18,0.8372007073625679,0.176825482980027
22,-0.050806919285568845,-0.5486069569889985
33,0.7240092368169323,0.37846680344697414
37,-0.9166809703845779,0.00760837874232647
38,0.2914400697925129,-0.7213501172584825
40,-0.12923159078152419,-0.32218466877559204
42,0.458655242311047,-0.6074858366172571
19,0.784443824119493,-0.3998132195794604
