0,-0.3074170348249149,-0.6790403995044665
1,0.44522170945358364,-0.4572184934385825
2,0.008067651364342723,-0.5838709786665879
4,-0.42587603634256577,-0.5356022069285645
6,-0.853887136719608,-0.19757579360692323
8,-0.7147080105386909,0.3299589454148587
9,-0.6205452487396032,-0.03815713826856355
16,0.2421861718243885,0.5216838968914851
18,-0.29292951193269984,0.7127276569133985
20,-0.580824510352615,0.49389510038898515
21,0.4608585527207161,-0.741433853044036
22,-0.08433010487277207,0.6867148567055066
23,-0.48138294412774835,0.766942622656375
25,0.44927250688442977,0.03499398330609953
26,0.009294842795777612,0.6005317564257193
27,0.8071399079343954,-0.03692260354701224
28,0.3263760924678944,0.25598921152990467
32,-0.26190153090081064,0.2830251056499995
33,-0.17345726791153226,-0.8192687780248356
37,0.17815866123367322,-0.47346330768179756
30,-0.25996181481433706,-0.00800232295335263
41,0.34699239406140214,-0.2531942370674196
44,-0.523552037435878,-0.3987454310422788
45,-0.0026073563154957965,-0.9332685005169985
47,-0.06633064614130278,-0.2754988462951897
48,-0.449330684740874,0.21019955070860052
5,0.12207289626989933,-0.23045159458772727
7,-0.23852854523991884,-0.4814122332743115
10,0.27557777641459397,-0.6816331254833154
11,0.5377055510942507,0.41910430280281885
12,0.04889711644057456,-0.04398395499454999
19,0.11295917641998161,1.0
24,0.40718088699832927,0.5324177850766341
34,0.6302240809443914,0.28699032340298675
39,0.5477635539341635,-0.1115682354410147
46,0.6745381864046478,-0.31459381336586106
29,0.12138802722317064,0.19469400109912574
35,0.35741517006475587,0.7745639188782856
40,0.6281125893010545,0.12466756370121089
42,0.6620420844174005,-0.540747549988858
43,-0.0568827007084705,0.1329346520074159
49,0.8370854576542095,-0.38644738095424436
3,-0.07217768342851887,0.3949928627920038
13,-0.40445549950329857,0.5110939457789028
15,-0.4778425833143033,-0.23621406516473725
17,-0.2553746538298627,-0.17771748088597264
38,-0.9474449560249689,0.07836583877997244
14,0.739385221581143,0.5545732493743305
31,-0.7856841333420563,-0.4458017900173984
36,-0.6384836338002945,0.18077298445999074
