0,-0.9442583124630495,0.07433761535940497
1,0.8513344812921436,-0.16281070603260464
5,-0.37438453374558645,0.13851724357494097
6,0.10282543648723334,0.6644528960852722
9,-0.17306998736459311,1.0
10,0.26600530127639127,-0.0046501005360743385
17,0.13788863321883876,0.37644941377476643
20,-0.8199668261815724,-0.6175718710972093
22,-0.5403598076345453,0.29043668616942586
28,0.2303663708206164,-0.7813149091830679
35,0.7244141697007616,-0.5370177841501322
36,-0.11774484732437042,0.49460618158882075
30,-0.8131149568122529,-0.3018065772464024
31,0.20218035058720624,-0.20253667070497566
40,-0.17446561113926753,-0.3393710943721163
42,-0.35880952759212403,-0.979093169249567
44,-0.4120330397689853,-0.37333630384128724
47,0.06503524577249907,0.8712164849351944
7,0.6911041209363241,-0.8110070674378439
8,0.29445358330127347,0.5495620795938571
12,-0.49135559619329616,-0.17562508404462365
13,-0.1692870380014304,-0.03311733390132467
16,0.5478156279841121,0.5353592515623068
18,0.06369599998679354,0.10745961199547514
23,0.25376042191226816,-0.4680579753014089
24,-0.5059275832160879,-0.720994404211101
25,0.6565909535841575,-0.30171084547568927
27,0.9285439810817101,0.34348100931930026
34,-0.35143992691038506,-0.5533978251407898
38,-0.19828943306228133,0.6865629304587756
2,0.46943061950740494,-0.6273113112043953
3,0.6413361870250811,0.038292716004467396
14,0.44153182705314725,0.17164339152170907
26,-0.5153227049436199,0.5017385049163715
33,-0.10847464576026207,-0.6757286790824588
37,-0.1587419291114104,0.2696936472610762
41,-0.43495408826174137,0.8128378080509701
46,0.5484305409319185,-0.1450104112955058
48,-0.68667468902792,-0.08024992371340695
49,0.7975615914176097,0.14208885018347361
4,0.5259994491862688,0.38155647194250536
19,0.040059477558483984,-0.7999814674042944
29,0.37130572024939557,0.8714823773842406
45,0.03773359941491732,-0.4446094556309087
15,-0.6944842372806681,0.0999541329951248
43,-0.7727719098365484,0.6111478999747069
11,0.8838941366598118,0.5920285328807611
21,-0.6254599555083078,-0.43737094801115195
32,0.463206629941709,-0.434855273639379
39,-0.7951132697477751,0.3836314543747813
