0,-0.4926169392863703,-0.45895521970684233
3,-0.18347396227832025,-0.6613273540008962
4,-0.07258184574428858,-0.553812041464545
6,-0.02178881262123315,-0.3694227338268221
8,0.5104166686958806,-0.35942831822010024
9,0.10810419260408144,0.6338116243578881
12,0.5531830668167437,0.4785365036743342
15,0.43969310324331895,-0.627797240127177
19,0.4561651833650824,-0.17231332277710903
20,-0.7686557736919513,-0.11343935032933256
21,-0.36146616411023114,0.09869108778213927
27,-0.2533394146480595,0.4735871242275709
28,-0.32039840852607576,-0.4397746106796612
32,0.08355949836266205,0.396769866508535
35,0.8454706528572001,-0.11771141654753792
37,-0.9271052644059272,0.10910466296110422
45,-0.07572343778660551,0.6478400312263667
49,-0.8308989802459409,-0.24912543622712097
1,-0.59788990650429,0.6448727629261423
2,-0.5256924881657672,-0.17331246987059784
5,0.5629467669487609,-0.5011163493503497
10,-0.4373151383349626,0.45273678793785344
11,0.11734368970781033,-0.79066230000083
13,0.1535431884892023,-0.24625017419539758
14,-0.2037376821368018,-0.2434743761285617
16,-0.09941320796968796,-0.08937071304554918
22,-0.8613346449403934,-0.43523366088914434
23,-0.6280942714056033,0.43512970300286324
24,0.46789552592660805,0.30119260918080665
26,-0.5706809929189954,0.08508429954416144
34,-0.280742642608891,0.882448499219086
39,-0.09631094404052791,0.10731806449706816
30,-0.2531291305119836,0.27487689220579586
40,0.28549410509818085,0.10340605581192677
46,0.3398881861481149,0.5732258951801756
48,0.19970878894394847,0.25580593637944854
7,0.7968357821205531,-0.3690064015319465
18,0.40609430024024656,-0.8661652871812965
25,0.5669959772442501,0.06069987290077026
29,-0.7249859858058694,0.26266240713482697
33,-0.22187907094174017,-0.8408448364642548
38,0.185329387600467,0.7296547346574653
31,-0.13892453553901812,0.5573204039153317
41,0.2459730385423785,-0.09484329288795593
42,-0.5229713495344835,-0.6157955606490314
44,0.3555048013628888,0.7187318197943633
36,0.8057878940957829,0.4366653550264387
43,0.2484489498445827,-0.5917246523903369
47,0.7367682464452908,0.1994416799329776
17,1.0,0.06129243850697778
