0,-0.3269928974260537,-0.04048914135383339
1,-0.8164677579496383,0.5138932239395875
2,0.35309114763293953,1.0
3,0.5504778221272348,0.021442876162292863
5,-0.4013698599479014,0.7600062003278395
7,0.6352806964019814,0.24527470898827833
8,0.21255538279922398,0.49748005785320526
9,0.19564794546087044,0.7396572296606404
11,0.19666437910089285,-0.9799675253320842
13,-0.07023405772142308,0.28809697353243247
18,-0.6396249661600173,-0.5251266648054925
19,-0.8087152735070573,-0.14277805125568052
23,-0.008277646676077544,0.5315160850967835
24,0.8819909072983058,0.1959260285315591
25,0.5300389576001687,0.5450180744006902
26,-0.028088283508762853,-0.4826323208927279
27,0.5989362145900139,-0.5621648239570983
28,0.6063293715878519,0.6860786533575467
29,0.15653782557838358,0.1894882353479183
33,-0.09688324340337628,-0.827247374074208
34,0.09621482432420583,-0.6379341184695005
35,-0.24647782049413058,0.5701854943506722
39,-0.7859038537700319,0.26677399599671886
40,-0.035110595028614675,-0.009079160800139886
41,0.19660446461493494,-0.2362580578130223
44,0.35161997247184584,-0.07015038798953012
47,0.5212279373765286,-0.24065757087357517
10,-0.8862946076300565,-0.40102392497004324
14,-0.46154185615588117,-0.8203142554807016
32,-0.23307080905621508,0.8979277097093489
36,-0.3077153934937285,0.10822941535525407
43,0.5920688497590834,0.40235147551594863
45,0.2814540009698154,-0.5367558049773299
6,-0.0127307159657254,0.9506116687669025
16,-0.6918021317856307,0.008542563429662161
21,0.8395414516718567,-0.09469251302434896
38,-0.5783929346454959,0.17343643630167002
31,-0.4235581729744096,0.2885557938475836
42,-0.3525568854389904,-0.25918784867565264
48,0.578756006358412,-0.41800449106786536
15,0.3424540062329797,0.13882118747423844
17,-0.33926454906029285,0.4481941835937253
4,0.6092386218162666,-0.8050319919644532
12,-0.06310973983473078,-0.2595476116092225
20,0.934411358498666,-0.5365188127746637
22,-0.30677235946636366,-0.47134906700239904
37,-0.290019666486989,-0.743761096175083
30,-0.6106231169529324,-0.2683659971565943
46,0.2300845416986055,-0.8138768308629891
49,-0.6696274914305365,0.7154071718177333
