0,-0.7065289388329218,0.2586976285896234
3,-0.528375755435544,-0.07747437969015997
4,0.34311582064512874,0.10631826955486814
5,-0.6179098174363125,0.06799733117746316
6,0.4486240388246903,-0.04043732060907713
8,0.3937656778206706,-0.20657610971945792
9,0.2365365414830872,-0.33727831481481224
11,0.009995751813903837,-0.6600030588410554
13,-0.4836538084738764,-0.5195626662088778
19,-0.8017452589172152,-0.19624631993261876
20,0.024287436633622615,-0.2637284770222586
26,0.8275028543895123,-0.38289996288851896
37,-0.5675421372012429,0.5379464461176411
38,0.3340945021002745,0.6470662318441205
30,-0.37552658992261456,0.7977219459723611
31,-0.2505440713401478,-0.5919414524330368
41,-0.3256711062341702,0.5830655313474611
43,-0.4645078021548687,-0.3254825893530618
46,0.10778235615770215,-0.5253642090768921
1,-0.4486927395977695,-0.7437952516136309
2,0.4310793935915525,-0.5708926125030502
7,0.14336995368772687,-0.022631985161661667
12,-0.057386272471251804,-0.1552316279591766
15,0.5071528110674302,0.16039513271379582
17,-0.5980053396782931,0.39060455616310824
18,-0.8255944628891951,0.03427521368231432
22,-0.09869088315808872,-0.5090560940648279
28,0.3437975910742605,-0.8204879020454101
29,-0.0527845602582201,0.06481617551649457
32,0.24741000409834843,0.41904557183616065
40,0.5491914893118389,0.33963410168648533
14,-0.1948356692327464,0.3882394893236553
25,0.7800350328916236,0.4824197317793417
33,-0.3621562406012678,0.29044403982336875
34,0.6336930437509628,-0.41795146195951915
35,0.6482869455274363,-0.1338061615959827
44,0.48473702456338746,0.4816800688083554
45,-0.27971396322490905,0.09670274224106974
47,0.8760031853978184,0.14603242617798887
48,0.37878798969568483,-0.376203212938478
10,-0.3513045961858208,-0.12411973788923979
21,0.19068021319243234,0.17599718445990467
27,0.04484564229156252,-1.0
36,-0.008004800824960905,0.3011510475668407
23,-0.6070223287672711,-0.3012714784268955
42,0.4471691368072067,0.847058870384473
24,-0.25178523336504693,-0.32071916377635673
39,0.0032748824924352634,0.574206253751891
49,-0.21076077928741324,0.7228278521782263
16,0.03352383618085473,0.7088177078270309
