0,-0.5329763790233248,-0.6308080238178879
2,0.3430089144494626,0.6082060991199598
6,-0.40584599462783777,0.7020467722583388
7,0.6586455304712028,-0.5908520411587138
9,-0.7335531391496551,0.012036188047695627
10,0.08753039197853112,-0.533729112609145
15,0.37901986590187525,0.32989925983879204
17,0.5426851954382838,-0.3024612734638796
19,0.44102248171838426,-0.6563634776813215
21,0.3550463978839071,-0.42120831175381307
22,-0.1619166421116178,-0.25149721312520906
23,-0.0821720446896331,-0.0335592185269441
26,0.20924245137547734,-0.8637400995410297
35,-0.24583276834803974,0.41652159747690826
37,-0.54942740507642,0.08509210227778861
43,-0.5421744460843089,0.49529609865430774
45,0.14841549585767266,-0.1914829179202188
46,-0.18804163629222323,-0.5121185543526923
1,-0.6861312001357265,0.7119496819969545
5,0.16777368578881877,0.8385851867474666
8,-0.4567938385120029,-0.25893967711808924
13,-0.8541529647319196,0.42122618387914373
14,-0.5874295593420433,-0.46541420227095914
16,0.35388817270768236,0.1326769628311299
18,-0.46967716109239815,0.29756364119833223
25,0.10792179235745471,0.7144816791411708
27,-0.506792998112258,-0.8165882063252203
32,0.0943707221527032,0.36656993284453054
34,0.09978214554871831,0.5067407090502083
36,-0.7214656250360777,0.2211209956148081
39,0.946811180891898,-0.15461813395709378
40,-0.17656184806957806,0.6284378815314705
44,-0.10257335135179571,0.9774925157437877
49,-0.6487668862566256,-0.2631319678065769
4,-0.020112441710875038,-0.5916648848733598
12,-0.33703809874579804,-0.051489594341858735
28,0.26278806289387896,-0.5864210931244923
33,-0.17044104308873378,-0.8652829683093378
31,0.6974361197482913,0.020787339218315656
41,0.4876732528469507,0.6332634150462648
42,-0.2224166878884541,0.21086622888839252
48,0.8157420909575707,0.3427736611404182
3,0.8037261872554646,-0.4482899182653625
20,0.3839262633548113,-0.23388881578231543
24,0.49922146858902033,0.03149427338641496
29,0.6072318235643198,0.44676520937725334
38,0.10343239824531204,0.07027494941970294
11,1.0,0.08701508427780988
30,-0.8184712028922079,-0.13169452080607782
47,-0.3755767296081405,-0.4539394220757899
