0,-0.0690111264800912,-0.28484718900452416
3,0.143084456747133,0.8747846957483723
4,0.6350295952749421,0.5484043617511586
6,0.46278296048729994,-0.663418084703578
11,0.535008024125424,-0.1425833161891816
13,0.12258494010754392,-0.3460026362861203
15,0.438399001816762,-0.4029204779622569
21,0.35352425959534506,0.8521984145836944
22,0.10085237394040898,-0.591491924491329
23,0.8321589920194281,-0.07519734848885688
24,-0.8724835026973994,-0.011697852698290153
27,0.3159042212833815,0.22970758546912015
28,-0.5516637663735467,-0.2861895359719802
33,0.2487235376919752,-0.18970662693096538
34,0.023553028339391345,0.2664704921955146
35,-0.26097080937717887,-0.311935653732103
36,-0.8000687382234721,0.6270213266732352
37,-0.24117590610797493,0.3585070185338162
39,0.9542040159662069,-0.14141933809507687
30,-0.20502749522503214,0.0526430646451457
41,0.1970371326415222,-1.0
42,-0.11927592833280397,-0.8785176129780967
45,0.38590084762402993,0.6385336399255163
48,-0.3781578141524185,0.03807583663877777
1,0.6016932940520595,-0.5471780939216054
2,0.38207515703011163,-0.8740724473172969
5,-0.05743438622973159,-0.6768302760842624
7,-0.7959917106055511,-0.25793904345639934
10,0.17970633291508398,0.4411817082913286
19,-0.9261779552367994,0.18341079808985397
25,-0.5291859630595852,0.8679247330901377
32,-0.8269354713550255,-0.48809834263880486
47,-0.23920959263710856,-0.5464894702105274
8,-0.6583564313412026,0.299758727905202
9,-0.38784316783751027,-0.8206734733484475
17,0.5314984292342744,0.14509177965503584
20,-0.29395140058855235,0.779699825039916
46,0.7011590290472369,0.19943483882372348
29,-0.41703956634047723,-0.17817098764295913
31,-0.09170177745664368,0.9189669355397878
49,0.40142791423002017,-0.08205517724367918
14,-0.06928817659369194,0.4930112207778978
16,0.03275311071932845,0.02348955518423868
18,-0.6243651351935331,0.5518027652862183
38,0.5411203189368953,0.40066292000966197
40,0.8820233840890969,-0.4165094297384762
43,-0.5619437206157256,0.11792026711729099
12,-0.35008829202298664,0.502796979923218
44,-0.5589523315581488,-0.5584869750137152
26,0.8840958077272738,0.36093182325066014
