0,-0.38562445840173143,-0.21445136251879401
1,0.01787637387017697,0.029990703178811577
2,0.41232942631465724,-0.7361665823499804
3,0.4114192308134243,-0.19054327089118087
5,0.709448273142822,-0.5332300197059519
6,-0.5132120917174801,-0.5246118954931291
8,0.1825954949965283,-0.33678902572145875
10,-0.47396806984012924,0.20663416228335152
11,-0.628102133955462,0.6556458899696179
15,-0.7328934530825043,0.197368047721862
20,-0.00433420326348326,0.4444363513634159
21,-0.09234299176759253,0.6276813816959494
23,-0.139508307413637,0.28344063456540164
29,0.5176734388741435,0.7275023561002395
35,0.249887952107878,-0.20888320911668476
31,0.5482232482050471,-0.32723739840139
42,-0.3347631692572948,-0.5360960549323968
44,-0.28908317908246617,-0.3267679837122749
47,-0.942260132495367,-0.008020475933965505
48,-0.7586833292827628,-0.6380438290940623
49,-0.4829643432478213,0.05765154920031145
7,-0.07954868610285096,-0.7385667751852363
12,0.664698331343822,0.4943633319640811
16,0.08788710805022475,0.2985236711214136
26,0.29237919534516177,0.7580849262296037
27,0.01648959639746952,0.8512129776249807
33,0.07778437474577134,-0.5696565503018
38,0.45894394765068786,-0.4907705416112389
30,-0.005658264691337806,-0.14931528831833987
41,-0.5775343318308093,-0.2789317192498412
43,-0.23228875367348747,0.10696728983951266
45,-0.3586229569837611,0.3275707283898975
46,-0.1754926663604358,-0.13018502685470273
9,0.24395332779496426,-0.6810358833079021
13,-0.5868219249111045,-0.11369306820881979
32,0.4499658918152846,0.24065899466607563
36,0.7389878420698675,-0.24554822432140616
4,-0.029491283705064052,-0.41955939423841443
14,0.26944486801573125,0.15542255690771106
17,0.32147748725232483,0.389124706255851
22,0.5666056312082766,0.13250838682539215
28,0.9072574451621904,-0.00776792666759436
39,0.7645179044783883,0.02255938814888767
18,-0.624534824442719,0.3585044820263006
24,-0.391006121020665,0.5253651693029193
25,0.2563638058815501,0.548647881381567
37,0.09379378987873058,-0.8017799957818563
40,-1.0,-0.281325805186146
34,0.8699974997012084,0.273033549920736
19,-0.2912618085863828,0.776078190420676
