0,0.20312088202604744,0.2650300338675512
1,0.19237542852468786,0.5366918693316458
2,-0.16702954450474097,1.0
3,0.6434882682464542,0.5405745829678847
4,-0.4305998681089374,0.8656229450719991
7,-0.04755797923585696,0.532270983722444
8,-0.27679845475882325,0.20327883763646876
20,0.10052871481096828,-0.6005666008768054
23,-0.6293284380493823,-0.7192855541309834
26,-0.5406970687761614,0.10723617942564555
28,-0.7595024036777116,-0.40836698192961945
39,-0.27347283972919956,0.40267717075184994
30,0.5684830648813111,0.7338340165783994
48,-0.7393093056382474,-0.08263424312040374
6,0.30236403847668414,0.9847240533396382
11,0.04098585704034857,0.3186948651385537
12,0.5956058165603165,-0.40626945724237357
17,0.5323673021177902,-0.6609041668916124
27,-0.023340568407312842,-0.7745166376074472
29,-0.36506750407781907,-0.4079425263186278
33,-0.5879937560787256,0.676274351887399
36,0.2190900655477269,0.8001817615084201
37,-0.23416518433368066,0.6558259097768977
41,0.4406569713133687,0.17731669641750386
44,0.34326068355543443,-0.0905346057920307
45,-0.6125458377250885,-0.21103141692583863
5,0.7647963455139897,0.3230029906857189
9,-0.04082284229617607,0.10610619202878124
10,0.8300040102269182,0.08777883063389066
18,-0.004305111654720988,-0.347541217443211
22,-0.5652512580491044,-0.4318651424072996
32,-0.2976249681057264,-0.12777898628981252
35,-0.05812151790185303,-0.16766174035176887
42,-0.6609046149324822,0.33321101772619
47,-0.39323150745266766,-0.7336456761069892
49,-0.8840098008221101,0.3560680176279022
40,-0.5014286061552659,0.424366308938784
43,-0.9408977057597148,0.051059927957641374
46,-0.20317451660168676,-0.7646229148149538
21,0.3174236444656839,-0.5170303408303337
38,0.27637814473045935,-0.2745976323071746
34,0.42499695936000786,0.49564431578311874
31,0.2574964452128639,0.07102565853807592
15,-0.15432172038196695,-0.5330318800007687
13,0.2637123908769299,-0.8231611425071667
24,0.5486466470377578,-0.9893277360746913
14,0.8155207283910029,-0.5205493571820694
16,0.7066543670819231,-0.16048561593113414
19,0.9626721161787983,-0.2395526624638045
25,0.04087403103770484,-0.05559328179547028
