input_data/5_10_graphs_0.75g_0.25ng/graph_sample_36 0.10994720458984375
0,0.855960985278808,-0.2151290489944642
1,-0.2495210679589961,-0.4296590412772328
2,0.0959042078378419,-0.7817392443751121
3,-0.13374412641197606,0.5971522413927866
4,0.7765704093860989,-0.024179385641871786
6,0.6439827962881363,-0.33460802672435297
7,0.06395214686568941,-0.13684226736563992
8,0.44704171286643485,0.636506704908044
10,-0.7064479472373023,0.16569074135457404
17,-0.18309304600941867,0.10691327143365947
18,-0.003170307399869506,0.24683817966794971
22,0.25686646099042965,-0.21536089844161765
28,0.3996149840799172,-0.47741283903104964
34,0.4875127255572285,-0.1370522439075627
5,0.9237857415647668,0.16924529183252515
9,-0.5122057945985208,-0.2985010365868379
15,-0.9723845258479102,0.2767671858508332
16,-0.22647392643148267,0.3860712207201075
20,-0.5691118695566668,-0.9098613517186914
25,-0.4548581270921695,-0.49688107204748194
33,-0.43900832692340847,0.12096003251469703
36,-0.3671421012805182,0.3232477100383991
37,-0.4252466432049019,0.6650289550156578
30,0.6335452966343198,0.35823406978345834
40,0.29937004540894785,0.8495581463942624
42,0.6051725198610995,-0.4920379489477954
45,0.14654383429244996,0.1114402202914667
47,0.4152137104478962,-0.6892795658705817
49,-0.9251257137081637,-0.06307880815282814
21,-0.05336334788463907,-0.7535535653686529
26,0.2822260291649716,-1.0
35,-0.2890347993684574,-0.05040164694966674
48,0.3234580717395383,0.08448876112941825
11,-0.5538230234190495,0.47606765375673943
38,-0.5707044856701414,-0.05980883332345234
43,0.6797565480966293,0.19313686214134296
19,0.2077442468140358,0.5926179129465643
39,0.0007221480889317859,-0.46758669132100356
31,0.5086313940483845,0.03704052749840289
12,-0.25954759504695996,0.7919727640878709
41,0.5916353095749995,0.5623515119112585
24,0.266343254682694,0.30987015826881187
44,0.2054803773468725,-0.441861397269796
46,-0.33322880929881876,-0.20575707810750893
13,-0.8838010934480773,0.5973589993637819
23,-0.10996556743538452,-0.2667447136439385
14,0.0380199598018423,0.7445205937626802
27,-0.7527732250720959,-0.21687830951264628
32,0.021168247917363228,0.40433636483585106
29,-0.20244769433140214,-0.6432010663213835
