0,0.3292802855308332,-0.04096190588758877
1,0.6789623324718211,0.34493810039446754
5,0.12113560472826253,0.15799922846971587
6,0.34468223121247404,-0.2130446434226158
7,0.9862461677637939,0.350467405942263
8,-0.007622085015979876,-0.148447849535575
9,0.19194206939379224,0.8510322843573833
12,0.1464525257591217,-0.06510773377626941
14,0.2153486162868776,0.5731966284664352
18,0.4748203583721354,-0.12972650844923317
21,0.061165692243219216,0.3720705523187625
23,-0.6741673180143867,-0.22176196510302704
24,-0.4719854055207884,0.4391653837633948
25,0.7063270179061965,-0.5719511345511824
28,-0.08369214569304248,0.17849648664161755
29,-0.3949819512431829,-0.48748363261332134
35,0.8473400692913637,-0.22303081236560837
39,0.39429892308670345,-0.559036378273229
46,-0.16206585665743795,-0.7180676643087052
48,-0.8368832998940715,-0.19328598590244025
2,-0.20941016330176293,0.7683811407186608
11,0.31084073354555525,0.1926912398969428
26,-0.15210895276216674,-0.1931035971879386
27,0.16661593137058517,-0.5576912029445524
32,-0.2734434493191555,0.13947035322905033
36,0.09612302494772368,-0.9235842950415845
3,-0.22564596978900586,0.5525633622877358
4,0.4220478840946498,0.66991224333116
13,0.33477523219999833,0.4476692722259686
16,0.8578544269958167,0.532078528204592
17,0.5398821235331961,0.1090172287214485
20,-0.3160214275773091,-0.6570803674879062
44,-0.8704544297254535,0.27003348072803945
19,-0.06743641448760386,0.48699054603556374
34,0.4919314721805208,0.25788234293710455
37,0.6317059777228782,-0.15604363289767334
31,-0.4432541094834562,-0.052596684855468014
10,0.3318773060561606,-0.37313933475747896
15,-0.023902557543726295,0.6560218986165915
22,-0.1992062270123641,-0.5435918116190264
38,-0.3519752305312009,0.30085285098337516
41,-0.4855545409581071,-0.28285846797534403
43,-0.6125903977655123,-0.49263961972328985
49,-0.22025130913947677,-0.002442066071865727
40,-1.0,-0.41066619843822283
45,-0.5951401111937806,0.05748554234396882
33,0.3264884922761026,-0.7104123215015615
30,0.015773875560311183,-0.3995119056940512
42,-0.662365280158373,0.19113752456461033
47,-0.6837597417427451,0.42771409520591247
