0,1.0,-0.145457186042078
1,0.6211458649408337,-0.41287770584179057
2,0.8397429816870546,-0.4775275694740874
6,0.16118898919819658,0.01523300389842399
7,0.08731546429401546,0.36570687595024515
8,0.5646869466530182,0.020508943255234228
9,0.6864677330178771,0.5903790981293447
19,0.018021120217732424,-0.32842685925692805
24,0.14617120710682746,0.8022671710025557
29,-0.055141795885291896,0.7368936171796628
38,-0.12871836472480044,-0.489216703748237
31,-0.09479347390338733,-0.8610519425747433
40,0.32033625958675144,-0.6335079786755541
42,-0.33765852301926536,-0.36441232808847734
45,-0.22972419775866113,-0.16770388499535935
49,0.07113872442002264,-0.6667836908065307
3,0.49846647553719625,-0.11967391499804621
4,0.9646421492203818,0.3926376102307394
5,0.8176208293569353,-0.021081727574846665
14,0.2707900179140838,0.15433642014734802
15,0.4285013398510009,0.2480072580075012
17,-0.3985799165273469,0.18089580284029505
20,-0.7277181911608194,0.3579632904281579
25,-0.48758742172802166,-0.07357351886950186
32,-0.1691850053023603,0.31755205251635077
34,-0.6195089439235705,-0.5558649615666097
44,0.5335186608695732,-0.7265669859644102
36,0.18749279124591506,-0.2289080870136318
37,-0.31823204745421974,-0.5822148402217261
48,-0.10916303794713042,0.04513226809498135
10,0.32704800395005,-0.3832107359592664
18,0.3473328127732096,0.5858195189109981
43,0.2635874045739657,0.35645943536241204
16,-0.2290553754774941,0.5797619714825804
26,-0.4178008623270466,0.5371151373323199
12,0.612924917065679,0.37629306929188894
23,-0.25826026050204076,0.15032136426098197
39,0.19469898716067593,-0.8379351031217769
46,0.47366230698115924,-0.23300062653513373
47,-0.016791849781127882,-0.1149620185056703
33,-0.6714073067768134,0.1055872529017307
27,-0.8306745842150025,0.20862822020872349
41,-0.6507383861326586,-0.3811806755759081
21,-0.7239438670287133,0.6761401908515913
22,-0.5940467099333546,0.5792433518468583
11,0.20000151811916636,0.6649729990010903
13,-0.6778945358898854,-0.19083432330911548
30,-0.8427458007470051,-0.21308226765021052
28,-0.4422434278290997,0.9700059782036051
35,-0.6048896197662098,-0.8088062649659818
