0,0.2864693651509197,0.8689743946525795
1,-0.6013513910998953,0.7963019785274553
2,-0.002319953027396641,0.7956960118914398
3,-0.3568643873258999,0.38227372929105624
4,0.10394629821944461,0.6484033890422904
5,0.5012616342723546,0.6642666629421295
7,0.09241619343684782,0.370128294318631
8,-0.8392780804490412,0.606839692736389
17,0.16794611531835846,-0.34088779460099067
22,-0.5875390479781452,-0.08461762342377563
27,-0.29277334844829617,0.8129277726860156
34,0.5349961718181226,0.4803394695010141
35,0.744116738081549,-0.1208806923322385
37,0.6984443313438198,0.2583288018056711
39,0.2915320325668205,0.2928680861133604
40,0.47474157033334596,-0.4325546651186466
41,-0.7974004588202771,-0.0782635690572335
6,-0.3840210880681946,0.5029995960962852
9,0.3976232549423789,0.15364926071336443
12,-0.3552701322838503,0.17297799231070807
21,0.28692770793140615,-0.5326962051548595
23,-0.17968342507016227,0.20378418692624334
26,0.26036344273784773,-0.008836150781039076
31,-0.1529284889752676,-0.10317270684974782
46,-0.5233484124337417,-0.29399512013298373
48,-0.06561765467153727,-0.298648808884939
16,0.8970230062769392,0.2820762138611871
18,0.7925541005263221,-0.4718837115850294
25,0.06696983874410119,-0.5355965838241251
32,-0.17254807390571936,0.6096476817559277
42,-0.6749496009179411,-0.6066031020353472
44,-0.7139986794312477,0.14658487214327065
47,-0.22169126855950227,-0.6390375198617452
49,-0.4657894417891941,-0.47139936756573725
13,0.5210529981609191,-0.7145905033832974
19,-0.25723708314691235,-0.2506537032754313
20,0.3185949174571508,-0.17765607296743374
28,0.6308215168164352,-0.31276350802217007
29,-0.4512120655102444,-0.6728602772805213
10,0.042245434622562625,0.16258354849155537
38,-0.07502840465008534,-0.7936830907793909
33,0.0220094695000181,-0.06304964082141827
30,0.24982037564299645,0.5434664157195902
43,0.16694976053134902,-0.7470357652171407
11,0.5568428095572313,-0.009144680201088277
24,-0.7521939725340526,0.3417106848583243
36,-0.36995755398184405,-0.04449944063187767
45,-0.9893785973127951,-0.30205092509136244
14,0.17671152640197993,-0.9059814827079196
15,1.0,-0.08378602479701242
