0,0.029636641309877258,-0.6459787923821361
3,-0.39457246481894614,-0.5227741530387083
5,-0.7465669754467938,-0.13592349359911515
6,-0.5731761687941305,0.19138347662892238
7,-0.63323804921081,-0.6477513252525604
8,-0.16647111397629052,0.4106699021293085
12,0.34037701013170846,0.6157220313068691
14,-0.027265930757564987,-0.01059085914355203
17,0.5454582632261669,0.5222120625790058
19,1.0,-0.3235133424693144
21,0.38954894067335316,-0.27512013181932754
24,-0.21551928359048503,-0.11289635100166343
25,0.5937536602373672,-0.30445361212241295
26,0.707014759491428,-0.1972597437093473
39,-0.02285499412352598,0.2601687564753288
30,-0.23476827427814914,-0.7670545098902912
48,-0.2510497663992084,0.879451092753134
1,-0.13471471571842392,-0.4776174888686831
2,-0.6582607587609087,-0.4061447132503905
11,0.5720522694803678,-0.03345802753991872
13,0.412765671446415,0.29310290736796224
15,0.6337668588468194,0.18634636769565222
16,0.8058728446155209,0.3576292110428891
32,0.19026348178823632,-0.10159414923055739
34,0.19487206784628391,-0.40847955801676844
35,-0.11855940965414834,-0.8635349498092459
31,-0.016108104356841117,-0.21655988221429165
40,0.3660174054466872,0.10465947746425089
44,-0.567271083751384,0.3998886446362954
4,-0.17220013142881369,0.1311375538424866
9,-0.8829352917362564,0.061888608744683875
28,0.26318499681728214,-0.5526259559263449
29,0.15613234990104527,0.07227443835304966
36,-0.38944661209821435,-0.29252617112916496
37,-0.4298203502327262,0.3573084986318167
41,-0.45546284547203525,0.07839839674155916
47,-0.3855721415042753,0.6277570149320575
18,0.6731901791855767,0.6854504565540438
20,0.22492418751751814,0.36802650126905906
33,-0.007850234844664496,-0.4240051622455244
38,-0.9904817107769793,-0.5143358688721476
43,-0.5101482028567473,-0.1515834316762007
46,-0.7044134176289975,0.21064715354830707
22,0.5569406789847505,-0.7854158621654508
23,0.5567967486722974,-0.45622243064114
27,0.09266383536210518,0.6978901028565139
42,0.2692868410287678,0.7799385491367827
49,-0.15074395790163334,0.5831458659588662
45,-0.5406384440973012,0.7697987753257244
10,0.8055907422066805,-0.017475879960325274
