0,0.4708582567453341,0.16399328949903186
1,-0.21397424471536208,0.7308506676037088
3,-0.5980557943371955,0.1626793202024817
5,-0.5738921108593008,0.40137863982555555
6,-0.024445928666778294,0.7992945517031838
8,0.5359354447109268,0.6735540184302029
12,0.5157995862639586,-0.8050751122557198
17,-0.1791514954575096,-0.49849618238224824
21,0.048569326298312676,0.5655591701749042
24,-0.5647875658105797,0.5984176308148782
26,-0.1510695105262559,0.33961340358522496
44,-0.06839452074137842,-1.0
49,-0.8935193672321785,-0.28143414505809533
2,-0.6242385217541304,-0.2976801879022135
4,0.38908343088406155,0.36669563697175506
7,0.6602735159161106,0.4980779935993963
9,0.2517602468002667,0.45354691987677337
14,0.7225473666891613,0.14852750747328375
18,-0.3271692678616953,0.05809644699439792
20,-0.7949737723704369,0.5698976841768719
22,0.11656585708803177,0.32357293326879283
27,-0.2871187704351346,0.48199535018691875
32,-0.3333516486729471,-0.10338547633967037
35,0.24211696537635363,0.7908697810499957
36,-0.08446648999302622,0.11884839405750398
37,0.20247137004113983,-0.10356310275529187
45,-0.21149357959222256,-0.2283153591889346
48,-0.01980880442773547,-0.38796083465242964
10,-0.3583779328646492,-0.9707880635361131
11,-0.019330729545045618,-0.5918522752569233
23,-0.42143137926225294,0.7847166652000273
25,-0.1762823816596562,0.95822934211552
39,0.5706011666586175,-0.12716749806946598
30,0.7581347914693973,-0.02150209422536898
40,-0.7046877374889223,-0.10552889606492796
42,-0.719276153499434,0.06604252778604092
43,-0.334416797338046,-0.35663683679083685
34,0.3269136225605277,-0.4149735407366452
15,0.009399253603130587,0.020572121601070553
16,-0.3775491446738591,-0.697681677805241
47,0.3369547572931281,-0.20147674307306085
29,0.24759836764893675,0.15419476514023991
41,-0.6073747582335938,-0.5271478908005105
46,0.16020796824684355,-0.49909360929404967
13,0.015130110774767681,-0.7544281638994811
28,0.3443361690545893,0.9744930528054142
33,0.6192129850297214,-0.42783423594100545
38,0.9093020436292097,-0.29610828767024316
31,0.8518310614097893,-0.5391135724908833
19,0.3630347438270189,-0.966474027953814
