0,-0.563641121111763,-0.258714953978545
1,0.3179621911234739,-0.5530505062003468
2,-0.7433238671935025,0.3853030054046904
3,0.5508957601275124,0.7276477917066406
4,0.16735828180141415,0.19274786031176452
5,-0.2205013445254415,-0.21300330656253796
7,-0.6104199238179199,0.17434650918481115
9,0.20529630502025328,0.34525296664752914
12,-0.16732716465325434,-0.7913641791859761
14,-0.5205338667236176,-0.8201220060322215
15,-0.7167288598085005,-0.24502242918456135
22,0.15720303667028895,0.0022056753910390057
23,0.34867793398028063,0.4693547709346587
26,0.4374134177279949,-0.3133606862721045
27,0.15910672702011266,-0.27963326390711984
41,-0.363873337929873,0.8861912097178187
46,-0.30201727030483727,0.5968625419030366
6,-0.057795318418534525,-0.38509323167905574
8,-0.46677982499427345,0.24111936491717648
11,0.1740325096801542,-0.8016708096678393
16,-0.3224090573701997,-1.0
17,0.002575811076398798,-0.13583790362555564
18,-0.5985836037497508,-0.5721568760015175
28,0.03057662329320043,0.793457469255091
34,0.07052601337967163,0.6744886590910528
36,0.27537493103595323,-0.41700399086411344
38,0.8895085174584978,0.20339808143010124
30,-0.3196625383090146,-0.4305877401040596
40,0.4411640874754501,0.28146418016726654
47,0.0733025369065212,-0.4653987069994254
19,-0.3989711965293422,-0.1328277017322395
31,-0.05755418626228541,0.45608138657023434
48,-0.4488690577031373,0.5200514788712726
25,0.48798886068954395,-0.07443299156656512
29,0.5895503779936805,0.18358367316660087
32,0.8490856500272944,-0.16054370984826186
39,0.2735599834379148,-0.04884216168527793
42,0.20503483288721433,0.5699739277887945
43,0.3445453676729668,0.7927906117814076
20,-0.17029486380622433,0.24554989318010823
33,0.5810176678483214,-0.436261413524392
35,-0.09086683244746149,0.08666999863816727
37,-0.30214821059115093,0.3055625818845473
45,-0.40436668777675144,0.049290179993717334
13,-0.20035286100039834,-0.5931814820502467
21,0.7478094310374191,0.0053611757082373136
10,-0.986334117438585,-0.412686282710975
44,-0.7253801046485163,0.06378425735855152
49,0.638476046542275,-0.15295806513432827
24,0.740692315200509,0.4412151475129364
