0,0.08995421894924001,-0.029698136410866757
1,0.2574971452153225,-0.22708817594706485
2,0.5437366737395436,-0.16758508984135356
3,-0.12431156018893255,-0.7887728239430319
4,0.47318667269690823,-0.6948297679315757
5,0.5271824368239306,0.07276022867061332
6,0.6863277893274313,-0.14575375664311857
8,-0.18768628036198157,-0.004584712745611078
9,0.5073906794214823,-0.3258040080818824
11,-0.6465468803436428,-0.48250206405412704
15,-0.33527533309768226,0.7894106995082625
18,-0.7036177539826979,-0.15181316072614195
25,-0.2671554371895126,0.2908744338680804
35,0.24395713458771826,0.38239185785432706
38,0.5675723495187036,0.7075355965594803
39,0.3993507093748829,-0.42693993916840467
40,0.35225900036076363,0.22195478998910786
46,-0.02457351999874017,-0.4776929524844929
47,0.46976584740099364,-0.5461706398574491
48,-0.023936388500596335,-0.2056118562248663
7,0.04363800474428061,0.22066578144685378
13,-0.49425573003616796,0.013718155169429655
20,-0.24310283013848666,-0.16657830236922608
21,-0.6941099889527391,0.13280949523332064
22,0.16998375533739882,-0.4074493283654201
27,-0.6693428697837671,0.43756938373217463
34,0.05560603434870696,0.41426952874118633
36,0.9601846261296979,-0.05712200769326218
30,0.2944022728755504,0.6488999141813862
12,-0.6494831996603194,0.5720558919596893
14,-0.7729047452618837,0.27842856346778777
16,0.04457984842501503,0.7450667352173793
23,0.5358429538924281,0.2736690468147056
37,0.513068008530909,0.5344189853329229
42,0.322888302792239,-0.8618785894658875
10,-0.9822063663178262,-0.13761572210572717
31,0.3004975112199696,0.0013558236083119667
41,-0.41420556054842783,-0.4278027753217074
44,-0.46840314085882573,-0.7786690685695289
45,0.05014208081399563,-0.8691103707107198
24,-0.24775753078335255,-0.5882402610589295
29,-0.12445380741812889,0.6703464585944602
19,-0.4663810152670676,0.25803116533032383
28,-0.24703353052336505,0.5155064996454108
33,0.8737861084825818,0.41541885692604125
26,-0.15229675040831514,0.21147393678449927
32,1.0,0.1966234764881235
43,-0.5196009035965761,-0.2895719013215558
49,-0.13946123715377567,-0.48341830341414804
17,-0.6846978046368796,0.7370484093321948
