input_data/5_10_graphs_0.75g_0.25ng/graph_sample_14 0.14681696891784668
0,0.8486000501003317,-0.38177003937990295
2,-0.4659218962025096,-0.020108084565697435
3,0.6865866029686386,-0.3560600247246005
7,0.1746563914450263,-0.05646001302200957
9,-0.590755911178496,-0.3265159680995619
11,0.4484053625920208,-0.7593988381943728
14,0.8927564810915096,-0.1416633642056836
16,0.8393844765137815,-0.7379219878398104
21,0.16884754936936033,0.3162970930172651
28,-0.5934764974550785,0.5354540276069116
47,-0.33283088564774005,-0.10697826553165024
1,0.487131131262594,-0.14610571469384528
4,0.7218584062985,0.2648619393989994
5,-0.24341036950399517,-0.4413499018205168
6,-0.2776834864014376,-0.6447432812048035
8,-0.2109191084087414,-0.7945138575926484
13,0.48685587914463757,-0.4425175260604518
15,0.8447338547727529,0.11368146301906135
24,0.10905965092096853,0.12375787496901476
34,-0.11432256947620989,0.2645751948574741
35,-0.15164150393330095,0.003556451864557428
37,-0.09144266222628898,0.5432722678383144
43,-0.6588898150855959,0.3960085262705419
49,0.44905570216594964,0.8404933441374005
10,-0.15396827904713656,-0.9996928149116537
19,0.09014279224381608,-0.8289996075881975
22,-0.9756010325630169,-0.1904856977340248
23,-0.22421047758423976,0.47999380151598237
29,-0.7191538659421709,-0.02294087579514184
33,-0.43768498113530196,0.5111024576630765
36,0.49824832420095316,0.04083438026775693
42,0.3399420079900236,0.4705949427610148
20,0.2526168125240123,-0.18640662740193692
26,-0.41799056001394014,-0.3944012321304173
48,-0.3340359829703667,0.31408468528128564
12,0.013114171916591725,-0.20754753056317565
38,0.15699354571766508,0.8640124109310179
31,-0.30935397657291097,0.8359029013638629
17,0.2695840867384034,-0.5752130694194195
18,0.0843356340929574,-0.5727089737582645
41,-0.6027166185772403,0.23643258909804807
27,-0.7268629348877331,-0.607563081585551
40,0.2277221562353039,0.6510053967895362
45,0.5161340114316083,0.3342865143495884
39,-0.731457902911744,-0.17772920460216843
44,0.026813387014944748,0.5782254324349329
46,-0.8388192780448901,0.1943484848795445
25,-0.04035790466096273,-0.39714491369706784
30,0.6540037608316955,0.6041583158074001
32,-0.044073729152985276,1.0
