0,0.6787232207606954,-0.3217840942019885
1,0.837045688623643,-0.5023461254719881
2,0.48577368757633715,-0.7027593285483223
4,0.02215905167458344,-0.5309610166991374
8,-0.050846687733041795,-0.9230553480962116
9,0.09701818925654024,-0.29307408624144754
19,-0.43149333483528135,0.03064933713955832
22,0.46855407827724177,0.5538223625517286
23,0.06239436406675213,-0.04135458964005728
25,0.390900721449673,-0.3921343556551189
35,-0.5254919532181624,-0.30349619407374284
39,0.22188016118091403,-0.32972438111684876
42,0.6015694260416177,-0.06619444502729022
44,-0.23511181896871053,0.12029542691776553
45,0.07084764528218454,0.18624124389921684
46,0.31397201959883914,0.19135824135461318
47,-0.11284938730049822,-0.053501783213688946
48,0.2576597884434283,0.05845937369678201
5,0.5373140525211265,0.2261856269795991
6,-0.21799902257680917,-0.7233944725201297
7,0.383175342329471,-0.21567499157473569
11,-0.06463288528173236,0.16816639214276066
13,0.1951278943242755,0.3612891359206485
20,1.0,-0.07074720493490323
29,-0.0886917077297403,0.632947506647123
43,0.4815579815650456,0.04913611452434716
12,-0.18654777316636845,0.4250909653448176
36,-0.3555000949046883,-0.2393156034147207
37,-0.38551039709892926,-0.7482906685966951
40,0.15545770081656202,0.6434019108272812
3,0.2873629248888286,-0.566624076011713
16,-0.8776705648294073,-0.2538950819465562
17,0.6623110932005827,0.34124628011289915
26,0.03712796038087375,0.5149997656250974
28,0.30260747341637134,0.6450970126609562
32,-0.6319706643114399,-0.04785944895794332
33,-0.5671220546522461,-0.5383743199605745
34,-0.007980583985547303,-0.7698890780977604
31,-0.30973846226711055,-0.4631403087301364
24,-0.34944925762475165,0.47919616778361135
41,0.7596480469757915,0.5031483382763827
10,-0.564064302520557,0.4465888842071149
14,-0.5361606123134941,0.7380954966683285
27,0.1286666269228942,0.9683372999025501
21,-0.3420329266107002,0.015455962771067613
30,-0.7816050932658856,-0.08006930782162941
38,-0.10153859399544837,-0.31014281601360566
49,-0.2732984749392089,0.6674854156325166
15,-0.8567331203089817,0.2167560352999873
18,-0.5848153651355442,0.304352829680198
