input_data/5_10_graphs_0.75g_0.25ng/graph_sample_17 0.11514902114868164
0,-0.43499310990237994,-0.15672414481145927
1,-0.6975100789341335,-0.5218848996367876
2,-0.3991309591691185,0.12312363693489212
3,0.7278435180567149,-0.1624796170574605
4,-0.034818519166397506,-0.3443181335314253
5,-0.2996370821681103,-0.6116943319910648
7,0.06838267338518783,-0.10660624499680645
8,0.3135397725912593,-0.09814323191751187
9,0.11749901174927674,-0.5144105841883775
11,-0.35702994660101955,0.013017795115332024
13,-0.7299536799195727,0.4727159047571153
15,-0.7986601347509276,0.14457646653977493
17,-0.29495083836177516,-0.21843303153495353
18,-0.5230694579308908,-0.409436953283338
20,-0.00409618247819427,0.5167696016056033
24,0.28693230788620466,0.8380584068515494
26,0.15883780643415524,0.5653259880358896
32,-0.617828765872917,-0.17714203649153357
34,0.16836434585460128,-0.8547204012785924
38,0.6401275829471686,-0.39639954163930297
31,-0.29666664060657105,-0.4822590223684084
47,0.3746461511407009,0.26017776864518877
6,0.4563914724319926,-0.2706081729510153
14,-0.3213358074209129,0.26978749005280445
21,0.6750138632000318,0.5441695680868093
22,0.45404336999987605,0.1408750686040777
27,0.4585994365158352,0.4583974323852581
33,0.16123140529074712,-0.24418267356698162
35,-0.515693152242921,-0.7329573122047199
48,-0.5228763489643494,0.26999697260846756
25,0.7583270560510861,0.2140078266585407
42,-0.10370805500903639,0.7232401047944392
43,0.5165914928079257,-0.025987594035293438
44,0.3048010761179405,0.45068159041423345
10,-0.09109568652089234,-0.6238793257505254
29,0.13428010320025033,0.29888617319774663
49,-0.1269265165914779,-0.16026093695879293
19,0.0777311075586581,0.12787751701339606
36,-0.020656894335328024,-0.8021202476422921
40,-0.08925565504595594,0.13696758628824957
46,-0.33592157470747497,0.8564869348476121
28,0.7876123655913865,0.06985531793998896
39,0.26516084111928895,-0.7598301621027098
45,-0.2531679279667958,0.44532422163129665
30,0.39960146285090675,-0.45878750561211584
41,-0.062041397795102954,0.41531323605968
12,-0.561645366900011,0.5077157236528186
16,-0.7869494020111615,-0.06743118325884927
23,0.5021883799520725,1.0
37,0.47187257864016496,-0.6626510439104353
