0,-0.19045758319056297,-0.34555486138892366
1,-0.2825638136551677,-0.620566033990267
2,-0.36654879874189705,-0.14431119057530642
3,-0.6226811599441692,0.0992833908802949
4,-0.3283951079635856,0.22900220041691435
5,-0.8200020017683347,0.07725481843231374
7,-0.0487479927458589,-0.41419518332803196
8,-0.7218827625939149,-0.1775776998765493
16,0.1391830386265587,0.6367364899986626
17,-0.607810226968554,0.41011066810225194
19,0.41747330401925437,0.5801442340041902
23,0.3409711884979846,-0.5325208567722046
25,0.6335663622045542,0.22820694559215532
27,0.21867850016273233,0.44936594779494066
29,-0.09906764669619218,0.23089111283148808
34,-0.602438547668375,-0.49538217256978556
35,0.029505881142234396,-0.28598394985615394
42,0.5027694268809768,-0.5092796378678716
47,0.7092818349646713,-0.5431038647136275
6,-0.21706338281003976,-0.07010711444395726
12,-0.43042603169445753,0.40227750916472615
13,-0.25204189854422493,0.5635104939148633
24,0.3399101758098117,0.0878279128488285
32,0.07587866943930234,-0.9334744188509992
38,0.059783847597019754,-0.7372151571305807
40,0.06603365574982373,0.3411731509904682
48,0.5022260661163817,0.1422631349888561
10,-0.15306119618440445,0.40666529535802104
18,0.3260166994750663,0.7883836542500662
44,0.14222769523242176,-0.16039719543150951
46,0.6719651537317125,-0.1806082693274337
9,-0.4773715568344737,0.11179502929672445
11,-0.40488201705884946,0.5385857398102744
37,-0.3372434395774699,-0.32550135456011925
30,0.053511293113747256,-0.5639728650467735
15,-0.0384511494714064,0.7180941394201711
22,0.3242620059043751,0.27668413187104174
26,0.4953109651646417,-0.09186977436959803
28,0.466240084040973,0.43254962375320594
36,-0.07544470208077715,-0.026248214618065244
20,0.19929372838937412,-0.0018583355704109607
39,-0.4652265499636334,-0.04053759165589293
49,0.57510240472301,-0.3081886960848281
21,0.6630932491319693,0.03429629853108543
33,-0.5891379774237692,-0.37770649365617465
45,0.23207605233413056,-0.36312584568001033
14,-0.15585586018589262,1.0
31,-0.35532271909729385,-0.5104046648771161
43,0.10255626239371234,0.15875439371514938
41,0.3552065780168587,-0.1841648737244998
