0,0.41552654254243976,0.06117196915073009
1,-0.4472392399945649,0.14605474574784613
2,-0.6599861450262201,-0.3244972718813926
3,0.1102330067054546,-0.1097721159159516
4,-0.43788301747950154,0.618099299864626
6,-0.6720564846822603,0.33969226926677565
7,0.3647682123813631,-0.13708778153121864
13,0.19902941483467965,0.6962114257040979
21,-0.1766627986996587,-0.45052807968674174
23,-0.26188373171557927,-0.8327467733065058
25,-0.2616720975991892,0.7173678356079838
27,-0.057070388004434223,-0.27762586268394096
29,-0.5108505254851842,-0.4779493653401039
33,0.36409798644226404,0.650612962096972
36,-0.4037567611943562,0.37931251166220226
30,0.1181822738576759,-0.4211475244956838
40,0.9196390994825293,-0.09079854319198151
41,0.803765995105528,-0.5274218343942485
44,0.6358936781291094,-0.6832212822258177
49,0.7781901803145108,-0.2642739332521564
8,0.28700369630013134,0.4417378271850305
9,0.3583144948074498,0.27014291429037374
10,0.10821012031684209,0.374404967646265
12,0.5918575348686398,0.5666372638106141
14,0.3527256437545082,-0.44645659924495007
15,-0.8571418616273436,-0.38036894616243105
19,-0.6739329143665992,0.5819564561650741
22,-0.12292878897130302,-0.5879837894001092
35,-0.04233003512719014,0.5152028288749636
37,-0.8746497734078269,-0.0966074602412715
38,-0.5175978383025825,0.8209007175198477
43,0.6619295270783195,0.019165523504696465
46,0.23894219257060695,-0.8139048031467472
48,-0.008673788022061556,-0.8028809301433175
5,-0.47967423406255244,-0.6633236186729019
45,0.5783223899971831,0.26605367494128246
32,-0.2659850644561562,0.21028025228184757
39,-0.12140670042165595,0.3770358372600247
47,0.46056707787196516,-1.0
16,-0.5812727113392128,-0.10433868246425836
18,-0.1317480580766826,-0.05079780913957603
20,-0.3241117820173357,-0.26923280694921903
28,0.08330587859208194,0.1420625801853185
31,-0.44130706713067475,-0.014842973068895243
17,0.48449081267486055,-0.28945802755961014
34,0.013517599481751132,0.995386514449338
42,0.7936030261920944,0.2234016782598249
11,0.06183744423256333,0.833793407486768
24,0.25406264151421465,-0.3080803500327677
26,-0.7061946628386389,0.17866170116930088
