0,0.794777908138176,-0.3123236499586396
1,0.9857620101688476,0.07362629892365054
2,0.1293070003296355,-0.17606992401568433
3,0.8902518187638774,0.3206738797775362
4,0.27951424862806834,0.4263868639029497
5,0.2922765613843951,-0.32877398377086786
6,0.6420690557294708,0.4410942800394315
8,0.28871099610402295,0.03345517040950256
9,0.4836742561754431,0.06527930366236932
14,0.11577963041252264,-0.0429540670434399
15,-0.15801685884761002,0.0726237762286164
17,-0.14807027694670646,-0.7293328492450701
21,-0.2376045346656501,0.44610932304852224
29,0.33724770980507773,0.9999999999999999
38,-0.4151013693519886,-0.4224631722333326
43,-0.12366725167362659,-0.4618021238437549
44,0.3013209582867211,-0.9755188467991169
12,-0.09000223566188217,-0.27704710378664466
19,-0.2422122815414863,-0.10474764793752538
23,-0.26356692941471827,0.8048459974617465
25,0.24831537491064107,0.8008834885034057
26,-0.05748625392808363,0.46623881006249857
28,-0.482082296645706,0.5135841642846318
41,0.16290939502524845,-0.4612650293844524
46,0.20106407936619544,-0.6349646876559902
47,0.6655831577402895,-0.9699592026386721
49,0.6595453178024246,0.08134223186164226
7,0.13573604044419088,0.15905020718735102
10,0.4066299516815605,-0.18036695985736348
16,-0.5705550853716183,-0.005225488603237531
27,0.057979097810021356,0.3423319341522757
36,-0.8199407524772993,-0.3225801360533662
37,-0.5373220150990395,0.2788589116743106
30,-0.7044814865279243,0.37081492711200514
40,0.009271335090572099,-0.7110816855603287
11,-0.4012547200946313,-0.13565809497285056
32,-0.7767960596406649,0.07919223441323335
33,0.06582811806928758,0.6087904268108516
39,-0.9739355896158702,0.5868011243734905
31,-0.7552292677792551,0.20930664821829967
42,0.8908514796121865,-0.6220500648523709
13,-0.4229480621454462,-0.6960957163775987
18,-0.6042737017208317,-0.6410416530040804
20,0.012319141419416344,0.8588973561183179
34,-0.8797357322883921,-0.16094209588280392
35,-0.589746349703903,-0.2797659870587536
45,0.62254638410998,-0.1559041875691868
48,0.5034458852752829,-0.5031660352462249
22,-0.3973403345499708,0.690928690366304
24,0.4686525334087563,0.579984344758411
