0,0.40819726930126615,0.2822683502327952
1,0.17333501225405,-0.6402212947563403
2,0.43310473142869377,-0.378557789920389
3,0.21448296670457803,0.2254724564947937
4,0.22227570119539264,-0.23935891921760896
5,1.0,0.014433583441966383
8,0.5131865428775976,-0.21084181348740902
9,0.8536276613786873,-0.3918651568035669
16,-0.6345241174295982,0.3933803055205027
21,0.37544649746953435,0.8069586091329304
27,0.1290239182717969,-0.4265716418822665
28,0.7215071272040178,-0.07087917525934917
32,-0.2540133154799882,0.5435030149700024
33,0.21507353050663683,0.5363560301251163
36,-0.05053013323071105,0.6014339700527884
39,0.47355517854698354,0.5771182397923709
30,0.0029032827115524793,0.40319150813343757
40,-0.028821857592201874,0.19422382624943407
43,-0.2501403120521769,-0.6305876592770346
49,-0.1617815003308959,-0.11192919527836608
6,0.5276843128780819,-0.5768333303141534
7,0.37595569232085657,-0.6809897441972562
11,-0.6843892445316558,-0.02123440397456814
12,-0.5459694277821499,-0.13898010875396294
13,0.11404108323005029,-0.04027344065686164
20,-0.3171854544289956,-0.3996622431542887
24,0.7460015201176272,0.3355550997140928
25,0.6110288932196477,0.17558969137802855
29,0.7054819855372417,0.5861242800359976
37,-0.9849048431946225,0.15480023306125376
41,-0.07868770962172388,-0.7612045417766358
42,-0.4858021305520653,-0.7830311861731408
46,-0.557950274880804,-0.44367685216973624
47,-0.16485837837792783,-0.31437519600837605
18,-0.35286058056759834,-0.17150165605028478
19,-0.1796152622613402,0.08794248448911818
34,-0.3737183363093875,0.8471713555554429
35,-0.28383226069644885,0.3123312225057667
10,-0.5373352005087799,0.5974597624934525
22,0.28112064559923405,0.06274539082041544
31,0.1151906956200652,0.7886077277853689
44,-0.6434907208919534,-0.30631679388626737
48,0.0735106758891297,-0.7984211842780128
45,0.4691834259860916,-0.023451459297241906
15,-0.4023419893035583,0.13109315699183324
17,-0.6909245729713875,0.1998360895282365
26,0.703509142083043,-0.4167689560343281
23,0.020210907942863603,-0.29773132345998493
14,-0.9705057603340052,-0.2185857895547685
38,-0.844455016944736,0.6362544671170621
