input_data/5_10_graphs_0.75g_0.25ng/graph_sample_22 0.12342524528503418
0,-0.3489640273666869,-0.1508832144886247
1,-0.4971950507772971,-0.30287512820405715
2,-0.8270688387347251,-0.4925754855919262
3,-0.5349414491294927,0.27134458135226663
4,-0.32431108360223243,-0.4048131658238445
6,-0.8411040548626634,0.13828146430114258
7,-0.20315276449182743,-0.5941242076650719
8,-0.7969985139938615,-0.2217026603544183
9,-0.6404592661083037,0.6774353864325959
10,0.4031178512267012,-0.2174117717749499
13,0.9367162508139014,0.39946479437344556
16,0.1812700793743294,-0.4557308737453049
19,0.17211967948873222,0.46957832793342064
29,-0.3077683083592764,0.9028021459701601
32,0.6813418427641941,-0.5608266168918515
33,0.27234318730640766,-0.7932578721833656
37,-0.1157424064952326,-1.0
38,0.07385250369415912,0.005635741885361812
40,0.22240320476002767,-0.05129521896546285
45,0.0925252161733783,-0.19279454701778306
11,0.006428368152398962,0.2303834917620837
14,0.21452878575708384,0.776992262795267
21,-0.7396468096309372,0.3784167800250787
24,-0.3872345029110998,0.6499340247192213
26,-0.22435291245865235,0.15501950104307116
39,0.3401298785943352,-0.41942644741540197
41,0.6005665192273258,-0.048497496887717886
49,-0.13647510886966271,-0.27584570077359116
5,-0.412822100803753,-0.5413307057331497
18,0.561529360108089,0.32345462234279315
22,-0.4027894601454195,0.4403487027232672
31,-0.21780687561347856,-0.8350648835322578
20,-0.14435911136119423,0.5700693873497298
27,0.018487367486451564,0.9707508058592942
36,-0.024478100807988724,-0.4150105498245313
46,0.5292533742231824,-0.2189926456589673
15,0.7902541705383662,0.11971164415819084
34,0.30383681276203894,-0.6899365191064296
30,0.6523234086061972,-0.4013819959941598
17,0.26963751155321586,0.30217766945455593
25,-0.640400827246905,-0.040174758938994956
42,0.5055043005981219,0.13095462599853985
44,0.5111993723824402,0.4964044795663863
48,-0.15995339782852175,0.3864395499175382
12,0.3233843214873014,0.6202343015069964
23,-0.14877730346733692,-0.04503432514627521
43,0.35894312197262457,0.13567200303896887
35,0.5108512936524202,-0.7613441007375085
47,0.01665408058163998,0.45298297818693944
28,-0.472399588218526,0.12584161975931918
