input_data/5_10_graphs_0.75g_0.25ng/graph_sample_27 0.1186223030090332
0,-0.016833923895306857,-0.9139486534509152
3,-0.08366744995887386,0.6822444802799881
4,-0.6179262806144308,0.047199778709604595
8,-0.6035656654696259,-0.5096637084509199
10,0.15718249666400808,-0.9322941657862511
18,0.3602882081934762,-0.7485323292163059
21,0.6356709447546336,-0.13707472575281815
22,0.15930567613739782,0.05660836318480149
24,0.20733987416908614,-0.49453538491636356
32,0.31979117937556667,-0.3156234267781112
33,-0.4987965215883611,0.3379745137579186
39,0.28452854757603047,0.14510633521771188
41,0.29071065928464856,0.3190799287032949
45,0.9567509479507981,-0.13319691334027317
47,0.7963487272641299,-0.5402894029253832
1,-0.5307110387856893,-0.32346027087425233
2,-0.0850844331106321,0.10073177288656977
5,-0.13850691854466118,-0.3286813330673986
6,-0.3991713140737993,-0.00656464765081492
7,-0.662872774049248,0.32249851490058445
9,-0.5688525955771456,0.5820299307826368
11,-0.47340969848799486,-0.728187841466691
12,-0.8063140974679049,-0.3333860309018144
13,-0.7219583027754141,-0.12442350796137105
16,-0.40798224227052426,-0.9756729526269831
25,-0.2440674725679346,-0.7073840652262311
27,-0.0364026219877628,0.41236417989210644
42,0.5038928219320047,0.3404144914988399
44,0.39514376247770167,-0.10230173302556397
48,0.2823390791696072,0.7358502584990492
20,-0.15069479571348637,-0.09633518723980744
28,0.1796411598999854,-0.14333630082253346
29,0.9169711162437973,0.09534160361823359
34,-0.2828459152877048,0.2829892365264931
31,0.0687597338861169,0.9979391247172985
49,0.5343102633809175,0.6827220804169025
14,0.06034415823688954,-0.3368863751609624
26,0.5782677279728189,-0.42125058770312396
36,0.9129530257274892,0.4364094162036833
38,-0.2084575042133884,0.4019197213674072
40,0.18680549504436256,0.5456935267501768
15,-1.0,-0.5395574383297628
23,-0.31277789254082944,-0.33107628740675676
35,-0.4083171754300348,0.7043170110056827
37,0.6811297977012091,0.11935762358204172
17,-0.03298455898345644,-0.5755095789995672
46,0.6810325436494645,0.4636924144114822
30,-0.33356910865923683,0.8889759424110122
19,-0.9180868609613259,0.17949221486672634
43,0.3943492163226454,0.9182203848907353
