0,0.33664052625996754,-0.0016939148148756838
1,0.4794778222928272,-0.7739459729139173
2,0.34175112318340845,-0.33208125589292475
3,-0.2428486368908489,-0.5850254242360609
4,0.07145459121559633,-0.04284598722605719
5,-0.32374453282479143,-0.8577028547629117
6,0.1095620689511907,-0.8643071126919118
7,0.857658189792285,-0.2662577643129614
8,-0.16379076804542683,-0.38746394140054236
10,0.4186743316357695,0.9853897607256221
12,0.238154684855187,0.8284171506033363
13,0.24932968372074865,0.20861583602158326
14,0.6863812042856617,0.6877507232162391
15,0.44378046904545865,-0.16156152067055055
17,0.40360126281543995,0.28108695734633254
19,0.9999999999999999,0.1566530325267297
21,0.6554185690014632,-0.36390186126079144
28,0.3433767912123258,-0.5206092460508289
29,-0.6018239422144732,-0.5050817109690823
32,-0.3397839641106668,0.08655091393235065
34,0.5187743139234386,0.05248961693470191
36,-0.12995540800758132,0.09972825784187744
30,0.07872752142998546,-0.30576242663732517
9,-0.6558432752053562,-0.2809729359172927
16,0.27503200716286297,0.504234607959842
18,-0.3928722059289429,0.24578688760777365
23,-0.01327387507398501,-0.55042181670156
26,-0.2357620572646735,-0.1722213483712269
43,-0.04793189630952342,0.2346166817221578
37,-0.18115668663987705,0.5655578180419495
38,-0.45230904237173875,-0.37243104919535563
39,-0.06313805130839542,-0.8741330017734803
42,-0.7274611233651823,0.3561185701694093
48,-0.4262445503342138,0.4995735958175968
11,0.09255317621720822,0.4626906878024054
20,0.6816814983608293,-0.5976632533479632
35,0.8533835005862442,-0.09640586125563444
40,0.4518129274833592,0.5594950570715305
46,-0.741599521274071,0.11887274591465204
41,-0.2536288815681126,0.9296003281401235
44,-0.04505513448752965,0.9284120976143992
49,-0.679478074902456,0.8203918404640442
22,-0.6136476470108373,-0.799559984039341
33,-0.5720664317453402,-0.12166644969638053
31,0.23328673946397674,-0.7766234002337165
45,-0.6058460463297132,0.5475711363927565
47,-0.9173046476193102,0.1962524373186226
25,-0.17235122275949546,0.3731450340696943
27,0.6722834483959812,0.18269101833697574
24,-0.8938788276986546,-0.30135269921999175
