0,0.029105005392804282,-0.23829024552099076
1,0.6860633823843454,-0.3874056971550153
2,-0.5066656324314567,-0.8379213571288923
3,-0.9250379360121534,-0.05378956872114479
4,-0.7072255198209313,-0.20178218566873543
5,-0.6580343014610246,0.5059859761720401
6,0.18481206894806163,-0.368019385613734
7,-0.3112395329137187,-0.5554418460986514
8,-0.7525105519892613,-0.5421951175232992
13,0.06684845394353253,0.7293714450379231
14,0.7879519997695283,0.5083484169936691
17,-0.17757213387284224,0.23412935031410717
20,0.0824911800691036,-0.7640531827707149
21,0.32679272836038686,-0.7360919292433098
26,0.47666251476184635,0.11846042361989655
35,0.6639149630565302,-0.6978536704183923
37,0.22579561704224146,-0.09939228115494203
38,0.5204745712528837,0.5428605158349954
41,-0.13548399122656984,-0.6068326127868453
48,-0.5396825955740508,0.08831986901934576
9,0.363896902879722,-0.3312042197755034
11,0.5907295124940546,0.29559703279097244
23,0.1628353678066532,-0.586757883217939
28,0.7626061241827798,-0.1267231805283855
32,0.334768266020644,0.5722348591931978
46,0.38864058171546534,-0.03659100948807171
22,-0.12768774010270745,-0.3593691206417739
24,-0.2318906698943762,-0.8868136968053997
31,0.06073639078744619,-0.03294314663110828
40,-0.41031497478597423,-0.20091354148040116
43,-0.7522941736807089,0.3866580091981865
45,-0.41286342313077196,0.29230703758561155
16,0.6012166373339232,-0.03726198043517217
18,-0.38764258546783936,0.017243255880838457
19,-0.19948234296645473,0.6360577123305464
36,-0.14204419462540424,0.890282631568488
47,-0.25255331791720664,0.39694016114856645
25,-0.5194179719561698,-0.546339694038542
33,0.17626674704872974,0.194700917186701
42,-0.7463116973626134,0.1743535786042257
44,-0.47893188723033664,0.7960057570996679
27,-0.1835321750226224,-0.0506480985109717
29,-0.5693538146914099,-0.3539712391145229
10,0.4693789822769137,0.7914952717590543
12,0.18152457005294542,0.5783787416730299
39,0.48565442356033317,-0.5146871845664318
15,-0.04842663936060654,0.47520355279180987
49,0.45554154665855484,0.2871314114471286
34,0.09149126569776526,0.32331507998250486
30,0.9999999999999999,0.31791206780637377
