0,-0.04625521568469382,-0.11950341608756929
1,0.16515484314198225,-0.9789797677191674
3,-0.3247489897211997,-0.8573724369531063
4,-0.3582250155500043,-0.1841136551607389
5,-0.20331858155085727,-0.3071470856735555
6,0.0035896950759022367,-0.5731341771201931
8,0.5234922251436227,-0.8087187134032225
9,0.208710046277326,-0.2651319239895414
12,-0.004021270094697399,0.7366515749220284
16,-0.19116827337572997,0.8824894884179066
26,0.7502526648494894,0.4720466372173261
27,0.578805153829621,-0.43225568922474156
35,-0.5797970430396583,-0.3011348335376319
36,-0.643391957056121,0.37824196033813123
37,-0.7507277789998357,-0.512019049647649
38,-0.4963295877800382,0.5339978024300689
39,-0.8560125233687845,0.386741746485389
30,-0.0880662297118986,0.04921617917122273
31,-0.28384422359712835,0.5890219297572041
42,-0.7362481441719692,-0.05080857740820339
43,0.6273884471523101,-0.19157259487152806
46,0.15143513657406832,-0.010504549691403057
49,0.017721389050067763,-0.3294470589714671
2,0.3481251097322845,-0.25099383201965797
7,0.2049409911144515,-0.4864380363079476
21,0.9999999999999999,-0.1545009515882202
28,0.7769802179706273,-0.23497943850131967
32,-0.6676975943834124,-0.19519745730328258
33,-0.28286548506871156,-0.5149812998615099
17,-0.26994698178613935,-0.03463730424420042
19,-0.49884115111467386,0.0829896836547192
22,0.4053188611977958,0.7690639726746051
23,0.37877095060334065,0.17887695803156767
24,0.5183172286605405,0.525351691940879
25,0.3768562210842233,-0.6002264650243561
34,-0.6307006703268216,0.7267891270314109
44,0.016076189083077834,0.32858179170867036
11,-0.7722808936449627,0.10943496466751665
14,0.5705038969436965,0.13775117829009342
18,-0.12361232988257997,-0.6836450651429838
40,0.15772642991883604,0.44453137631330314
20,0.7599272582555827,0.062336952184805595
47,-0.3901817606589141,-0.4564694060251008
15,-0.4072418216058665,0.2908899436363675
29,0.2000699760857549,0.20714961020643224
48,0.47301864167770247,0.35251824072085314
13,-0.216001231340016,0.19397072098423643
10,0.2498162249567012,0.6808609798799524
45,-0.10753103757224804,0.5049907768942309
41,0.466057992707965,-0.09058250208062482
