0,-0.4875772299206248,0.5321143926907631
1,0.38906519372443593,0.9453038067898376
3,-0.42664905040126205,0.0011794982565415575
4,0.20723789962242556,0.8041244884346841
5,0.3762927325005233,0.2444691521200965
6,0.18972446601752588,0.14641694721977858
7,-0.09570116331234818,0.6587379136025622
8,-0.06258426260409408,0.850740028091162
9,-0.29657716124149797,0.22131773464972182
11,-0.1698591027828173,0.03618834061988054
13,-0.3372214845861263,-0.18074169814128263
14,-0.5292100741833702,0.8245255588217616
18,-0.2061254281766602,0.3549151841305317
25,-0.10099580736868724,-0.8028368439707707
32,0.5101134602840912,-0.20373824613434624
35,0.006780798267277672,-0.11470743467582654
37,0.4463211519292686,0.08269042644826662
42,-0.40951903700359,0.15338811397181465
48,0.6989872861100027,-0.266818933953235
2,0.5523124572111878,0.5995998669119699
16,0.20158456559607646,0.3944521364012071
28,-0.18426390556099112,-0.2804082241879024
36,-0.014863164349735187,0.1928713499868573
40,0.9310658083861388,0.0827810959542226
45,0.8151827372758362,0.46716869580496145
47,0.7761927409448993,-0.1348637249971104
15,0.19565694566158362,-0.12456783388760337
19,0.6107403452278982,0.35141740152009154
43,0.2528902701229705,-0.3254210774419549
44,0.6240380107325104,0.07024658429843218
10,-0.5230298804290489,0.36545999699107606
27,0.1101694954236182,-0.8303505085767554
31,-0.29815731445986193,-0.5139352361722949
41,0.6607654155972437,-0.5885743448425327
46,0.011778129604300622,-0.36813736131359925
38,-0.3087007610695376,0.6335495425973178
39,0.4625406326840391,-0.4347871864780229
20,-0.6755054770376396,-0.11630998591156237
30,0.08700487827723814,-0.6437186698330833
22,-0.4765038568897773,-0.36618974622499895
29,-0.7149704419100023,-0.6092174699105257
17,-0.06308324908523931,0.5014068291628018
24,-0.33665308072979183,-0.7568423730762912
33,0.295515698167829,0.49009831828441963
23,-0.6333414378027936,-0.8605969932288068
26,-0.8103207476010849,-0.3844439656760702
12,-0.8977094182890459,0.26529739423725757
21,-1.0,-0.061225951123594996
34,0.23230021178638235,-0.5258672864046399
49,0.4148612056403219,-0.7761597018352103
