5,-1.15997,1.39928,-7.6592,2.4001
3,-1.16242,1.43568,-7.69435,2.36451
4,-1.14886,1.47107,-7.71208,2.30067
7,-1.15799,1.44512,-7.78983,2.39274
6,-1.18351,1.45669,-7.70913,2.35545
9,-1.13445,1.43562,-7.59805,2.26716
2,-1.16357,1.46782,-7.72243,2.32192
1,-1.1637,1.44323,-7.70831,2.35411
0,-1.13236,1.46107,-7.65722,2.29789
8,-1.13255,1.46451,-7.58736,2.25675
46,-0.970989,1.44559,-8.01357,1.97392
48,-0.957501,1.41777,-7.93741,1.92609
49,-0.958932,1.39254,-7.89193,1.92227
42,-0.911538,1.32174,-7.87551,1.93511
45,-0.946408,1.38855,-7.83907,1.92517
40,-0.880057,1.29345,-7.89273,1.90675
47,-0.905284,1.37193,-8.06398,1.99124
44,-0.964605,1.40874,-7.93518,1.96626
43,-0.977753,1.46345,-7.95338,1.987
41,-0.960758,1.46026,-8.00084,2.03264
37,-1.29624,1.66119,-7.65954,1.75644
34,-1.30255,1.63759,-7.62195,1.75566
32,-1.32544,1.67984,-7.64562,1.73672
39,-1.32929,1.63992,-7.60521,1.68434
36,-1.27715,1.65956,-7.6418,1.74501
38,-1.30839,1.63129,-7.61824,1.68544
30,-1.33938,1.66357,-7.63488,1.70468
33,-1.33954,1.64295,-7.6885,1.70619
35,-1.33652,1.68916,-7.74433,1.74159
31,-1.31474,1.7066,-7.81006,1.81343
14,-0.736323,1.81658,-7.32744,1.93252
19,-0.813763,1.72614,-7.28879,1.92174
13,-0.802702,1.7951,-7.39504,1.95077
16,-0.744238,1.80046,-7.38018,1.93895
11,-0.849167,1.80417,-7.48336,1.98017
17,-0.732141,1.89663,-7.51854,1.97066
18,-0.723248,1.82855,-7.30767,1.9412
15,-0.784564,1.78374,-7.42534,1.9634
12,-0.747731,1.89122,-7.51101,1.96288
10,-0.673481,1.86487,-7.44174,1.95636
23,-1.36659,1.95153,-7.63436,2.23608
24,-1.30481,1.86872,-7.73096,2.22965
26,-1.31033,1.847,-7.51595,2.15669
29,-1.36042,1.89318,-7.61512,2.19525
25,-1.3433,1.91921,-7.55028,2.22973
22,-1.32822,1.88554,-7.65314,2.16819
27,-1.25136,1.83132,-7.81531,2.21993
20,-1.33936,1.91432,-7.49971,2.19648
21,-1.38128,1.95924,-7.52205,2.16822
28,-1.31575,1.87702,-7.58754,2.19132

