48,-1.39188,2.41787,4.68248,2.6398
49,-1.3629,2.40622,4.52967,2.657
45,-1.33017,2.37691,4.6,2.6115
41,-1.33912,2.35481,4.62394,2.59588
42,-1.36992,2.35717,4.6757,2.61326
47,-1.32669,2.32306,4.62136,2.55726
46,-1.35172,2.41724,4.48852,2.66528
43,-1.37446,2.43531,4.59782,2.6895
44,-1.37079,2.34695,4.56993,2.57768
40,-1.3672,2.37921,4.56307,2.58968
25,-1.53735,1.78395,4.66017,2.03004
20,-1.5836,1.79431,4.69852,2.05269
23,-1.68839,1.75467,4.72417,2.06488
27,-1.72935,1.67775,4.71756,2.02749
21,-1.59673,1.84023,4.7929,2.07904
22,-1.55942,1.75315,4.65683,2.01685
24,-1.70822,1.76702,4.7826,2.06502
26,-1.64003,1.81604,4.73653,2.06701
29,-1.62899,1.81626,4.67771,2.05204
28,-1.73017,1.78672,4.84387,2.1383
38,-1.88352,2.7243,5.31578,2.31943
30,-1.90308,2.6213,4.97997,2.17197
39,-1.97217,2.716,5.19533,2.26252
32,-1.98956,2.74353,5.14319,2.22408
37,-1.98076,2.7753,5.14045,2.20635
36,-1.99653,2.72547,5.07993,2.17676
33,-1.89168,2.69176,5.10147,2.20586
34,-1.95432,2.75087,5.16371,2.22205
35,-1.86894,2.65809,5.14448,2.21522
31,-1.91555,2.6694,5.13467,2.24756
13,-1.22375,2.38275,5.1186,1.77934
17,-1.18396,2.35643,5.01436,1.77857
19,-1.23002,2.33722,5.01824,1.86009
10,-1.20647,2.41337,5.13645,1.80341
16,-1.17803,2.2818,4.98092,1.7014
18,-1.23683,2.40898,5.08232,1.77717
11,-1.25814,2.38337,5.14671,1.77407
12,-1.21376,2.35343,4.99578,1.83096
14,-1.21894,2.41793,5.21272,1.86416
15,-1.23455,2.32315,4.9446,1.89167
5,-1.01109,1.91168,5.01901,2.40894
2,-0.983048,1.93275,5.11938,2.50235
4,-1.05904,1.97896,5.12378,2.5086
7,-0.93495,1.92144,5.07431,2.45718
1,-0.955397,1.86083,4.92146,2.3935
9,-0.893589,1.87764,5.13701,2.50987
8,-0.854525,1.82809,5.01284,2.46376
3,-0.985518,1.92262,4.99946,2.44785
0,-0.988112,1.90296,5.03395,2.45614
6,-0.973687,1.82897,4.90144,2.35143

