41,-1.3019,0.842712,-5.73464,-2.91214
45,-1.19309,0.7754,-5.77247,-2.93682
48,-1.36253,0.849209,-5.6724,-2.90411
42,-1.274,0.831299,-5.64955,-2.87831
49,-1.28561,0.831947,-5.62916,-2.84521
47,-1.25506,0.83411,-5.69929,-2.94526
46,-1.14022,0.748741,-5.64388,-2.92354
44,-1.1464,0.731051,-5.57893,-2.8698
43,-1.36548,0.918917,-5.60628,-2.82589
40,-1.4619,0.903458,-5.74421,-2.91615
34,-1.04066,0.0224883,-5.65334,-2.93309
35,-1.06424,0.0628944,-5.73802,-2.91926
38,-1.01122,-0.004028,-5.6628,-2.89977
31,-0.956237,-0.0116103,-5.6273,-2.89769
37,-1.08635,-0.00466434,-5.75243,-2.9336
30,-1.04877,0.0299473,-5.71756,-2.9319
32,-1.08049,0.0187207,-5.57824,-2.85824
36,-1.089,-0.0298702,-5.62695,-2.89183
39,-1.07044,-0.0463641,-5.62766,-2.89366
33,-1.10682,0.0216556,-5.7838,-2.98249
7,-0.55688,0.257212,-5.95286,-2.24887
5,-0.532281,0.239587,-5.80523,-2.24456
6,-0.562058,0.259416,-5.83882,-2.22673
2,-0.555202,0.244671,-5.81811,-2.19992
1,-0.57438,0.250097,-5.94967,-2.25608
8,-0.515628,0.239587,-5.92538,-2.35686
0,-0.540442,0.24761,-5.89155,-2.27872
4,-0.533048,0.265357,-5.7779,-2.25095
3,-0.571132,0.280293,-5.93554,-2.25457
9,-0.556595,0.249135,-5.87293,-2.21045
22,-0.449725,0.447385,-4.90338,-3.33658
26,-0.462899,0.474964,-4.89128,-3.24721
27,-0.409803,0.454822,-4.93155,-3.20621
25,-0.498217,0.504671,-5.00901,-3.42992
20,-0.452564,0.43379,-4.94731,-3.21468
21,-0.44401,0.448196,-5.08212,-3.30348
29,-0.46403,0.476296,-4.95325,-3.36179
28,-0.473474,0.454783,-4.9288,-3.40038
23,-0.495576,0.437403,-4.88929,-3.25608
24,-0.514004,0.473926,-5.02589,-3.2994
14,-0.387201,1.05506,-5.67761,-2.70753
17,-0.334545,1.24924,-5.6017,-2.65289
15,-0.345472,0.913941,-5.68937,-2.81524
16,-0.469847,1.0347,-5.64067,-2.73531
11,-0.496584,1.03864,-5.71943,-2.67748
12,-0.377389,1.13057,-5.62367,-2.66716
10,-0.438031,0.969826,-5.65381,-2.68794
18,-0.392934,1.06902,-5.76082,-2.75833
13,-0.401169,1.02848,-5.59885,-2.6778
19,-0.37484,1.08306,-5.58832,-2.6571

