35,-1.14157,0.910901,5.80876,-1.73416
39,-1.13818,0.878307,5.9387,-1.83445
33,-1.17209,1.0598,5.9557,-1.78898
37,-1.12025,0.994334,5.96206,-1.77931
30,-1.17488,1.00167,6.01804,-1.79616
32,-1.19806,0.96848,5.99073,-1.81502
36,-1.18664,1.08529,6.06492,-1.81759
34,-1.1609,0.984978,5.98653,-1.76434
31,-1.1288,0.995997,5.88035,-1.77782
38,-1.1935,1.08029,6.09127,-1.77561
3,-1.82877,1.82328,6.82244,-1.95532
8,-1.89702,1.8891,6.95774,-2.09496
9,-1.84975,1.85187,6.66259,-1.9619
0,-1.72433,1.78312,6.93472,-1.99129
7,-1.683,1.74682,6.74453,-2.02325
2,-1.70055,1.77079,6.82493,-2.01142
1,-1.74574,1.81798,6.62001,-1.98968
5,-1.73571,1.79728,6.78285,-1.93978
6,-1.69248,1.73818,6.78327,-1.90593
4,-1.73914,1.7791,7.01,-2.03575
10,-0.843002,1.63732,6.24959,-2.08306
14,-0.821251,1.68023,6.3202,-2.12714
12,-0.963846,1.56884,6.33012,-2.02919
11,-0.862902,1.7162,6.3835,-2.12998
17,-0.864491,1.54527,6.26481,-1.99288
13,-0.907466,1.71274,6.30052,-2.1232
19,-0.906081,1.64949,6.30867,-2.04714
16,-0.931965,1.69819,6.27298,-2.20719
18,-0.985254,1.61805,6.41426,-1.98974
15,-0.901625,1.63329,6.32616,-2.01235
43,-1.60498,1.71408,6.8386,-1.3686
42,-1.58407,1.59426,6.64295,-1.17414
49,-1.61035,1.59865,6.72841,-1.24079
41,-1.49536,1.58182,6.75625,-1.35135
47,-1.55345,1.56995,6.65988,-1.2515
46,-1.58048,1.62553,6.83865,-1.31495
48,-1.51203,1.57714,6.66248,-1.30974
45,-1.51179,1.60909,6.83487,-1.32491
44,-1.47896,1.60459,6.69612,-1.31939
40,-1.56071,1.60121,6.68449,-1.26523
26,-0.630707,1.36594,6.64469,-1.39689
25,-0.551449,1.33108,6.42762,-1.33703
28,-0.619965,1.3296,6.56157,-1.41308
20,-0.565848,1.30993,6.48858,-1.33857
21,-0.639831,1.34848,6.53906,-1.43367
29,-0.66271,1.361,6.44399,-1.34407
22,-0.518244,1.38716,6.58502,-1.31368
27,-0.68952,1.34545,6.36534,-1.42179
24,-0.654433,1.3462,6.52159,-1.36796
23,-0.65786,1.36076,6.44139,-1.41957

