27,1.12871,3.25024,-5.32323,1.80636
26,1.07456,3.19383,-5.26811,1.76202
22,1.11342,3.22413,-5.33762,1.82573
28,1.0934,3.20325,-5.14065,1.75456
21,1.06184,3.15982,-5.25813,1.76399
29,1.08903,3.19676,-5.25622,1.7932
25,1.09085,3.18111,-5.26354,1.77829
23,1.09087,3.23425,-5.33741,1.76709
20,1.1052,3.20026,-5.26184,1.72882
24,1.10143,3.25306,-5.25589,1.80126
46,0.490342,2.18507,-5.8838,1.50487
45,0.50257,2.15181,-6.14561,1.56025
40,0.544291,2.26798,-5.83965,1.57801
47,0.484773,2.17087,-6.01465,1.49166
43,0.429111,2.07031,-5.93356,1.48766
49,0.463929,2.1654,-5.8927,1.53577
48,0.523955,2.31952,-5.92976,1.61542
41,0.486977,2.18436,-5.88462,1.51918
42,0.461325,2.1348,-5.90199,1.55886
44,0.496816,2.15452,-5.87156,1.5151
12,0.2503,2.84048,-5.23303,1.63446
19,0.239575,2.81213,-5.21777,1.62706
18,0.284387,2.7765,-5.24142,1.65846
14,0.14145,2.85193,-5.07747,1.63562
10,0.136442,2.83859,-5.03291,1.53507
13,0.193673,2.81474,-5.10051,1.58199
15,0.374816,2.71714,-5.22388,1.61082
17,0.23573,2.87177,-5.11655,1.6366
11,0.274818,2.77811,-5.09307,1.54754
16,0.184998,2.90168,-5.1694,1.60802
36,0.854627,2.24627,-4.93954,1.94681
35,0.85405,2.23927,-4.91829,1.9181
38,0.833621,2.32766,-4.94226,2.00118
39,0.787129,2.15406,-4.83571,1.99575
32,0.85686,2.18131,-4.80216,2.00186
34,0.802582,2.21663,-4.77882,1.89497
31,0.868805,2.21338,-4.84295,1.95025
33,0.788905,2.19511,-4.81277,1.93649
30,0.816357,2.17525,-4.7609,1.89744
37,0.855525,2.1411,-4.76653,1.97684
0,0.951288,2.51692,-5.30979,1.20961
8,0.942383,2.51816,-5.27062,1.20144
3,0.865746,2.41776,-5.15194,1.27319
1,0.883399,2.43581,-5.27572,1.30979
5,0.936162,2.42645,-5.12583,1.13365
2,0.953909,2.45496,-5.22195,0.967786
9,0.988152,2.57225,-5.44294,1.1385
4,0.890714,2.5058,-5.265,1.36803
7,0.897566,2.47328,-5.28343,1.22765
6,0.912487,2.40648,-5.2297,1.13833

