27,0.985524,0.751562,-4.18904,7.13701
22,0.993453,0.727104,-3.93468,6.88582
25,1.03155,0.733941,-4.01802,6.98613
26,1.04089,0.652312,-4.29345,7.06489
24,1.02067,0.781915,-4.06227,7.07634
29,1.01337,0.712777,-4.03032,6.94968
21,0.974367,0.677813,-4.10822,6.91012
28,0.95858,0.643321,-4.15357,7.01646
20,0.953142,0.648482,-4.20972,6.9874
23,1.06489,0.74443,-4.12303,7.07766
46,0.996246,0.153669,-4.53761,6.49234
44,0.896485,0.281406,-4.5102,6.43695
48,0.919825,0.273299,-4.50574,6.43241
45,0.983217,0.194528,-4.49395,6.45312
42,0.967198,0.269346,-4.55201,6.48632
43,0.876883,0.322438,-4.39469,6.41989
49,1.00594,0.231926,-4.51911,6.38658
40,0.950669,0.270281,-4.53416,6.6062
47,1.00322,0.162477,-4.65979,6.68601
41,1.01883,0.259853,-4.6172,6.57459
12,0.403368,0.573292,-4.46114,6.7616
13,0.470108,0.568376,-4.52256,6.80232
15,0.36094,0.609429,-4.64205,6.83427
19,0.442997,0.579889,-4.61348,6.92743
11,0.396331,0.638887,-4.54466,6.76578
10,0.401202,0.571122,-4.53703,6.77603
14,0.354062,0.586953,-4.60437,6.82378
18,0.352058,0.625129,-4.5361,6.77429
16,0.511293,0.522868,-4.52609,6.75512
17,0.393224,0.533716,-4.45637,6.67253
36,0.594083,0.198675,-4.3884,7.21221
34,0.57942,0.280261,-4.33736,7.06308
33,0.610677,0.305714,-4.39656,7.06203
39,0.555531,0.316486,-4.3726,7.01615
35,0.540465,0.21906,-4.40454,7.17937
38,0.561334,0.309422,-4.30222,7.00215
30,0.554319,0.212221,-4.3178,7.03195
37,0.549838,0.248728,-4.43918,7.21265
31,0.621299,0.269959,-4.44841,7.12848
32,0.559722,0.247827,-4.40316,7.11168
0,0.944841,0.606937,-4.67011,6.95167
2,1.00598,0.745245,-4.67537,6.92017
3,0.950414,0.652034,-4.64219,6.87281
5,1.0374,0.803572,-4.66701,6.78841
8,1.02569,0.753506,-4.76329,6.99362
6,0.983929,0.661872,-4.67344,6.91887
1,0.930715,0.644131,-4.56579,6.7939
7,1.01339,0.701543,-4.59148,6.84974
4,1.0341,0.807986,-4.7221,6.78342
9,0.939074,0.639675,-4.54105,6.77029

