36,-0.187165,-0.120943,-8.1358,-0.772625
37,-0.253956,-0.243563,-8.12217,-0.813225
32,-0.217977,-0.245011,-8.17771,-0.753467
30,-0.186431,-0.211161,-7.92524,-0.734179
35,-0.258459,-0.280133,-8.17868,-0.809753
34,-0.204729,-0.204402,-7.96255,-0.78857
39,-0.227255,-0.24174,-8.10658,-0.752983
33,-0.207859,-0.234547,-7.97429,-0.773972
38,-0.220265,-0.270342,-7.99306,-0.775165
31,-0.200201,-0.204757,-7.94784,-0.750459
47,-0.181163,-0.815695,-7.46613,-0.92897
44,-0.244036,-0.769986,-7.49626,-0.939571
42,-0.187859,-0.927205,-7.42817,-0.903485
45,-0.194743,-0.876311,-7.53556,-0.945106
43,-0.217789,-0.860409,-7.40963,-0.924168
41,-0.163988,-0.933791,-7.34004,-0.925165
49,-0.232167,-0.816789,-7.39223,-0.912514
40,-0.154768,-0.841306,-7.3689,-0.904195
48,-0.263633,-0.798691,-7.52467,-0.932283
46,-0.248636,-0.775749,-7.4123,-0.917012
21,-0.54787,-0.600526,-8.14915,-0.591575
28,-0.578495,-0.61114,-8.16108,-0.472622
20,-0.534267,-0.575078,-8.07045,-0.56362
25,-0.500814,-0.555367,-8.37283,-0.670827
23,-0.547177,-0.619449,-8.21771,-0.554506
24,-0.542179,-0.571172,-8.14333,-0.612476
29,-0.558774,-0.610253,-8.13496,-0.536196
27,-0.578133,-0.624882,-8.18386,-0.416128
26,-0.566801,-0.625792,-8.21372,-0.445796
22,-0.539875,-0.611957,-8.06505,-0.52362
3,-0.753232,-0.499136,-8.04844,-0.9921
2,-0.894026,-0.48142,-8.07908,-1.01001
8,-0.694217,-0.520088,-8.0864,-1.00325
4,-0.760272,-0.509546,-8.05255,-0.962448
1,-0.994539,-0.458706,-7.91878,-1.01328
9,-0.749921,-0.516489,-7.97806,-0.965992
6,-0.928253,-0.460132,-8.07857,-1.03358
7,-0.904095,-0.447058,-8.0192,-1.01724
5,-0.838043,-0.453668,-8.05477,-1.03689
0,-0.952807,-0.438773,-7.96704,-1.01508
15,-0.392454,-0.511606,-8.42634,-1.40561
17,-0.35624,-0.484343,-8.40868,-1.49534
10,-0.364436,-0.506809,-8.25311,-1.35216
13,-0.382568,-0.53935,-8.30642,-1.30631
11,-0.368154,-0.532586,-8.27547,-1.35796
12,-0.406765,-0.513766,-8.35779,-1.36325
14,-0.392068,-0.522964,-8.32397,-1.37478
19,-0.338744,-0.492997,-8.18564,-1.40076
18,-0.410754,-0.512978,-8.37681,-1.30604
16,-0.387688,-0.553543,-8.51069,-1.39276

