5,-0.924298,-0.736234,-3.63134,7.08504
3,-0.926071,-0.684361,-3.67871,7.1829
4,-0.944273,-0.651562,-3.58281,7.03066
7,-1.00465,-0.725408,-3.73255,7.28296
6,-0.883251,-0.6705,-3.68368,7.23816
9,-0.936061,-0.698054,-3.60913,7.0389
2,-0.901547,-0.685625,-3.59681,6.9799
1,-0.886911,-0.633864,-3.68725,7.06886
0,-0.923796,-0.713518,-3.65403,7.13475
8,-0.928636,-0.72847,-3.67826,7.1325
46,-1.16033,-0.518626,-3.43238,7.63607
47,-1.22919,-0.496973,-3.57711,7.81812
41,-1.20302,-0.476741,-3.56233,7.6837
49,-1.11562,-0.537726,-3.41076,7.62826
44,-1.19546,-0.501413,-3.55853,7.79214
42,-1.13072,-0.476057,-3.43724,7.52485
45,-1.20476,-0.471235,-3.58344,7.73137
48,-1.13926,-0.534249,-3.48485,7.78362
40,-1.1916,-0.533717,-3.42403,7.62515
43,-1.21453,-0.499505,-3.53236,7.71954
37,-0.905724,-0.0237964,-3.40757,6.90349
31,-0.809278,-0.040575,-3.38035,6.87154
35,-0.777936,-0.00956963,-3.30626,6.84652
33,-0.868006,-0.0541186,-3.39312,6.85518
30,-0.918966,-0.0697537,-3.31589,6.73208
32,-0.8505,-0.000403602,-3.25938,6.74591
36,-0.826851,-0.0430733,-3.29884,6.72058
34,-0.871485,-0.0605152,-3.28762,6.73108
38,-0.872993,-0.0905204,-3.31842,6.6901
39,-0.859988,0.00428607,-3.31265,6.73526
14,-1.145,-0.244031,-3.6542,6.72157
11,-1.12423,-0.238153,-3.68913,6.80428
13,-1.1642,-0.257769,-3.83153,6.71817
10,-1.16523,-0.279734,-3.75377,6.83051
12,-1.0892,-0.270635,-3.6779,6.87077
15,-1.13957,-0.263188,-3.61256,6.64633
16,-1.16189,-0.237226,-3.69962,6.74114
18,-1.06339,-0.287203,-3.56718,6.76439
17,-1.12833,-0.258377,-3.65907,6.78072
19,-1.14706,-0.263951,-3.70141,6.78065
23,-1.42174,-0.131462,-3.01833,6.45003
26,-1.37687,-0.0583205,-3.06309,6.49654
28,-1.35692,-0.129837,-3.0449,6.40782
25,-1.37603,-0.119027,-3.072,6.50621
20,-1.3555,-0.0991111,-3.04481,6.48847
29,-1.37325,-0.110964,-3.01299,6.39693
22,-1.3156,-0.112157,-3.01985,6.36508
21,-1.30699,-0.0999637,-3.10168,6.47886
24,-1.36158,-0.118568,-3.0393,6.38658
27,-1.37899,-0.100925,-3.09491,6.53777

