36,0.0448466,0.882115,-6.09392,-3.83139
31,0.0730843,0.963197,-6.14782,-3.84787
30,0.113889,0.913852,-6.06836,-3.84335
35,0.0601743,0.883333,-6.01899,-3.77432
38,0.0156201,1.04053,-6.20593,-3.9001
34,0.0630578,0.907043,-6.14714,-3.86655
39,0.0941807,0.958463,-6.08544,-3.85199
32,0.0755469,0.976438,-6.12987,-3.86164
33,0.106261,0.975155,-6.17863,-3.85429
37,0.00266314,1.01964,-6.19186,-3.90738
46,-0.258461,1.39183,-6.28732,-3.64857
41,-0.231647,1.38474,-6.3982,-3.80556
40,-0.262745,1.43023,-6.41847,-3.76588
45,-0.23967,1.38904,-6.25869,-3.65348
48,-0.251126,1.39976,-6.41274,-3.80164
49,-0.267819,1.43303,-6.34352,-3.69457
43,-0.280851,1.38245,-6.24847,-3.64181
47,-0.220373,1.35291,-6.26748,-3.72779
42,-0.240641,1.37562,-6.30009,-3.71035
44,-0.253504,1.37287,-6.41762,-3.80834
22,-0.391394,1.401,-6.18831,-4.35822
26,-0.290816,1.4273,-6.30474,-4.36501
28,-0.409296,1.39068,-6.09068,-4.37378
27,-0.349045,1.36405,-6.16014,-4.30278
20,-0.436998,1.36861,-6.17757,-4.40199
25,-0.401498,1.36102,-6.15632,-4.32463
29,-0.454099,1.4255,-6.05872,-4.43171
23,-0.341747,1.40338,-6.07268,-4.33963
24,-0.351917,1.42042,-6.17727,-4.30869
21,-0.365039,1.42758,-6.25661,-4.42589
5,0.0757196,1.42939,-6.22559,-4.08564
4,0.00943293,1.40107,-6.33597,-4.1409
3,0.0546563,1.38083,-6.09988,-3.99376
6,0.00906774,1.39125,-6.2335,-4.09798
7,0.00920092,1.34996,-6.12263,-3.99981
9,0.143562,1.47049,-6.2377,-4.09595
2,0.0089438,1.34851,-6.23617,-4.03298
0,0.120412,1.43439,-6.26291,-4.10371
8,0.0447761,1.39163,-6.23397,-4.07134
1,0.0530359,1.42875,-6.37909,-4.14755
16,-0.491271,1.34929,-6.79036,-4.18853
19,-0.513864,1.34422,-6.62285,-4.12581
15,-0.619928,1.25235,-6.5621,-4.05215
18,-0.574755,1.33409,-6.63481,-4.16428
11,-0.493528,1.37812,-6.74984,-4.12924
17,-0.510882,1.3692,-6.61457,-4.0653
12,-0.513903,1.3575,-6.70523,-4.07077
14,-0.553603,1.38707,-6.91626,-4.22372
10,-0.596517,1.29389,-6.76377,-4.18462
13,-0.567892,1.30278,-6.73982,-4.177

