12,0.48885,3.5743,-2.62985,-5.43972
11,0.477124,3.49592,-2.72576,-5.52561
13,0.472421,3.58293,-2.7005,-5.5279
17,0.442917,3.49614,-2.67536,-5.46317
10,0.482466,3.49415,-2.6553,-5.41899
16,0.501332,3.59481,-2.65388,-5.50257
15,0.452,3.48964,-2.66734,-5.41286
14,0.459796,3.549,-2.68465,-5.50534
18,0.47637,3.5419,-2.65554,-5.44951
19,0.502211,3.48541,-2.67929,-5.42116
4,0.362721,4.29023,-2.85527,-5.83095
0,0.345482,4.44887,-2.90498,-5.91973
8,0.399308,4.4395,-2.95581,-6.03811
9,0.388075,4.43821,-2.9525,-5.96963
1,0.42814,4.46399,-2.94194,-5.99906
2,0.44328,4.33381,-2.86675,-5.93174
5,0.371724,4.37526,-2.87488,-5.88949
6,0.499838,4.51432,-2.96402,-6.18535
7,0.443573,4.39157,-2.89059,-5.99019
3,0.367474,4.51492,-2.99905,-6.06257
44,0.846533,4.02849,-2.8551,-5.41189
47,0.814387,3.95007,-2.83657,-5.46451
40,0.844883,3.93779,-2.84139,-5.38153
46,0.809121,3.94119,-2.90111,-5.41012
49,0.79661,3.82088,-2.78749,-5.23037
48,0.890236,4.06344,-2.87087,-5.47154
41,0.832235,4.01921,-2.9001,-5.45278
42,0.859574,4.05227,-2.8837,-5.41155
43,0.870882,4.04087,-2.86954,-5.42727
45,0.874394,3.96919,-2.86335,-5.40649
32,0.890987,4.00489,-2.60336,-6.0425
39,1.03593,3.82925,-2.56367,-6.01922
38,0.973639,3.86068,-2.51204,-5.94622
37,0.946405,3.93791,-2.47292,-5.95267
36,0.956505,3.92784,-2.59211,-6.03918
35,0.973411,3.92409,-2.54324,-6.02418
33,0.878138,4.03334,-2.58314,-6.0413
30,0.977052,3.96906,-2.51272,-6.03196
31,0.984754,4.03454,-2.59556,-6.14222
34,0.947975,3.98194,-2.48733,-6.05921
26,0.596342,4.26974,-2.69748,-6.05358
29,0.580127,4.30332,-2.55564,-5.96886
27,0.596355,4.31038,-2.63689,-6.04044
28,0.57921,4.35085,-2.52752,-6.03194
21,0.55096,4.25088,-2.53659,-5.9536
22,0.556703,4.21868,-2.59526,-5.94991
20,0.560074,4.25989,-2.59706,-5.94835
23,0.485709,4.26562,-2.45567,-5.94242
24,0.553146,4.21196,-2.50118,-5.89776
25,0.542971,4.28433,-2.51567,-5.91429

