5,1.71535,-0.0151119,-7.49568,2.17909
3,1.74746,-0.0658245,-7.68856,2.21237
4,1.76368,0.012825,-7.55151,2.14385
2,1.77656,-0.0204636,-7.56684,2.19345
1,1.74073,0.0532939,-7.40477,2.10154
8,1.69632,-0.00343621,-7.39627,2.15008
9,1.74315,0.0131358,-7.48984,2.12508
7,1.71901,0.103806,-7.51153,2.14261
0,1.77178,-0.0426757,-7.52026,2.11446
6,1.69369,-0.00738935,-7.41887,2.14391
36,1.57338,-0.501616,-7.26076,2.45637
33,1.69294,-0.43813,-7.3618,2.46726
38,1.59461,-0.490758,-7.30473,2.51189
32,1.6343,-0.475777,-7.46057,2.52814
37,1.54557,-0.49416,-7.3491,2.51786
31,1.58919,-0.481569,-7.3086,2.5237
39,1.59097,-0.4934,-7.40671,2.49585
35,1.62656,-0.455611,-7.41053,2.49791
30,1.72143,-0.453964,-7.64427,2.58205
34,1.60156,-0.460504,-7.31327,2.4602
41,2.09018,-0.683524,-8.08346,2.49456
47,2.0624,-0.555336,-8.00276,2.4346
40,2.1493,-0.708114,-7.95805,2.45595
43,2.14938,-0.574868,-8.0166,2.43698
45,2.16062,-0.715951,-7.97129,2.46508
42,2.12681,-0.567373,-8.02752,2.44971
48,2.10836,-0.645253,-7.90602,2.44024
49,2.14676,-0.632454,-8.19886,2.47572
44,2.18471,-0.711369,-7.96826,2.45365
46,2.14796,-0.689432,-7.99811,2.43329
20,2.14156,-0.261018,-7.47863,2.2151
24,2.1585,-0.163432,-7.61826,2.23358
27,2.14998,-0.276664,-7.82077,2.29266
22,2.13923,-0.235649,-7.5415,2.23959
25,2.16737,-0.214618,-7.53345,2.22311
21,2.11802,-0.251733,-7.54268,2.23094
23,2.06016,-0.217729,-7.52557,2.21899
28,2.14536,-0.197248,-7.52394,2.19271
29,2.17749,-0.198079,-7.5202,2.19645
26,2.14284,-0.170305,-7.4681,2.18531
11,1.8875,-0.343275,-7.35541,1.59959
15,1.91724,-0.366317,-7.49823,1.76144
13,1.88477,-0.347336,-7.27148,1.70592
18,1.92353,-0.366118,-7.28546,1.70724
12,1.90875,-0.378734,-7.41388,1.69239
17,1.9301,-0.32518,-7.30812,1.78989
19,1.93082,-0.358728,-7.40287,1.73458
14,1.93975,-0.361868,-7.40472,1.77126
10,1.93778,-0.406837,-7.35294,1.61186
16,1.87957,-0.338903,-7.23645,1.70239

