5,-0.37858,0.799237,-6.2367,-5.11543
7,-0.349878,0.742779,-6.2347,-5.17749
4,-0.403321,0.777635,-6.20688,-5.08009
0,-0.378743,0.764586,-6.15913,-5.08684
8,-0.341244,0.804001,-6.12352,-5.05338
1,-0.373737,0.780338,-6.23681,-5.10009
2,-0.429089,0.918643,-6.29019,-5.07854
6,-0.367433,0.785984,-6.19936,-5.12484
3,-0.41445,0.839235,-6.50124,-5.31891
9,-0.36374,0.769428,-6.1139,-4.99963
36,-0.635583,0.479915,-6.37285,-5.693
38,-0.531715,0.54949,-6.46996,-5.71017
32,-0.61093,0.479185,-6.51388,-5.82289
35,-0.686471,0.51433,-6.41322,-5.7593
31,-0.635343,0.517238,-6.44117,-5.75164
34,-0.657861,0.5042,-6.40742,-5.71696
30,-0.639104,0.509674,-6.41663,-5.72385
37,-0.624482,0.515236,-6.33904,-5.69475
33,-0.561288,0.523026,-6.63818,-5.89218
39,-0.632495,0.508334,-6.48008,-5.81585
41,-0.231503,0.250134,-6.47405,-5.49388
49,-0.223389,0.167839,-6.49278,-5.46921
42,-0.22932,0.350228,-6.59404,-5.60183
44,-0.220095,0.357681,-6.45994,-5.45198
40,-0.235063,0.260418,-6.62165,-5.60138
46,-0.239372,0.39677,-6.39222,-5.42373
43,-0.211067,0.219684,-6.55975,-5.52484
45,-0.256726,0.339643,-6.47487,-5.49444
48,-0.216623,0.250509,-6.4612,-5.47553
47,-0.212194,0.136119,-6.47196,-5.46408
20,0.185519,0.590685,-6.38856,-5.33921
23,0.229352,0.62441,-6.38753,-5.33279
28,0.147663,0.628619,-6.23037,-5.19436
26,0.145861,0.609414,-6.29668,-5.24022
25,0.138162,0.621272,-6.40634,-5.34219
22,0.208639,0.630707,-6.38052,-5.27118
29,0.136439,0.617187,-6.3487,-5.32107
27,0.0616602,0.636345,-6.3706,-5.31011
24,0.108176,0.640261,-6.31612,-5.29947
21,0.190908,0.661791,-6.37815,-5.2794
11,-0.162895,0.612027,-6.06644,-5.65138
12,-0.180969,0.641444,-6.07195,-5.63069
19,-0.16424,0.634378,-6.05598,-5.57699
10,-0.195966,0.636984,-6.14117,-5.65454
13,-0.168865,0.626914,-6.14906,-5.60457
15,-0.195534,0.597291,-6.07466,-5.61495
18,-0.17058,0.643583,-6.01174,-5.58532
14,-0.179959,0.632674,-6.11093,-5.62034
17,-0.145746,0.631053,-5.98592,-5.55583
16,-0.170437,0.667749,-5.93921,-5.54468

