20,-3.59089,-3.48713,-5.58756,-4.48189
27,-3.63025,-3.50708,-5.55571,-4.46368
28,-3.65853,-3.5976,-5.72001,-4.48674
22,-3.64909,-3.56136,-5.51517,-4.32058
29,-3.53065,-3.54031,-5.52953,-4.44729
24,-3.64199,-3.61184,-5.42195,-4.42658
21,-3.66649,-3.57176,-5.57113,-4.42589
23,-3.52999,-3.51968,-5.58283,-4.45999
25,-3.63727,-3.48262,-5.5436,-4.49112
26,-3.53143,-3.53032,-5.36898,-4.42632
46,-3.60171,-2.87021,-5.5011,-4.15857
40,-3.70369,-2.8719,-5.45513,-4.18403
47,-3.65621,-2.87424,-5.53271,-4.19299
48,-3.65969,-2.98811,-5.61796,-4.18934
41,-3.66956,-2.88054,-5.50229,-4.17188
43,-3.63779,-2.85239,-5.45775,-4.13474
45,-3.68844,-2.8712,-5.44927,-4.18192
42,-3.66404,-2.93239,-5.46262,-4.11957
44,-3.59747,-2.87371,-5.39815,-4.04614
49,-3.73548,-2.96182,-5.53474,-4.18899
2,-3.64249,-3.26664,-5.52907,-3.83178
4,-3.69434,-3.34058,-5.63421,-3.89837
5,-3.64522,-3.30976,-5.53971,-3.82467
8,-3.66696,-3.30432,-5.55098,-3.82432
1,-3.71622,-3.33662,-5.5253,-3.81558
0,-3.58504,-3.23576,-5.54757,-3.82778
6,-3.6289,-3.28033,-5.57594,-3.90088
9,-3.67117,-3.29636,-5.58271,-3.86998
3,-3.68323,-3.27603,-5.55736,-3.79752
7,-3.67399,-3.27541,-5.69973,-3.93294
10,-3.57363,-2.94557,-5.91084,-3.73777
16,-3.58531,-2.98289,-6.01619,-3.82838
18,-3.58134,-2.98629,-6.01204,-3.82341
14,-3.55462,-3.00614,-5.89829,-3.76682
12,-3.6242,-2.96948,-6.07732,-3.74091
15,-3.5897,-2.95244,-5.96,-3.6988
19,-3.59777,-3.00176,-5.98847,-3.79608
13,-3.64112,-3.05573,-6.01243,-3.77441
11,-3.56688,-2.97192,-5.96864,-3.76117
17,-3.66493,-3.08105,-6.03402,-3.78295
37,-3.19563,-3.27971,-5.75883,-4.00724
35,-3.18769,-3.3474,-5.78709,-4.00467
32,-3.07941,-3.255,-5.60008,-3.87732
33,-3.14679,-3.27874,-5.72872,-3.98107
31,-3.05077,-3.25027,-5.58504,-3.85351
38,-3.11794,-3.20049,-5.63362,-3.93031
30,-3.1774,-3.23008,-5.66537,-3.96109
39,-3.06885,-3.21038,-5.60028,-3.86283
36,-3.20992,-3.23207,-5.69765,-3.97601
34,-3.11377,-3.23131,-5.57659,-3.86537

