13,-1.33767,1.54033,1.70928,7.89893
14,-1.51419,1.59667,1.51973,8.05571
19,-1.37058,1.5605,1.62961,7.98848
11,-1.41424,1.54309,1.59228,7.99646
17,-1.40434,1.54652,1.60793,7.90938
16,-1.39566,1.58797,1.67635,8.23085
10,-1.40059,1.52574,1.59162,7.90332
15,-1.42148,1.58006,1.58279,7.99518
12,-1.38813,1.52987,1.63683,7.91899
18,-1.40645,1.55569,1.66274,7.9667
47,-1.49311,1.99148,1.31425,8.28658
43,-1.5521,1.98391,1.35025,8.33063
41,-1.48732,2.02879,1.34209,8.19382
46,-1.54422,2.03447,1.35328,8.46559
45,-1.53947,2.0427,1.38716,8.54962
44,-1.45753,2.06996,1.33508,8.39869
49,-1.3922,2.07079,1.31418,8.35066
40,-1.44607,2.00549,1.31429,8.27418
42,-1.45702,1.99815,1.32107,8.35509
48,-1.53873,1.98415,1.33957,8.35017
8,-1.63345,1.44779,1.20069,7.87492
3,-1.63378,1.43203,1.22267,7.93847
1,-1.59371,1.36712,1.15291,7.83642
7,-1.62668,1.34656,1.18782,8.00065
9,-1.64257,1.39647,1.1972,8.00257
2,-1.62774,1.41335,1.2067,7.847
6,-1.6874,1.44701,1.22527,8.04839
0,-1.60354,1.28581,1.11514,7.83636
5,-1.62215,1.28469,1.14018,7.96283
4,-1.65178,1.33637,1.17529,8.08081
31,-1.76923,1.89727,0.867624,7.8366
39,-1.80075,1.86846,0.972132,7.91506
37,-1.76867,1.8082,0.968609,7.89431
33,-1.79006,1.81923,0.976111,8.01972
32,-1.86516,1.89774,1.022,8.12555
34,-1.83709,1.83745,0.875254,8.05946
35,-1.84483,1.93799,0.890665,7.99388
36,-1.77662,1.85455,0.963169,7.92821
30,-1.74654,1.85972,0.941235,7.91945
38,-1.82678,1.89882,0.891555,7.9957
21,-1.8805,1.60456,1.25142,7.36374
25,-1.8939,1.61992,1.25637,7.52171
23,-1.93486,1.64751,1.28094,7.49688
27,-1.93759,1.61723,1.25523,7.35004
20,-1.92211,1.62279,1.26711,7.33757
22,-1.91662,1.62504,1.28456,7.3686
26,-1.92783,1.60261,1.28812,7.45138
28,-1.89121,1.6219,1.27313,7.3214
24,-1.92538,1.63062,1.28793,7.34221
29,-1.8912,1.61292,1.25032,7.31902

