19,0.181733,1.48751,3.20104,-3.71021
16,0.192012,1.53208,3.39,-3.84419
15,0.192168,1.61534,3.33562,-3.94907
11,0.167336,1.53087,3.39482,-3.80706
12,0.257833,1.51774,3.13767,-3.85055
14,0.16876,1.52082,3.26093,-3.76517
10,0.248903,1.55929,3.18005,-3.90456
17,0.163955,1.53387,3.32602,-3.88207
13,0.264382,1.53633,3.27537,-3.92861
18,0.248965,1.50006,3.27137,-3.87892
3,-0.738252,2.03843,4.27604,-3.36996
1,-0.782274,2.04625,4.1343,-3.34011
8,-0.622445,1.8022,4.21929,-3.10037
4,-0.756821,1.92423,4.21355,-3.22005
5,-0.812221,2.08146,4.24058,-3.35358
7,-0.709308,1.90749,4.17208,-3.20945
9,-0.810908,1.98212,4.1869,-3.25769
0,-0.769927,1.95556,4.24937,-3.22274
6,-0.744997,1.98459,4.11865,-3.2827
2,-0.78439,2.00053,4.15631,-3.20804
22,-0.599106,0.942519,3.96335,-3.76388
27,-0.645402,0.905535,3.93052,-3.72709
23,-0.700256,0.830344,3.96682,-3.85488
29,-0.669877,0.928388,3.92008,-3.71614
28,-0.666888,0.872577,3.79673,-3.65592
21,-0.721242,0.887444,3.80589,-3.62086
25,-0.572215,0.990505,4.05988,-3.82707
20,-0.823571,0.794041,3.86213,-3.78588
26,-0.692686,0.832316,3.81279,-3.6464
24,-0.71952,0.890802,4.01699,-3.86179
46,0.423311,0.9079,4.22591,-3.13711
49,0.506835,0.824507,4.13753,-2.98395
41,0.365349,0.947182,4.08689,-3.09032
48,0.336712,0.927409,4.03908,-3.016
42,0.412458,0.893195,4.14016,-3.09466
45,0.356198,0.909216,4.04812,-2.98318
47,0.456808,0.851418,4.18243,-3.0748
43,0.373989,0.911267,4.07181,-3.00783
44,0.397566,0.889661,4.08307,-3.03823
40,0.437984,0.878169,4.06056,-2.99593
35,0.192756,2.15301,4.30419,-3.39764
30,0.258012,2.31943,4.28629,-3.30196
31,0.226808,2.23329,4.38731,-3.43973
36,0.300539,2.26825,4.31388,-3.33611
33,0.234509,2.21405,4.35677,-3.375
39,0.2297,2.22013,4.28888,-3.34408
34,0.216284,2.10342,4.35224,-3.44787
37,0.302599,2.27544,4.35472,-3.35424
38,0.282949,2.23523,4.30296,-3.3168
32,0.172111,2.02831,4.36818,-3.48026

