13,1.99323,-0.558595,-0.460973,-5.80187
19,1.99086,-0.582969,-0.435866,-5.75143
14,1.89092,-0.554006,-0.366805,-5.90824
10,2.07365,-0.537699,-0.396486,-5.93867
12,2.05274,-0.560102,-0.454181,-5.75866
18,1.99511,-0.532216,-0.400775,-5.93017
17,2.06704,-0.58188,-0.422707,-5.91396
11,2.09107,-0.577769,-0.437171,-5.92316
15,2.09851,-0.585424,-0.494293,-5.77713
16,1.89281,-0.554209,-0.382456,-5.79644
46,1.77349,0.082968,0.72261,-5.69399
45,1.8255,0.127533,0.733473,-5.61259
48,1.73091,0.0146099,0.609194,-5.61569
42,1.77371,0.084537,0.732064,-5.47413
49,1.79338,0.112581,0.734895,-5.67869
43,1.69122,0.0346056,0.670241,-5.55226
47,1.75044,0.069509,0.707468,-5.64771
41,1.74469,0.115263,0.757696,-5.49604
44,1.77679,0.118231,0.787142,-5.4868
40,1.79744,0.119461,0.768693,-5.62017
9,1.39693,-1.17266,0.0768897,-5.76749
8,1.29772,-1.17084,-0.0605382,-5.86372
7,1.47221,-1.05055,0.118101,-5.94891
3,1.37219,-1.19575,0.0524379,-5.73572
1,1.33736,-1.29341,0.00651357,-5.8097
6,1.54666,-1.23374,0.138712,-6.01285
2,1.32899,-1.15575,-0.0378874,-5.83369
4,1.35566,-1.16032,0.023911,-5.75764
0,1.3686,-1.10412,-0.00462839,-5.92113
5,1.38988,-1.20832,-0.000640296,-5.86229
31,0.533828,-0.46643,0.314848,-5.70287
38,0.689881,-0.484683,0.315305,-5.92787
37,0.473285,-0.514404,0.290173,-5.6609
36,0.577156,-0.466182,0.27658,-5.74574
35,0.673333,-0.455571,0.168513,-5.77191
39,0.659496,-0.456093,0.245153,-5.72775
34,0.611405,-0.468475,0.304418,-5.74472
32,0.45563,-0.442852,0.324432,-5.85382
33,0.648464,-0.456687,0.296164,-5.67419
30,0.607538,-0.451155,0.304313,-5.72001
23,1.00054,-0.0381969,-0.476093,-5.46541
25,0.999096,0.102609,-0.546415,-5.39091
22,1.02732,0.170071,-0.481517,-5.45827
24,1.04822,0.0981043,-0.427316,-5.42573
27,0.977469,-0.048186,-0.464411,-5.3876
26,1.04019,-0.0469876,-0.447827,-5.53121
29,0.973308,0.139753,-0.543901,-5.34443
20,0.985504,0.0573249,-0.568081,-5.4587
21,1.05039,0.0845545,-0.49088,-5.4279
28,1.09895,0.181296,-0.339381,-5.46973

