41,-1.58276,-0.335245,-7.78436,-0.626575
49,-1.55239,-0.322706,-7.63992,-0.657701
48,-1.50157,-0.317221,-7.68308,-0.606332
45,-1.55344,-0.335226,-7.57456,-0.653093
46,-1.56764,-0.333553,-7.58932,-0.56648
47,-1.53461,-0.333467,-7.53608,-0.621121
40,-1.53445,-0.304271,-7.65219,-0.648566
44,-1.55601,-0.338834,-7.7376,-0.678277
42,-1.56809,-0.326869,-7.64771,-0.668568
43,-1.58177,-0.384497,-7.59853,-0.553187
4,-1.27395,-0.574051,-8.30877,-0.969405
2,-1.27154,-0.547487,-8.15311,-0.979022
6,-1.22141,-0.626678,-8.14406,-0.956533
9,-1.31238,-0.485804,-8.15407,-0.907467
8,-1.29875,-0.609729,-8.51009,-0.967113
0,-1.19777,-0.568891,-8.00047,-0.949492
7,-1.26462,-0.585537,-8.29847,-0.9576
1,-1.21292,-0.553457,-8.25265,-0.946125
3,-1.29212,-0.551723,-8.0935,-0.974493
5,-1.18884,-0.590028,-8.23297,-0.955758
33,-1.19725,-0.0158865,-7.98131,-0.814883
34,-1.25105,-0.0785048,-7.97824,-0.849707
37,-1.24303,-0.066913,-8.01377,-0.832256
38,-1.27263,-0.100916,-7.998,-0.864568
32,-1.17634,0.0142747,-7.96166,-0.82613
39,-1.27583,-0.00959223,-8.05948,-0.821335
35,-1.22757,-0.0606884,-7.82054,-0.845214
30,-1.1958,-0.0610778,-7.84732,-0.833747
36,-1.14435,0.0295489,-7.84768,-0.803008
31,-1.2133,-0.0592823,-7.94254,-0.818663
28,-1.57181,-0.337366,-8.31115,-1.1744
24,-1.55842,-0.370248,-8.03906,-1.23249
22,-1.52527,-0.312517,-8.05019,-1.18489
23,-1.50141,-0.316008,-8.05252,-1.11232
27,-1.52476,-0.331815,-8.00094,-1.17699
21,-1.57998,-0.352027,-8.18403,-1.16366
25,-1.50884,-0.305922,-8.05354,-1.11132
20,-1.52183,-0.325008,-7.95079,-1.1355
29,-1.5465,-0.368988,-8.01334,-1.19285
26,-1.53569,-0.332845,-7.94088,-1.17365
13,-1.64577,-0.107317,-8.01481,-1.0021
10,-1.6651,-0.0215664,-7.88405,-0.993186
14,-1.64375,-0.0878535,-8.0213,-0.987431
11,-1.71465,0.00549942,-8.10582,-1.03368
12,-1.64729,-0.0968248,-8.07496,-0.985377
17,-1.60576,0.0219194,-7.98157,-0.997421
18,-1.65687,-0.0714271,-8.21798,-0.984786
15,-1.6917,-0.00863567,-7.89103,-1.03007
19,-1.64969,-0.0413987,-7.97619,-1.01623
16,-1.62616,-0.0197297,-7.92876,-1.00523

