1,-0.0014616209888506093,-1.0566388648973084e-19,0.0,5.5640223250339534e-18
2,0.0,0.0,-0.001461620988850613,-8.132491812703013e-20
3,-0.0026829479328538846,-1.4377113188110838e-16,0.0,1.1130020429330441e-17
4,0.0,0.0,-0.0026829479328538855,-1.4444613591098492e-16
5,-0.020791291531520005,1.3442455412662516e-16,0.0,-5.565010214665221e-18
6,0.0,0.0,-0.020791291531520012,1.3545210860737222e-16
7,1.4432899320127033e-16,-0.07071023618382151,9.436895709313832e-17,-0.07071023618382194
8,0.0,0.0,1.4432899320127036e-16,-0.07106467123716875
9,0.06365887563324817,4.050709390452619e-16,0.0,1.1130020429330441e-17
10,0.0,0.0,0.0636588756332482,4.060182393289433e-16
11,9.581224702515098e-17,-0.07106467123716918,0.0,1.3912525536663052e-18
12,-0.07420198921886481,8.575217960239499e-17,0.0,-1.6695030643995663e-17
13,0.0,0.0,-0.07420198921886483,8.744451494635589e-17
