1,-2.4147423378729074e-17,1.0010916094955344e-17,-2.4147423378729074e-17,0.0
2,0.0,0.0,-1.3794948810286072e-17,0.0
3,-7.862534119304726e-20,-8.486916072350175e-19,3.47347323683387e-19,-6.71976206043753e-20
4,0.0,0.0,-9.298731025524322e-20,-2.1808813423411983e-18
5,-1.021228434671769e-18,4.466826400052817e-19,-1.1867152371222602e-17,1.1183770962262989e-17
6,0.0,0.0,-1.20776945263924e-18,1.1478396006636444e-18
7,-1.8409627489479463e-18,7.386053867598574e-19,1.9108738506946164e-18,-3.558568136042336e-18
8,0.0,0.0,-2.1772391916806827e-18,1.897992973661181e-18
9,-0.09916824795456423,0.05690498901850153,0.0423296596737436,0.07091379843879247
10,0.0,0.0,-0.03385432218810232,0.12337489392812416
11,0.006174631931588699,0.07617663999201786,0.04391391509381856,0.07017518848892508
12,0.008567626555060198,0.0760819258867523,2.6859088974033903e-18,-1.8471419246815093e-18
13,0.04336775185335057,0.10424713353375997,5.955078630714974e-18,-3.565660534105069e-18
14,0.0,0.0,-0.08342833121722736,0.022853757066670557
15,-3.504034323104955e-19,4.520713392850859e-18,-5.189835660610166e-18,4.8158734753541216e-18
16,0.0,0.0,-4.1440930087358956e-19,1.161686931800923e-17
17,1.9141718741722918e-18,-4.32861721521662e-19,1.2073711689364534e-17,-8.898592084404748e-18
18,0.0,0.0,2.2638209417558502e-18,-1.1123240105505935e-18
19,-6.380572913907641e-19,1.3526928797551936e-19,-1.5092139611705667e-18,8.342430079129451e-19
20,0.0,0.0,-7.546069805852834e-19,3.4760125329706048e-19
