0,-0.05455910666520999,6.987993106663597e-06,0.0,-6.4322063097232285e-18
1,0.0,0.0,-0.09476385585941707,2.9652879825451152e-05
2,-0.054559106665209994,6.987993106663615e-06,-0.05286827617209634,0.0024712511677760624
3,-0.054559106665209994,6.987993106663615e-06,4.83561336292497e-18,2.238567746862789e-18
4,3.1452677797747907e-18,1.0660963418418428e-19,-1.3924210584993785e-17,-3.1249998472800824e-18
5,0.0,0.0,5.463023878869807e-18,4.52387777497816e-19
6,1.162316978636386e-18,1.0932937877314964e-19,-3.098305722575634e-18,-6.478718345917648e-19
7,0.0,0.0,2.018831417133279e-18,4.639287533146758e-19
8,6.957248269900588e-18,3.814252673835978e-19,1.41322490435278e-17,3.7102355170280866e-18
9,0.0,0.0,1.2084062817829143e-17,1.6185416103676565e-18
10,3.19292938802186e-18,6.102039625575227e-20,3.9353358471243136e-18,8.210335377721511e-18
11,0.0,0.0,5.545807451586061e-18,2.5893421035930085e-19
12,8.267543726199541e-18,4.400749929862242e-19,6.857305264360861e-18,3.448336678280488e-18
13,0.0,0.0,1.4359918442003795e-17,1.8674161067418793e-18
14,3.147691917099201e-18,1.4509000963965163e-19,5.984523779390423e-18,3.812649039917572e-18
15,0.0,0.0,5.467234369364152e-18,6.156755672252007e-19
16,-0.09186034053690212,0.0017471938921958183,0.0019167803277847359,0.2059507723410496
17,0.0,0.0,-0.052868276172096336,0.002471251167776059
18,-1.976271477629767e-17,-8.076087684671982e-19,-6.49553146584828e-18,-7.708538508973201e-18
19,0.0,0.0,-3.432591127167489e-17,-3.4270105009780163e-18
20,-1.3461977949814348e-17,-1.3542135196551782e-19,1.820313369111785e-19,1.0749557964577709e-19
21,0.0,0.0,-2.3382144906568325e-17,-5.746475439132278e-19
22,0.0,0.0,-0.052868276172096364,0.0024712511677760568
23,-1.8114879178018073e-17,-4.435752726899366e-19,4.429833437061171e-19,7.800340805115028e-19
24,0.0,0.0,-3.14637812871501e-17,-1.882269208601759e-18
25,5.102125409506804e-19,3.473824859736021e-20,1.116090656486394e-17,4.196023636234429e-18
26,0.0,0.0,8.861895042564497e-19,1.4740843261853934e-19
27,1.8716322452905576e-17,1.5213342718845367e-18,-9.683330649948335e-19,-6.381287139048913e-19
28,0.0,0.0,3.250842969312186e-17,6.4556363536533595e-18
29,7.49868339650369e-18,4.45370800476926e-19,2.410142315527741e-18,1.9717317455671244e-18
30,0.0,0.0,1.302448291322192e-17,1.8898883588897096e-18
31,2.6295255979820533e-17,1.2222625893435508e-18,1.5783474815428404e-18,1.514818252706883e-18
32,0.0,0.0,4.5672299268916133e-17,5.186554297302753e-18
33,-2.0735858604912498e-17,-4.643902062939672e-19,9.240744601253018e-18,1.2702261779270027e-18
34,0.0,0.0,-3.601616734700284e-17,-1.970595386849623e-18
35,8.776248011274698e-18,3.491181874407285e-19,4.9952153558659085e-18,6.5190106807473944e-18
36,0.0,0.0,1.5243488252663277e-17,1.481449609211842e-18
37,-6.1459067136387076e-18,-5.168865084630749e-19,-6.93143546798399e-18,-7.642673038143333e-18
38,0.0,0.0,-1.0674841534897418e-17,-2.193358419917615e-18
39,1.6010694401017598e-18,6.941130524720353e-20,3.750746625121769e-18,3.548960004991773e-18
40,0.0,0.0,2.7809017213888576e-18,2.9454022944826217e-19
41,0.00018495893291874973,0.04855179932652557,-4.746127088781993e-18,-3.7846639463534435e-18
42,0.00018495893291874973,0.04855179932652557,-5.114735035872942e-18,-3.93980772228535e-18
43,0.00018495893291874973,0.04855179932652557,-3.49635431290035e-18,-7.66277319777805e-18
44,0.00018495893291874973,0.04855179932652557,3.780087502760306e-18,3.1823183146613356e-18
45,0.00018495893291874973,0.04855179932652557,-2.9460488570825755e-18,-4.151162171308363e-18
46,0.00018495893291874973,0.04855179932652557,-3.793646214963353e-19,-2.1894406172964093e-19
47,0.00018495893291874973,0.04855179932652557,2.4468568787796184e-18,6.269602444096125e-19
48,0.00018495893291874973,0.04855179932652557,-9.13598878310784e-19,-9.969045568613192e-19
49,0.00018495893291874973,0.04855179932652557,-1.2419253603832729e-17,-9.784497404693447e-18
50,0.00018495893291874973,0.04855179932652557,1.6564721860416581e-18,5.450327208591017e-19
51,0.00018495893291874973,0.04855179932652557,-8.205527092415401e-18,-4.425193637121314e-18
52,0.00018495893291874973,0.04855179932652557,2.2613968458948763e-18,3.1538004858534262e-18
53,0.00018495893291874973,0.04855179932652557,-2.9237402235243486e-18,-1.9199588754443044e-18
54,0.00018495893291874973,0.04855179932652557,-3.1133015976398124e-18,-4.5179961356404016e-18
55,0.00018495893291874973,0.04855179932652557,-1.3270400761029208e-18,-6.189306184867197e-19
56,0.00018495893291874973,0.04855179932652557,1.3485618580577835e-17,2.9212844858496552e-18
57,0.00018495893291874973,0.04855179932652557,1.344099460805323e-18,7.775099561384909e-19
58,0.00018495893291874973,0.04855179932652557,-6.374713345809139e-18,-6.002394966321545e-18
59,1.1032131448646526e-17,1.263417214194537e-19,-1.2422330567576478e-18,-1.9126258808409823e-18
60,0.0,0.0,1.916173812809729e-17,5.361190008348539e-19
61,-3.9231624349578366e-18,-1.8850432806809109e-19,2.219560742920432e-18,2.917542618032074e-18
62,0.0,0.0,-6.814151151351026e-18,-7.999000716587586e-19
63,-1.5280325634896703e-17,4.436420708616992e-20,3.1704514469327626e-18,3.313190573775599e-18
64,0.0,0.0,-2.654043778311438e-17,1.882552660249562e-19
65,9.869756178956213e-18,4.448070183125508e-19,3.590049822691105e-18,3.2757493919895057e-18
66,0.0,0.0,1.7142805465079137e-17,1.887496003242994e-18
67,8.221611257554043e-18,8.755230050092403e-20,1.621136692720508e-18,3.4413785659961643e-18
68,0.0,0.0,1.4280138216409215e-17,3.7151980626821476e-19
69,-1.3696018820303375e-17,-8.096176002919549e-19,7.835246753094328e-18,7.696223342977091e-18
70,0.0,0.0,-2.3788651110057487e-17,-3.435534786531788e-18
71,-2.6712414176822323e-18,-6.408260635665873e-20,-1.0814339390817449e-17,-1.4546432464588057e-17
72,0.0,0.0,-4.639686243843114e-18,-2.719284057937132e-19
73,1.7315876853024863e-16,-5.767188179387079e-18,1.0900026813124362e-19,7.766122736094886e-20
74,0.0,0.0,1.4596057647473339e-16,-1.692928827279619e-17
75,6.1513241051576065e-18,2.4851986574723304e-19,1.7622892261319152e-18,4.767065972617553e-19
76,0.0,0.0,1.0684251016474547e-17,1.0545702608378825e-18
77,-9.970347740972368e-18,-8.251445142039786e-19,6.3717469768330364e-18,7.472599740111687e-18
78,0.0,0.0,-1.7317523213704795e-17,-3.5014217594101055e-18
79,-7.063269696628362e-18,-2.929574881297131e-19,3.963950529067054e-18,5.112521295837461e-18
80,0.0,0.0,-1.2268211712753167e-17,-1.2431370576450675e-18
81,0.0,0.0,1.5479934399988255e-16,-7.54322270474996e-18
82,1.6977088849852726e-17,4.0959396616833697e-19,-8.209510238326708e-18,-4.303534844576462e-18
83,0.0,0.0,2.948755027372603e-17,1.7380727872237456e-18
84,6.371907096742645e-18,2.43741165514744e-19,-5.00623814003413e-18,-8.607619800508412e-18
85,0.0,0.0,1.1067382194700615e-17,1.0342923038404019e-18
86,-2.2092057953515588e-18,-5.924823352833467e-20,-1.962119129833915e-18,-1.495533832918743e-18
87,0.0,0.0,-3.837175356244961e-18,-2.5141420746504306e-19
88,2.3788167664010445e-17,1.2506291517115016e-18,2.797670465040963e-18,3.1204564187248517e-18
89,0.0,0.0,4.1317730979443914e-17,5.306925089333804e-18
