1,-0.07442753416288853,2.5460930973068444e-19,0.0,4.837886179858519e-19
2,0.0,0.0,-0.07442753416288853,3.6007193892758617e-19
3,0.059460082288620986,-8.041834114890226e-18,5.551115123125783e-18,-1.6503564001550966e-18
4,0.0,0.0,0.059460082288620986,-1.1372870871632388e-17
5,0.0,-0.08408964152537146,-5.551115123125783e-18,1.980427680186116e-17
6,0.0,0.0,0.0,-0.11892071150027211
7,0.0,-0.08408964152537146,0.0,1.3202851201240774e-17
8,0.025988178175743615,7.567433206391285e-18,0.0,1.3202851201240774e-17
9,0.0,0.0,0.025988178175743615,1.0701966672831073e-17
10,0.01580048631429697,1.9015507044766254e-17,-1.3877787807814458e-18,-4.2711139522993297e-35
11,0.0,0.0,0.01580048631429697,2.689198795810957e-17
