1,0.0,-8.260366886082917e-19,2.6401747767044452e-17,-2.5573704279284638e-17
2,0.0,0.0,-3.3002184708805557e-18,7.098128828954171e-34
3,4.201750799815449e-17,-2.2140844261990745e-17,1.3200873883522223e-17,-2.922709060489672e-17
4,0.0,0.0,5.940393247585e-17,-3.836055641892695e-17
5,-2.3343059998974713e-18,1.120221287065008e-18,-3.3002184708805557e-18,7.30677265122418e-18
6,0.0,0.0,-3.3002184708805557e-18,1.940861485481423e-18
7,-0.005034069618303506,0.13150909217478915,0.11883187918205128,0.004548795393410495
8,0.0,0.0,-0.0023723724222893356,0.07594955715145908
9,0.0,0.0,-0.002372372422289321,0.07594955715145908
10,0.0,0.0,-0.002372372422289341,0.07594955715145911
11,1.86511049391808e-17,-1.4760562841327164e-17,0.0,2.192031795367254e-17
12,0.08400166101258301,0.003940552588291161,3.3002184708805557e-18,-1.461354530244836e-17
13,0.08400166101258301,0.003940552588291161,0.0,7.30677265122418e-18
