0 1
0 2
0 3
0 5
0 6
0 7
0 8
0 13
0 17
0 22
0 26
0 27
0 40
0 44
1 0
1 2
1 3
1 5
1 7
1 8
1 13
1 16
1 18
1 21
2 3
2 5
2 7
2 8
2 9
2 12
2 19
2 26
2 27
2 28
2 32
2 39
2 41
2 48
2 49
3 0
3 1
3 2
3 4
3 5
3 9
3 11
3 15
3 20
3 25
3 33
3 36
3 44
3 46
4 0
4 1
4 2
4 3
4 5
4 9
4 24
4 26
4 27
4 32
4 37
4 46
4 49
5 0
5 2
5 3
5 4
5 6
5 7
5 8
5 9
5 10
5 21
5 29
5 36
5 30
5 45
6 0
6 1
6 2
6 3
6 4
6 5
6 8
6 9
6 18
6 24
6 32
6 34
6 39
6 42
6 46
7 0
7 1
7 3
7 4
7 5
7 8
7 9
7 11
7 15
7 26
7 27
7 32
7 35
7 41
8 0
8 1
8 2
8 3
8 4
8 5
8 6
8 7
8 10
8 13
8 15
8 25
8 39
8 41
8 42
8 48
8 49
9 0
9 1
9 2
9 3
9 4
9 5
9 6
9 7
9 12
9 25
9 26
9 27
9 28
9 29
9 37
9 38
9 41
9 43
9 44
10 1
10 5
10 9
10 11
10 12
10 13
10 14
10 15
10 16
10 17
10 18
10 19
10 21
10 25
10 32
10 38
10 41
10 44
11 7
11 9
11 10
11 12
11 13
11 14
11 15
11 16
11 17
11 19
11 36
11 43
11 45
12 4
12 9
12 10
12 13
12 14
12 16
12 17
12 18
12 19
12 20
12 44
12 47
13 2
13 7
13 10
13 11
13 12
13 14
13 15
13 17
13 18
13 19
13 22
13 23
13 24
13 33
13 38
13 31
13 42
13 45
13 47
13 49
14 2
14 10
14 11
14 12
14 13
14 15
14 16
14 17
14 18
14 19
14 23
14 28
14 38
14 31
14 44
14 46
15 2
15 3
15 9
15 10
15 11
15 12
15 13
15 14
15 16
15 17
15 18
15 19
15 20
15 24
15 28
15 32
15 36
15 39
15 42
16 1
16 8
16 11
16 12
16 13
16 14
16 15
16 17
16 18
16 19
16 28
16 35
16 43
16 45
16 46
16 47
16 49
17 5
17 6
17 10
17 11
17 12
17 14
17 15
17 16
17 19
17 20
17 28
17 35
17 45
17 48
17 49
18 12
18 13
18 14
18 16
18 17
18 19
18 21
18 23
18 28
18 32
18 35
18 36
18 30
18 31
18 40
19 2
19 5
19 6
19 10
19 11
19 14
19 15
19 17
19 20
19 24
19 25
19 40
19 48
19 49
20 4
20 13
20 14
20 22
20 23
20 24
20 25
20 26
20 28
20 29
20 36
20 40
20 46
21 1
21 2
21 10
21 20
21 22
21 23
21 24
21 25
21 26
21 27
21 28
21 29
21 32
21 31
21 40
21 42
21 43
22 0
22 12
22 15
22 20
22 21
22 23
22 24
22 25
22 26
22 27
22 29
22 34
22 35
22 36
22 37
22 38
22 31
22 47
22 49
23 3
23 10
23 12
23 20
23 22
23 24
23 25
23 26
23 28
23 35
23 42
23 45
24 0
24 1
24 15
24 17
24 21
24 22
24 23
24 26
24 27
24 30
24 41
24 43
24 48
25 3
25 6
25 7
25 10
25 14
25 16
25 19
25 20
25 21
25 22
25 23
25 26
25 28
25 29
25 35
25 31
25 43
26 0
26 7
26 8
26 20
26 21
26 25
26 27
26 28
26 29
26 33
26 34
26 41
26 46
27 0
27 3
27 6
27 9
27 15
27 16
27 20
27 21
27 22
27 25
27 26
27 28
27 29
27 35
27 38
27 43
27 44
28 12
28 13
28 15
28 16
28 17
28 20
28 21
28 22
28 23
28 24
28 25
28 26
28 27
28 33
28 39
28 42
28 45
29 0
29 4
29 12
29 17
29 20
29 22
29 23
29 24
29 25
29 26
29 27
29 28
29 37
29 38
29 42
32 1
32 4
32 9
32 20
32 27
32 29
32 33
32 34
32 36
32 37
32 30
32 31
32 43
32 44
32 47
33 0
33 2
33 3
33 5
33 21
33 29
33 32
33 34
33 35
33 36
33 37
33 38
33 39
33 30
33 31
33 46
33 49
34 3
34 5
34 13
34 14
34 29
34 32
34 33
34 36
34 37
34 38
34 39
34 30
34 31
35 3
35 8
35 9
35 14
35 20
35 23
35 24
35 26
35 28
35 32
35 33
35 36
35 37
35 38
35 39
35 30
35 31
35 42
36 10
36 17
36 24
36 32
36 33
36 34
36 35
36 30
36 31
36 42
36 47
36 48
37 1
37 9
37 10
37 13
37 18
37 19
37 26
37 32
37 33
37 35
37 36
37 38
37 39
37 31
37 43
37 47
38 1
38 3
38 6
38 8
38 11
38 14
38 16
38 17
38 21
38 28
38 32
38 33
38 34
38 35
38 37
38 39
38 31
38 46
38 47
39 3
39 11
39 14
39 18
39 21
39 27
39 33
39 34
39 36
39 37
39 38
39 30
39 31
30 6
30 10
30 14
30 15
30 17
30 20
30 24
30 26
30 28
30 29
30 32
30 33
30 34
30 35
30 36
30 38
30 31
30 40
30 42
30 49
31 5
31 8
31 12
31 18
31 32
31 33
31 34
31 35
31 36
31 37
31 39
31 40
31 45
40 3
40 6
40 9
40 15
40 17
40 21
40 26
40 32
40 41
40 43
40 45
40 46
40 47
40 48
40 49
41 5
41 6
41 8
41 14
41 22
41 29
41 34
41 40
41 42
41 43
41 44
41 45
41 46
41 47
42 1
42 3
42 10
42 11
42 13
42 19
42 22
42 28
42 34
42 37
42 39
42 40
42 41
42 45
42 46
42 47
42 48
42 49
43 0
43 2
43 15
43 17
43 18
43 22
43 31
43 40
43 41
43 42
43 44
43 46
43 47
43 48
43 49
44 6
44 10
44 13
44 29
44 31
44 40
44 41
44 42
44 43
44 45
44 47
44 48
44 49
45 7
45 10
45 11
45 14
45 17
45 21
45 32
45 44
45 46
45 47
46 5
46 13
46 17
46 18
46 19
46 22
46 34
46 30
46 41
46 42
46 43
46 44
46 45
46 47
46 48
46 49
47 0
47 3
47 4
47 10
47 11
47 15
47 22
47 24
47 29
47 36
47 37
47 31
47 40
47 42
47 44
47 45
47 49
48 0
48 2
48 5
48 7
48 11
48 14
48 18
48 21
48 32
48 34
48 36
48 39
48 40
48 41
48 43
48 44
48 45
48 46
48 47
48 49
49 6
49 7
49 11
49 14
49 16
49 17
49 19
49 34
49 39
49 40
49 41
49 42
49 43
49 44
49 45
49 46
49 47
