0 1
0 2
0 3
0 4
0 5
0 6
0 7
0 9
0 14
0 16
0 17
0 18
0 19
0 20
0 24
0 25
0 33
0 34
0 35
0 37
0 39
0 43
0 45
1 0
1 2
1 3
1 5
1 6
1 7
1 9
1 11
1 13
1 26
1 28
1 39
1 30
1 44
1 46
2 3
2 4
2 5
2 6
2 7
2 9
2 11
2 15
2 19
2 21
2 35
2 39
3 0
3 1
3 5
3 6
3 7
3 8
3 9
3 19
3 22
3 27
3 29
3 33
3 34
3 35
3 38
3 30
4 0
4 1
4 2
4 6
4 7
4 8
4 9
4 15
4 20
4 22
4 23
4 25
4 34
4 30
4 31
4 44
4 49
5 0
5 1
5 2
5 4
5 6
5 7
5 8
5 9
5 12
5 19
5 22
5 26
5 39
5 41
5 47
5 48
6 0
6 1
6 2
6 4
6 5
6 7
6 8
6 18
6 26
6 31
6 42
6 45
7 0
7 1
7 3
7 4
7 5
7 8
7 9
7 19
7 33
7 37
7 30
7 42
7 46
7 47
8 0
8 1
8 6
8 9
8 14
8 22
8 28
8 35
8 36
8 39
8 30
8 42
8 45
9 0
9 1
9 2
9 3
9 4
9 5
9 7
9 8
9 14
9 22
9 28
9 35
9 37
10 0
10 4
10 11
10 13
10 14
10 15
10 16
10 18
10 19
10 21
10 29
10 35
10 38
10 41
10 45
10 49
11 7
11 10
11 12
11 13
11 14
11 15
11 16
11 19
11 20
11 24
11 36
11 40
12 1
12 6
12 7
12 10
12 13
12 14
12 15
12 16
12 17
12 18
12 29
12 32
12 35
12 36
12 38
12 41
12 42
12 48
13 0
13 1
13 7
13 8
13 9
13 10
13 11
13 12
13 14
13 15
13 16
13 17
13 18
13 19
13 21
13 26
13 27
13 37
13 38
13 39
13 41
14 9
14 10
14 11
14 12
14 13
14 15
14 16
14 17
14 18
14 27
14 40
14 43
14 48
15 3
15 8
15 9
15 10
15 13
15 14
15 16
15 17
15 19
15 24
15 27
15 34
15 36
15 41
15 44
15 48
16 2
16 9
16 10
16 12
16 13
16 14
16 15
16 18
16 19
16 26
16 28
16 29
16 38
16 44
16 46
16 47
17 2
17 10
17 11
17 12
17 14
17 15
17 16
17 18
17 21
17 26
17 32
17 36
17 37
17 38
17 41
18 8
18 10
18 11
18 12
18 13
18 14
18 15
18 16
18 17
18 19
18 27
18 32
18 33
18 37
18 38
18 30
18 42
18 43
18 47
18 48
19 3
19 4
19 6
19 7
19 9
19 10
19 11
19 12
19 13
19 14
19 15
19 16
19 17
19 18
19 27
19 36
19 37
19 38
19 45
19 48
20 3
20 17
20 21
20 22
20 23
20 25
20 26
20 27
20 28
20 29
20 32
20 33
20 35
20 37
20 31
20 41
20 46
21 1
21 3
21 8
21 9
21 10
21 17
21 20
21 22
21 24
21 26
21 27
21 28
21 29
21 34
21 38
21 30
21 43
21 49
22 3
22 4
22 6
22 20
22 21
22 24
22 25
22 27
22 29
22 38
22 45
22 47
23 0
23 1
23 4
23 6
23 8
23 19
23 20
23 22
23 24
23 25
23 27
23 29
23 35
23 31
23 40
23 49
24 1
24 4
24 6
24 11
24 15
24 21
24 25
24 26
24 27
24 29
24 45
24 47
25 1
25 4
25 10
25 20
25 21
25 23
25 24
25 26
25 27
25 28
25 29
25 39
25 41
25 46
26 1
26 7
26 8
26 15
26 19
26 20
26 21
26 22
26 23
26 24
26 27
26 29
26 36
26 30
26 41
26 43
26 47
26 48
27 0
27 1
27 3
27 5
27 8
27 11
27 18
27 20
27 21
27 22
27 23
27 24
27 26
27 28
27 41
27 42
27 43
27 46
28 4
28 8
28 10
28 12
28 13
28 20
28 24
28 25
28 26
28 27
28 29
28 37
28 30
29 1
29 2
29 6
29 14
29 16
29 20
29 21
29 23
29 24
29 25
29 26
29 27
29 28
29 33
29 36
29 44
29 46
29 47
32 1
32 5
32 14
32 16
32 20
32 21
32 34
32 35
32 36
32 37
32 38
32 39
32 30
32 42
32 43
32 49
33 4
33 5
33 6
33 7
33 8
33 13
33 18
33 19
33 25
33 32
33 34
33 35
33 36
33 37
33 38
33 39
33 30
33 31
34 0
34 1
34 9
34 14
34 17
34 21
34 22
34 26
34 32
34 33
34 36
34 38
34 30
34 41
35 1
35 4
35 6
35 18
35 19
35 26
35 32
35 36
35 37
35 38
35 39
35 30
35 31
36 4
36 14
36 19
36 21
36 32
36 33
36 34
36 37
36 39
36 30
36 31
36 40
36 43
36 44
36 45
36 48
37 0
37 9
37 12
37 13
37 17
37 28
37 32
37 34
37 35
37 36
37 38
37 39
37 31
37 40
38 4
38 8
38 26
38 28
38 29
38 32
38 33
38 34
38 35
38 36
38 37
38 39
38 30
38 31
38 40
38 46
39 0
39 18
39 20
39 21
39 26
39 32
39 35
39 36
39 37
39 30
39 31
39 42
39 46
39 47
30 9
30 18
30 19
30 25
30 26
30 27
30 29
30 33
30 34
30 35
30 36
30 37
30 38
30 39
30 31
30 46
31 4
31 5
31 8
31 13
31 14
31 20
31 27
31 32
31 33
31 35
31 36
31 38
31 39
31 30
31 46
40 0
40 2
40 4
40 8
40 41
40 42
40 43
40 45
40 46
40 47
40 49
41 2
41 18
41 19
41 38
41 39
41 40
41 42
41 43
41 44
41 45
41 46
41 47
41 48
41 49
42 6
42 9
42 12
42 15
42 24
42 27
42 29
42 33
42 36
42 40
42 41
42 43
42 44
42 45
42 46
42 47
42 48
42 49
43 2
43 10
43 20
43 26
43 30
43 31
43 40
43 42
43 44
43 45
43 46
43 47
43 48
43 49
44 7
44 9
44 12
44 17
44 20
44 23
44 28
44 36
44 39
44 40
44 41
44 42
44 43
44 45
44 46
44 47
45 8
45 10
45 14
45 22
45 24
45 40
45 41
45 42
45 43
45 44
45 47
45 48
45 49
46 1
46 16
46 18
46 22
46 25
46 28
46 34
46 37
46 40
46 41
46 42
46 43
46 45
46 47
46 48
46 49
47 0
47 9
47 12
47 14
47 19
47 38
47 40
47 41
47 42
47 43
47 44
47 46
47 48
48 8
48 10
48 18
48 26
48 27
48 40
48 41
48 42
48 44
48 45
48 46
48 47
48 49
49 5
49 6
49 18
49 19
49 20
49 26
49 34
49 37
49 38
49 41
49 42
49 43
49 45
49 46
49 47
49 48
