0 1
0 5
0 6
0 7
0 8
0 9
0 15
0 19
0 36
0 38
0 39
0 42
0 46
1 2
1 3
1 4
1 5
1 6
1 7
1 8
1 28
1 29
1 32
1 38
1 30
2 0
2 1
2 3
2 4
2 5
2 6
2 7
2 8
2 9
2 10
2 13
2 14
2 17
2 21
2 24
2 26
2 28
2 29
2 32
2 37
2 40
2 45
2 48
3 0
3 1
3 2
3 5
3 6
3 7
3 8
3 13
3 14
3 19
3 20
3 24
3 29
3 32
3 35
3 38
3 30
3 31
3 44
3 45
4 0
4 1
4 2
4 5
4 6
4 7
4 8
4 9
4 14
4 16
4 19
4 25
4 36
4 46
4 47
5 0
5 1
5 2
5 3
5 6
5 7
5 8
5 9
5 11
5 12
5 16
5 19
5 23
5 42
6 0
6 1
6 2
6 3
6 4
6 5
6 7
6 8
6 9
6 21
6 23
6 35
7 0
7 2
7 3
7 5
7 6
7 8
7 9
7 10
7 23
7 29
7 36
7 30
7 42
8 0
8 1
8 3
8 4
8 5
8 7
8 9
8 11
8 32
8 45
9 0
9 1
9 3
9 4
9 6
9 7
9 8
9 10
9 11
9 18
9 22
9 28
9 34
9 36
10 0
10 4
10 8
10 11
10 14
10 16
10 17
10 18
10 19
10 20
10 21
10 23
10 28
10 33
10 37
10 38
10 41
10 42
10 47
11 2
11 10
11 12
11 13
11 16
11 18
11 19
11 21
11 31
11 48
12 0
12 3
12 5
12 7
12 10
12 11
12 13
12 14
12 15
12 17
12 18
12 19
12 20
12 23
12 26
12 28
12 39
12 30
12 45
12 47
12 48
13 10
13 11
13 15
13 16
13 17
13 19
13 23
13 32
13 35
13 36
13 44
13 46
13 49
14 1
14 4
14 5
14 10
14 12
14 13
14 15
14 16
14 18
14 20
14 24
14 26
14 28
14 34
14 39
14 43
14 44
14 46
15 2
15 5
15 7
15 10
15 11
15 12
15 13
15 14
15 16
15 17
15 18
15 25
15 27
15 34
15 35
15 41
16 10
16 11
16 12
16 14
16 15
16 17
16 18
16 19
16 33
16 35
16 31
16 47
17 5
17 6
17 8
17 10
17 12
17 13
17 14
17 15
17 18
17 19
17 21
17 24
17 25
17 27
17 33
17 36
17 37
17 39
17 31
17 41
17 43
17 45
18 3
18 4
18 7
18 10
18 12
18 14
18 15
18 16
18 19
18 23
18 28
18 29
18 42
18 43
19 4
19 10
19 13
19 14
19 15
19 16
19 18
19 20
19 24
19 25
19 27
19 36
19 41
19 48
20 5
20 7
20 11
20 21
20 22
20 23
20 24
20 25
20 27
20 28
20 29
20 33
20 40
20 46
20 47
20 49
21 1
21 8
21 9
21 18
21 22
21 24
21 25
21 26
21 27
21 29
21 32
21 37
21 39
21 40
21 41
21 43
21 45
22 5
22 14
22 18
22 20
22 24
22 25
22 27
22 28
22 41
23 7
23 9
23 16
23 19
23 20
23 22
23 24
23 25
23 26
23 27
23 28
23 29
23 42
23 45
24 4
24 13
24 15
24 20
24 21
24 22
24 23
24 25
24 26
24 27
24 34
24 39
24 49
25 9
25 12
25 17
25 20
25 22
25 23
25 24
25 26
25 27
25 28
25 29
25 30
25 45
25 48
26 3
26 5
26 12
26 18
26 19
26 20
26 21
26 22
26 23
26 24
26 25
26 27
26 28
26 29
26 36
26 44
26 48
27 4
27 5
27 11
27 13
27 15
27 20
27 21
27 22
27 23
27 24
27 25
27 26
27 28
27 29
27 34
27 38
27 42
27 44
27 48
28 3
28 6
28 18
28 20
28 21
28 22
28 24
28 25
28 26
28 29
28 32
28 37
28 49
29 0
29 3
29 13
29 19
29 20
29 21
29 22
29 23
29 24
29 25
29 26
29 27
29 28
29 39
29 30
29 44
29 46
32 17
32 18
32 19
32 20
32 34
32 35
32 36
32 37
32 38
32 39
32 30
32 40
33 0
33 6
33 8
33 10
33 11
33 12
33 13
33 15
33 19
33 20
33 22
33 28
33 32
33 35
33 36
33 37
33 39
33 30
33 48
33 49
34 2
34 3
34 4
34 21
34 27
34 33
34 36
34 37
34 38
34 39
34 30
34 31
34 41
34 46
35 3
35 5
35 9
35 14
35 20
35 28
35 32
35 33
35 34
35 36
35 37
35 38
35 39
35 30
35 31
35 44
35 45
36 4
36 10
36 12
36 13
36 23
36 24
36 27
36 32
36 33
36 34
36 37
36 38
36 39
36 30
36 41
36 43
36 45
36 46
37 0
37 10
37 11
37 13
37 19
37 26
37 33
37 34
37 38
37 39
37 31
38 11
38 19
38 22
38 23
38 27
38 33
38 34
38 35
38 36
38 39
38 30
38 31
38 40
38 45
38 48
39 3
39 23
39 32
39 33
39 34
39 36
39 37
39 31
39 43
30 11
30 13
30 25
30 26
30 33
30 35
30 36
30 37
30 39
30 31
30 40
30 43
30 46
30 47
31 2
31 3
31 9
31 11
31 14
31 22
31 27
31 29
31 32
31 33
31 37
31 38
31 30
31 40
31 41
31 42
31 45
40 16
40 18
40 21
40 36
40 37
40 31
40 42
40 44
40 45
40 46
40 47
40 48
40 49
41 4
41 10
41 20
41 40
41 42
41 43
41 44
41 46
41 48
41 49
42 4
42 5
42 7
42 9
42 15
42 19
42 20
42 27
42 29
42 33
42 35
42 40
42 41
42 43
42 44
42 45
42 46
43 0
43 7
43 9
43 10
43 13
43 20
43 25
43 29
43 33
43 38
43 30
43 40
43 41
43 42
43 45
43 47
43 48
43 49
44 0
44 14
44 23
44 27
44 28
44 32
44 36
44 38
44 39
44 40
44 41
44 42
44 43
44 45
44 46
44 47
44 48
44 49
45 2
45 10
45 16
45 17
45 19
45 23
45 27
45 40
45 41
45 42
45 44
45 46
45 47
45 48
46 3
46 10
46 13
46 21
46 22
46 24
46 26
46 27
46 28
46 33
46 36
46 30
46 31
46 40
46 41
46 43
46 44
46 45
46 48
47 1
47 8
47 10
47 12
47 13
47 16
47 21
47 22
47 24
47 25
47 26
47 33
47 40
47 41
47 42
47 43
47 44
47 45
47 46
47 49
48 28
48 29
48 32
48 33
48 36
48 38
48 40
48 42
48 46
48 47
48 49
49 1
49 5
49 10
49 19
49 22
49 23
49 29
49 30
49 40
49 41
49 42
49 43
49 44
49 46
49 47
49 48
