0 1
0 2
0 3
0 5
0 6
0 7
0 8
0 9
0 10
0 20
0 36
0 42
0 49
1 3
1 4
1 6
1 8
1 9
1 11
1 13
1 35
1 37
1 41
1 48
2 1
2 3
2 4
2 5
2 6
2 9
2 10
2 18
2 20
2 29
2 46
2 49
3 1
3 2
3 4
3 6
3 7
3 8
3 9
3 13
3 17
3 22
3 32
3 34
3 36
3 38
3 42
3 43
3 45
4 0
4 1
4 2
4 3
4 5
4 6
4 7
4 9
4 10
4 12
4 40
4 41
5 0
5 3
5 4
5 6
5 7
5 8
5 11
5 14
5 17
5 24
5 25
5 26
5 29
5 34
5 35
5 36
5 38
5 30
5 45
6 0
6 1
6 2
6 3
6 4
6 5
6 7
6 8
6 14
6 37
6 45
7 0
7 1
7 2
7 3
7 4
7 5
7 6
7 9
7 11
7 15
7 18
7 19
7 21
7 25
7 27
7 36
7 30
7 41
7 42
7 44
7 47
8 0
8 1
8 4
8 5
8 6
8 7
8 9
8 12
8 13
8 20
8 24
8 26
8 37
8 39
8 30
9 1
9 3
9 4
9 5
9 6
9 7
9 8
9 15
9 16
9 28
9 34
9 41
9 42
9 43
10 3
10 7
10 11
10 12
10 13
10 14
10 15
10 16
10 17
10 18
10 19
10 39
10 30
10 31
11 0
11 2
11 3
11 7
11 8
11 9
11 10
11 12
11 13
11 14
11 15
11 16
11 17
11 18
11 19
11 27
11 35
11 31
11 40
11 46
11 49
12 3
12 9
12 10
12 11
12 13
12 14
12 15
12 16
12 17
12 19
12 21
12 33
12 31
12 43
12 47
13 1
13 5
13 10
13 11
13 12
13 14
13 18
13 19
13 33
13 31
14 8
14 10
14 11
14 12
14 13
14 15
14 16
14 17
14 29
14 33
14 35
14 38
14 42
14 48
15 0
15 10
15 12
15 13
15 14
15 16
15 19
15 25
15 34
15 36
15 37
15 38
15 42
15 43
15 46
15 47
16 0
16 3
16 5
16 10
16 11
16 13
16 14
16 15
16 19
16 23
16 39
16 30
16 42
16 48
17 8
17 10
17 12
17 13
17 14
17 16
17 18
17 35
17 31
17 41
18 10
18 12
18 13
18 14
18 15
18 16
18 19
18 24
18 25
18 27
18 36
18 39
18 44
18 45
19 1
19 5
19 6
19 7
19 8
19 11
19 12
19 13
19 14
19 15
19 16
19 17
19 18
19 24
19 26
19 31
19 46
20 3
20 4
20 5
20 10
20 16
20 21
20 22
20 23
20 24
20 26
20 27
20 28
20 29
20 31
20 41
20 42
20 46
20 47
21 0
21 5
21 7
21 13
21 17
21 20
21 22
21 27
21 28
21 29
21 32
21 44
21 45
21 47
21 48
22 6
22 14
22 16
22 20
22 21
22 23
22 25
22 28
22 29
22 36
22 47
23 1
23 3
23 4
23 9
23 14
23 20
23 22
23 25
23 26
23 28
23 29
23 33
23 38
24 1
24 3
24 6
24 7
24 13
24 17
24 18
24 20
24 21
24 22
24 23
24 25
24 27
24 28
24 29
24 33
24 34
24 37
24 39
24 31
24 43
24 47
25 1
25 7
25 12
25 20
25 21
25 22
25 23
25 24
25 26
25 28
25 29
25 39
25 47
25 48
26 5
26 7
26 8
26 11
26 17
26 20
26 22
26 23
26 24
26 25
26 27
26 28
26 29
26 37
26 40
26 44
26 47
27 7
27 17
27 18
27 19
27 20
27 21
27 22
27 23
27 24
27 26
27 28
27 29
27 33
27 47
28 0
28 8
28 13
28 16
28 18
28 20
28 21
28 22
28 23
28 25
28 26
28 29
28 32
28 34
28 35
28 38
28 41
28 43
28 47
29 5
29 10
29 16
29 20
29 22
29 23
29 24
29 25
29 26
29 27
29 37
29 30
29 43
29 47
29 48
32 2
32 3
32 5
32 7
32 9
32 15
32 17
32 19
32 33
32 34
32 35
32 36
32 38
32 39
32 43
32 47
33 3
33 9
33 10
33 15
33 18
33 27
33 28
33 32
33 34
33 35
33 36
33 37
33 38
33 30
33 31
33 40
34 1
34 10
34 13
34 15
34 26
34 32
34 35
34 36
34 37
34 38
34 39
34 30
34 31
34 43
34 46
34 49
35 0
35 14
35 22
35 29
35 32
35 33
35 34
35 36
35 37
35 38
35 39
35 30
35 31
35 49
36 0
36 5
36 6
36 7
36 18
36 19
36 24
36 33
36 35
36 37
36 38
36 39
36 30
36 31
36 42
36 49
37 1
37 2
37 14
37 15
37 26
37 28
37 32
37 33
37 35
37 36
37 38
37 39
37 30
37 31
37 40
37 41
37 43
37 47
37 49
38 6
38 12
38 13
38 19
38 24
38 32
38 33
38 34
38 35
38 36
38 37
38 30
38 31
38 41
38 46
39 4
39 8
39 12
39 13
39 22
39 27
39 32
39 33
39 34
39 35
39 36
39 37
39 30
39 31
39 40
39 44
39 48
39 49
30 6
30 15
30 19
30 22
30 25
30 32
30 33
30 34
30 35
30 37
30 38
30 39
30 31
31 3
31 13
31 20
31 32
31 33
31 34
31 35
31 36
31 30
31 48
40 0
40 8
40 13
40 15
40 22
40 24
40 33
40 39
40 31
40 41
40 42
40 43
40 44
40 45
40 46
40 47
40 48
40 49
41 3
41 4
41 17
41 42
41 43
41 44
41 45
41 46
41 47
41 48
41 49
42 3
42 5
42 9
42 11
42 17
42 20
42 23
42 31
42 40
42 41
42 43
42 44
42 45
42 46
42 47
42 48
42 49
43 2
43 6
43 7
43 16
43 20
43 29
43 33
43 36
43 31
43 40
43 41
43 42
43 44
43 47
43 48
43 49
44 6
44 9
44 14
44 29
44 32
44 36
44 31
44 40
44 42
44 43
44 45
44 46
44 49
45 7
45 16
45 24
45 29
45 36
45 30
45 40
45 41
45 42
45 43
45 44
45 46
45 47
45 48
45 49
46 0
46 1
46 18
46 20
46 32
46 34
46 38
46 39
46 40
46 42
46 43
46 45
46 47
46 49
47 6
47 7
47 11
47 16
47 27
47 32
47 35
47 37
47 31
47 40
47 41
47 44
47 45
47 46
47 49
48 8
48 13
48 15
48 40
48 41
48 42
48 43
48 44
48 45
48 47
49 2
49 3
49 4
49 6
49 11
49 18
49 30
49 41
49 42
49 43
49 44
49 45
49 46
49 47
49 48
