0 1
0 3
0 4
0 5
0 6
0 7
0 9
0 12
0 15
0 22
0 27
0 35
0 39
0 40
0 41
0 42
0 45
1 0
1 2
1 3
1 4
1 5
1 6
1 7
1 8
1 18
1 21
1 24
1 25
1 28
1 33
1 30
1 48
2 0
2 3
2 4
2 5
2 6
2 7
2 8
2 9
2 11
2 14
2 15
2 20
2 25
2 28
2 38
2 30
2 40
2 45
3 0
3 1
3 4
3 6
3 7
3 8
3 9
3 12
3 15
3 24
3 26
3 27
3 28
3 32
3 35
3 36
3 37
3 39
3 44
3 49
4 1
4 2
4 3
4 6
4 8
4 9
4 10
4 15
4 16
4 18
4 24
4 42
4 45
5 0
5 1
5 2
5 4
5 6
5 7
5 9
5 17
5 23
5 24
5 25
5 27
5 32
5 33
5 37
5 30
5 31
6 0
6 1
6 2
6 3
6 4
6 5
6 7
6 8
6 9
6 11
6 12
6 19
6 23
6 32
6 33
6 39
6 31
6 40
6 43
6 44
6 48
6 49
7 0
7 3
7 4
7 5
7 6
7 8
7 9
7 16
7 17
7 24
7 27
7 28
7 32
7 34
7 38
7 31
7 43
8 0
8 2
8 5
8 7
8 10
8 12
8 32
8 33
8 30
8 42
9 0
9 1
9 2
9 3
9 4
9 5
9 6
9 7
9 8
9 18
9 25
9 34
9 36
9 39
9 30
9 31
9 40
9 48
10 0
10 11
10 12
10 14
10 15
10 17
10 18
10 19
10 23
10 38
10 30
10 31
10 44
11 2
11 5
11 7
11 9
11 10
11 12
11 13
11 14
11 15
11 16
11 17
11 18
11 19
11 20
11 33
11 37
11 44
11 48
12 0
12 4
12 6
12 10
12 11
12 13
12 14
12 15
12 16
12 18
12 22
12 26
12 32
12 34
12 36
12 49
13 2
13 4
13 8
13 9
13 10
13 11
13 12
13 14
13 15
13 16
13 17
13 19
13 29
14 0
14 1
14 2
14 3
14 10
14 11
14 12
14 13
14 15
14 16
14 17
14 18
14 19
14 20
14 25
14 33
14 40
14 42
14 43
14 44
14 47
14 49
15 2
15 9
15 10
15 11
15 12
15 13
15 14
15 16
15 17
15 19
15 36
15 30
15 44
15 45
16 10
16 11
16 12
16 13
16 15
16 17
16 18
16 25
16 26
16 28
16 36
16 37
16 38
16 30
16 31
17 0
17 1
17 11
17 12
17 14
17 15
17 16
17 18
17 19
17 21
17 32
17 30
17 41
17 42
17 47
17 49
18 3
18 10
18 11
18 12
18 13
18 14
18 15
18 16
18 19
18 25
18 37
18 38
18 31
18 43
19 4
19 5
19 10
19 11
19 13
19 15
19 17
19 18
19 23
19 27
19 30
19 31
19 42
19 47
19 48
20 0
20 2
20 4
20 14
20 15
20 18
20 22
20 23
20 24
20 25
20 26
20 27
20 37
20 38
20 39
20 40
20 46
20 47
21 7
21 9
21 14
21 15
21 20
21 22
21 23
21 24
21 26
21 27
21 28
21 29
21 36
21 41
21 42
21 44
22 6
22 7
22 14
22 15
22 20
22 21
22 23
22 24
22 25
22 26
22 27
22 28
22 29
22 37
22 40
22 44
23 0
23 10
23 11
23 20
23 21
23 22
23 25
23 26
23 27
23 29
23 48
24 1
24 8
24 11
24 12
24 14
24 26
24 27
24 29
24 32
24 42
24 45
25 3
25 4
25 16
25 17
25 20
25 21
25 22
25 23
25 24
25 26
25 27
25 28
25 29
25 43
26 0
26 4
26 12
26 17
26 22
26 23
26 24
26 25
26 28
26 29
26 34
26 36
26 38
26 39
26 30
26 44
26 46
27 0
27 4
27 7
27 15
27 18
27 20
27 21
27 22
27 23
27 24
27 26
27 28
27 34
27 30
27 40
28 0
28 3
28 10
28 12
28 18
28 19
28 20
28 21
28 22
28 23
28 24
28 25
28 26
28 29
28 35
28 31
28 41
29 1
29 4
29 9
29 10
29 11
29 13
29 15
29 17
29 20
29 22
29 23
29 24
29 25
29 26
29 27
29 28
29 35
29 39
29 30
29 42
29 47
32 4
32 5
32 11
32 14
32 19
32 25
32 34
32 35
32 36
32 37
32 38
32 39
32 30
32 49
33 7
33 15
33 17
33 21
33 23
33 29
33 32
33 34
33 35
33 36
33 38
33 39
33 30
33 31
33 43
34 9
34 24
34 26
34 27
34 28
34 35
34 36
34 37
34 38
34 39
34 30
34 31
34 41
34 48
35 3
35 11
35 15
35 19
35 24
35 32
35 33
35 34
35 37
35 39
35 30
35 31
36 2
36 9
36 11
36 14
36 15
36 33
36 34
36 35
36 37
36 39
36 30
36 31
36 43
36 45
36 49
37 2
37 10
37 13
37 15
37 20
37 21
37 32
37 33
37 38
37 39
37 30
37 43
38 11
38 19
38 21
38 22
38 29
38 32
38 33
38 34
38 35
38 37
38 39
38 31
38 43
38 47
39 2
39 14
39 19
39 20
39 23
39 25
39 29
39 32
39 33
39 35
39 36
39 38
39 31
39 42
39 44
30 0
30 6
30 9
30 10
30 12
30 13
30 14
30 18
30 32
30 33
30 34
30 35
30 36
30 37
30 38
30 39
30 31
30 40
30 48
30 49
31 3
31 5
31 6
31 9
31 14
31 16
31 18
31 19
31 21
31 28
31 32
31 33
31 34
31 35
31 36
31 30
31 43
31 44
31 46
31 48
40 1
40 18
40 33
40 41
40 42
40 43
40 44
40 46
40 47
40 48
40 49
41 7
41 10
41 20
41 21
41 25
41 26
41 27
41 32
41 40
41 44
41 46
41 47
41 48
41 49
42 0
42 15
42 25
42 32
42 33
42 36
42 38
42 40
42 43
42 44
42 46
42 47
42 48
42 49
43 5
43 6
43 16
43 17
43 22
43 28
43 29
43 32
43 33
43 35
43 41
43 42
43 44
43 46
43 47
43 48
43 49
44 3
44 4
44 13
44 17
44 21
44 25
44 39
44 40
44 41
44 42
44 43
44 45
44 46
44 47
44 48
45 4
45 6
45 8
45 10
45 13
45 16
45 18
45 20
45 22
45 26
45 28
45 39
45 30
45 40
45 41
45 42
45 43
45 44
45 46
45 47
45 48
45 49
46 10
46 20
46 21
46 28
46 39
46 40
46 43
46 44
46 45
46 49
47 3
47 9
47 11
47 15
47 24
47 26
47 39
47 41
47 42
47 43
47 45
47 46
47 48
47 49
48 3
48 13
48 33
48 36
48 37
48 40
48 41
48 43
48 44
48 46
48 47
49 1
49 3
49 4
49 10
49 11
49 13
49 14
49 19
49 25
49 26
49 27
49 30
49 40
49 41
49 42
49 44
49 46
49 48
