0 2
0 3
0 4
0 6
0 7
0 9
0 11
0 12
0 14
0 20
0 22
0 28
0 32
0 36
0 40
1 0
1 2
1 3
1 4
1 5
1 6
1 7
1 8
1 9
1 18
1 23
1 32
1 33
1 34
1 40
2 0
2 1
2 3
2 4
2 5
2 7
2 8
2 9
2 12
2 15
2 20
2 21
2 26
2 28
2 32
2 33
2 34
2 37
2 38
2 43
2 45
2 46
3 0
3 1
3 2
3 4
3 5
3 6
3 7
3 8
3 9
3 12
3 32
3 34
3 36
3 31
3 42
3 44
3 47
3 49
4 0
4 1
4 5
4 6
4 7
4 8
4 9
4 33
4 44
5 0
5 1
5 2
5 6
5 7
5 8
5 9
5 10
5 19
5 20
5 32
5 36
5 37
5 44
5 48
5 49
6 2
6 4
6 5
6 7
6 8
6 9
6 11
6 14
6 22
6 24
6 25
6 33
6 37
6 38
6 42
6 43
6 44
6 45
6 49
7 0
7 1
7 2
7 4
7 6
7 8
7 9
7 10
7 13
7 15
7 26
7 35
8 1
8 2
8 3
8 5
8 6
8 7
8 11
8 16
8 18
8 21
8 24
8 29
8 34
8 35
8 37
8 39
8 41
8 45
8 46
9 2
9 3
9 4
9 5
9 6
9 7
9 8
9 12
9 19
9 39
9 40
9 48
9 49
10 2
10 6
10 8
10 11
10 12
10 13
10 14
10 17
10 18
10 19
10 20
10 32
10 30
10 44
11 4
11 8
11 10
11 13
11 14
11 15
11 16
11 17
11 25
11 40
11 42
12 7
12 9
12 10
12 11
12 13
12 15
12 16
12 17
12 18
12 19
12 25
13 0
13 5
13 6
13 10
13 11
13 12
13 14
13 15
13 16
13 17
13 18
13 25
13 34
13 39
13 45
14 4
14 5
14 6
14 10
14 11
14 12
14 13
14 15
14 17
14 18
14 19
14 20
14 23
14 24
14 32
14 36
14 37
14 38
14 30
14 41
14 47
14 48
14 49
15 1
15 2
15 5
15 7
15 9
15 10
15 11
15 12
15 13
15 14
15 18
15 19
15 25
15 26
15 34
15 36
15 30
15 31
15 41
15 46
15 49
16 4
16 7
16 10
16 11
16 12
16 13
16 14
16 17
16 18
16 19
16 30
16 31
16 49
17 0
17 6
17 7
17 10
17 11
17 14
17 16
17 19
17 22
17 35
17 39
17 44
17 49
18 2
18 10
18 11
18 13
18 15
18 17
18 19
18 22
18 25
18 28
18 38
18 49
19 0
19 2
19 10
19 12
19 13
19 14
19 15
19 16
19 17
19 18
19 23
19 28
19 34
19 35
19 37
19 41
20 4
20 6
20 7
20 15
20 21
20 23
20 24
20 25
20 27
20 29
20 37
20 39
20 40
20 49
21 0
21 6
21 20
21 22
21 23
21 26
21 27
21 29
21 40
21 42
21 45
21 48
22 1
22 4
22 5
22 11
22 18
22 20
22 25
22 26
22 27
22 28
22 29
22 33
22 34
22 42
22 49
23 0
23 4
23 5
23 6
23 9
23 10
23 16
23 17
23 18
23 20
23 21
23 22
23 24
23 25
23 26
23 27
23 29
23 36
23 37
23 30
23 49
24 2
24 6
24 9
24 10
24 19
24 20
24 21
24 22
24 23
24 25
24 26
24 28
24 29
24 44
24 45
24 46
24 47
25 5
25 10
25 13
25 16
25 20
25 21
25 23
25 24
25 26
25 27
25 29
25 39
25 47
26 4
26 5
26 6
26 15
26 16
26 20
26 21
26 22
26 23
26 24
26 27
26 28
26 29
26 34
26 37
26 38
26 39
26 43
26 49
27 5
27 11
27 19
27 20
27 22
27 23
27 25
27 28
27 29
27 33
27 36
27 31
27 45
27 49
28 10
28 12
28 20
28 22
28 25
28 27
28 29
28 36
28 37
28 38
28 42
28 46
28 49
29 6
29 8
29 14
29 16
29 17
29 20
29 21
29 23
29 24
29 27
29 28
29 30
29 42
29 46
29 47
32 0
32 4
32 6
32 9
32 10
32 21
32 23
32 33
32 34
32 36
32 37
32 38
32 39
32 30
32 31
32 40
32 49
33 8
33 14
33 16
33 26
33 27
33 32
33 34
33 35
33 36
33 37
33 38
33 39
33 30
33 31
33 42
33 43
34 0
34 3
34 5
34 8
34 9
34 11
34 17
34 20
34 28
34 29
34 32
34 33
34 35
34 36
34 37
34 38
34 39
34 30
34 31
34 44
34 48
35 8
35 10
35 19
35 21
35 26
35 27
35 29
35 32
35 33
35 34
35 36
35 37
35 31
35 44
35 47
36 0
36 10
36 22
36 29
36 32
36 33
36 34
36 37
36 38
36 39
36 30
36 31
36 45
37 2
37 3
37 9
37 17
37 19
37 22
37 32
37 33
37 34
37 36
37 38
37 31
37 45
38 0
38 4
38 22
38 24
38 32
38 34
38 35
38 37
38 39
38 30
38 42
39 6
39 7
39 13
39 14
39 25
39 32
39 33
39 36
39 38
39 30
39 31
39 43
30 3
30 6
30 15
30 18
30 27
30 28
30 33
30 34
30 35
30 36
30 38
30 39
30 31
30 41
30 44
30 45
30 48
31 5
31 6
31 7
31 8
31 11
31 13
31 15
31 17
31 21
31 22
31 24
31 25
31 28
31 32
31 35
31 36
31 37
31 38
31 39
31 45
40 8
40 11
40 18
40 25
40 31
40 41
40 42
40 43
40 44
40 45
40 46
40 47
40 48
41 1
41 6
41 12
41 13
41 16
41 19
41 20
41 22
41 25
41 34
41 40
41 43
41 45
41 46
41 47
41 48
41 49
42 17
42 19
42 24
42 27
42 40
42 41
42 43
42 44
42 46
42 47
42 49
43 3
43 11
43 17
43 20
43 21
43 22
43 33
43 36
43 41
43 42
43 44
43 45
43 46
43 47
43 49
44 0
44 3
44 9
44 11
44 12
44 14
44 15
44 28
44 29
44 32
44 38
44 39
44 40
44 41
44 42
44 43
44 46
44 47
44 48
44 49
45 8
45 10
45 12
45 18
45 20
45 22
45 25
45 26
45 40
45 41
45 42
45 43
45 44
45 46
45 47
45 48
45 49
46 2
46 3
46 4
46 17
46 24
46 25
46 32
46 33
46 40
46 41
46 43
46 44
46 45
46 48
46 49
47 5
47 6
47 11
47 22
47 25
47 27
47 28
47 33
47 39
47 30
47 40
47 41
47 42
47 43
47 44
47 45
47 46
47 49
48 10
48 14
48 27
48 36
48 38
48 42
48 43
48 44
48 45
48 46
48 47
48 49
49 1
49 2
49 7
49 14
49 15
49 18
49 19
49 32
49 38
49 40
49 42
49 43
49 44
49 45
49 46
49 47
49 48
