0 1
0 2
0 3
0 4
0 5
0 6
0 7
0 8
0 15
0 17
0 21
0 26
0 34
0 38
1 2
1 3
1 4
1 5
1 6
1 7
1 8
1 9
1 14
1 16
1 24
1 29
1 32
1 34
1 37
1 38
1 39
1 31
1 43
1 45
1 47
2 0
2 3
2 6
2 7
2 9
2 18
2 22
2 24
2 25
2 26
2 29
2 37
2 38
2 31
2 40
2 43
2 46
2 48
2 49
3 0
3 2
3 4
3 5
3 8
3 9
3 16
3 22
3 24
3 27
3 38
3 30
3 40
3 45
4 0
4 1
4 2
4 3
4 5
4 6
4 7
4 8
4 9
4 20
4 26
4 27
4 30
4 45
5 2
5 6
5 7
5 8
5 9
5 12
5 14
5 15
5 17
5 22
5 29
5 35
5 40
6 0
6 1
6 2
6 3
6 4
6 7
6 9
6 12
6 16
6 20
6 25
6 26
6 28
6 34
6 39
6 49
7 0
7 1
7 2
7 3
7 4
7 5
7 8
7 9
7 16
7 23
7 25
7 26
7 33
7 36
7 41
7 44
8 0
8 2
8 3
8 4
8 5
8 6
8 9
8 13
8 20
8 26
8 28
8 33
8 35
8 31
8 47
9 0
9 2
9 3
9 4
9 5
9 6
9 7
9 8
9 12
9 14
9 15
9 19
9 23
9 33
9 35
9 30
9 41
9 46
10 0
10 3
10 11
10 13
10 14
10 16
10 19
10 22
10 23
10 26
10 35
10 39
10 31
10 43
10 47
11 0
11 10
11 13
11 14
11 15
11 16
11 18
11 29
11 36
11 39
11 47
12 4
12 10
12 11
12 13
12 14
12 16
12 18
12 19
12 25
12 26
12 29
12 31
12 40
12 42
13 4
13 5
13 8
13 10
13 11
13 12
13 14
13 15
13 16
13 17
13 18
13 19
13 26
13 29
13 38
13 42
14 1
14 10
14 11
14 12
14 15
14 18
14 19
14 34
14 35
14 31
14 44
14 48
14 49
15 0
15 6
15 7
15 10
15 11
15 12
15 14
15 16
15 17
15 18
15 23
15 24
15 28
15 33
15 39
16 6
16 10
16 11
16 12
16 14
16 15
16 17
16 18
16 19
16 34
16 30
16 31
16 43
16 45
16 46
17 7
17 10
17 12
17 13
17 14
17 15
17 16
17 18
17 19
17 20
17 25
17 41
17 43
18 3
18 6
18 9
18 10
18 11
18 12
18 14
18 15
18 16
18 17
18 19
18 20
18 23
18 25
18 26
18 39
18 42
18 48
18 49
19 10
19 11
19 12
19 13
19 15
19 16
19 17
19 18
19 25
19 41
19 42
20 3
20 4
20 6
20 21
20 22
20 23
20 24
20 25
20 27
20 29
20 38
20 42
20 43
21 9
21 10
21 12
21 16
21 17
21 20
21 22
21 23
21 25
21 26
21 27
21 28
21 35
21 41
22 0
22 4
22 8
22 9
22 10
22 13
22 15
22 20
22 21
22 23
22 26
22 27
22 28
22 41
22 43
23 1
23 5
23 10
23 19
23 21
23 22
23 24
23 25
23 26
23 27
23 28
23 29
23 31
23 45
24 1
24 3
24 6
24 13
24 19
24 21
24 22
24 23
24 25
24 26
24 28
24 29
24 33
24 31
24 42
24 48
25 3
25 10
25 11
25 16
25 18
25 22
25 23
25 26
25 27
25 28
25 29
25 33
25 39
25 41
25 42
25 45
26 1
26 21
26 22
26 23
26 24
26 27
26 28
26 29
26 34
26 36
26 30
26 40
26 42
26 45
26 47
26 49
27 2
27 7
27 11
27 15
27 17
27 20
27 21
27 22
27 23
27 24
27 25
27 26
27 28
27 29
27 31
27 41
27 43
28 0
28 4
28 6
28 7
28 10
28 15
28 18
28 19
28 21
28 22
28 23
28 24
28 26
28 27
28 29
28 40
28 48
28 49
29 3
29 13
29 16
29 19
29 20
29 21
29 22
29 24
29 25
29 26
29 32
29 33
29 38
29 30
29 42
29 46
29 49
32 3
32 4
32 5
32 11
32 15
32 17
32 19
32 33
32 35
32 36
32 37
32 38
32 39
32 30
32 31
32 40
33 0
33 3
33 10
33 22
33 26
33 29
33 32
33 35
33 36
33 37
33 38
33 39
33 30
33 31
34 3
34 4
34 8
34 11
34 13
34 20
34 32
34 33
34 36
34 37
34 38
34 39
34 30
34 31
34 42
34 43
34 45
34 46
35 7
35 10
35 26
35 28
35 32
35 34
35 36
35 37
35 38
35 39
35 47
36 4
36 8
36 9
36 10
36 11
36 13
36 15
36 21
36 26
36 32
36 33
36 34
36 35
36 37
36 38
36 39
36 30
36 31
37 1
37 3
37 4
37 6
37 7
37 13
37 17
37 20
37 22
37 23
37 25
37 28
37 32
37 34
37 36
37 38
37 39
37 30
37 42
37 49
38 8
38 9
38 15
38 16
38 28
38 34
38 35
38 37
38 39
38 30
38 31
38 47
38 49
39 0
39 1
39 3
39 5
39 9
39 10
39 11
39 13
39 16
39 25
39 27
39 32
39 33
39 34
39 35
39 36
39 37
39 30
39 31
39 40
39 46
39 49
30 1
30 9
30 15
30 17
30 21
30 22
30 24
30 25
30 27
30 28
30 32
30 33
30 34
30 35
30 36
30 38
30 31
30 45
30 47
31 3
31 4
31 7
31 17
31 19
31 22
31 29
31 32
31 33
31 34
31 35
31 36
31 37
31 39
31 30
31 42
31 48
40 9
40 12
40 13
40 37
40 31
40 42
40 43
40 44
40 45
40 46
40 47
40 48
40 49
41 7
41 11
41 12
41 16
41 29
41 35
41 31
41 40
41 42
41 43
41 44
41 45
41 46
41 48
41 49
42 4
42 5
42 8
42 27
42 38
42 40
42 41
42 44
42 45
42 46
42 47
42 48
42 49
43 6
43 7
43 8
43 21
43 30
43 40
43 41
43 42
43 44
43 45
43 46
43 47
43 48
44 2
44 3
44 7
44 18
44 29
44 34
44 40
44 41
44 42
44 43
44 45
44 46
44 47
44 48
44 49
45 13
45 16
45 19
45 41
45 42
45 43
45 47
45 49
46 3
46 6
46 19
46 22
46 23
46 24
46 26
46 27
46 32
46 41
46 42
46 44
46 45
46 47
46 48
46 49
47 4
47 6
47 9
47 14
47 17
47 21
47 25
47 27
47 33
47 40
47 41
47 42
47 43
47 44
47 45
47 46
47 48
47 49
48 0
48 1
48 3
48 13
48 15
48 20
48 21
48 25
48 41
48 42
48 43
48 44
48 45
48 46
48 47
48 49
49 10
49 11
49 18
49 19
49 27
49 28
49 35
49 37
49 39
49 40
49 41
49 42
49 43
49 44
49 45
49 47
49 48
