0 1
0 3
0 4
0 5
0 6
0 7
0 8
0 9
0 10
0 14
0 35
0 36
0 39
0 31
0 45
0 48
1 0
1 2
1 3
1 4
1 5
1 6
1 7
1 8
1 9
1 15
1 16
1 23
1 24
1 33
1 42
1 48
2 0
2 1
2 3
2 4
2 5
2 6
2 7
2 8
2 9
2 10
2 14
2 16
2 18
2 22
2 37
2 31
2 41
2 44
2 49
3 1
3 2
3 4
3 5
3 7
3 8
3 9
3 13
3 17
3 26
3 35
3 30
3 47
4 0
4 2
4 3
4 5
4 6
4 8
4 9
4 10
4 13
4 14
4 16
4 26
4 37
4 42
4 43
4 47
5 0
5 1
5 2
5 3
5 4
5 7
5 8
5 12
5 17
5 18
5 20
5 43
6 1
6 2
6 4
6 5
6 8
6 9
6 10
6 13
6 20
6 26
6 27
6 28
6 35
6 37
6 30
6 43
6 44
6 49
7 1
7 4
7 8
7 9
7 14
7 16
7 29
7 38
7 42
7 43
8 0
8 1
8 2
8 3
8 4
8 5
8 6
8 7
8 9
8 13
8 14
8 16
8 18
8 27
8 29
8 37
8 38
8 31
8 42
8 45
8 49
9 0
9 1
9 4
9 5
9 6
9 7
9 8
9 26
9 27
9 30
9 41
9 43
9 47
10 12
10 13
10 14
10 15
10 16
10 19
10 37
10 38
10 40
11 4
11 12
11 13
11 15
11 17
11 18
11 19
11 27
11 28
11 39
12 0
12 2
12 6
12 8
12 10
12 11
12 15
12 16
12 19
12 22
12 23
12 27
12 34
12 38
12 46
12 47
13 7
13 11
13 12
13 14
13 15
13 16
13 17
13 18
13 19
13 20
13 26
13 34
13 35
13 36
13 38
13 42
13 44
13 45
13 46
14 0
14 9
14 11
14 12
14 13
14 15
14 16
14 17
14 18
14 19
14 22
14 29
14 35
14 31
14 43
15 0
15 1
15 7
15 9
15 10
15 11
15 13
15 14
15 16
15 17
15 19
15 38
15 42
15 46
15 48
16 3
16 5
16 8
16 9
16 10
16 11
16 13
16 14
16 15
16 17
16 18
16 19
16 20
16 34
16 37
16 39
16 41
16 43
16 47
17 0
17 4
17 5
17 7
17 10
17 11
17 12
17 13
17 14
17 16
17 18
17 19
17 20
17 27
17 28
17 29
17 34
17 38
17 31
17 48
18 0
18 3
18 10
18 11
18 12
18 13
18 14
18 16
18 17
18 19
18 22
18 28
18 32
18 35
18 36
18 40
18 45
18 46
18 49
19 8
19 10
19 11
19 12
19 13
19 14
19 15
19 16
19 17
19 34
19 49
20 0
20 1
20 2
20 4
20 14
20 19
20 21
20 23
20 24
20 26
20 27
20 35
20 37
20 31
20 46
20 47
20 48
21 1
21 12
21 15
21 16
21 19
21 24
21 25
21 26
21 28
21 29
21 35
21 36
21 37
21 40
21 46
22 2
22 3
22 4
22 7
22 10
22 19
22 20
22 21
22 24
22 26
22 29
22 35
22 31
22 40
22 41
22 47
22 49
23 4
23 10
23 18
23 20
23 21
23 27
23 44
24 8
24 12
24 16
24 21
24 22
24 25
24 27
24 28
24 36
24 37
24 45
24 49
25 19
25 20
25 21
25 22
25 23
25 24
25 26
25 28
25 36
25 37
25 47
26 0
26 5
26 9
26 12
26 13
26 18
26 20
26 21
26 22
26 23
26 27
26 28
26 43
26 47
27 5
27 6
27 7
27 10
27 12
27 20
27 21
27 22
27 23
27 24
27 25
27 26
27 28
27 29
27 32
27 33
27 34
27 35
27 36
27 41
28 3
28 11
28 12
28 13
28 15
28 16
28 18
28 20
28 21
28 22
28 23
28 24
28 25
28 26
28 27
28 29
28 30
28 45
29 0
29 1
29 4
29 5
29 6
29 10
29 12
29 16
29 19
29 21
29 22
29 23
29 25
29 26
29 27
29 33
29 37
29 31
29 45
29 47
32 4
32 5
32 7
32 16
32 17
32 23
32 24
32 25
32 28
32 33
32 34
32 35
32 36
32 37
32 38
32 39
32 30
32 31
32 42
32 48
32 49
33 13
33 15
33 16
33 29
33 32
33 35
33 36
33 37
33 38
33 39
33 31
33 42
33 45
34 2
34 10
34 22
34 32
34 33
34 35
34 36
34 37
34 38
34 39
34 31
34 44
34 46
34 48
34 49
35 2
35 9
35 12
35 15
35 26
35 28
35 32
35 33
35 34
35 36
35 37
35 38
35 39
35 30
35 31
35 40
35 45
36 2
36 7
36 9
36 12
36 24
36 25
36 28
36 32
36 33
36 35
36 37
36 38
36 39
36 30
36 31
37 1
37 6
37 12
37 13
37 21
37 23
37 32
37 34
37 35
37 36
37 38
37 30
37 31
37 40
37 42
37 43
37 44
37 45
37 49
38 0
38 6
38 21
38 32
38 33
38 34
38 39
38 31
39 6
39 9
39 10
39 11
39 16
39 17
39 18
39 23
39 27
39 32
39 34
39 36
39 37
39 38
39 44
39 48
30 2
30 3
30 5
30 14
30 17
30 24
30 26
30 29
30 32
30 33
30 34
30 36
30 38
30 39
30 31
30 48
31 2
31 6
31 8
31 10
31 17
31 33
31 34
31 35
31 36
31 37
31 38
31 39
31 30
31 44
31 46
31 48
40 2
40 8
40 20
40 34
40 37
40 39
40 41
40 42
40 43
40 45
40 46
40 48
40 49
41 4
41 6
41 10
41 18
41 21
41 32
41 35
41 37
41 38
41 30
41 43
41 44
41 45
41 46
41 47
41 48
41 49
42 9
42 11
42 12
42 15
42 18
42 19
42 22
42 24
42 26
42 27
42 33
42 38
42 31
42 40
42 41
42 43
42 44
42 45
42 46
42 49
43 6
43 16
43 20
43 22
43 28
43 32
43 38
43 30
43 31
43 40
43 41
43 42
43 44
43 45
43 46
43 47
43 49
44 0
44 2
44 9
44 13
44 14
44 20
44 26
44 27
44 28
44 40
44 41
44 42
44 45
44 46
44 47
44 48
44 49
45 2
45 4
45 7
45 15
45 16
45 19
45 35
45 41
45 42
45 44
45 46
45 48
45 49
46 8
46 10
46 15
46 21
46 25
46 35
46 31
46 41
46 42
46 43
46 44
46 47
46 48
46 49
47 2
47 4
47 11
47 22
47 24
47 25
47 26
47 29
47 38
47 30
47 40
47 43
47 44
47 45
47 46
47 48
47 49
48 2
48 5
48 9
48 13
48 20
48 21
48 35
48 39
48 40
48 41
48 42
48 43
48 44
48 45
48 49
49 1
49 3
49 8
49 20
49 21
49 27
49 34
49 35
49 38
49 30
49 40
49 41
49 42
49 43
49 44
49 45
49 46
49 47
49 48
