0 1
0 2
0 3
0 4
0 5
0 6
0 8
0 9
0 18
0 29
0 41
1 0
1 3
1 4
1 5
1 6
1 7
1 8
1 15
1 25
1 27
1 33
1 36
1 37
1 30
1 42
1 45
2 0
2 1
2 3
2 4
2 5
2 6
2 8
2 9
2 12
2 13
2 44
2 47
3 0
3 4
3 5
3 7
3 9
3 12
3 19
3 21
3 25
3 37
3 49
4 0
4 1
4 2
4 3
4 5
4 6
4 7
4 8
4 9
4 11
4 19
4 22
4 23
4 25
4 26
4 28
4 35
4 39
4 41
4 48
5 0
5 1
5 2
5 3
5 4
5 6
5 8
5 9
5 14
5 18
5 19
5 20
5 21
5 25
5 33
5 41
6 1
6 2
6 3
6 5
6 7
6 8
6 9
6 11
6 12
6 13
6 19
6 22
6 30
6 42
6 43
7 0
7 2
7 3
7 5
7 6
7 8
7 9
7 11
7 13
7 19
7 43
7 48
7 49
8 0
8 1
8 2
8 3
8 4
8 5
8 9
8 13
8 34
8 36
8 39
8 40
8 42
8 44
8 46
9 0
9 2
9 4
9 5
9 6
9 7
9 8
9 10
9 22
9 32
9 34
9 39
10 11
10 12
10 13
10 14
10 15
10 16
10 17
10 18
10 19
10 20
10 22
10 35
10 37
10 38
10 30
10 31
10 40
10 43
10 45
10 46
10 47
11 0
11 1
11 4
11 6
11 9
11 10
11 12
11 13
11 14
11 15
11 16
11 17
11 18
11 19
11 24
11 31
11 40
11 47
12 1
12 4
12 6
12 11
12 13
12 14
12 16
12 17
12 18
12 19
12 28
12 39
12 40
12 43
12 45
12 47
13 3
13 10
13 11
13 14
13 15
13 17
13 19
13 20
13 25
13 26
13 28
13 29
13 32
13 38
13 39
13 40
13 44
13 45
14 10
14 11
14 15
14 16
14 18
14 19
14 24
14 25
14 26
14 27
14 36
14 39
14 31
14 44
15 10
15 12
15 13
15 16
15 17
15 18
15 19
15 24
15 34
15 40
15 46
15 47
16 1
16 5
16 6
16 10
16 11
16 12
16 14
16 17
16 18
16 24
16 40
16 42
16 49
17 2
17 8
17 10
17 11
17 12
17 13
17 14
17 15
17 16
17 18
17 19
17 21
17 29
17 33
18 1
18 9
18 10
18 12
18 13
18 17
18 19
18 24
18 25
18 39
18 42
18 43
19 0
19 5
19 6
19 8
19 10
19 11
19 12
19 13
19 14
19 15
19 16
19 17
19 18
19 39
19 30
19 40
19 45
19 46
19 48
19 49
20 1
20 4
20 8
20 9
20 18
20 19
20 21
20 22
20 23
20 26
20 27
20 28
20 29
20 33
20 39
20 31
20 48
21 1
21 9
21 10
21 18
21 20
21 22
21 23
21 24
21 25
21 27
21 28
21 29
21 34
21 37
21 40
21 48
22 4
22 10
22 16
22 18
22 20
22 21
22 23
22 24
22 26
22 27
22 28
22 29
22 34
22 40
22 41
22 47
23 9
23 11
23 20
23 21
23 22
23 24
23 25
23 26
23 27
23 29
23 34
23 35
23 39
23 49
24 1
24 4
24 15
24 18
24 20
24 22
24 23
24 25
24 26
24 27
24 28
24 39
24 44
24 46
24 47
25 4
25 9
25 15
25 16
25 19
25 20
25 21
25 22
25 23
25 24
25 27
25 28
25 29
25 37
25 40
25 44
25 49
26 0
26 8
26 9
26 13
26 19
26 20
26 23
26 24
26 25
26 28
26 29
26 39
26 46
27 0
27 6
27 19
27 21
27 22
27 23
27 24
27 25
27 26
27 28
27 29
27 33
27 35
27 37
27 38
27 44
27 47
28 2
28 6
28 8
28 9
28 10
28 11
28 12
28 14
28 16
28 17
28 19
28 23
28 25
28 26
28 27
28 29
28 33
28 35
28 39
28 41
28 49
29 1
29 5
29 13
29 21
29 24
29 25
29 26
29 27
29 28
29 35
29 46
29 48
32 0
32 4
32 7
32 8
32 12
32 15
32 18
32 19
32 22
32 29
32 33
32 36
32 37
32 38
32 39
32 30
32 31
32 48
33 1
33 3
33 7
33 8
33 10
33 13
33 15
33 23
33 25
33 32
33 34
33 36
33 37
33 38
33 39
33 44
33 48
34 1
34 3
34 4
34 7
34 9
34 10
34 14
34 15
34 17
34 18
34 22
34 24
34 25
34 27
34 32
34 33
34 35
34 36
34 37
34 38
34 41
34 46
35 2
35 7
35 8
35 11
35 19
35 21
35 29
35 32
35 33
35 34
35 36
35 39
35 30
35 46
35 47
36 3
36 4
36 6
36 8
36 14
36 15
36 19
36 20
36 22
36 25
36 26
36 32
36 33
36 34
36 35
36 39
36 30
36 31
37 3
37 6
37 8
37 10
37 12
37 23
37 24
37 27
37 29
37 32
37 33
37 34
37 38
37 39
37 30
37 31
37 43
38 0
38 8
38 10
38 15
38 22
38 24
38 25
38 32
38 34
38 35
38 36
38 37
38 39
38 31
39 6
39 11
39 15
39 19
39 25
39 26
39 29
39 32
39 34
39 35
39 36
39 37
39 38
39 30
39 31
39 40
39 46
39 49
30 5
30 6
30 10
30 12
30 14
30 25
30 26
30 28
30 32
30 33
30 34
30 35
30 36
30 37
30 38
30 31
30 40
30 43
30 48
31 3
31 5
31 6
31 9
31 18
31 20
31 22
31 26
31 29
31 32
31 35
31 36
31 37
31 38
31 39
31 30
31 48
40 6
40 7
40 15
40 17
40 18
40 21
40 28
40 34
40 41
40 42
40 43
40 44
40 45
40 46
40 47
40 48
41 6
41 8
41 16
41 18
41 23
41 24
41 40
41 42
41 44
41 45
41 47
41 48
42 3
42 9
42 11
42 19
42 26
42 33
42 40
42 41
42 43
42 44
42 45
42 46
42 47
42 48
43 3
43 10
43 21
43 32
43 35
43 37
43 39
43 40
43 42
43 44
43 45
43 46
43 47
43 48
43 49
44 3
44 5
44 6
44 11
44 15
44 33
44 37
44 41
44 42
44 43
44 45
44 46
44 48
44 49
45 1
45 2
45 11
45 12
45 14
45 17
45 24
45 26
45 32
45 36
45 39
45 41
45 42
45 43
45 44
45 46
45 47
45 48
46 1
46 3
46 17
46 22
46 28
46 35
46 30
46 43
46 44
46 45
46 47
46 48
46 49
47 0
47 8
47 11
47 12
47 18
47 26
47 37
47 39
47 30
47 40
47 42
47 43
47 44
47 45
47 46
47 48
47 49
48 1
48 8
48 15
48 17
48 20
48 24
48 36
48 38
48 40
48 41
48 43
48 44
48 45
48 46
48 47
48 49
49 2
49 3
49 5
49 16
49 19
49 21
49 23
49 24
49 37
49 40
49 41
49 42
49 46
49 47
49 48
