0 1
0 2
0 3
0 4
0 5
0 6
0 7
0 8
0 9
0 12
0 18
0 21
0 28
0 29
0 34
0 37
0 49
1 2
1 3
1 4
1 5
1 6
1 7
1 8
1 9
1 15
1 18
1 23
1 26
1 27
1 28
1 33
1 30
1 46
2 0
2 1
2 3
2 5
2 6
2 7
2 8
2 9
2 11
2 12
2 17
2 25
2 27
2 37
2 31
2 45
2 49
3 0
3 1
3 2
3 4
3 5
3 7
3 8
3 12
3 13
3 15
3 21
3 22
3 23
3 32
3 36
3 42
3 48
4 0
4 1
4 2
4 3
4 6
4 7
4 8
4 9
4 16
4 24
4 33
4 39
4 42
4 47
5 0
5 1
5 2
5 3
5 4
5 6
5 7
5 8
5 9
5 15
5 16
5 18
5 25
5 34
5 40
6 0
6 3
6 4
6 5
6 7
6 8
6 9
6 17
6 20
6 24
6 27
6 33
6 43
6 45
6 46
7 0
7 2
7 3
7 4
7 5
7 6
7 8
7 9
7 17
7 22
7 24
7 29
7 33
7 41
7 42
7 43
8 0
8 2
8 3
8 4
8 5
8 6
8 7
8 9
8 11
8 17
8 18
8 19
8 22
8 26
8 28
8 32
8 33
8 35
8 39
9 0
9 1
9 2
9 3
9 4
9 5
9 6
9 7
9 8
9 11
9 13
9 18
9 25
9 40
10 0
10 1
10 11
10 12
10 13
10 14
10 15
10 16
10 17
10 18
10 19
10 26
10 27
10 33
10 43
10 44
10 45
11 2
11 3
11 10
11 13
11 14
11 15
11 17
11 18
11 19
11 27
11 37
11 39
11 30
11 43
12 4
12 10
12 11
12 13
12 14
12 15
12 16
12 17
12 18
12 38
12 43
12 49
13 0
13 9
13 10
13 12
13 14
13 15
13 16
13 17
13 18
13 19
13 27
13 29
13 33
13 43
13 48
14 1
14 10
14 11
14 12
14 13
14 15
14 16
14 17
14 18
14 20
14 27
14 29
14 32
15 5
15 11
15 13
15 14
15 16
15 19
15 20
15 33
15 36
15 39
15 30
15 40
15 42
15 43
15 44
15 46
15 49
16 5
16 7
16 10
16 11
16 12
16 14
16 15
16 18
16 19
16 25
16 27
16 38
16 30
16 40
16 44
16 45
16 47
16 48
17 3
17 5
17 10
17 12
17 13
17 14
17 15
17 16
17 19
17 21
17 24
17 25
17 29
17 40
18 10
18 11
18 12
18 13
18 14
18 15
18 17
18 19
18 21
18 42
18 44
18 49
19 0
19 10
19 11
19 12
19 13
19 14
19 15
19 18
19 24
19 28
19 34
19 39
20 8
20 10
20 12
20 21
20 22
20 23
20 24
20 25
20 26
20 27
20 29
20 35
20 36
20 46
21 5
21 16
21 23
21 25
21 26
21 27
21 28
21 29
21 47
22 1
22 3
22 5
22 7
22 8
22 14
22 20
22 21
22 23
22 24
22 26
22 27
22 29
22 39
22 45
23 1
23 5
23 13
23 20
23 21
23 22
23 25
23 26
23 27
23 28
23 29
23 34
23 35
23 39
23 41
23 44
24 0
24 2
24 3
24 6
24 15
24 16
24 20
24 21
24 22
24 23
24 25
24 26
24 29
24 35
24 37
24 31
24 40
24 45
24 47
25 0
25 4
25 6
25 8
25 14
25 18
25 20
25 23
25 24
25 26
25 29
25 34
25 36
25 44
25 47
26 20
26 21
26 22
26 24
26 25
26 29
26 35
26 30
26 47
27 8
27 10
27 14
27 18
27 19
27 21
27 23
27 24
27 25
27 26
27 29
27 39
28 5
28 11
28 16
28 17
28 20
28 22
28 23
28 24
28 25
28 27
28 29
28 34
28 35
28 37
29 1
29 4
29 5
29 8
29 16
29 20
29 21
29 22
29 23
29 24
29 25
29 28
29 37
29 38
29 30
29 47
29 49
32 2
32 3
32 10
32 13
32 19
32 21
32 33
32 34
32 35
32 36
32 37
32 39
32 30
32 31
32 44
32 45
33 0
33 6
33 17
33 23
33 26
33 28
33 29
33 34
33 35
33 37
33 39
33 30
33 31
33 47
33 49
34 0
34 17
34 18
34 27
34 29
34 32
34 33
34 37
34 38
34 39
34 30
34 31
34 45
35 0
35 12
35 15
35 16
35 21
35 29
35 33
35 34
35 36
35 37
35 38
35 39
35 30
35 31
35 44
35 45
35 46
35 47
35 49
36 2
36 3
36 8
36 21
36 23
36 32
36 34
36 37
36 38
36 39
36 31
36 40
36 42
36 43
36 46
36 48
37 5
37 9
37 12
37 25
37 32
37 33
37 35
37 36
37 38
37 39
37 30
37 31
37 45
38 9
38 16
38 17
38 21
38 23
38 32
38 33
38 34
38 35
38 37
38 30
38 31
38 49
39 3
39 14
39 18
39 23
39 25
39 32
39 33
39 34
39 35
39 36
39 37
39 30
39 31
39 45
39 47
30 5
30 15
30 17
30 20
30 25
30 29
30 32
30 33
30 34
30 35
30 37
30 38
30 39
30 44
30 49
31 1
31 5
31 11
31 13
31 20
31 21
31 23
31 24
31 32
31 34
31 35
31 36
31 37
31 38
31 39
31 40
31 46
40 5
40 7
40 11
40 16
40 22
40 26
40 28
40 32
40 34
40 35
40 37
40 39
40 41
40 42
40 43
40 44
40 45
40 46
40 47
40 48
40 49
41 3
41 10
41 12
41 13
41 36
41 39
41 31
41 42
41 43
41 45
41 46
42 4
42 6
42 7
42 15
42 23
42 25
42 26
42 27
42 32
42 33
42 38
42 40
42 41
42 43
42 44
42 45
42 46
42 47
42 48
43 1
43 3
43 7
43 15
43 16
43 18
43 39
43 40
43 41
43 44
43 45
43 46
43 47
43 49
44 2
44 7
44 9
44 11
44 19
44 24
44 28
44 29
44 34
44 35
44 39
44 31
44 41
44 42
44 46
45 0
45 14
45 16
45 17
45 19
45 20
45 22
45 24
45 30
45 40
45 41
45 42
45 43
45 44
45 46
45 47
45 48
45 49
46 14
46 15
46 21
46 25
46 37
46 41
46 42
46 44
46 49
47 5
47 8
47 10
47 19
47 21
47 22
47 23
47 26
47 27
47 34
47 36
47 40
47 42
47 43
47 44
47 45
47 46
47 48
48 0
48 1
48 3
48 14
48 18
48 19
48 24
48 28
48 33
48 36
48 40
48 41
48 43
48 44
48 45
48 46
48 47
48 49
49 4
49 10
49 11
49 26
49 27
49 34
49 38
49 40
49 41
49 42
49 43
49 44
49 45
49 46
49 47
49 48
