0 1
0 2
0 3
0 4
0 5
0 6
0 7
0 8
0 9
0 13
0 16
0 29
0 31
0 40
0 47
1 0
1 2
1 4
1 5
1 6
1 7
1 8
1 9
1 11
1 16
1 17
1 33
1 31
1 47
2 1
2 3
2 4
2 5
2 6
2 8
2 9
2 13
2 15
2 18
2 25
2 28
2 32
2 33
2 41
2 46
2 49
3 0
3 1
3 4
3 5
3 6
3 7
3 8
3 9
3 10
3 11
3 12
3 15
3 16
3 18
3 21
3 33
3 34
3 38
3 30
3 48
3 49
4 1
4 2
4 3
4 5
4 6
4 7
4 8
4 11
4 12
4 24
4 29
4 32
4 33
4 36
4 30
4 41
4 49
5 0
5 1
5 2
5 3
5 4
5 7
5 8
5 9
5 14
5 15
5 21
5 22
5 23
5 24
5 26
5 39
5 41
5 44
5 46
5 48
6 0
6 1
6 2
6 3
6 4
6 5
6 8
6 12
6 20
6 22
6 33
6 38
6 40
6 46
7 0
7 1
7 2
7 3
7 4
7 5
7 6
7 8
7 9
7 13
7 20
7 21
7 23
7 32
7 33
7 37
7 47
7 48
8 1
8 2
8 3
8 5
8 6
8 7
8 12
8 14
8 19
8 27
8 37
8 39
8 42
8 45
9 0
9 1
9 2
9 4
9 5
9 6
9 15
9 16
9 22
9 23
9 35
9 36
9 38
9 31
10 0
10 2
10 3
10 5
10 8
10 9
10 11
10 12
10 13
10 14
10 15
10 16
10 17
10 18
10 19
10 21
10 27
10 29
10 33
10 38
10 39
10 41
10 45
10 46
10 49
11 0
11 2
11 3
11 5
11 13
11 14
11 15
11 17
11 18
11 19
11 20
11 23
11 25
11 26
11 36
11 39
11 30
12 1
12 3
12 7
12 10
12 11
12 13
12 14
12 16
12 17
12 18
12 19
12 24
12 26
12 29
12 32
12 40
12 45
13 0
13 1
13 4
13 7
13 11
13 12
13 17
13 18
13 19
13 24
13 25
13 29
13 34
13 41
13 46
14 2
14 4
14 7
14 10
14 11
14 13
14 15
14 16
14 17
14 25
14 34
14 37
14 39
14 45
14 48
15 0
15 4
15 10
15 11
15 12
15 13
15 14
15 17
15 18
15 19
15 23
15 27
16 3
16 9
16 10
16 11
16 12
16 13
16 14
16 17
16 19
16 21
16 29
16 34
16 36
16 48
17 1
17 9
17 10
17 11
17 12
17 13
17 14
17 15
17 16
17 19
17 25
17 32
17 35
17 31
17 42
17 45
17 46
18 1
18 10
18 12
18 13
18 15
18 16
18 17
18 19
18 24
18 26
18 33
18 35
18 39
18 43
18 46
19 1
19 10
19 12
19 13
19 14
19 17
19 18
19 21
19 25
19 26
19 28
19 29
19 33
19 36
19 47
19 48
20 2
20 10
20 12
20 21
20 22
20 23
20 24
20 25
20 26
20 27
20 29
20 31
20 47
20 48
20 49
21 1
21 2
21 4
21 9
21 12
21 20
21 22
21 23
21 25
21 26
21 27
21 28
21 29
21 32
21 36
21 38
22 1
22 9
22 11
22 14
22 15
22 20
22 21
22 23
22 24
22 25
22 27
22 29
22 33
22 37
22 38
22 39
23 0
23 3
23 18
23 19
23 20
23 21
23 22
23 26
23 27
23 28
23 32
23 35
23 39
23 41
23 42
23 45
23 48
24 2
24 4
24 5
24 7
24 8
24 14
24 22
24 25
24 26
24 27
24 28
24 32
24 31
24 41
24 46
24 48
25 6
25 8
25 18
25 20
25 21
25 23
25 24
25 26
25 27
25 29
25 35
25 47
26 2
26 3
26 17
26 19
26 20
26 21
26 22
26 23
26 24
26 25
26 28
26 39
26 45
26 49
27 2
27 3
27 10
27 20
27 21
27 23
27 24
27 25
27 26
27 28
27 34
27 37
27 47
28 0
28 5
28 6
28 13
28 15
28 17
28 20
28 21
28 22
28 23
28 25
28 26
28 27
28 29
28 33
28 34
28 41
28 46
29 6
29 11
29 16
29 17
29 21
29 23
29 24
29 25
29 26
29 28
29 33
29 36
29 39
29 48
32 1
32 4
32 6
32 20
32 24
32 33
32 34
32 35
32 36
32 38
32 39
32 30
32 31
33 6
33 8
33 9
33 14
33 15
33 16
33 18
33 32
33 34
33 35
33 36
33 38
33 39
33 30
33 41
33 43
33 45
34 6
34 8
34 10
34 11
34 19
34 20
34 21
34 32
34 33
34 35
34 36
34 37
34 38
34 39
34 30
34 46
34 47
34 49
35 1
35 5
35 10
35 12
35 15
35 17
35 18
35 22
35 26
35 32
35 33
35 37
35 38
35 39
35 30
35 31
36 11
36 19
36 20
36 24
36 32
36 33
36 34
36 37
36 39
36 31
36 41
36 44
36 46
37 9
37 10
37 11
37 24
37 26
37 32
37 33
37 34
37 35
37 36
37 38
37 30
37 31
37 40
37 45
37 46
38 2
38 4
38 9
38 11
38 12
38 13
38 14
38 23
38 26
38 27
38 33
38 34
38 35
38 36
38 37
38 39
38 31
38 44
38 45
39 2
39 6
39 7
39 12
39 18
39 22
39 32
39 33
39 34
39 35
39 36
39 37
39 30
39 31
39 46
30 10
30 20
30 22
30 29
30 32
30 34
30 35
30 37
30 38
30 40
30 42
31 1
31 8
31 9
31 10
31 28
31 32
31 34
31 37
31 38
31 39
31 30
31 44
31 48
31 49
40 0
40 1
40 8
40 12
40 15
40 16
40 18
40 20
40 23
40 29
40 32
40 37
40 42
40 43
40 44
40 45
40 46
40 48
41 1
41 6
41 7
41 10
41 22
41 27
41 29
41 33
41 34
41 30
41 31
41 40
41 42
41 43
41 45
41 46
41 47
42 2
42 3
42 10
42 11
42 12
42 19
42 20
42 26
42 29
42 33
42 34
42 35
42 36
42 37
42 31
42 40
42 41
42 43
42 45
42 46
42 47
43 0
43 1
43 13
43 15
43 17
43 20
43 29
43 33
43 31
43 40
43 41
43 42
43 44
43 45
43 46
43 47
43 48
43 49
44 3
44 4
44 7
44 9
44 25
44 35
44 38
44 40
44 41
44 42
44 45
44 46
44 47
44 48
44 49
45 2
45 6
45 9
45 40
45 41
45 42
45 43
45 44
45 46
45 47
45 48
45 49
46 8
46 16
46 21
46 35
46 40
46 41
46 43
46 45
46 47
46 48
46 49
47 3
47 7
47 9
47 16
47 17
47 23
47 24
47 27
47 38
47 40
47 42
47 44
47 45
47 46
47 48
47 49
48 2
48 23
48 27
48 33
48 35
48 39
48 30
48 42
48 43
48 44
48 46
48 47
48 49
49 1
49 2
49 6
49 7
49 19
49 26
49 35
49 40
49 41
49 43
49 45
49 46
49 47
49 48
