0 1
0 2
0 3
0 5
0 7
0 8
0 9
0 10
0 12
0 26
0 37
0 40
0 44
0 45
0 47
0 49
1 2
1 4
1 5
1 7
1 8
1 9
1 10
1 11
1 14
1 18
1 24
1 39
1 30
1 40
1 41
1 48
2 1
2 3
2 4
2 5
2 7
2 8
2 9
2 11
2 17
2 28
2 29
2 32
2 34
2 40
2 41
2 44
2 47
3 1
3 2
3 4
3 5
3 7
3 8
3 9
3 11
3 37
3 31
4 0
4 1
4 2
4 3
4 5
4 6
4 7
4 8
4 17
4 22
4 26
4 29
4 38
4 40
4 43
4 44
4 46
5 0
5 1
5 2
5 3
5 7
5 9
5 10
5 13
5 18
5 22
5 27
5 33
5 35
5 40
5 42
5 43
5 47
5 49
6 0
6 1
6 2
6 3
6 4
6 5
6 7
6 8
6 9
6 10
6 18
6 19
6 22
6 23
6 24
6 25
6 34
6 36
6 39
6 31
6 46
6 47
6 49
7 0
7 1
7 2
7 4
7 5
7 6
7 8
7 9
7 13
7 14
7 22
7 23
7 26
7 27
7 33
7 31
7 41
7 46
7 48
8 0
8 1
8 2
8 3
8 4
8 5
8 6
8 7
8 9
8 11
8 14
8 24
8 32
8 34
8 38
8 30
9 1
9 3
9 4
9 5
9 6
9 7
9 8
9 19
9 25
9 26
9 32
9 35
9 36
9 44
10 11
10 12
10 13
10 14
10 15
10 16
10 17
10 18
10 19
10 21
10 30
10 47
10 49
11 4
11 6
11 7
11 8
11 10
11 13
11 14
11 17
11 18
11 19
11 22
11 27
11 34
11 37
11 31
11 48
12 2
12 3
12 10
12 11
12 13
12 14
12 15
12 16
12 19
12 21
12 22
12 26
12 29
12 39
12 40
12 47
13 0
13 2
13 8
13 10
13 11
13 12
13 14
13 15
13 16
13 19
13 24
13 27
13 29
13 34
13 36
13 37
13 45
13 47
13 49
14 4
14 10
14 11
14 12
14 13
14 15
14 17
14 18
14 19
14 37
14 38
14 41
14 42
14 44
14 45
15 10
15 11
15 13
15 14
15 16
15 17
15 18
15 19
15 24
15 28
15 40
15 41
15 47
16 2
16 10
16 11
16 12
16 13
16 14
16 15
16 17
16 18
16 19
16 21
16 23
16 33
16 31
16 44
16 47
17 1
17 10
17 11
17 13
17 15
17 16
17 18
17 19
17 23
17 24
17 29
17 35
17 36
17 38
18 3
18 5
18 8
18 10
18 11
18 12
18 13
18 14
18 15
18 16
18 17
18 19
18 30
18 46
18 47
19 0
19 7
19 10
19 11
19 12
19 13
19 14
19 15
19 16
19 17
19 29
19 33
19 40
19 44
19 49
20 4
20 8
20 16
20 18
20 21
20 22
20 23
20 24
20 25
20 26
20 27
20 28
20 29
20 35
20 40
20 44
21 15
21 19
21 20
21 22
21 23
21 24
21 25
21 26
21 27
21 28
21 29
21 35
21 38
21 39
21 42
21 47
22 0
22 7
22 13
22 14
22 20
22 21
22 23
22 25
22 26
22 28
22 29
22 41
22 43
22 44
22 47
22 48
22 49
23 0
23 4
23 6
23 20
23 21
23 24
23 26
23 27
23 29
23 33
23 41
23 44
23 46
23 47
24 10
24 12
24 17
24 18
24 19
24 20
24 22
24 23
24 25
24 26
24 27
24 28
24 29
24 48
25 4
25 7
25 13
25 19
25 20
25 21
25 22
25 23
25 24
25 26
25 27
25 28
25 29
26 2
26 6
26 20
26 21
26 22
26 23
26 24
26 25
26 27
26 28
26 36
26 40
27 1
27 5
27 14
27 17
27 20
27 21
27 23
27 24
27 25
27 26
27 28
27 29
27 43
27 44
28 10
28 17
28 19
28 20
28 21
28 23
28 24
28 25
28 26
28 27
28 29
28 33
28 41
28 43
28 44
28 45
29 0
29 12
29 17
29 20
29 22
29 23
29 25
29 26
29 28
29 36
29 38
29 30
29 41
29 45
29 47
32 5
32 15
32 25
32 26
32 27
32 33
32 34
32 37
32 38
32 39
32 31
32 41
32 42
33 0
33 12
33 19
33 20
33 22
33 24
33 32
33 34
33 35
33 36
33 37
33 38
33 30
33 31
34 0
34 4
34 6
34 10
34 15
34 20
34 21
34 23
34 26
34 32
34 33
34 35
34 36
34 37
34 38
34 39
34 45
34 46
34 49
35 1
35 7
35 16
35 22
35 28
35 32
35 33
35 34
35 36
35 37
35 38
35 39
35 30
35 31
35 40
35 43
35 44
36 0
36 8
36 16
36 17
36 27
36 32
36 33
36 34
36 35
36 37
36 39
36 30
36 49
37 5
37 8
37 13
37 19
37 21
37 32
37 33
37 34
37 36
37 38
37 30
37 31
37 40
37 44
38 4
38 9
38 11
38 13
38 32
38 33
38 34
38 35
38 36
38 37
38 39
38 31
38 41
38 44
38 48
39 0
39 2
39 12
39 18
39 26
39 32
39 33
39 35
39 37
39 38
39 30
39 31
39 41
39 42
39 45
30 14
30 19
30 21
30 23
30 32
30 33
30 35
30 36
30 37
30 38
30 31
30 41
31 11
31 12
31 16
31 22
31 32
31 33
31 34
31 35
31 36
31 37
31 38
31 39
31 30
31 46
31 48
40 2
40 8
40 12
40 13
40 27
40 28
40 32
40 37
40 39
40 31
40 41
40 43
40 44
40 46
40 47
40 48
40 49
41 0
41 9
41 11
41 13
41 29
41 38
41 40
41 42
41 43
41 48
41 49
42 9
42 16
42 23
42 27
42 33
42 38
42 40
42 41
42 43
42 44
42 45
42 46
42 47
42 48
42 49
43 8
43 32
43 34
43 37
43 30
43 40
43 41
43 42
43 44
43 46
43 47
43 48
44 5
44 6
44 7
44 15
44 19
44 25
44 27
44 35
44 36
44 40
44 41
44 42
44 43
44 45
44 46
44 47
44 48
44 49
45 4
45 8
45 10
45 11
45 17
45 21
45 25
45 26
45 27
45 34
45 35
45 38
45 40
45 41
45 42
45 43
45 46
45 47
45 48
45 49
46 9
46 17
46 18
46 23
46 26
46 28
46 33
46 36
46 38
46 40
46 41
46 42
46 44
46 45
46 47
46 48
47 1
47 4
47 6
47 16
47 20
47 40
47 41
47 43
47 44
47 45
47 46
47 48
47 49
48 5
48 6
48 7
48 10
48 11
48 13
48 14
48 22
48 32
48 33
48 35
48 37
48 40
48 41
48 42
48 43
48 44
48 49
49 3
49 8
49 19
49 21
49 25
49 41
49 43
49 44
49 45
49 46
49 48
