0 1
0 2
0 4
0 6
0 7
0 8
0 9
0 10
0 11
0 13
0 16
0 18
0 22
0 23
0 29
0 34
0 43
1 0
1 2
1 3
1 4
1 7
1 8
1 15
1 18
1 27
1 36
1 37
1 39
1 31
1 46
2 0
2 3
2 4
2 5
2 6
2 8
2 9
2 11
2 13
2 15
2 28
2 29
2 35
2 40
2 44
2 49
3 0
3 1
3 2
3 4
3 5
3 8
3 14
3 25
3 33
3 36
3 38
3 39
3 31
3 43
3 44
4 0
4 1
4 5
4 7
4 8
4 9
4 10
4 12
4 22
4 27
4 28
4 37
4 40
4 42
5 0
5 1
5 2
5 3
5 6
5 7
5 9
5 14
5 18
5 24
5 26
5 28
5 35
5 37
5 39
5 30
5 46
6 0
6 1
6 2
6 4
6 8
6 9
6 11
6 12
6 15
6 21
6 29
6 38
6 47
7 0
7 1
7 2
7 4
7 5
7 6
7 8
7 12
7 16
7 17
7 21
7 25
7 26
7 27
7 36
7 39
7 44
7 45
8 0
8 1
8 2
8 3
8 4
8 5
8 7
8 9
8 12
8 18
8 22
8 25
8 32
8 33
8 34
8 37
8 44
8 49
9 2
9 3
9 4
9 5
9 6
9 7
9 8
9 15
9 22
9 27
9 40
9 43
9 44
9 45
10 0
10 8
10 11
10 12
10 13
10 15
10 16
10 17
10 19
10 21
10 27
10 30
11 3
11 5
11 6
11 14
11 15
11 16
11 17
11 18
11 19
11 26
11 35
11 39
11 31
12 1
12 4
12 8
12 10
12 11
12 13
12 14
12 15
12 16
12 17
12 18
12 19
12 21
12 25
12 26
12 27
12 30
12 42
12 43
12 45
12 46
12 48
13 10
13 11
13 12
13 14
13 16
13 18
13 22
13 41
13 42
14 3
14 5
14 10
14 11
14 12
14 13
14 15
14 17
14 23
14 36
14 39
14 31
14 41
14 42
14 47
15 2
15 4
15 6
15 10
15 11
15 12
15 13
15 16
15 17
15 18
15 19
15 26
15 29
15 34
15 37
15 39
15 44
15 48
16 0
16 1
16 10
16 12
16 13
16 14
16 15
16 17
16 19
16 20
16 22
16 26
16 34
16 38
16 39
16 49
17 6
17 10
17 11
17 12
17 13
17 14
17 15
17 16
17 19
17 24
17 32
17 33
17 38
17 39
17 40
17 45
17 49
18 0
18 4
18 7
18 10
18 11
18 14
18 15
18 16
18 17
18 19
18 21
18 27
19 7
19 10
19 11
19 12
19 13
19 14
19 15
19 16
19 17
19 18
19 21
19 22
19 23
19 26
19 36
20 3
20 6
20 7
20 8
20 21
20 22
20 23
20 24
20 25
20 26
20 27
20 28
20 29
20 32
20 37
20 30
20 41
21 3
21 4
21 11
21 20
21 22
21 23
21 24
21 25
21 26
21 29
21 30
21 40
21 43
22 9
22 13
22 20
22 21
22 23
22 24
22 25
22 26
22 27
22 28
22 29
22 37
22 31
22 42
22 43
22 44
22 48
23 12
23 13
23 17
23 20
23 21
23 22
23 24
23 26
23 29
23 32
23 39
23 30
23 40
23 42
23 46
24 8
24 11
24 17
24 18
24 20
24 21
24 22
24 23
24 25
24 26
24 27
24 28
24 35
24 49
25 7
25 12
25 15
25 20
25 22
25 24
25 26
25 28
25 29
25 32
25 33
25 34
25 43
26 0
26 3
26 9
26 11
26 20
26 22
26 23
26 24
26 25
26 27
26 28
26 29
26 38
26 40
27 1
27 7
27 10
27 11
27 12
27 15
27 16
27 20
27 21
27 22
27 23
27 24
27 25
27 26
27 28
27 29
27 34
27 36
27 38
27 30
27 40
27 47
27 48
28 3
28 6
28 10
28 17
28 20
28 21
28 22
28 23
28 24
28 26
28 27
28 29
28 32
28 41
28 47
29 5
29 6
29 7
29 11
29 17
29 20
29 21
29 22
29 23
29 24
29 25
29 26
29 27
29 28
29 42
29 49
32 8
32 10
32 22
32 23
32 24
32 25
32 34
32 35
32 36
32 37
32 38
32 30
32 31
32 43
32 45
33 2
33 5
33 6
33 13
33 18
33 23
33 25
33 32
33 35
33 36
33 37
33 38
33 39
33 31
33 45
34 7
34 13
34 16
34 25
34 26
34 35
34 36
34 37
34 38
34 39
34 30
34 31
34 42
34 45
34 47
34 49
35 3
35 12
35 17
35 19
35 20
35 22
35 24
35 33
35 34
35 36
35 37
35 38
35 39
35 30
35 31
35 45
35 47
35 49
36 2
36 6
36 7
36 8
36 11
36 14
36 17
36 19
36 21
36 23
36 25
36 27
36 32
36 33
36 34
36 37
36 38
36 39
36 30
36 31
36 46
36 47
36 48
37 0
37 2
37 3
37 7
37 11
37 12
37 14
37 19
37 21
37 25
37 32
37 33
37 34
37 35
37 36
37 30
37 31
37 48
37 49
38 8
38 12
38 18
38 32
38 33
38 34
38 35
38 36
38 37
38 39
38 40
38 47
39 6
39 7
39 12
39 14
39 17
39 22
39 26
39 29
39 32
39 33
39 36
39 38
39 30
39 31
39 43
39 44
39 45
30 0
30 1
30 19
30 21
30 25
30 28
30 32
30 33
30 34
30 35
30 36
30 37
30 38
30 39
30 31
30 44
30 46
30 48
31 5
31 9
31 21
31 24
31 26
31 28
31 32
31 33
31 34
31 35
31 36
31 37
31 38
31 39
31 30
31 42
40 1
40 19
40 22
40 28
40 32
40 31
40 41
40 42
40 43
40 45
40 49
41 5
41 6
41 16
41 17
41 18
41 20
41 22
41 23
41 32
41 37
41 30
41 40
41 42
41 43
41 47
41 48
41 49
42 1
42 2
42 16
42 19
42 26
42 28
42 32
42 40
42 41
42 43
42 44
42 45
42 46
42 47
42 48
42 49
43 0
43 2
43 4
43 12
43 14
43 16
43 23
43 39
43 40
43 42
43 45
43 46
43 47
43 48
43 49
44 3
44 6
44 13
44 16
44 19
44 20
44 22
44 32
44 33
44 34
44 35
44 31
44 40
44 41
44 42
44 43
44 45
44 46
44 47
44 48
45 3
45 5
45 7
45 8
45 10
45 11
45 23
45 26
45 27
45 32
45 35
45 36
45 40
45 41
45 42
45 43
45 44
45 47
45 49
46 0
46 5
46 18
46 22
46 27
46 29
46 40
46 41
46 42
46 43
46 44
46 45
47 0
47 4
47 8
47 10
47 13
47 18
47 22
47 27
47 28
47 32
47 36
47 38
47 39
47 40
47 41
47 43
47 44
47 45
47 48
47 49
48 0
48 1
48 4
48 13
48 14
48 24
48 32
48 37
48 30
48 40
48 41
48 42
48 43
48 45
48 46
48 47
49 2
49 9
49 10
49 15
49 35
49 38
49 40
49 42
49 44
49 45
49 46
