0 1
0 2
0 3
0 4
0 5
0 6
0 7
0 8
0 10
0 13
0 15
0 25
0 29
0 33
0 44
1 0
1 2
1 3
1 4
1 5
1 6
1 7
1 8
1 9
1 11
1 14
1 22
1 23
1 29
1 35
1 41
1 47
2 0
2 3
2 4
2 5
2 6
2 7
2 13
2 15
2 19
2 24
2 29
2 42
3 0
3 1
3 5
3 8
3 9
3 16
3 25
3 36
3 37
3 39
3 41
3 44
3 46
4 0
4 2
4 3
4 7
4 8
4 11
4 14
4 17
4 19
4 32
4 37
4 31
4 44
4 46
4 47
5 0
5 2
5 3
5 4
5 6
5 7
5 8
5 9
5 12
5 19
5 27
5 35
5 39
5 31
5 41
6 0
6 1
6 2
6 3
6 4
6 7
6 9
6 21
6 26
6 32
6 33
6 38
6 45
6 46
7 0
7 1
7 2
7 3
7 4
7 6
7 8
7 15
7 16
7 18
7 19
7 21
7 23
7 32
7 31
7 40
7 41
7 42
7 44
7 45
7 46
8 0
8 1
8 2
8 3
8 4
8 5
8 6
8 7
8 9
8 19
8 32
8 38
8 40
8 42
8 46
9 0
9 1
9 2
9 3
9 4
9 5
9 7
9 8
9 15
9 20
9 35
9 36
9 39
9 44
9 46
9 49
10 0
10 5
10 12
10 13
10 14
10 15
10 16
10 17
10 18
10 19
10 21
10 22
10 33
10 34
10 36
10 31
10 45
11 0
11 8
11 10
11 12
11 13
11 14
11 16
11 17
11 18
11 28
11 34
11 37
11 40
11 41
11 42
11 44
12 5
12 11
12 14
12 15
12 16
12 17
12 18
12 19
12 21
12 36
12 39
12 45
12 49
13 8
13 10
13 11
13 14
13 15
13 16
13 18
13 19
13 20
13 24
13 25
13 26
13 35
13 30
13 41
13 42
13 48
14 3
14 8
14 11
14 13
14 15
14 16
14 17
14 18
14 19
14 26
14 29
14 32
14 33
14 44
14 45
14 49
15 0
15 1
15 3
15 6
15 9
15 11
15 12
15 16
15 17
15 18
15 19
15 20
15 21
15 23
15 24
15 26
15 32
15 35
15 30
15 42
15 44
15 46
16 8
16 11
16 12
16 13
16 14
16 15
16 17
16 18
16 19
16 22
16 24
16 27
16 28
16 34
16 37
16 46
17 8
17 10
17 13
17 15
17 16
17 18
17 19
17 25
18 6
18 10
18 11
18 12
18 14
18 15
18 17
18 19
18 24
18 27
18 35
18 37
18 30
18 48
19 4
19 7
19 11
19 12
19 13
19 14
19 15
19 16
19 17
19 18
19 25
19 26
19 27
19 28
19 32
19 31
20 3
20 4
20 6
20 7
20 12
20 15
20 17
20 21
20 22
20 23
20 26
20 27
20 28
20 29
20 36
20 38
20 46
20 47
20 48
21 2
21 13
21 14
21 20
21 23
21 24
21 25
21 27
21 28
21 29
21 30
21 31
21 49
22 3
22 8
22 15
22 21
22 23
22 24
22 25
22 26
22 28
22 29
22 34
22 38
22 41
23 11
23 21
23 22
23 24
23 25
23 26
23 27
23 28
23 29
23 34
23 36
23 37
23 39
23 30
23 40
23 42
23 44
23 46
23 47
23 48
24 3
24 7
24 10
24 11
24 19
24 20
24 22
24 23
24 25
24 26
24 27
24 28
24 29
24 32
24 33
24 38
24 46
25 11
25 21
25 22
25 27
25 28
25 29
25 31
25 48
26 4
26 20
26 23
26 24
26 25
26 27
26 29
26 41
26 43
26 44
26 45
26 47
27 4
27 6
27 9
27 11
27 12
27 19
27 20
27 21
27 22
27 23
27 25
27 26
27 28
27 29
27 34
27 36
27 31
27 45
27 47
28 2
28 10
28 12
28 14
28 19
28 21
28 23
28 25
28 26
28 27
28 29
28 35
28 38
28 31
28 41
28 45
28 47
29 3
29 5
29 7
29 22
29 23
29 24
29 26
29 27
29 28
29 34
29 35
29 38
29 41
29 43
32 7
32 9
32 11
32 15
32 18
32 21
32 22
32 33
32 34
32 36
32 37
32 39
32 30
32 31
33 9
33 23
33 28
33 32
33 34
33 35
33 36
33 37
33 38
33 39
33 30
33 41
33 46
34 4
34 7
34 8
34 9
34 10
34 11
34 18
34 21
34 22
34 26
34 29
34 32
34 33
34 35
34 37
34 30
34 31
34 45
35 2
35 4
35 13
35 16
35 17
35 19
35 21
35 24
35 26
35 27
35 32
35 33
35 37
35 38
35 39
35 30
35 31
35 40
35 44
35 45
36 2
36 4
36 6
36 13
36 15
36 16
36 17
36 19
36 23
36 28
36 32
36 34
36 35
36 37
36 38
36 39
36 30
36 31
36 44
36 46
36 49
37 0
37 1
37 3
37 6
37 7
37 18
37 20
37 32
37 33
37 34
37 35
37 36
37 38
37 39
37 30
37 31
37 40
37 45
37 48
38 4
38 5
38 10
38 13
38 14
38 16
38 20
38 22
38 27
38 28
38 33
38 34
38 35
38 37
38 39
38 30
38 31
38 41
38 42
38 44
38 45
38 47
39 4
39 10
39 15
39 16
39 22
39 23
39 25
39 32
39 33
39 34
39 35
39 36
39 37
39 38
39 30
39 31
39 43
39 48
30 0
30 1
30 3
30 5
30 6
30 11
30 13
30 25
30 28
30 32
30 33
30 34
30 36
30 37
30 38
30 39
30 31
30 41
30 44
30 47
30 49
31 7
31 8
31 9
31 15
31 20
31 22
31 24
31 32
31 33
31 34
31 35
31 36
31 37
31 38
31 39
31 30
31 47
40 1
40 14
40 16
40 19
40 31
40 41
40 42
40 43
40 44
40 45
40 46
40 48
40 49
41 7
41 9
41 10
41 24
41 32
41 38
41 30
41 40
41 43
41 44
41 45
41 46
41 47
41 48
42 0
42 1
42 4
42 5
42 6
42 8
42 11
42 17
42 25
42 33
42 35
42 36
42 40
42 41
42 43
42 44
42 45
42 46
42 47
42 48
42 49
43 0
43 4
43 13
43 14
43 19
43 20
43 21
43 22
43 36
43 37
43 40
43 41
43 42
43 44
43 46
43 47
43 48
43 49
44 3
44 5
44 12
44 15
44 26
44 29
44 33
44 38
44 40
44 41
44 42
44 43
44 46
44 47
44 48
44 49
45 1
45 5
45 8
45 13
45 17
45 18
45 20
45 22
45 23
45 27
45 28
45 40
45 41
45 42
45 44
45 46
45 47
45 48
46 0
46 8
46 12
46 26
46 29
46 38
46 30
46 40
46 41
46 42
46 43
46 45
46 47
46 48
46 49
47 0
47 1
47 2
47 3
47 5
47 6
47 27
47 32
47 36
47 41
47 43
47 44
47 45
47 46
47 48
47 49
48 13
48 17
48 21
48 24
48 32
48 38
48 40
48 42
48 43
48 45
48 46
49 1
49 3
49 4
49 14
49 15
49 18
49 19
49 25
49 26
49 40
49 41
49 42
49 43
49 44
49 45
49 47
49 48
