0 1
0 2
0 3
0 4
0 5
0 6
0 7
0 8
0 9
0 13
0 22
0 25
0 26
0 27
0 29
0 32
0 34
0 31
0 40
0 42
1 0
1 2
1 3
1 4
1 5
1 7
1 8
1 9
1 13
1 19
1 24
1 25
1 34
1 38
1 30
1 42
2 0
2 1
2 4
2 5
2 6
2 7
2 8
2 9
2 14
2 21
2 22
2 42
2 45
3 0
3 2
3 5
3 6
3 7
3 8
3 9
3 13
3 14
3 41
3 43
3 46
4 0
4 1
4 2
4 3
4 5
4 6
4 7
4 8
4 9
4 12
4 28
4 34
4 36
4 39
4 45
4 48
5 0
5 1
5 2
5 3
5 4
5 6
5 7
5 8
5 9
5 10
5 11
5 12
5 27
5 32
5 35
5 36
5 30
5 44
6 0
6 2
6 4
6 5
6 7
6 8
6 9
6 17
6 23
6 35
6 30
6 31
6 41
6 43
6 44
6 46
6 49
7 0
7 2
7 3
7 4
7 5
7 8
7 9
7 21
7 26
7 33
7 40
7 41
7 42
8 0
8 1
8 2
8 3
8 4
8 5
8 6
8 7
8 9
8 16
8 18
8 21
8 23
8 24
8 32
8 30
8 41
8 42
9 0
9 1
9 2
9 3
9 4
9 5
9 6
9 7
9 8
9 14
9 20
9 25
9 27
9 28
9 32
9 35
9 47
10 3
10 5
10 6
10 11
10 12
10 13
10 14
10 15
10 16
10 17
10 18
10 19
10 24
10 28
10 29
10 34
11 9
11 10
11 12
11 13
11 14
11 15
11 16
11 17
11 18
11 19
11 26
11 38
11 42
11 45
12 3
12 4
12 7
12 8
12 9
12 10
12 11
12 13
12 14
12 15
12 16
12 18
12 19
12 25
12 28
12 34
12 35
12 30
12 40
12 45
12 48
13 0
13 6
13 8
13 10
13 11
13 12
13 14
13 16
13 17
13 18
13 19
13 20
13 22
13 25
13 38
13 41
14 9
14 10
14 11
14 12
14 13
14 15
14 16
14 17
14 18
14 19
14 29
14 30
14 46
15 0
15 8
15 9
15 10
15 11
15 13
15 14
15 16
15 17
15 18
15 19
15 20
15 42
15 44
16 1
16 4
16 7
16 10
16 11
16 12
16 13
16 14
16 15
16 17
16 18
16 19
16 23
16 28
16 35
16 30
16 40
17 9
17 10
17 11
17 12
17 13
17 15
17 16
17 18
17 19
17 21
17 22
17 32
17 40
17 48
18 2
18 4
18 10
18 11
18 12
18 13
18 14
18 15
18 16
18 17
18 19
18 20
18 23
18 24
18 29
18 32
18 36
18 40
18 44
19 3
19 8
19 11
19 12
19 13
19 14
19 15
19 16
19 17
19 18
19 21
19 27
19 33
19 41
19 44
19 46
20 4
20 6
20 13
20 18
20 21
20 22
20 23
20 24
20 26
20 27
20 28
20 29
20 33
20 36
20 44
21 3
21 19
21 22
21 23
21 24
21 25
21 26
21 27
21 29
21 33
21 34
21 35
21 36
21 38
21 41
22 2
22 10
22 18
22 20
22 21
22 23
22 24
22 26
22 27
22 28
22 29
22 32
22 33
22 34
22 39
22 30
22 40
22 42
22 43
22 48
22 49
23 1
23 5
23 14
23 16
23 20
23 21
23 22
23 24
23 26
23 27
23 28
23 29
23 32
23 38
23 39
23 44
23 47
23 49
24 5
24 11
24 16
24 20
24 21
24 25
24 26
24 27
24 29
24 32
24 39
24 30
24 40
24 44
24 46
25 0
25 10
25 20
25 21
25 22
25 23
25 24
25 26
25 27
25 28
25 33
25 37
25 30
25 40
25 41
25 42
25 45
25 49
26 1
26 3
26 5
26 6
26 17
26 19
26 20
26 21
26 22
26 24
26 25
26 27
26 28
26 33
26 31
26 42
26 43
26 49
27 5
27 10
27 18
27 20
27 21
27 22
27 23
27 24
27 25
27 26
27 28
27 29
27 34
27 43
27 44
27 45
27 46
27 49
28 2
28 9
28 11
28 21
28 22
28 24
28 25
28 26
28 27
28 29
28 36
28 38
28 39
29 6
29 14
29 15
29 20
29 22
29 23
29 24
29 26
29 27
29 28
29 33
29 34
29 46
32 1
32 3
32 5
32 23
32 26
32 33
32 34
32 35
32 36
32 37
32 39
32 31
32 46
33 3
33 5
33 7
33 16
33 24
33 28
33 32
33 35
33 36
33 37
33 38
33 30
33 31
33 40
34 2
34 4
34 5
34 14
34 29
34 32
34 33
34 35
34 37
34 38
34 30
34 31
34 42
34 47
35 8
35 9
35 10
35 12
35 19
35 32
35 33
35 34
35 36
35 37
35 38
35 39
35 31
35 44
35 47
36 0
36 5
36 9
36 14
36 15
36 19
36 28
36 33
36 34
36 37
36 38
36 39
36 42
36 47
37 1
37 9
37 18
37 20
37 32
37 33
37 34
37 35
37 36
37 38
37 39
37 30
37 40
37 46
38 1
38 2
38 7
38 10
38 15
38 18
38 23
38 24
38 33
38 34
38 35
38 36
38 37
38 39
38 30
38 41
38 43
38 45
39 8
39 12
39 19
39 26
39 28
39 32
39 33
39 34
39 35
39 36
39 38
39 30
39 31
39 40
39 42
39 43
39 45
30 0
30 12
30 13
30 19
30 25
30 26
30 27
30 32
30 33
30 34
30 35
30 36
30 38
30 39
30 31
31 0
31 2
31 21
31 27
31 32
31 33
31 35
31 36
31 37
31 38
31 39
31 30
31 40
31 48
40 1
40 3
40 6
40 9
40 11
40 12
40 13
40 15
40 17
40 18
40 22
40 27
40 34
40 37
40 41
40 42
40 43
40 45
40 46
40 48
40 49
41 2
41 7
41 14
41 15
41 22
41 23
41 32
41 33
41 34
41 38
41 31
41 40
41 42
41 43
41 45
41 46
41 47
41 48
41 49
42 9
42 29
42 32
42 35
42 36
42 39
42 40
42 41
42 43
42 44
42 46
42 47
42 48
42 49
43 6
43 11
43 13
43 14
43 16
43 17
43 18
43 19
43 21
43 24
43 28
43 29
43 34
43 35
43 40
43 42
43 44
43 45
43 46
43 48
43 49
44 3
44 9
44 20
44 33
44 35
44 36
44 39
44 40
44 41
44 42
44 45
44 46
44 47
44 48
44 49
45 1
45 8
45 11
45 12
45 23
45 29
45 33
45 38
45 30
45 40
45 41
45 42
45 43
45 44
45 46
45 47
45 48
45 49
46 0
46 1
46 3
46 9
46 11
46 16
46 24
46 25
46 32
46 40
46 41
46 42
46 43
46 44
46 45
46 47
46 48
46 49
47 0
47 2
47 4
47 7
47 10
47 12
47 19
47 22
47 26
47 27
47 36
47 38
47 40
47 41
47 43
47 44
47 45
47 46
47 48
47 49
48 1
48 3
48 7
48 9
48 11
48 12
48 13
48 17
48 19
48 22
48 23
48 24
48 27
48 34
48 40
48 41
48 42
48 43
48 45
48 46
48 47
49 1
49 3
49 13
49 15
49 16
49 18
49 20
49 33
49 38
49 40
49 43
49 44
