0 1
0 3
0 4
0 6
0 7
0 8
0 9
0 10
0 11
0 12
0 18
0 22
0 23
0 28
0 38
0 44
1 0
1 2
1 3
1 4
1 5
1 7
1 8
1 9
1 11
1 20
1 22
1 32
1 38
1 31
1 44
1 46
1 48
2 0
2 1
2 4
2 5
2 6
2 7
2 12
2 14
2 15
2 18
2 24
2 42
3 0
3 1
3 2
3 5
3 6
3 7
3 9
3 10
3 12
3 15
3 16
3 18
3 22
3 24
3 38
3 30
3 40
3 43
3 45
4 0
4 2
4 3
4 5
4 6
4 7
4 8
4 9
4 12
4 18
4 24
4 25
4 33
4 35
4 31
4 41
5 0
5 1
5 2
5 3
5 4
5 6
5 7
5 8
5 9
5 12
5 14
5 16
5 18
5 22
5 46
6 2
6 3
6 5
6 7
6 8
6 10
6 13
6 17
6 19
6 21
6 22
6 23
6 24
6 34
6 37
6 38
6 31
6 48
7 0
7 2
7 3
7 4
7 8
7 9
7 26
7 29
7 33
7 34
7 30
7 40
7 41
7 45
8 0
8 1
8 3
8 4
8 6
8 7
8 9
8 11
8 16
8 18
8 20
8 24
8 25
8 26
8 29
8 32
8 39
8 40
8 46
8 48
9 0
9 1
9 2
9 5
9 6
9 14
9 15
9 17
9 19
9 22
9 26
9 27
9 32
9 33
9 40
9 43
9 45
9 49
10 3
10 5
10 7
10 12
10 14
10 15
10 18
10 19
10 26
10 32
10 34
10 39
10 45
10 49
11 0
11 6
11 10
11 13
11 14
11 16
11 17
11 18
11 33
11 41
11 42
11 43
12 1
12 2
12 3
12 6
12 7
12 8
12 10
12 11
12 14
12 15
12 16
12 17
12 18
12 19
12 21
12 29
12 38
12 39
12 31
12 47
13 3
13 4
13 6
13 8
13 9
13 10
13 11
13 12
13 14
13 15
13 16
13 17
13 18
13 19
13 20
13 22
13 24
13 25
13 37
13 39
13 31
13 41
13 45
14 2
14 9
14 11
14 12
14 13
14 15
14 16
14 17
14 18
14 19
14 24
14 36
14 43
15 3
15 11
15 12
15 13
15 14
15 16
15 17
15 18
15 19
15 22
15 24
15 37
15 39
15 42
15 49
16 8
16 10
16 11
16 12
16 13
16 15
16 17
16 18
16 19
16 21
16 22
16 32
16 39
16 41
16 49
17 2
17 4
17 9
17 10
17 11
17 12
17 13
17 14
17 16
17 18
17 19
17 35
17 36
17 31
18 2
18 8
18 10
18 11
18 14
18 15
18 16
18 17
18 19
18 26
18 39
18 31
18 44
18 45
18 49
19 0
19 2
19 9
19 10
19 11
19 12
19 13
19 14
19 15
19 16
19 17
19 20
19 27
19 34
19 38
19 39
19 30
19 42
19 43
20 3
20 4
20 5
20 9
20 10
20 21
20 22
20 23
20 24
20 25
20 26
20 27
20 28
20 29
20 35
20 38
20 39
20 30
20 41
20 47
21 3
21 4
21 19
21 20
21 22
21 24
21 25
21 26
21 28
21 29
21 33
21 34
21 36
21 42
21 44
22 1
22 6
22 16
22 18
22 20
22 21
22 23
22 24
22 25
22 27
22 28
22 29
22 32
22 31
22 43
22 44
23 11
23 12
23 15
23 19
23 20
23 21
23 22
23 24
23 25
23 26
23 28
23 29
23 32
23 34
23 35
23 31
23 42
23 43
23 47
24 5
24 7
24 11
24 15
24 19
24 21
24 22
24 23
24 25
24 26
24 27
24 28
24 29
24 32
24 48
25 0
25 8
25 12
25 13
25 15
25 20
25 21
25 22
25 23
25 24
25 26
25 27
25 28
25 29
25 32
25 34
25 35
25 30
25 31
25 43
25 45
26 0
26 4
26 14
26 15
26 20
26 21
26 22
26 23
26 24
26 25
26 28
26 29
26 33
26 39
26 47
26 49
27 2
27 8
27 9
27 13
27 17
27 20
27 21
27 22
27 23
27 24
27 25
27 29
27 32
27 39
27 42
27 48
28 1
28 11
28 21
28 22
28 23
28 24
28 25
28 26
28 27
28 29
28 32
28 33
28 34
28 37
28 39
28 45
29 0
29 5
29 7
29 11
29 14
29 16
29 17
29 18
29 20
29 21
29 22
29 23
29 24
29 26
29 27
29 28
29 43
29 45
32 5
32 13
32 15
32 16
32 18
32 19
32 25
32 33
32 34
32 36
32 37
32 38
32 39
32 30
32 31
32 41
32 44
32 47
32 48
33 0
33 7
33 21
33 22
33 35
33 36
33 37
33 38
33 39
33 30
33 31
33 41
33 44
33 45
34 0
34 11
34 22
34 32
34 35
34 36
34 37
34 38
34 39
34 31
34 44
34 46
35 3
35 17
35 19
35 32
35 33
35 34
35 36
35 37
35 39
35 30
35 31
35 48
36 0
36 1
36 9
36 13
36 14
36 23
36 28
36 32
36 33
36 34
36 37
36 38
36 39
36 30
36 31
36 41
36 42
36 46
36 49
37 13
37 14
37 16
37 17
37 32
37 33
37 34
37 36
37 38
37 39
37 30
37 31
37 42
38 2
38 7
38 9
38 11
38 16
38 19
38 20
38 21
38 32
38 35
38 36
38 37
38 39
38 30
38 31
38 40
38 46
38 47
39 8
39 11
39 32
39 33
39 35
39 36
39 38
39 30
39 31
30 11
30 18
30 22
30 27
30 32
30 33
30 34
30 35
30 36
30 38
30 39
30 31
30 41
30 42
31 1
31 7
31 21
31 32
31 33
31 35
31 36
31 37
31 38
31 30
31 43
31 47
40 5
40 6
40 10
40 12
40 14
40 22
40 24
40 39
40 41
40 42
40 43
40 45
40 46
40 47
40 48
40 49
41 5
41 14
41 15
41 18
41 24
41 27
41 34
41 35
41 37
41 39
41 40
41 42
41 43
41 44
41 45
41 46
41 47
41 48
41 49
42 2
42 4
42 8
42 12
42 17
42 28
42 33
42 37
42 40
42 41
42 43
42 44
42 45
42 46
42 47
42 48
43 2
43 16
43 21
43 24
43 35
43 40
43 41
43 44
43 45
43 46
43 47
43 48
43 49
44 2
44 6
44 7
44 11
44 13
44 18
44 23
44 25
44 34
44 30
44 31
44 40
44 42
44 45
44 46
44 47
44 49
45 6
45 8
45 13
45 19
45 21
45 32
45 35
45 37
45 31
45 40
45 41
45 44
45 46
45 47
45 49
46 4
46 17
46 24
46 40
46 43
46 44
46 45
46 47
46 48
46 49
47 4
47 6
47 8
47 12
47 23
47 34
47 41
47 42
47 43
47 44
47 45
47 48
47 49
48 8
48 12
48 32
48 34
48 39
48 31
48 40
48 41
48 42
48 43
48 44
48 47
48 49
49 0
49 10
49 11
49 20
49 24
49 32
49 34
49 37
49 38
49 30
49 40
49 41
49 42
49 43
49 44
49 45
49 46
49 47
49 48
