0 1
0 2
0 3
0 5
0 7
0 8
0 12
0 18
0 29
0 34
0 35
0 40
0 42
1 0
1 2
1 4
1 6
1 7
1 8
1 9
1 10
1 18
1 20
1 23
1 24
1 36
1 30
1 40
1 41
1 44
1 45
1 48
1 49
2 0
2 1
2 3
2 4
2 6
2 7
2 8
2 9
2 10
2 12
2 13
2 14
2 17
2 19
2 20
2 29
2 34
2 35
2 37
2 40
2 49
3 0
3 1
3 4
3 5
3 6
3 7
3 8
3 9
3 13
3 16
3 19
3 20
3 41
3 45
4 0
4 1
4 2
4 3
4 5
4 6
4 8
4 9
4 19
4 20
4 21
4 25
4 28
4 31
5 0
5 2
5 3
5 6
5 7
5 9
5 24
5 27
5 33
5 31
5 40
5 44
5 47
5 48
6 0
6 1
6 2
6 3
6 4
6 5
6 7
6 9
6 10
6 32
6 38
6 39
6 31
6 42
6 43
7 0
7 2
7 3
7 4
7 6
7 8
7 9
7 13
7 20
7 29
7 37
7 38
7 41
7 42
8 1
8 3
8 5
8 6
8 7
8 9
8 12
8 20
8 21
8 22
8 28
8 29
8 32
8 35
8 38
8 43
9 0
9 3
9 4
9 5
9 6
9 7
9 8
9 11
9 17
9 23
9 26
9 27
9 29
9 38
9 43
10 0
10 2
10 5
10 11
10 13
10 14
10 15
10 18
10 19
10 23
10 39
11 6
11 7
11 10
11 12
11 13
11 15
11 17
11 18
11 19
11 20
11 34
12 4
12 10
12 11
12 13
12 14
12 15
12 16
12 17
12 18
12 19
12 22
12 24
12 36
12 40
12 49
13 0
13 5
13 8
13 9
13 10
13 11
13 12
13 14
13 15
13 16
13 17
13 18
13 19
13 20
13 22
13 39
13 44
13 47
13 48
14 10
14 11
14 12
14 13
14 15
14 16
14 18
14 19
14 26
14 42
14 46
14 48
15 0
15 2
15 3
15 4
15 10
15 11
15 12
15 13
15 16
15 17
15 18
15 19
15 25
15 37
15 38
15 45
15 48
16 1
16 3
16 10
16 11
16 12
16 14
16 17
16 18
16 19
16 23
16 24
16 27
16 28
16 29
16 38
17 5
17 6
17 7
17 12
17 13
17 14
17 15
17 16
17 18
17 19
17 35
17 37
17 46
17 47
18 5
18 10
18 11
18 12
18 14
18 15
18 16
18 17
18 19
18 24
18 30
18 40
18 45
19 1
19 3
19 7
19 10
19 11
19 12
19 13
19 15
19 16
19 17
19 26
19 38
19 43
19 45
20 6
20 8
20 12
20 21
20 24
20 25
20 26
20 27
20 29
20 35
20 38
20 41
20 44
21 9
21 11
21 15
21 22
21 23
21 24
21 25
21 27
21 28
21 29
21 41
21 48
22 4
22 20
22 21
22 23
22 25
22 26
22 28
22 29
22 34
22 38
22 30
22 31
22 40
22 41
22 42
22 43
22 46
23 4
23 10
23 12
23 13
23 14
23 17
23 18
23 20
23 21
23 24
23 26
23 27
23 28
23 29
23 33
23 35
23 39
23 44
23 45
23 48
24 18
24 20
24 22
24 23
24 25
24 28
24 29
24 39
24 49
25 4
25 20
25 21
25 22
25 23
25 24
25 26
25 28
25 33
25 39
25 44
25 48
25 49
26 1
26 9
26 11
26 13
26 17
26 18
26 20
26 21
26 22
26 24
26 25
26 27
26 29
26 48
26 49
27 0
27 13
27 15
27 18
27 19
27 20
27 21
27 22
27 24
27 25
27 26
27 28
27 29
27 32
27 33
27 34
27 35
27 38
27 39
27 45
28 4
28 5
28 20
28 22
28 23
28 24
28 26
28 27
28 45
29 3
29 5
29 9
29 17
29 20
29 21
29 23
29 24
29 28
29 34
29 44
29 49
32 2
32 10
32 14
32 22
32 25
32 33
32 35
32 36
32 37
32 39
32 30
32 46
32 47
32 48
33 5
33 8
33 10
33 11
33 15
33 32
33 34
33 35
33 37
33 39
33 30
33 31
33 44
33 47
34 1
34 4
34 7
34 12
34 19
34 21
34 22
34 27
34 32
34 35
34 36
34 37
34 38
34 39
34 30
34 31
34 41
35 0
35 3
35 11
35 16
35 18
35 24
35 27
35 28
35 29
35 33
35 34
35 36
35 37
35 38
35 39
35 31
35 41
35 46
35 49
36 0
36 1
36 2
36 3
36 6
36 16
36 19
36 21
36 22
36 23
36 24
36 32
36 33
36 34
36 35
36 37
36 38
36 39
36 30
36 31
36 48
37 5
37 16
37 17
37 34
37 35
37 38
37 39
37 30
37 31
37 48
38 7
38 12
38 21
38 24
38 25
38 32
38 33
38 34
38 35
38 36
38 37
38 30
38 31
38 40
38 41
38 42
38 46
38 48
38 49
39 0
39 2
39 10
39 14
39 15
39 19
39 32
39 33
39 34
39 36
39 37
39 38
39 31
39 40
39 43
39 46
39 48
30 14
30 15
30 16
30 18
30 20
30 23
30 32
30 33
30 34
30 35
30 37
30 39
30 31
30 48
31 6
31 8
31 12
31 13
31 15
31 17
31 18
31 21
31 29
31 33
31 34
31 35
31 36
31 38
31 39
31 30
31 45
31 48
40 12
40 20
40 26
40 33
40 41
40 42
40 43
40 44
40 45
40 46
40 47
40 48
40 49
41 1
41 2
41 8
41 11
41 13
41 22
41 37
41 38
41 40
41 42
41 43
41 44
41 47
41 48
41 49
42 1
42 6
42 8
42 9
42 10
42 12
42 13
42 19
42 21
42 24
42 27
42 28
42 32
42 33
42 40
42 41
42 44
42 46
42 47
42 48
42 49
43 5
43 8
43 12
43 16
43 17
43 23
43 26
43 35
43 39
43 40
43 41
43 42
43 44
43 46
43 47
43 48
43 49
44 1
44 3
44 10
44 13
44 14
44 19
44 27
44 34
44 36
44 38
44 30
44 40
44 41
44 43
44 45
44 46
44 47
44 48
44 49
45 1
45 2
45 11
45 13
45 20
45 21
45 24
45 25
45 26
45 35
45 37
45 31
45 40
45 41
45 42
45 43
45 44
45 48
45 49
46 3
46 6
46 7
46 21
46 22
46 23
46 29
46 35
46 41
46 42
46 43
46 44
46 45
46 47
46 48
46 49
47 1
47 8
47 10
47 13
47 16
47 23
47 29
47 32
47 38
47 40
47 41
47 42
47 43
47 44
47 45
47 46
47 48
47 49
48 6
48 8
48 9
48 21
48 23
48 28
48 33
48 35
48 37
48 39
48 42
48 43
48 44
48 45
48 47
48 49
49 4
49 9
49 10
49 16
49 22
49 25
49 38
49 40
49 41
49 42
49 43
49 44
49 46
49 47
