0 1
0 2
0 3
0 5
0 6
0 7
0 8
0 9
0 12
0 15
0 18
0 26
0 37
0 30
0 44
0 48
0 49
1 0
1 3
1 4
1 5
1 6
1 7
1 8
1 9
1 11
1 12
1 16
1 18
1 20
1 25
1 38
1 30
1 42
2 1
2 3
2 4
2 5
2 6
2 7
2 9
2 10
2 12
2 18
2 20
2 25
2 36
2 38
2 41
3 1
3 2
3 4
3 5
3 6
3 7
3 8
3 21
3 33
3 39
3 30
3 31
3 41
3 46
4 0
4 1
4 2
4 3
4 5
4 6
4 7
4 8
4 9
4 15
4 19
4 21
4 24
4 28
4 29
4 39
4 30
4 41
4 44
5 0
5 1
5 2
5 3
5 6
5 7
5 8
5 9
5 14
5 16
5 23
5 25
5 28
5 36
5 37
5 38
5 30
5 40
5 49
6 0
6 1
6 2
6 3
6 4
6 5
6 7
6 9
6 10
6 18
6 19
6 22
6 27
6 37
6 43
6 47
7 0
7 1
7 2
7 4
7 5
7 8
7 9
7 10
7 11
7 12
7 17
7 18
7 23
7 26
7 36
7 30
7 48
8 0
8 1
8 2
8 3
8 6
8 7
8 9
8 13
8 15
8 19
8 24
8 32
8 31
8 40
8 41
8 42
8 44
8 45
8 47
9 0
9 2
9 4
9 7
9 8
9 10
9 12
9 19
9 24
9 39
9 40
9 43
10 2
10 5
10 6
10 7
10 11
10 12
10 14
10 15
10 16
10 17
10 18
10 19
10 24
10 34
10 36
10 30
10 40
11 1
11 6
11 10
11 12
11 13
11 14
11 15
11 16
11 17
11 18
11 21
11 22
11 23
11 25
11 47
12 10
12 13
12 15
12 17
12 18
12 19
12 20
12 29
12 34
12 37
12 41
13 2
13 4
13 10
13 11
13 12
13 15
13 16
13 17
13 18
13 19
13 21
13 32
13 33
13 36
13 38
13 39
13 41
13 48
14 2
14 8
14 10
14 12
14 13
14 15
14 16
14 18
14 25
14 35
14 36
14 41
14 44
14 46
15 0
15 4
15 7
15 8
15 11
15 12
15 14
15 16
15 17
15 18
15 19
15 25
15 27
15 36
15 39
15 31
15 44
15 45
16 5
16 6
16 8
16 10
16 11
16 12
16 13
16 14
16 15
16 17
16 23
16 27
16 28
16 33
16 34
16 36
16 38
16 39
16 49
17 0
17 10
17 11
17 12
17 13
17 14
17 15
17 16
17 19
17 20
17 23
17 37
17 30
18 4
18 11
18 13
18 14
18 15
18 19
18 20
18 27
18 33
18 38
18 31
18 41
18 42
18 44
18 49
19 5
19 7
19 10
19 11
19 12
19 13
19 15
19 17
19 18
19 24
19 26
19 29
19 37
19 42
19 44
19 46
19 49
20 17
20 18
20 21
20 22
20 24
20 25
20 27
20 28
20 33
20 39
20 40
20 49
21 1
21 6
21 7
21 9
21 14
21 18
21 22
21 23
21 24
21 25
21 26
21 27
21 28
21 29
21 32
21 35
21 36
21 37
21 38
21 43
22 3
22 5
22 7
22 13
22 20
22 21
22 23
22 24
22 25
22 26
22 27
22 28
22 29
22 34
22 41
22 49
23 0
23 1
23 11
23 14
23 16
23 17
23 20
23 22
23 25
23 26
23 27
23 28
23 29
23 32
23 43
24 2
24 4
24 13
24 15
24 18
24 19
24 20
24 21
24 22
24 25
24 26
24 27
24 28
24 29
24 32
25 1
25 10
25 13
25 14
25 21
25 22
25 23
25 24
25 28
25 29
25 36
25 38
25 31
25 40
25 43
25 47
26 4
26 15
26 20
26 21
26 22
26 23
26 25
26 27
26 28
26 29
26 32
26 42
26 44
26 47
27 1
27 3
27 7
27 14
27 15
27 18
27 19
27 20
27 21
27 23
27 24
27 25
27 26
27 28
27 29
27 33
27 36
27 37
27 38
27 40
28 0
28 3
28 9
28 13
28 16
28 18
28 20
28 21
28 23
28 25
28 26
28 29
28 32
28 33
28 34
29 10
29 11
29 12
29 18
29 21
29 22
29 23
29 24
29 25
29 26
29 37
29 38
29 39
29 41
29 43
29 46
32 0
32 3
32 7
32 10
32 17
32 34
32 35
32 36
32 37
32 38
32 39
32 31
33 8
33 24
33 32
33 34
33 35
33 36
33 37
33 39
33 30
33 31
33 41
33 46
33 49
34 8
34 10
34 32
34 33
34 36
34 37
34 38
34 39
34 30
34 31
34 42
35 0
35 5
35 6
35 7
35 12
35 16
35 17
35 24
35 27
35 32
35 33
35 34
35 36
35 37
35 39
35 30
35 31
35 48
36 0
36 2
36 5
36 17
36 23
36 24
36 32
36 33
36 34
36 35
36 37
36 38
36 39
36 30
36 31
37 8
37 9
37 10
37 17
37 19
37 21
37 32
37 33
37 34
37 35
37 36
37 38
37 39
37 31
37 48
38 1
38 3
38 12
38 18
38 19
38 28
38 35
38 36
38 30
38 31
38 41
38 46
39 2
39 5
39 6
39 9
39 15
39 20
39 24
39 27
39 28
39 32
39 33
39 34
39 36
39 37
39 38
39 30
39 31
39 43
30 1
30 3
30 11
30 12
30 17
30 21
30 22
30 23
30 28
30 32
30 33
30 34
30 36
30 37
30 38
30 39
30 31
30 49
31 0
31 3
31 4
31 11
31 32
31 33
31 34
31 35
31 37
31 38
31 39
31 47
40 0
40 3
40 5
40 9
40 20
40 24
40 25
40 29
40 32
40 34
40 37
40 38
40 30
40 31
40 41
40 42
40 43
40 44
40 45
40 46
40 47
40 48
40 49
41 16
41 26
41 29
41 37
41 39
41 30
41 31
41 40
41 44
41 46
41 47
41 49
42 1
42 3
42 10
42 14
42 23
42 24
42 26
42 27
42 35
42 39
42 30
42 41
42 43
42 44
42 45
42 47
42 49
43 1
43 2
43 7
43 8
43 9
43 12
43 13
43 16
43 20
43 25
43 26
43 27
43 32
43 33
43 34
43 38
43 30
43 40
43 42
43 45
43 46
43 47
43 48
43 49
44 0
44 5
44 20
44 23
44 24
44 32
44 37
44 38
44 40
44 41
44 42
44 43
44 45
44 46
44 47
44 48
45 13
45 16
45 29
45 36
45 37
45 38
45 40
45 41
45 42
45 44
45 46
45 47
45 48
45 49
46 0
46 4
46 14
46 16
46 22
46 25
46 26
46 37
46 40
46 41
46 42
46 43
46 44
46 45
46 47
47 0
47 2
47 5
47 6
47 16
47 17
47 20
47 27
47 28
47 32
47 35
47 39
47 40
47 41
47 42
47 43
47 46
47 48
48 7
48 13
48 30
48 40
48 41
48 42
48 43
48 44
48 45
48 46
48 47
48 49
49 1
49 11
49 24
49 33
49 34
49 36
49 38
49 40
49 41
49 42
49 43
49 45
49 47
49 48
