0 1
0 2
0 3
0 4
0 5
0 6
0 7
0 8
0 9
0 17
0 18
0 19
0 22
0 24
0 32
0 40
1 0
1 2
1 3
1 4
1 5
1 7
1 8
1 9
1 12
1 22
1 32
1 35
1 31
1 40
1 48
2 0
2 3
2 4
2 5
2 21
2 34
2 39
2 31
2 41
2 44
3 1
3 4
3 5
3 6
3 8
3 9
3 10
3 12
3 13
3 15
3 36
3 30
3 47
4 0
4 2
4 3
4 5
4 6
4 7
4 8
4 21
4 22
4 26
4 42
4 47
4 48
5 0
5 1
5 2
5 3
5 4
5 6
5 8
5 9
5 11
5 13
5 14
5 17
5 20
5 27
5 33
5 30
5 46
5 48
6 0
6 1
6 2
6 3
6 4
6 5
6 10
6 11
6 15
6 27
6 35
6 30
6 47
6 49
7 0
7 1
7 2
7 3
7 4
7 5
7 8
7 17
7 20
7 21
7 24
7 29
7 34
7 42
7 45
7 47
8 0
8 1
8 2
8 3
8 4
8 5
8 6
8 9
8 23
8 24
8 33
8 35
8 37
8 39
9 0
9 1
9 2
9 4
9 5
9 6
9 7
9 8
9 11
9 21
9 28
9 29
9 33
9 30
9 45
9 48
10 0
10 2
10 5
10 7
10 11
10 12
10 13
10 14
10 15
10 16
10 17
10 18
10 19
10 24
10 25
10 26
10 28
10 34
10 37
10 42
11 2
11 8
11 10
11 12
11 13
11 14
11 15
11 16
11 17
11 18
11 19
11 33
11 31
11 42
11 47
11 48
12 1
12 5
12 6
12 8
12 10
12 11
12 13
12 14
12 16
12 18
12 19
12 22
12 23
12 29
12 34
12 36
12 38
12 31
12 45
12 46
13 8
13 10
13 11
13 12
13 14
13 15
13 17
13 18
13 19
13 22
13 39
13 30
13 41
13 42
13 43
13 44
13 49
14 2
14 11
14 12
14 13
14 15
14 17
14 19
14 21
14 22
14 26
14 28
14 33
14 34
14 31
14 44
14 47
14 49
15 2
15 10
15 12
15 13
15 16
15 17
15 19
15 20
15 21
15 22
15 36
15 41
15 45
16 0
16 9
16 10
16 13
16 15
16 17
16 18
16 19
16 26
16 27
16 29
16 32
16 33
16 34
16 35
16 36
16 37
16 43
16 46
16 49
17 2
17 10
17 12
17 14
17 16
17 18
17 19
17 20
17 24
17 27
17 36
17 30
17 41
17 43
17 44
17 46
17 48
18 0
18 7
18 10
18 12
18 13
18 15
18 16
18 19
18 34
18 40
18 44
18 47
19 10
19 11
19 13
19 14
19 15
19 16
19 18
19 22
19 25
19 26
19 27
19 33
19 39
19 43
19 46
19 48
20 8
20 9
20 10
20 15
20 19
20 21
20 22
20 23
20 25
20 26
20 27
20 28
20 29
20 33
20 37
20 30
20 47
21 0
21 3
21 8
21 10
21 13
21 19
21 23
21 24
21 25
21 26
21 27
21 28
21 29
21 34
21 35
21 40
21 41
21 43
21 46
22 19
22 20
22 21
22 24
22 25
22 26
22 29
22 33
22 36
22 49
23 5
23 9
23 12
23 20
23 21
23 22
23 25
23 26
23 27
23 28
23 35
24 6
24 20
24 21
24 22
24 23
24 27
24 28
24 29
24 34
25 1
25 2
25 3
25 8
25 10
25 14
25 19
25 20
25 21
25 22
25 23
25 26
25 27
25 28
25 29
25 36
25 38
25 46
26 0
26 2
26 16
26 20
26 21
26 23
26 24
26 25
26 27
26 28
26 29
26 33
26 34
26 38
26 30
26 31
26 42
27 3
27 5
27 6
27 9
27 11
27 13
27 22
27 23
27 24
27 26
27 28
27 29
27 33
27 41
28 4
28 7
28 13
28 15
28 18
28 20
28 22
28 23
28 24
28 25
28 26
28 27
28 43
29 0
29 6
29 7
29 8
29 17
29 19
29 20
29 21
29 22
29 23
29 24
29 25
29 27
29 28
29 38
29 39
29 40
29 42
29 43
29 45
29 49
32 1
32 5
32 6
32 8
32 20
32 27
32 33
32 34
32 35
32 36
32 37
32 38
32 30
32 42
32 44
32 45
33 6
33 10
33 13
33 21
33 23
33 24
33 32
33 34
33 36
33 37
33 31
33 41
33 47
33 49
34 2
34 7
34 10
34 14
34 15
34 24
34 25
34 26
34 32
34 33
34 35
34 36
34 37
34 38
34 30
34 31
35 8
35 11
35 13
35 16
35 22
35 24
35 26
35 28
35 32
35 36
35 37
35 30
35 31
35 47
36 7
36 8
36 10
36 29
36 32
36 33
36 34
36 37
36 38
36 39
36 30
36 48
36 49
37 10
37 17
37 23
37 24
37 27
37 32
37 33
37 34
37 36
37 39
37 30
37 31
37 41
37 44
38 0
38 6
38 7
38 10
38 19
38 29
38 32
38 33
38 34
38 35
38 37
38 39
38 30
38 31
38 49
39 6
39 11
39 12
39 13
39 22
39 23
39 24
39 26
39 27
39 32
39 33
39 34
39 35
39 36
39 37
39 38
39 30
39 31
30 1
30 3
30 6
30 7
30 11
30 18
30 21
30 22
30 26
30 33
30 34
30 35
30 37
30 39
30 31
30 41
30 43
30 44
30 47
31 14
31 16
31 24
31 26
31 27
31 32
31 33
31 34
31 35
31 36
31 37
31 38
31 39
31 30
40 4
40 5
40 12
40 15
40 20
40 23
40 26
40 28
40 29
40 32
40 36
40 37
40 41
40 42
40 44
40 45
40 46
40 47
40 48
40 49
41 4
41 28
41 40
41 46
41 47
41 48
42 4
42 7
42 11
42 16
42 20
42 21
42 33
42 35
42 38
42 40
42 41
42 43
42 44
42 45
42 48
42 49
43 9
43 10
43 22
43 32
43 33
43 37
43 41
43 44
43 45
43 46
43 47
43 48
43 49
44 0
44 1
44 8
44 11
44 15
44 25
44 36
44 30
44 41
44 42
44 43
44 45
44 46
44 48
44 49
45 3
45 5
45 10
45 11
45 13
45 18
45 22
45 23
45 28
45 32
45 35
45 40
45 41
45 42
45 43
45 44
45 46
45 47
45 48
45 49
46 0
46 3
46 22
46 26
46 29
46 32
46 30
46 40
46 42
46 43
46 44
46 45
46 47
46 48
47 9
47 10
47 12
47 18
47 20
47 25
47 27
47 33
47 37
47 40
47 41
47 42
47 43
47 44
47 45
47 46
47 48
47 49
48 0
48 1
48 5
48 16
48 20
48 21
48 25
48 37
48 38
48 30
48 41
48 42
48 44
48 46
48 47
48 49
49 1
49 13
49 14
49 20
49 36
49 31
49 40
49 41
49 42
49 43
49 47
49 48
