0 2
0 3
0 6
0 7
0 8
0 9
0 10
0 33
0 35
0 42
0 44
0 45
0 48
1 2
1 3
1 5
1 6
1 8
1 9
1 12
1 38
1 45
1 48
1 49
2 0
2 1
2 3
2 4
2 5
2 7
2 9
2 13
2 14
2 26
2 49
3 1
3 2
3 4
3 5
3 6
3 7
3 8
3 9
3 26
3 36
3 39
3 44
3 47
4 1
4 2
4 6
4 7
4 8
4 9
4 21
4 24
4 41
4 48
5 0
5 1
5 2
5 3
5 4
5 7
5 13
5 15
5 18
5 21
5 33
5 42
6 1
6 2
6 3
6 4
6 7
6 8
6 9
6 17
6 25
6 46
6 47
7 1
7 2
7 3
7 4
7 5
7 9
7 13
7 18
7 24
7 28
7 30
7 41
7 43
7 44
8 0
8 1
8 2
8 3
8 4
8 7
8 10
8 12
8 15
8 22
8 36
8 30
9 0
9 3
9 4
9 5
9 6
9 7
9 8
9 17
9 19
9 21
9 29
9 31
9 44
9 45
9 47
10 1
10 2
10 3
10 8
10 11
10 12
10 13
10 14
10 15
10 16
10 18
10 24
10 25
10 27
10 28
10 29
10 33
10 35
10 38
11 5
11 7
11 8
11 10
11 13
11 14
11 15
11 16
11 17
11 18
11 19
11 23
11 24
11 27
11 30
11 31
12 7
12 10
12 11
12 13
12 14
12 15
12 16
12 17
12 18
12 19
12 26
12 40
12 43
12 49
13 0
13 1
13 10
13 11
13 12
13 14
13 15
13 16
13 17
13 18
13 20
13 27
13 28
13 34
13 35
13 36
13 43
14 9
14 10
14 12
14 13
14 15
14 17
14 18
14 19
14 20
14 21
14 23
14 27
14 29
14 34
14 37
14 38
14 30
14 42
14 45
14 47
15 0
15 7
15 10
15 11
15 12
15 13
15 14
15 16
15 17
15 18
15 23
15 27
15 29
15 38
15 31
15 43
16 6
16 9
16 11
16 12
16 13
16 14
16 18
16 19
16 20
16 23
16 25
16 37
16 45
16 47
17 2
17 9
17 10
17 11
17 13
17 14
17 16
17 18
17 19
17 27
17 32
17 34
17 38
17 42
17 43
18 3
18 5
18 8
18 10
18 11
18 12
18 13
18 15
18 17
18 19
18 21
18 22
18 25
18 49
19 2
19 5
19 6
19 7
19 10
19 11
19 12
19 13
19 14
19 15
19 16
19 17
19 18
19 20
19 26
20 4
20 9
20 17
20 21
20 23
20 24
20 28
20 29
20 36
20 38
20 42
20 47
20 49
21 3
21 8
21 17
21 18
21 20
21 23
21 24
21 25
21 26
21 27
21 28
21 29
21 34
21 37
21 38
21 31
22 1
22 3
22 10
22 12
22 15
22 20
22 21
22 24
22 25
22 26
22 27
22 28
22 29
22 30
22 40
23 0
23 3
23 5
23 6
23 9
23 17
23 18
23 21
23 22
23 24
23 25
23 26
23 27
23 28
23 29
23 34
23 43
23 46
23 48
24 0
24 5
24 17
24 19
24 20
24 21
24 22
24 23
24 25
24 26
24 28
24 37
24 47
25 6
25 13
25 16
25 17
25 20
25 21
25 22
25 23
25 26
25 27
25 28
25 29
25 32
25 33
25 37
25 30
25 41
26 3
26 10
26 19
26 20
26 22
26 24
26 25
26 27
26 29
26 35
26 36
26 30
26 31
26 46
26 47
27 1
27 5
27 12
27 14
27 15
27 16
27 20
27 21
27 22
27 23
27 25
27 26
27 28
27 29
27 39
27 47
27 49
28 0
28 4
28 5
28 7
28 10
28 15
28 19
28 20
28 21
28 22
28 23
28 24
28 26
28 29
28 33
28 38
28 41
28 46
29 4
29 8
29 15
29 20
29 21
29 23
29 24
29 26
29 27
29 28
29 33
29 39
32 1
32 7
32 9
32 10
32 24
32 35
32 36
32 37
32 38
32 39
32 30
32 31
32 44
32 46
33 0
33 32
33 34
33 35
33 37
33 38
33 39
33 30
33 31
33 46
33 47
34 1
34 4
34 11
34 21
34 24
34 33
34 35
34 36
34 37
34 38
34 39
34 31
34 46
34 48
35 2
35 6
35 10
35 13
35 21
35 28
35 32
35 33
35 34
35 36
35 37
35 39
35 30
35 31
35 48
36 5
36 6
36 12
36 19
36 22
36 27
36 28
36 32
36 33
36 35
36 39
36 30
37 5
37 6
37 18
37 32
37 33
37 34
37 35
37 36
37 38
37 39
37 30
37 44
37 48
38 2
38 3
38 5
38 6
38 19
38 22
38 24
38 25
38 29
38 32
38 33
38 34
38 35
38 36
38 37
38 39
38 31
38 40
38 41
38 43
39 19
39 28
39 32
39 33
39 34
39 35
39 37
39 38
39 30
39 31
39 42
39 45
30 2
30 3
30 4
30 9
30 11
30 27
30 28
30 32
30 33
30 36
30 37
30 38
31 4
31 6
31 9
31 10
31 20
31 32
31 33
31 34
31 35
31 36
31 37
31 38
31 30
31 41
40 4
40 7
40 14
40 20
40 34
40 38
40 41
40 42
40 43
40 44
40 45
40 48
40 49
41 1
41 8
41 10
41 11
41 18
41 20
41 27
41 32
41 36
41 30
41 40
41 42
41 43
41 44
41 46
41 47
41 48
42 9
42 20
42 24
42 28
42 39
42 41
42 43
42 44
42 46
42 47
42 48
42 49
43 4
43 20
43 25
43 26
43 27
43 28
43 37
43 30
43 40
43 41
43 42
43 44
43 45
43 46
43 47
43 48
44 2
44 7
44 14
44 17
44 21
44 22
44 23
44 24
44 29
44 41
44 42
44 45
44 49
45 3
45 10
45 21
45 27
45 29
45 33
45 34
45 37
45 38
45 40
45 41
45 42
45 43
45 44
45 49
46 0
46 6
46 12
46 16
46 27
46 29
46 32
46 33
46 34
46 36
46 40
46 42
46 43
46 44
46 45
46 47
46 49
47 5
47 7
47 13
47 22
47 24
47 34
47 35
47 36
47 38
47 40
47 41
47 42
47 44
47 45
47 46
47 48
47 49
48 5
48 8
48 9
48 10
48 13
48 14
48 20
48 27
48 32
48 34
48 36
48 37
48 39
48 40
48 41
48 42
48 43
48 44
48 46
48 49
49 1
49 10
49 13
49 20
49 23
49 25
49 29
49 33
49 34
49 37
49 39
49 30
49 31
49 40
49 41
49 43
49 45
49 46
49 47
