0 1
0 2
0 3
0 4
0 6
0 7
0 9
0 11
0 14
0 19
0 22
0 25
0 26
0 33
0 37
0 38
0 31
0 42
0 44
0 46
0 49
1 3
1 4
1 5
1 7
1 8
1 12
1 19
1 21
1 26
1 33
1 39
1 48
2 0
2 1
2 3
2 4
2 5
2 7
2 8
2 9
2 11
2 14
2 15
2 24
2 44
3 0
3 1
3 4
3 5
3 6
3 7
3 8
3 9
3 10
3 24
3 25
3 32
3 40
3 42
3 43
4 1
4 2
4 5
4 6
4 7
4 8
4 9
4 10
4 12
4 13
4 15
4 16
4 22
4 23
4 24
4 27
4 43
5 0
5 1
5 2
5 3
5 4
5 6
5 7
5 8
5 9
5 13
5 15
5 20
5 25
5 33
5 39
6 0
6 1
6 2
6 3
6 4
6 5
6 7
6 8
6 9
6 12
6 24
6 25
6 38
6 42
7 0
7 1
7 2
7 3
7 4
7 5
7 6
7 8
7 9
7 15
7 17
7 20
7 23
7 25
7 37
7 30
7 49
8 0
8 1
8 2
8 3
8 4
8 5
8 6
8 7
8 9
8 11
8 15
8 29
8 35
8 36
8 31
8 42
8 49
9 0
9 2
9 3
9 4
9 5
9 6
9 15
9 18
9 21
9 25
9 32
9 35
9 47
10 11
10 13
10 14
10 15
10 16
10 17
10 18
10 19
10 33
10 36
10 38
10 42
10 45
11 2
11 6
11 9
11 10
11 12
11 13
11 14
11 15
11 16
11 18
11 19
11 20
11 23
11 33
11 38
11 41
12 1
12 4
12 5
12 10
12 11
12 13
12 15
12 16
12 17
12 18
12 19
12 32
12 43
12 48
13 0
13 3
13 7
13 10
13 11
13 12
13 14
13 15
13 16
13 18
13 19
13 27
13 36
13 40
13 42
13 45
14 4
14 10
14 11
14 15
14 18
14 19
14 20
14 32
14 33
14 35
14 39
14 41
14 42
14 43
14 45
14 48
14 49
15 1
15 12
15 13
15 14
15 16
15 18
15 19
15 22
15 37
15 39
15 31
15 40
15 43
15 46
15 49
16 4
16 5
16 10
16 11
16 12
16 15
16 17
16 18
16 19
16 35
16 37
16 30
16 31
16 47
16 48
17 2
17 11
17 13
17 14
17 16
17 27
17 37
17 41
17 44
18 1
18 10
18 11
18 12
18 13
18 14
18 16
18 19
18 21
18 22
18 27
18 28
18 35
18 41
18 45
19 0
19 3
19 10
19 12
19 14
19 15
19 16
19 17
19 18
19 33
19 37
20 1
20 5
20 21
20 22
20 23
20 25
20 26
20 27
20 28
20 29
20 38
20 40
20 42
20 43
20 44
20 45
21 5
21 6
21 10
21 16
21 20
21 22
21 23
21 24
21 25
21 27
21 28
21 29
21 33
21 34
21 30
21 43
21 48
21 49
22 12
22 23
22 24
22 25
22 26
22 27
22 28
22 29
22 32
22 34
22 41
22 42
22 44
22 48
22 49
23 3
23 7
23 20
23 22
23 24
23 25
23 27
23 28
23 29
23 32
23 38
23 30
23 44
23 48
24 4
24 6
24 20
24 21
24 22
24 23
24 25
24 26
24 27
24 28
24 29
24 33
24 31
24 42
24 43
24 46
24 47
25 0
25 3
25 6
25 8
25 20
25 21
25 22
25 23
25 24
25 26
25 27
25 28
25 39
25 41
26 1
26 5
26 8
26 9
26 10
26 12
26 20
26 21
26 22
26 25
26 27
26 28
26 29
26 32
26 34
26 47
27 0
27 4
27 21
27 23
27 24
27 26
27 28
27 29
27 34
27 46
27 49
28 0
28 3
28 8
28 15
28 18
28 20
28 21
28 22
28 23
28 24
28 25
28 26
28 27
28 29
28 33
28 36
28 41
28 42
29 2
29 7
29 9
29 11
29 14
29 16
29 19
29 20
29 21
29 22
29 23
29 24
29 25
29 26
29 27
29 32
29 37
29 38
29 31
29 40
29 42
32 3
32 7
32 8
32 16
32 18
32 20
32 22
32 23
32 25
32 27
32 33
32 35
32 39
32 30
32 31
32 40
32 46
32 47
33 1
33 18
33 26
33 27
33 32
33 36
33 37
33 38
33 30
33 31
33 40
33 41
33 47
33 48
34 3
34 9
34 10
34 13
34 19
34 21
34 27
34 35
34 36
34 37
34 38
34 39
34 30
34 31
34 43
34 46
34 47
35 12
35 16
35 18
35 19
35 21
35 23
35 33
35 34
35 36
35 37
35 39
35 30
35 40
36 2
36 11
36 12
36 18
36 23
36 25
36 26
36 32
36 33
36 35
36 37
36 38
36 39
36 30
36 31
36 46
36 47
37 0
37 3
37 6
37 32
37 33
37 34
37 35
37 36
37 38
37 31
37 44
37 48
38 8
38 17
38 21
38 22
38 24
38 29
38 32
38 33
38 35
38 36
38 37
38 39
38 30
38 41
38 43
38 47
39 5
39 6
39 18
39 20
39 24
39 29
39 32
39 33
39 34
39 35
39 36
39 38
39 30
39 31
39 40
30 7
30 11
30 14
30 18
30 24
30 29
30 32
30 34
30 35
30 37
30 38
30 39
30 31
30 41
30 42
30 46
30 47
31 15
31 19
31 24
31 32
31 33
31 34
31 35
31 37
31 39
31 30
31 42
31 46
40 2
40 13
40 14
40 17
40 29
40 36
40 41
40 43
40 44
40 45
40 48
40 49
41 0
41 2
41 7
41 9
41 10
41 12
41 16
41 18
41 28
41 32
41 37
41 30
41 31
41 40
41 42
41 43
41 45
41 46
41 47
41 48
41 49
42 8
42 12
42 26
42 32
42 34
42 30
42 40
42 41
42 43
42 45
42 47
42 49
43 1
43 9
43 15
43 25
43 26
43 27
43 32
43 33
43 34
43 40
43 42
43 44
43 46
43 47
43 48
44 0
44 2
44 7
44 8
44 12
44 17
44 27
44 36
44 40
44 41
44 45
44 46
44 49
45 17
45 26
45 27
45 28
45 34
45 37
45 41
45 42
45 43
45 44
45 46
45 47
45 48
46 7
46 14
46 16
46 18
46 19
46 20
46 37
46 39
46 30
46 41
46 42
46 43
46 44
46 45
46 47
46 48
46 49
47 1
47 2
47 4
47 13
47 16
47 17
47 19
47 33
47 31
47 40
47 41
47 42
47 43
47 44
47 46
47 48
47 49
48 4
48 5
48 6
48 7
48 23
48 25
48 29
48 38
48 41
48 42
48 43
48 44
48 45
48 46
48 49
49 3
49 5
49 6
49 7
49 8
49 13
49 23
49 24
49 26
49 28
49 36
49 31
49 40
49 43
49 44
49 45
49 46
49 47
49 48
