0 1
0 2
0 3
0 4
0 6
0 7
0 8
0 14
0 18
0 23
0 26
0 27
0 29
0 36
1 0
1 2
1 3
1 4
1 5
1 6
1 7
1 8
1 9
1 15
1 16
1 21
1 22
1 24
1 26
1 29
1 33
1 35
1 39
1 48
1 49
2 1
2 3
2 4
2 5
2 6
2 7
2 8
2 9
2 10
2 16
2 20
2 24
2 37
2 47
3 0
3 2
3 4
3 5
3 6
3 7
3 9
3 12
3 18
3 19
3 21
3 25
3 28
3 39
3 43
3 47
4 2
4 5
4 6
4 7
4 8
4 9
4 11
4 16
4 19
4 26
4 29
4 35
4 36
4 31
4 41
4 42
4 43
4 47
4 48
5 0
5 1
5 2
5 3
5 6
5 7
5 8
5 16
5 17
5 20
5 23
5 34
5 38
5 40
5 41
5 47
6 0
6 1
6 2
6 4
6 5
6 7
6 8
6 11
6 12
6 14
6 17
6 19
6 24
6 26
6 27
6 28
6 32
6 34
6 35
6 43
6 44
6 46
7 0
7 1
7 2
7 3
7 4
7 5
7 8
7 9
7 10
7 12
7 14
7 16
7 19
7 33
7 34
7 35
7 37
7 45
8 0
8 1
8 2
8 3
8 4
8 5
8 6
8 7
8 9
8 23
8 24
8 28
8 33
8 35
8 36
8 30
8 31
8 48
9 0
9 1
9 2
9 3
9 7
9 8
9 14
9 23
9 36
9 38
9 39
9 31
9 47
9 49
10 0
10 2
10 4
10 6
10 11
10 14
10 15
10 17
10 18
10 19
10 28
10 34
10 36
10 39
10 42
11 3
11 6
11 10
11 12
11 13
11 14
11 16
11 18
11 19
11 21
11 35
11 37
11 38
11 39
11 30
11 42
12 0
12 1
12 2
12 3
12 5
12 10
12 11
12 13
12 14
12 15
12 16
12 17
12 18
12 19
12 24
12 29
12 30
12 40
12 47
13 2
13 3
13 5
13 11
13 12
13 18
13 19
13 25
13 33
13 31
13 40
13 44
13 46
13 48
13 49
14 3
14 6
14 10
14 11
14 12
14 17
14 18
14 19
14 21
14 27
14 33
14 38
14 40
14 43
15 4
15 9
15 11
15 13
15 14
15 16
15 17
15 18
15 19
15 34
15 37
15 41
15 44
15 48
16 0
16 10
16 11
16 13
16 15
16 18
16 19
16 31
16 40
16 43
17 10
17 11
17 12
17 13
17 14
17 15
17 16
17 18
17 19
17 20
17 24
17 28
17 34
17 38
17 48
17 49
18 1
18 7
18 11
18 12
18 15
18 16
18 17
18 19
18 20
18 21
18 23
18 24
18 32
18 34
18 39
18 44
18 45
18 46
19 3
19 10
19 11
19 12
19 13
19 15
19 16
19 17
19 18
19 20
19 32
19 34
19 36
19 37
19 40
20 2
20 13
20 15
20 22
20 23
20 24
20 26
20 27
20 28
20 34
20 46
21 2
21 8
21 13
21 18
21 20
21 22
21 24
21 25
21 26
21 27
21 28
21 29
21 38
21 44
21 49
22 1
22 6
22 9
22 20
22 21
22 23
22 24
22 25
22 26
22 27
22 29
22 37
22 38
22 48
23 10
23 11
23 16
23 18
23 20
23 22
23 24
23 25
23 26
23 27
23 29
23 36
23 40
23 49
24 3
24 5
24 14
24 16
24 17
24 20
24 21
24 22
24 23
24 25
24 26
24 27
24 28
24 29
24 32
24 35
24 41
24 48
25 1
25 2
25 7
25 10
25 12
25 13
25 19
25 20
25 21
25 22
25 23
25 24
25 27
25 28
25 35
25 38
25 40
25 43
25 46
25 49
26 4
26 14
26 21
26 22
26 24
26 25
26 27
26 35
26 44
27 1
27 6
27 7
27 13
27 21
27 22
27 24
27 25
27 28
27 35
27 47
27 49
28 8
28 16
28 20
28 22
28 23
28 25
28 26
28 27
28 29
28 37
28 40
28 46
28 49
29 0
29 10
29 11
29 13
29 14
29 21
29 22
29 23
29 24
29 25
29 26
29 28
29 36
29 38
29 49
32 4
32 5
32 8
32 11
32 13
32 16
32 18
32 19
32 21
32 25
32 26
32 27
32 29
32 33
32 35
32 36
32 38
32 39
32 47
32 49
33 2
33 5
33 12
33 14
33 15
33 17
33 22
33 27
33 32
33 34
33 35
33 36
33 37
33 39
33 30
33 31
33 41
33 48
33 49
34 0
34 17
34 24
34 28
34 29
34 32
34 33
34 35
34 36
34 37
34 39
34 30
34 31
34 43
35 3
35 7
35 11
35 26
35 32
35 33
35 34
35 38
35 39
35 30
35 31
35 40
35 46
35 49
36 17
36 25
36 32
36 33
36 34
36 37
36 39
36 31
36 40
36 41
36 49
37 1
37 4
37 6
37 9
37 11
37 13
37 19
37 23
37 26
37 32
37 34
37 36
37 39
37 30
37 31
37 47
38 5
38 7
38 8
38 13
38 15
38 18
38 19
38 22
38 32
38 33
38 34
38 35
38 39
38 30
38 31
39 8
39 15
39 17
39 19
39 26
39 32
39 33
39 35
39 36
39 37
39 38
39 31
39 42
39 44
30 14
30 18
30 20
30 22
30 28
30 32
30 33
30 34
30 35
30 36
30 37
30 38
30 39
30 31
30 42
31 9
31 19
31 20
31 24
31 32
31 33
31 34
31 36
31 37
31 38
31 39
31 30
31 40
31 45
40 3
40 10
40 13
40 14
40 17
40 19
40 33
40 41
40 42
40 43
40 44
40 45
40 47
40 48
40 49
41 2
41 12
41 17
41 25
41 32
41 31
41 40
41 42
41 43
41 45
41 46
41 49
42 5
42 7
42 9
42 10
42 16
42 17
42 32
42 33
42 34
42 35
42 40
42 41
42 43
42 44
42 45
42 46
42 47
42 49
43 3
43 4
43 8
43 15
43 19
43 20
43 33
43 40
43 42
43 45
43 46
43 47
43 48
43 49
44 9
44 10
44 13
44 19
44 40
44 41
44 42
44 43
44 45
44 46
44 47
44 48
44 49
45 2
45 5
45 8
45 13
45 17
45 19
45 32
45 33
45 36
45 39
45 30
45 40
45 41
45 43
45 44
45 46
45 47
45 48
45 49
46 2
46 8
46 11
46 12
46 13
46 28
46 32
46 34
46 31
46 44
46 45
46 47
46 48
47 14
47 15
47 22
47 27
47 28
47 41
47 43
47 44
47 45
47 49
48 7
48 11
48 19
48 23
48 27
48 29
48 40
48 41
48 42
48 43
48 46
48 49
49 6
49 11
49 40
49 42
49 43
49 44
49 45
49 47
49 48
