0 1
0 2
0 3
0 4
0 5
0 7
0 8
0 17
0 21
0 25
0 27
0 36
0 40
0 45
1 0
1 2
1 3
1 4
1 5
1 7
1 8
1 9
1 12
1 15
1 16
1 17
1 23
1 26
1 34
1 31
1 41
1 43
1 44
1 46
1 48
2 0
2 1
2 3
2 4
2 5
2 6
2 7
2 8
2 9
2 19
2 20
2 28
2 38
2 30
2 49
3 1
3 2
3 4
3 5
3 6
3 7
3 8
3 9
3 23
3 27
3 29
3 30
3 41
3 42
3 43
3 44
3 46
4 0
4 1
4 2
4 3
4 5
4 6
4 7
4 8
4 9
4 16
4 18
4 20
4 23
5 0
5 2
5 4
5 6
5 7
5 9
5 10
5 20
5 24
5 39
6 0
6 1
6 2
6 3
6 5
6 8
6 9
6 21
6 23
6 28
6 30
6 41
6 44
6 45
6 49
7 0
7 1
7 2
7 4
7 5
7 6
7 8
7 9
7 15
7 21
7 37
7 39
7 30
7 43
7 44
7 45
7 46
8 0
8 2
8 3
8 4
8 5
8 7
8 17
8 27
8 33
8 34
8 37
8 38
8 43
8 45
9 0
9 2
9 3
9 4
9 6
9 7
9 8
9 14
9 15
9 23
9 24
9 34
9 39
10 8
10 9
10 11
10 12
10 13
10 14
10 15
10 17
10 18
10 19
10 32
10 34
10 38
10 42
10 45
10 47
11 0
11 8
11 10
11 13
11 14
11 15
11 16
11 18
11 19
11 48
11 49
12 10
12 11
12 13
12 14
12 15
12 17
12 19
12 20
12 21
12 22
12 23
12 27
12 33
12 37
12 39
12 42
12 44
13 0
13 7
13 10
13 11
13 12
13 14
13 15
13 17
13 18
13 19
13 23
13 26
13 33
13 35
13 36
13 37
13 49
14 3
14 10
14 11
14 12
14 13
14 15
14 16
14 17
14 22
14 25
14 32
14 37
14 41
15 2
15 4
15 10
15 12
15 13
15 14
15 16
15 17
15 18
15 22
15 24
15 26
16 3
16 4
16 10
16 11
16 12
16 13
16 14
16 17
16 18
16 19
16 20
16 26
16 31
16 45
16 47
17 1
17 5
17 6
17 11
17 12
17 13
17 14
17 15
17 16
17 18
17 19
17 20
17 36
17 38
17 30
17 42
17 43
18 0
18 7
18 10
18 11
18 12
18 13
18 14
18 15
18 16
18 17
18 19
18 25
18 29
18 32
18 34
18 39
18 40
18 41
18 47
19 3
19 9
19 10
19 13
19 14
19 15
19 16
19 20
19 24
19 25
19 29
19 32
19 33
19 39
19 40
20 13
20 14
20 21
20 22
20 24
20 26
20 27
20 28
20 36
20 41
20 44
20 47
20 48
21 5
21 7
21 15
21 18
21 19
21 22
21 24
21 25
21 26
21 27
21 28
21 39
21 30
21 31
21 46
21 48
22 6
22 15
22 20
22 21
22 23
22 24
22 25
22 26
22 27
22 28
22 29
22 39
22 44
22 45
22 49
23 1
23 9
23 14
23 15
23 18
23 19
23 20
23 21
23 26
23 27
23 28
23 29
23 34
23 41
24 11
24 15
24 19
24 20
24 21
24 22
24 23
24 25
24 26
24 27
24 28
24 29
24 35
24 36
24 40
24 43
25 6
25 8
25 13
25 14
25 20
25 21
25 22
25 23
25 24
25 26
25 27
25 28
25 29
25 42
25 46
25 48
25 49
26 4
26 5
26 9
26 10
26 17
26 20
26 21
26 22
26 24
26 25
26 27
26 28
26 29
26 30
26 31
26 42
26 44
26 46
26 47
27 1
27 4
27 20
27 21
27 23
27 24
27 25
27 26
27 28
27 29
27 32
27 34
27 38
27 31
27 42
27 46
27 47
28 5
28 18
28 22
28 23
28 24
28 25
28 26
28 29
28 32
28 33
28 35
28 31
28 45
29 11
29 17
29 20
29 21
29 22
29 23
29 24
29 25
29 28
29 46
32 5
32 9
32 13
32 16
32 19
32 21
32 22
32 27
32 28
32 33
32 34
32 35
32 37
32 38
32 39
32 30
32 40
32 41
32 47
33 1
33 9
33 18
33 21
33 32
33 34
33 36
33 37
33 39
33 31
33 45
34 1
34 2
34 7
34 16
34 18
34 21
34 26
34 29
34 33
34 35
34 36
34 37
34 38
34 30
34 31
34 41
35 0
35 8
35 9
35 28
35 29
35 32
35 33
35 36
35 37
35 38
35 39
35 30
35 31
35 44
35 45
36 1
36 2
36 4
36 9
36 12
36 13
36 19
36 21
36 25
36 33
36 34
36 35
36 37
36 38
36 30
36 31
36 40
36 41
36 45
36 46
36 47
37 0
37 5
37 20
37 32
37 34
37 38
37 30
37 31
37 40
37 41
37 43
37 47
38 0
38 1
38 4
38 6
38 7
38 9
38 10
38 20
38 24
38 26
38 32
38 33
38 34
38 35
38 36
38 37
38 39
38 31
38 40
38 46
38 48
39 0
39 1
39 6
39 14
39 15
39 25
39 32
39 35
39 36
39 37
39 38
39 30
39 31
39 41
39 45
30 2
30 10
30 11
30 19
30 22
30 32
30 33
30 34
30 35
30 36
30 37
30 38
30 39
30 31
30 49
31 2
31 3
31 6
31 13
31 16
31 20
31 27
31 32
31 33
31 34
31 35
31 36
31 37
31 38
31 39
40 3
40 9
40 10
40 24
40 33
40 34
40 30
40 41
40 43
40 44
40 45
40 46
40 47
40 48
40 49
41 2
41 8
41 11
41 17
41 21
41 29
41 37
41 30
41 40
41 44
41 45
41 47
42 3
42 11
42 19
42 23
42 24
42 29
42 32
42 33
42 31
42 40
42 41
42 43
42 44
42 45
42 46
42 47
42 48
42 49
43 1
43 3
43 4
43 9
43 16
43 18
43 22
43 27
43 34
43 40
43 41
43 42
43 44
43 45
43 46
43 47
43 48
43 49
44 4
44 6
44 9
44 14
44 16
44 20
44 29
44 33
44 37
44 39
44 40
44 41
44 43
44 45
44 46
44 47
44 48
44 49
45 22
45 23
45 26
45 29
45 32
45 35
45 40
45 41
45 42
45 44
45 46
45 47
45 48
46 5
46 7
46 9
46 15
46 18
46 20
46 22
46 29
46 34
46 35
46 39
46 40
46 43
46 44
46 45
46 47
46 48
46 49
47 7
47 8
47 10
47 11
47 14
47 19
47 21
47 25
47 29
47 32
47 38
47 40
47 42
47 43
47 45
47 46
47 48
47 49
48 2
48 9
48 11
48 15
48 17
48 19
48 22
48 23
48 25
48 26
48 38
48 40
48 41
48 42
48 43
48 44
48 45
48 47
48 49
49 1
49 15
49 21
49 22
49 23
49 29
49 34
49 40
49 41
49 42
49 43
49 45
49 48
