input_data/irreg_block_graphs_1.0g_0.0ng/graph_sample_13 0.3523857593536377
0,0.33401532250693117,-0.10406255380647207
1,0.7295032619573851,-0.18814672695275725
2,0.9999999999999999,0.11239578908968763
3,0.8750764976032227,0.49686522140437306
4,0.47958444095384334,0.5810121355009712
5,0.2090547580922681,0.2805223630117354
6,0.2360841743432148,0.17163693472239183
7,0.5230467593423954,0.2957941993993435
8,0.6381378524462589,0.5865120696347776
9,0.5139215321072556,0.8734137291549123
10,0.22326585071665908,0.9884935457201045
11,-0.06368236205960158,0.8643851148912773
12,-0.17879644227607602,0.5736762954712138
13,-0.05460357399901031,0.2867292699795329
14,-0.021808355772576234,0.24841576793908504
15,-0.2886156224452389,0.5642310897141929
16,0.02243630631313138,0.5851233018157943
17,-0.24835613802986936,0.8734221475181989
18,-0.587127366648562,0.8504949102841695
19,-0.8119634523604504,0.6394128124955791
20,-0.8561100026229903,0.3026183984658118
21,-0.5853266989591973,0.014382745043179471
22,-0.5451390856999352,0.32371700037679746
23,-0.24664531220005195,0.037356347945229025
32,-0.21316545794559238,0.015501097704025005
33,-0.5801601802946803,-0.18840255672844627
34,-0.45380404706821675,0.1307320782550543
35,-0.7448771506840972,0.07046874814353615
24,-0.9230618801172757,-0.16725034042081277
25,-0.921256456260939,-0.43389910388198827
26,-0.7848656627072366,-0.6488304446433095
27,-0.544350731586471,-0.7640106997124161
28,-0.25337397695621044,-0.703979671815229
29,-0.07493814524472871,-0.46627216238719504
30,-0.4175478587375972,-0.44476369828960527
31,-0.07673701965826923,-0.19949009598382209
36,-0.00038221243794028646,-0.18290284807240786
37,0.2254218986246053,-0.5410012551808454
38,-0.10010894631056165,-0.3804513361944673
39,-0.08814192473849204,-0.6164534544621935
40,0.056834273580162215,-0.8159933670910698
41,0.27757767000195016,-0.9001623464307745
42,0.49620432626025907,-0.8664435922216807
43,0.6707022355769067,-0.7396673386328836
44,0.7703362709968881,-0.5421567726701451
45,0.7584958778636264,-0.3061986615477752
46,0.6135138592137135,-0.10666288273970116
47,0.3927680329664835,-0.022359616284360555
48,0.4448888793841258,-0.38159718011630384
49,0.1740759829705821,-0.056154407414312615
