34,0.473925,0.283655,-5.98672,-2.34337
24,-0.00208395,0.486226,-5.96662,-2.19007
41,0.299122,0.0337368,-5.91027,-2.24862
13,0.51989,0.108764,-5.92945,-2.17729
17,0.427185,0.0782337,-5.93202,-2.16454
4,0.23618,0.347099,-5.94733,-2.35558
23,0.256312,0.353071,-6.04277,-2.21538
8,0.216569,0.34538,-5.91751,-2.04174
10,0.442785,0.203724,-6.00869,-2.08898
44,0.290011,0.330193,-5.75719,-2.38932
40,0.198381,-0.00360918,-6.02303,-2.13129
27,0.0459332,0.307884,-6.03839,-2.21854
22,0.00350088,0.37963,-5.99578,-1.98582
45,0.280637,0.0615467,-5.89442,-2.18362
16,0.387552,0.309416,-5.93826,-2.18294
30,0.34968,0.416262,-5.78751,-2.62484
42,0.270461,0.0761612,-5.81665,-2.22865
9,0.50125,0.268715,-6.16055,-2.15452
1,0.539258,0.215045,-5.91508,-2.3358
3,0.474928,0.286039,-5.92969,-2.40847
5,0.429763,0.490179,-5.96149,-2.31931
6,0.540858,0.353302,-5.94572,-2.06425
2,0.493092,0.217898,-6.01875,-2.31491
0,0.213825,0.210029,-5.8755,-2.23852
19,0.304171,0.134044,-6.02429,-2.21435
49,0.287217,0.276319,-6.14028,-2.50451
39,0.424857,0.435243,-5.54688,-2.56369
37,0.65329,0.492717,-5.9275,-2.5047
14,0.473708,0.204675,-6.31657,-2.25043
35,0.354841,0.446009,-5.59601,-2.72344
26,-0.0244118,0.440117,-6.11041,-2.12334
7,0.309869,0.203756,-5.80185,-2.235
48,0.118945,0.0168627,-6.01293,-2.12314
28,-0.0869656,0.344744,-6.31425,-2.11345
25,0.207087,0.166161,-6.16604,-2.15152
11,0.42055,0.259849,-5.88876,-2.18534
18,0.603164,0.0335172,-5.89628,-2.07115
12,0.433216,0.118452,-5.86577,-2.03693
36,0.475527,0.457173,-6.05676,-2.41522
32,0.21519,0.342027,-5.91667,-2.39024
31,0.444462,0.186948,-6.19407,-2.4537
46,0.224925,0.0645375,-5.83632,-2.43678
33,0.403091,0.36251,-5.83565,-2.48449
38,0.216693,0.380641,-5.86261,-2.50819
29,0.168601,0.458542,-5.78033,-2.08539
47,0.153232,-0.0350588,-5.80394,-2.20553
21,0.254663,0.279247,-5.93973,-2.03985
20,0.316422,0.41962,-5.92201,-2.05635
43,0.20872,0.065019,-5.64835,-2.28816
15,0.471553,0.0525599,-6.03402,-2.07643

