22,4.80008,1.24155,4.56482,-2.05245
23,4.93898,1.34918,4.51277,-2.04214
28,4.83687,1.24665,4.53288,-2.03796
26,4.91453,1.38195,4.55766,-2.06038
24,4.81752,1.37327,4.53547,-2.02718
20,4.99077,1.32521,4.57396,-2.0561
21,4.78523,1.38672,4.4644,-2.01318
25,4.95634,1.3476,4.58159,-2.06791
27,4.83042,1.32642,4.54433,-2.05893
29,4.85603,1.31458,4.49084,-2.02845
42,5.43623,0.7927,4.68247,-2.10687
47,5.47018,0.808834,4.65892,-2.1157
40,5.46204,0.782605,4.56373,-2.08747
48,5.43191,0.822777,4.58481,-2.12515
44,5.57659,0.827114,4.86026,-2.21064
41,5.39528,0.807214,4.62053,-2.09758
43,5.36868,0.800214,4.65562,-2.11771
49,5.47117,0.756892,4.66708,-2.11161
45,5.56736,0.785786,4.67306,-2.10211
46,5.59677,0.83723,4.81887,-2.22073
1,4.71721,0.727153,5.07761,-1.96664
0,4.78335,0.767676,4.93174,-1.88512
7,4.71984,0.725178,4.95639,-1.92296
9,4.66485,0.70677,4.90755,-1.84529
3,4.65383,0.70093,4.91852,-1.96265
6,4.91346,0.748094,5.12774,-1.95457
8,4.76027,0.72461,4.89556,-1.92246
5,4.72167,0.710297,4.94884,-1.91568
2,4.70163,0.711082,4.92787,-1.90315
4,4.86112,0.74642,5.01219,-1.98498
34,4.85835,0.825109,4.6074,-2.59211
30,4.68409,0.801241,4.51657,-2.63393
31,4.76004,0.810706,4.59703,-2.64147
33,4.82067,0.818506,4.61922,-2.60261
35,4.85673,0.812155,4.611,-2.62633
32,4.94093,0.841687,4.68735,-2.55542
37,4.88169,0.824325,4.61032,-2.54567
39,4.83119,0.808343,4.57746,-2.66041
38,4.84934,0.79066,4.66665,-2.55275
36,5.04122,0.867956,4.72752,-2.64854
12,5.17863,0.524862,4.98762,-2.38571
15,5.19571,0.631012,4.99567,-2.38963
13,5.19227,0.553125,5.02295,-2.4039
14,5.23586,0.45641,5.01846,-2.44156
19,5.14799,0.474384,4.91333,-2.40036
17,5.2744,0.448511,5.06082,-2.4453
16,5.31501,0.659688,5.09437,-2.45463
11,5.17063,0.51467,4.98637,-2.38773
18,5.22658,0.494146,5.00943,-2.46063
10,5.22429,0.558917,4.98734,-2.42589

