267,0.141717,0.122176,0.360336,-3.04725
1769,0.691188,0.511869,1.88084,-12.5899
474,0.506475,0.452939,1.75305,-12.8548
1685,0.363755,0.174981,0.543143,-4.77198
1813,0.541419,0.299248,0.740059,-6.98795
795,0.267333,0.404818,0.620787,-5.68864
977,0.551647,0.102887,0.59668,-5.05563
346,0.586226,0.159939,0.650675,-5.73129
342,0.412309,0.147285,0.542335,-5.31679
351,0.609005,0.111978,0.639165,-5.84419
1787,0.710501,0.260782,0.875127,-7.30127
451,0.597681,0.150485,0.722561,-6.11237
554,0.532423,0.196607,0.674655,-5.8112
369,0.566293,0.120007,0.738345,-5.96609
567,0.621029,0.124683,0.686669,-5.97866
1169,0.265437,0.0632481,0.487863,-6.43183
663,0.240705,0.268577,0.553913,-4.79861
664,0.402181,0.346394,0.65569,-5.40423
1729,0.273458,0.446089,0.918494,-6.26471
627,0.404672,0.431002,0.653418,-5.72796
1159,0.173943,0.232712,0.518787,-5.01291
1158,0.241568,0.381498,0.621,-5.88253
46,0.181629,0.518768,0.462911,-3.79641
60,0.11032,0.464194,0.40335,-3.1955
1506,0.283613,0.556393,0.675429,-6.04399
1505,0.228741,0.469538,0.69427,-6.06369
1464,0.173486,-0.0406684,0.432996,-5.94108
968,0.249353,0.112612,0.386267,-4.97639
941,0.21381,0.0613835,0.50256,-6.67874
1703,0.135536,0.117894,0.410432,-5.35105
18,0.122187,0.00899616,0.372484,-3.65071
1749,0.0977079,0.131931,0.519896,-6.13761
833,0.0911666,0.118564,0.489654,-5.7797
866,0.425155,0.21152,0.620261,-5.16752
865,0.578524,0.164895,0.686512,-5.96937
528,0.558884,0.0843725,0.59698,-5.5952
1746,0.726066,0.13366,0.74801,-6.92476
1380,0.561106,0.19703,0.710269,-6.48315
937,0.309821,0.270284,0.539715,-6.2393
1157,0.366272,0.0967549,0.681257,-5.07664
1150,0.707674,0.151171,0.81003,-6.73102
532,0.300498,0.221436,0.518248,-5.3027
1107,0.409148,0.156143,0.595074,-5.72796
359,0.235405,0.0845755,0.56896,-4.51007
1111,0.368872,0.173434,0.649833,-5.84032
1388,0.311495,0.160672,0.594304,-5.58184
852,0.420987,0.517006,0.674398,-5.3462
17,0.342461,0.341826,0.462511,-3.72556
1192,0.469139,0.448923,0.683243,-5.98039
1691,0.478095,0.39017,0.679216,-5.703
771,0.353866,0.165504,0.677624,-5.15442
1179,0.389987,0.109461,0.54754,-5.35318
1069,0.214621,-0.0451878,0.4109,-5.92944
1078,0.43573,0.0638119,0.662168,-5.61533
1344,0.418002,0.08517,0.663515,-5.89112
401,0.569892,0.111198,0.697254,-5.55561
114,0.601853,0.130251,0.702014,-5.94283
788,0.583977,0.256241,0.718846,-5.912
1230,0.521807,0.0894149,0.606697,-6.07767
1105,0.562658,0.220634,0.749619,-6.70555
1502,0.236653,0.126594,0.559961,-5.26049
195,0.142242,0.0488059,0.563814,-3.85345
182,0.17953,0.00746219,0.355095,-3.70233
1528,0.303407,0.046076,0.464381,-6.16116
1529,0.296025,0.0713082,0.543619,-6.4601
1527,0.273635,0.00494376,0.540939,-6.17274
498,0.217124,0.00620186,0.562485,-6.12762
1315,0.305263,0.527381,0.719916,-6.27625
1801,0.345094,0.422435,0.657182,-5.92553
1802,0.318903,0.49188,0.688917,-5.99821
1807,0.293085,0.498592,0.66737,-6.06959
1806,0.271608,0.487006,0.790496,-6.19375
759,0.47432,0.0337262,0.59499,-5.62277
364,0.509156,0.0987558,0.621196,-5.4034
1037,0.506258,0.088614,0.629754,-5.54607
1731,0.508078,0.349963,0.749146,-6.12434
144,0.564863,0.246925,0.62735,-4.87237
371,0.58237,0.125039,0.667616,-6.04087
780,0.462384,0.123124,0.716184,-5.08945
1068,0.637594,0.167685,0.7602,-6.16448
1406,0.578307,0.216503,0.74058,-6.49508
1225,0.48636,0.151066,0.702069,-5.61209
426,0.623922,0.0814249,0.693655,-5.84459
1321,0.62292,0.102095,0.746899,-6.00374
1235,0.610072,0.149477,0.634632,-6.51956
1084,0.191683,0.57728,0.677616,-6.1985
1152,0.277974,0.50251,0.701098,-5.97647
885,0.338453,0.374091,0.604039,-5.10868
544,0.354882,0.294091,0.646915,-5.40161
1542,0.199685,0.275732,0.559093,-5.82302
1363,0.204976,0.282532,0.557243,-6.02653
1507,0.286061,0.32059,0.594207,-5.34827
652,0.289626,0.176441,0.551172,-5.47437
1032,0.189662,-0.0958267,0.558377,-6.16468
655,0.234259,0.189868,0.486846,-4.67195
1522,0.277298,0.245645,0.555913,-5.80607
1403,0.043896,0.108658,0.458605,-5.55362
1110,0.318838,0.170034,0.666586,-5.61857
1389,0.333773,0.0919973,0.561116,-5.80064
1763,0.40265,0.353738,0.742004,-5.59826
1210,0.416365,0.218036,0.545715,-4.8246
1326,0.511959,0.258217,0.644781,-5.19364
1325,0.668338,0.304989,0.763627,-6.1811
350,0.601621,0.202848,0.697956,-5.7485
659,0.14076,0.105253,0.470309,-6.00386
340,0.0529948,0.0787914,0.425916,-4.60935
1582,0.172605,0.103213,0.512585,-6.13363
749,0.131047,0.201673,0.555511,-5.9165
509,0.52833,0.18279,0.65016,-5.14719
370,0.596368,0.121556,0.729972,-5.9041
878,0.577336,0.170575,0.668318,-5.80584
1785,0.595166,0.307002,0.681365,-5.80459
1781,0.578457,0.361334,0.69494,-5.83561
1473,0.444744,0.292406,0.664565,-4.95439
1472,0.458923,0.28872,0.662784,-5.7728
1391,0.346145,0.00802719,0.53507,-5.80439
1791,0.346233,0.353156,0.529274,-5.06493
1563,0.366319,0.360576,0.608814,-5.9744
1440,0.407507,0.33021,0.671479,-6.0502
1742,0.155841,0.354424,0.784872,-5.92424
1079,0.136533,0.112815,0.559151,-5.34375
519,0.430559,0.340733,0.671945,-5.57799
815,0.432361,0.356662,0.691792,-5.47071
220,0.576023,0.113888,0.699395,-5.95928
112,0.492309,0.206416,0.633834,-5.37612
219,0.561912,0.147077,0.658772,-5.85738
936,0.500442,0.213122,0.6622,-5.38085
310,0.622773,0.142181,0.662673,-5.96395
301,0.499341,0.075243,0.68582,-5.42365
737,0.253415,-0.187743,0.820649,-5.76367
577,0.298988,-0.212227,0.692239,-5.8034
592,0.0876652,0.18511,0.474267,-6.08335
975,0.17317,0.280696,0.516312,-6.06917
591,0.100461,0.180917,0.478196,-5.95048
1579,0.496889,0.440964,0.653434,-5.88612
1580,0.467059,0.426311,0.624863,-5.92371
620,0.337856,0.182496,0.496136,-4.63695
779,0.275743,0.191619,0.58188,-5.8341
1489,0.335604,0.156254,0.584679,-5.73182
862,0.660201,0.126615,0.776955,-6.04982
876,0.628237,0.170038,0.727228,-5.81485
973,0.484053,0.183988,0.711973,-5.91128
1251,0.320593,0.270471,0.602232,-5.46178
924,0.120561,0.105011,0.623536,-4.99306
1615,0.427296,0.241742,0.694826,-5.53497
860,0.166021,0.236604,0.47695,-4.97589
995,0.244313,0.176649,0.527411,-5.33132
603,0.199429,0.134976,0.521981,-4.22936
1358,0.111208,0.286305,0.587911,-4.03635
641,0.269889,0.236015,0.549164,-5.82684
632,0.295457,0.297633,0.544124,-5.78745
1654,0.283143,0.245691,0.532415,-5.43341
1379,0.203972,0.357614,0.519702,-6.13198
1001,0.309803,0.278393,0.550218,-4.96202
1740,0.506711,0.483397,0.748518,-6.05331
1741,0.495223,0.570403,0.715198,-5.58782
1739,0.472139,0.51,0.747361,-5.99258
869,-0.0360811,0.0474451,0.543247,-5.54712
764,0.501958,0.220272,0.638853,-5.70348
1560,0.329147,0.466466,0.691415,-5.65762
543,0.33419,0.433453,0.679086,-5.82994
732,0.332478,0.503275,0.729584,-6.64911
900,0.232939,0.230761,0.520655,-4.82047
915,0.615168,0.454416,0.788626,-5.9662
914,0.567004,0.465077,0.752095,-5.9093
1413,0.628098,0.516474,0.799972,-6.19398
1414,0.622018,0.311575,0.792633,-5.91566
1013,0.73226,0.491037,0.741131,-5.91283
1715,0.685376,0.584737,0.801831,-6.33849
1468,0.666518,0.309518,0.727368,-5.79148
43,0.503695,0.217516,0.60293,-4.69052
593,0.615339,0.0563284,0.725271,-5.91116
997,0.680879,0.201692,0.693513,-6.11712
1017,0.731419,0.534147,0.771477,-5.852
1714,0.651622,0.523834,0.764155,-5.83565
1681,0.664218,0.540691,0.808402,-5.99709
921,0.56676,0.245296,0.672397,-5.64187
1683,0.431516,0.14541,0.549532,-5.56256
1622,0.278186,0.147088,0.444271,-5.73458
1062,0.573033,0.0508069,0.637276,-6.16963
996,0.650374,0.25411,0.738786,-6.6666
510,0.532401,0.143646,0.660421,-5.88561
794,0.146724,0.0158465,0.391246,-4.7836
1701,0.232254,0.077559,0.470437,-6.04021
631,0.556016,0.117816,0.727979,-6.20766
1690,0.67183,0.174453,0.729241,-6.13829
190,0.481093,0.170446,0.632622,-5.28434
526,0.504646,0.204268,0.606145,-5.58661
1780,0.437816,0.486015,0.641505,-6.13822
1778,0.463558,0.532196,0.657733,-6.19847
140,0.562621,0.192495,0.772765,-6.21329
66,0.52195,0.0876778,0.680028,-5.51777
934,0.362933,0.165477,0.700987,-5.74234
270,0.553088,0.127211,0.744321,-6.10727
137,0.56271,0.125664,0.663705,-5.61342
931,0.533956,0.21905,0.67703,-6.02821
753,0.286411,0.282445,0.628857,-5.60443
1456,0.211661,0.209624,0.432587,-5.2789
1581,0.58527,0.123121,0.67516,-6.0814
1524,0.564377,0.152541,0.712046,-6.53476
743,0.365827,0.281391,0.514044,-5.46207
1590,0.352117,0.168825,0.483581,-4.93851
1589,0.269793,0.341652,0.63565,-5.7789
569,0.26886,0.339216,0.583825,-5.34395
1497,0.27432,0.531397,0.647735,-5.94761
1499,0.292195,0.49512,0.637335,-5.80086
1498,0.345235,0.477452,0.668757,-5.96901
1407,0.221835,0.353331,0.699602,-5.40954
574,0.227549,0.376721,0.545795,-4.62861
1438,0.239395,0.270998,0.502333,-5.68071
640,0.228058,0.258644,0.458536,-5.02293
861,0.523109,0.480268,0.69749,-6.26216
1384,0.479535,0.600304,0.744513,-6.25272
481,0.403586,0.476492,0.64158,-5.89239
1642,0.17431,0.00969569,0.527364,-6.03598
1422,0.364806,0.250686,0.588335,-5.95139
981,0.272918,0.0574582,0.569979,-6.02018
1692,0.236081,0.0825983,0.547031,-5.99298
608,0.310483,0.338559,0.489261,-4.92958
658,0.299502,0.23247,0.513703,-5.66454
979,0.248914,0.220483,0.56644,-5.68264
1365,0.186665,0.127056,0.476768,-5.27155
1552,0.249927,0.156753,0.472217,-5.89075
1693,0.256806,0.130956,0.548649,-6.25785
1364,0.204106,0.112717,0.477992,-6.04042
677,0.271224,0.0547253,0.489683,-6.15917
814,0.273232,0.107508,0.516191,-6.08272
1101,0.265453,0.110568,0.505754,-4.82324
1291,0.424504,0.0290146,0.588919,-5.9007
1088,0.411842,0.0533975,0.577636,-5.91048
950,0.376852,0.377411,0.558376,-4.99515
157,0.261607,0.292666,0.405853,-3.47409
1695,0.405799,0.432221,0.592057,-6.39994
987,0.197741,0.336968,0.746276,-4.87558
1553,0.391321,0.117333,0.568168,-5.67411
662,0.41079,0.227412,0.743602,-5.34788
1700,0.285189,0.0325482,0.477932,-6.01043
1243,0.278576,-0.000213538,0.593313,-6.41414
1240,0.390897,0.0478934,0.594998,-5.941
1140,0.435211,0.0581995,0.5819,-5.67866
445,0.536021,0.0927604,0.620531,-5.619
446,0.562125,0.166345,0.761927,-5.9421
927,0.532837,0.14171,0.727353,-5.92572
1480,0.295301,0.254955,0.586227,-4.88991
1401,0.28619,0.33748,0.671417,-4.77408
1226,0.239588,0.370753,0.653738,-5.9441
897,0.436527,0.402967,0.732887,-5.80642
874,0.446828,0.51298,0.673752,-6.0313
1228,0.524814,0.380781,0.666899,-5.79846
113,0.600812,0.139567,0.814185,-5.93528
1124,0.51547,0.0712903,0.663492,-5.39694
1191,0.464252,0.132569,0.720127,-5.64186
773,0.197498,0.0521366,0.558772,-5.75256
1647,0.248214,0.0358015,0.547007,-6.18733
1009,0.194008,0.0283981,0.472447,-6.00591
1098,0.231648,0.0512748,0.557896,-6.00026
1097,0.108379,0.0777513,0.474129,-5.10001
1591,0.532808,0.132598,0.660154,-5.98054
416,0.509836,0.0865599,0.513356,-4.5892
634,0.519633,0.139255,0.684426,-5.28453
315,0.584794,0.171678,0.684511,-5.95852
50,0.563442,0.139285,0.724032,-6.01454
165,0.684259,0.0904506,0.738813,-6.00803
1012,0.486529,0.154578,0.659402,-5.69208
645,0.568859,0.213889,0.747907,-6.05614
945,0.345154,0.16362,0.516548,-5.89743
1743,0.309477,0.232592,0.544729,-6.04842
1776,0.276974,0.178092,0.530392,-5.80369
1496,0.295872,0.225914,0.599513,-5.54198
487,0.219327,0.115106,0.514365,-5.85383
1328,0.572076,0.519045,0.769985,-6.10684
907,0.0759044,0.272837,0.522919,-6.14529
831,0.349992,0.160594,0.548905,-5.79605
337,0.404529,0.0844166,0.475488,-4.5642
363,0.516258,0.0931227,0.664788,-5.50282
365,0.611553,0.126102,0.764768,-5.96624
1204,0.596851,0.18672,0.659094,-5.98885
1064,0.302119,0.0125079,0.546236,-6.16254
781,0.301563,0.0241491,0.478058,-5.79618
785,0.283794,0.118552,0.504516,-5.91748
775,0.294848,0.0477321,0.54159,-5.72563
527,0.330292,0.0501656,0.495472,-5.14295
1063,0.281904,0.0770042,0.498449,-5.86229
1187,0.496882,0.124015,0.565706,-5.57663
121,0.526192,0.11397,0.563548,-5.56149
1786,0.508286,0.102298,0.629159,-5.662
407,0.550129,0.195436,0.681107,-5.75343
269,0.57196,0.169343,0.652317,-5.96677
624,0.481712,0.200848,0.696924,-6.25642
542,0.494762,0.220632,0.651583,-5.27834
1298,0.347387,0.186068,0.511688,-6.09933
1420,0.391942,0.076089,0.587646,-5.00723
1421,0.548333,0.134354,0.676317,-5.1492
1441,0.220884,0.101522,0.52747,-4.60329
405,0.541278,0.165793,0.670394,-6.0654
404,0.583361,0.118179,0.758427,-5.95576
241,0.502691,0.173806,0.678232,-5.61452
1794,0.463684,0.215561,0.592934,-5.82273
793,0.478662,0.600458,0.669463,-6.03174
1757,0.615385,0.723114,0.76858,-5.8756
1755,0.436581,0.558884,0.81582,-5.84791
1756,0.494838,0.504047,0.643213,-5.5519
1762,0.4838,0.539288,0.664914,-5.81168
1761,0.4759,0.516888,0.687768,-5.61134
792,0.290736,0.312075,0.530783,-4.75573
1018,0.224277,0.0782347,0.510459,-5.6369
279,0.16003,0.111896,0.402727,-3.64557
280,0.160635,0.0767941,0.299657,-3.08363
571,0.503444,0.375186,0.680807,-5.79088
539,0.515521,0.331529,0.643924,-5.81924
502,0.532445,0.258814,0.642858,-5.56528
821,0.607833,0.114285,0.656777,-6.01213
867,0.514351,0.0732079,0.660832,-6.68849
1504,0.287647,0.452835,0.647602,-6.03356
501,0.328926,0.469981,0.638268,-5.68848
1184,0.3277,0.365367,0.543475,-5.16306
700,0.275073,0.276561,0.604417,-5.11408
1536,0.267969,0.3683,0.747042,-5.78147
1533,0.144798,0.289321,0.653658,-5.87212
1112,0.354174,0.370781,0.611855,-5.37615
1670,0.279647,0.355016,0.702261,-5.94636
623,0.634484,0.238315,0.680331,-6.039
1656,0.0540602,0.17866,0.48797,-5.36388
1643,0.154901,0.0290497,0.594193,-5.58503
1809,0.322425,0.265157,0.603622,-5.65331
1352,0.339108,0.440034,0.699516,-5.74623
1254,0.414689,0.402875,0.671638,-6.17568
1348,0.330532,0.40915,0.625913,-5.84658
1255,0.35928,0.328897,0.667648,-5.66779
1319,0.607171,0.646608,0.874236,-6.48506
1320,0.570329,0.690798,0.833424,-6.37003
1682,0.667454,0.678161,0.936722,-6.44323
718,0.522573,0.642255,0.808134,-6.06463
684,0.474971,0.559811,0.781887,-5.02996
1332,0.216697,0.0514784,0.407562,-5.96332
1071,0.149304,-0.0117131,0.462099,-5.95051
1466,0.267371,-0.0310545,0.449869,-6.07883
1566,0.466181,0.147557,0.600253,-5.63167
1567,0.416385,0.0672718,0.619504,-5.69176
1202,0.397252,0.0920682,0.613015,-5.66168
257,0.640041,0.115801,0.650465,-5.98062
39,0.615877,0.152002,0.738833,-5.90462
1439,0.535049,0.0546741,0.620014,-6.34179
1355,0.588822,0.0788823,0.676907,-6.65599
1155,0.365507,0.358577,0.536932,-4.81377
243,0.571511,0.0589193,0.661491,-5.91558
612,0.506064,0.0303017,0.618351,-6.11016
1564,0.240901,0.214957,0.519568,-4.8802
872,0.188853,0.382604,0.769564,-5.8617
880,0.265408,0.311533,0.640737,-5.40966
1261,0.339225,0.327265,0.681375,-4.83061
1347,0.412048,0.351359,0.674391,-6.12289
1351,0.329248,0.46799,0.692822,-5.76129
1350,0.399675,0.418547,0.6729,-5.98275
871,0.34437,0.0507424,0.447512,-5.08001
1033,0.240432,0.0417791,0.512536,-6.00046
1031,0.229529,0.100614,0.446682,-5.67566
1630,0.379949,-0.123832,0.592071,-5.82137
653,0.482696,-0.0158447,0.614985,-4.97191
1632,0.383197,-0.107306,0.540549,-5.06862
462,0.559383,0.131447,0.639278,-5.99025
986,0.538548,0.113122,0.674411,-6.17286
141,0.590896,0.110711,0.764896,-6.06687
65,0.518564,0.107005,0.674017,-5.70458
883,0.206874,0.198302,0.548291,-5.60487
828,0.165364,0.268689,0.543111,-5.91329
1376,0.228008,0.301375,0.519148,-5.27447
1353,0.220357,0.229089,0.537806,-5.89712
1704,0.587192,0.252757,0.747127,-5.19817
1104,0.584091,0.228783,0.741572,-5.79565
207,0.694462,0.213145,0.738736,-4.70974
688,0.452726,0.247609,0.644857,-5.33186
101,0.663384,0.117804,0.675092,-5.87791
1673,0.352952,0.283436,0.577714,-5.32227
1674,0.197869,0.220638,0.670115,-5.6061
709,0.469699,0.159322,0.630592,-5.2519
1086,0.407736,0.159209,0.54943,-5.60047
304,0.425762,0.093523,0.605358,-5.30688
545,0.550794,0.216344,0.661001,-5.15245
256,0.560098,0.0857796,0.712078,-5.97844
511,0.516945,0.116448,0.633297,-5.18715
344,0.669942,0.130361,0.803942,-6.20576
343,0.540532,0.128245,0.722405,-5.49302
1093,0.505595,0.0921888,0.694167,-5.54848
338,0.545629,0.156738,0.730538,-5.55858
618,0.250972,0.238418,0.715676,-4.75026
782,0.362728,0.205305,0.477603,-5.66576
500,0.262419,0.156868,0.617733,-6.08284
1541,0.302584,0.186765,0.594322,-5.84877
787,0.294894,0.154826,0.621697,-5.57868
786,0.281716,0.191792,0.588705,-5.79857
35,0.14688,0.0341825,0.684523,-4.51187
1578,0.209511,0.0432583,0.416616,-5.27366
169,0.0829338,-0.0341978,0.409281,-3.67561
160,0.0664585,-0.00295388,0.354154,-2.72814
239,0.17668,0.617373,0.732062,-5.33291
238,0.169282,0.417888,0.55235,-4.2646
408,0.551458,0.23948,0.581085,-4.42465
471,0.676652,0.0856213,0.625958,-5.82514
1605,0.166922,0.125418,0.529597,-5.55637
1357,0.256789,0.551901,0.65209,-5.88807
1356,0.280429,0.491773,0.668946,-6.50993
599,0.274187,0.582746,0.645822,-6.46392
628,0.341605,0.428976,0.579306,-5.67437
730,0.278905,0.161336,0.634237,-5.22134
1272,0.295222,0.278239,0.516626,-5.40176
559,0.477127,0.0907951,0.692759,-5.98896
935,0.443907,0.135798,0.581492,-5.67306
493,0.493841,0.164846,0.718325,-5.50304
1768,0.0411357,0.237783,0.773078,-4.81463
1722,0.219385,0.446348,0.700099,-6.26811
849,0.165511,0.0709992,0.559655,-4.9605
1080,0.224399,0.0858651,0.471715,-6.45748
228,0.165692,0.0594526,0.387259,-5.45769
868,0.252482,-0.00998987,0.890706,-4.96603
1767,0.408602,0.0189735,0.653086,-6.93768
1007,0.448863,0.119102,0.533154,-5.00733
1457,0.736335,0.11119,0.842259,-6.6093
1232,0.139641,0.149711,0.504102,-6.18079
516,0.475712,0.170334,0.747278,-5.31416
587,0.533457,0.202665,0.721785,-6.03767
472,0.640908,0.0978008,0.655625,-5.99857
282,0.718398,0.114301,0.712512,-6.25152
540,0.707996,0.0816221,0.683789,-6.34899
1623,0.247993,0.085972,0.377013,-5.38695
1171,0.171333,0.0633716,0.463614,-6.52685
961,0.504616,0.221261,0.707623,-5.91993
1118,0.422897,0.303743,0.595593,-5.21151
919,0.395596,0.227425,0.572192,-5.03316
650,0.490954,0.167865,0.624406,-5.60523
954,0.319594,0.416844,0.648256,-5.89515
953,0.35682,0.532216,0.693068,-6.09247
1443,0.335694,0.430361,0.646289,-6.30298
1707,0.337658,0.302737,0.592604,-5.53997
922,0.313231,0.25682,0.582655,-4.91851
1000,0.206135,0.368076,0.647929,-6.03929
1404,0.286537,0.444365,0.728704,-5.85449
805,0.362646,0.401009,0.654545,-5.77539
1294,0.394099,0.607597,0.652326,-5.02783
908,0.352418,0.391848,0.520272,-4.83416
1329,0.620216,0.566569,0.826187,-6.37213
816,0.214826,0.287095,0.525511,-5.79912
877,0.193527,0.263836,0.508973,-4.88344
955,0.39279,0.175365,0.545012,-5.04279
123,0.429418,0.147322,0.61075,-5.51367
1203,0.589125,0.099677,0.778391,-5.68442
1167,0.319912,0.134794,0.662459,-5.15402
606,0.500872,0.183117,0.719852,-5.94743
1296,0.414655,0.38463,0.679241,-6.0281
578,0.256443,0.258504,0.516491,-4.65828
1734,0.368055,0.33305,0.684125,-6.20153
490,0.278612,0.458639,0.655157,-5.8192
1057,0.261115,0.680804,0.679766,-6.65139
839,0.180936,0.615208,0.706737,-6.44924
840,0.168659,0.664461,0.700544,-6.64491
1275,0.113332,0.482721,0.590697,-6.06259
1274,0.162761,0.389819,0.565938,-6.01004
1273,0.0939523,0.43837,0.580378,-6.05824
1276,0.118427,0.376663,0.608127,-6.0909
1555,0.0376886,0.487519,0.548778,-5.89316
1737,0.395664,0.637973,0.768836,-5.95713
899,0.382064,0.311984,0.570153,-5.30105
1629,0.400727,0.433947,0.71504,-6.55675
1425,0.22458,0.408663,0.635136,-5.94766
1434,0.206282,0.0698433,0.485196,-5.81773
1431,0.230628,0.135082,0.473505,-5.87518
1663,0.248778,0.0570111,0.494604,-6.12294
1664,0.370909,0.0617825,0.533358,-5.64787
812,0.40175,0.145898,0.540569,-5.14522
1575,0.341164,0.30081,0.630746,-5.94073
488,0.458934,0.223793,0.583136,-5.68424
6,0.284433,0.280355,0.571118,-3.40525
1035,0.319474,0.506092,0.630646,-6.2036
1311,0.640702,0.527059,0.823947,-5.98332
824,0.240495,0.192426,0.536093,-4.63714
1577,0.268117,0.160278,0.549249,-5.7902
1385,0.334586,0.0870519,0.527165,-5.7335
1386,0.282338,0.190638,0.562577,-6.03244
904,0.264073,0.20436,0.552582,-5.7236
1023,0.374076,0.257652,0.596053,-5.18555
943,0.357821,0.204885,0.563714,-5.86261
674,0.32307,0.0741944,0.562088,-5.46688
991,0.295087,0.372998,0.597907,-5.02434
1163,0.184421,0.480497,0.595859,-6.67253
741,0.537632,0.528624,0.73395,-5.79918
1576,0.458131,0.239133,0.625054,-6.00705
1127,0.560112,0.212918,0.58479,-5.91965
1521,0.487642,0.209026,0.605342,-5.19983
377,0.475326,0.182561,0.6217,-4.69422
1116,0.481053,0.119163,0.591451,-5.38711
444,0.399621,0.146484,0.601391,-5.56852
508,0.481473,0.0696865,0.492926,-5.16263
513,0.161958,0.271632,0.479591,-4.73687
1788,0.242008,0.315557,0.580943,-5.4181
1299,0.418646,0.217842,0.573054,-5.38611
1258,0.206561,0.265856,0.552159,-4.97336
1135,0.26118,0.610416,0.612455,-5.95114
847,0.306067,0.685128,0.711002,-6.03037
1345,0.2518,0.629163,0.65695,-5.77256
1346,0.472044,0.296223,0.654067,-5.58624
424,0.627861,0.0756349,0.693145,-5.83987
1574,0.545283,0.209923,0.721937,-5.62767
1029,0.159642,0.12902,0.584703,-5.95796
1284,0.374692,0.215116,0.675894,-6.07962
345,0.447292,0.103542,0.591603,-5.27909
514,0.442083,0.126858,0.584034,-5.64486
1770,0.500022,0.19083,0.666774,-5.67369
755,0.564005,0.113509,0.661836,-5.97789
492,0.659768,0.168972,0.701668,-6.22217
1162,0.0649675,0.0957998,0.453346,-5.96376
1607,0.111016,0.0941351,0.46911,-6.00105
1608,0.0612964,0.0999986,0.538611,-5.83471
1609,0.196083,0.0840505,0.480966,-6.11858
1604,0.0975227,0.0634392,0.507026,-5.78096
1603,0.0898539,0.0667043,0.616854,-5.78035
27,0.140225,0.102324,0.371036,-4.04648
1212,0.081809,0.149841,0.628364,-5.13334
859,0.130533,0.138859,0.494346,-5.31546
556,0.514659,0.262842,0.644398,-5.50812
929,0.604302,0.344363,0.713268,-5.67396
1103,0.561348,0.347868,0.720617,-5.91921
387,0.603603,0.168679,0.720274,-5.9173
1082,0.576572,0.158213,0.695235,-6.0575
456,0.687856,0.117527,0.832968,-6.21349
1745,0.536246,0.101801,0.689018,-5.46609
146,0.541866,0.100368,0.679714,-5.55676
774,0.422528,-0.0237528,0.581363,-6.21672
534,0.30437,0.211712,0.531357,-5.00453
901,0.326718,0.386585,0.589248,-5.47103
784,0.295944,0.0206071,0.463747,-5.83615
758,0.390229,0.586092,0.679209,-5.74775
881,0.480366,0.584101,0.737954,-6.4153
452,0.38907,0.508658,0.648212,-4.86492
1764,0.195854,0.462856,0.585589,-6.08531
1471,0.419771,0.190308,0.564876,-4.93543
1702,0.362636,0.327727,0.618119,-6.1035
189,0.539574,0.184502,0.619378,-5.58199
392,0.138455,0.0381028,0.532068,-4.13338
368,0.503548,0.111059,0.646334,-5.41521
374,0.512576,0.110561,0.746869,-5.56344
823,0.140671,0.102778,0.476645,-5.19009
1637,0.292379,0.299557,0.55095,-5.88067
1340,0.292141,0.269248,0.502955,-5.80921
1636,0.347499,0.228599,0.497991,-5.59447
1705,0.270572,0.18001,0.55502,-5.77142
1264,0.310898,0.281494,0.54249,-5.16281
1278,0.325111,0.333915,0.639528,-5.1317
1624,0.448639,0.15456,0.640991,-5.74758
225,0.325676,0.140039,0.50446,-4.55281
40,0.415295,0.091114,0.652935,-4.77103
1374,0.434109,0.169165,0.519843,-5.24985
1136,0.168643,0.475449,0.560428,-6.61547
1709,0.118956,0.402059,0.509047,-6.12083
1782,0.382339,0.213222,0.602587,-5.71398
1143,0.565701,0.229113,0.700419,-6.04572
1661,0.478952,0.15919,0.600616,-5.5581
506,0.541551,0.161941,0.682282,-6.08321
1045,0.363823,0.435355,0.572058,-5.02283
8,0.426611,0.415026,0.57395,-3.6095
1046,0.519529,0.520724,0.697043,-6.06051
727,0.330099,0.53852,0.657001,-6.06611
615,0.2008,0.31322,0.600318,-5.64134
1024,0.575385,0.0586467,0.685262,-5.9414
1653,0.251956,0.243823,0.597079,-5.97548
1652,0.198146,0.335795,0.538644,-5.42351
211,0.082535,0.320407,0.386545,-3.43282
1641,0.15881,0.506642,0.581362,-6.38954
1639,0.184896,0.466651,0.661681,-6.38243
1640,0.185418,0.523203,0.5967,-6.39145
798,0.478911,0.188119,0.650766,-4.95725
1784,0.569901,0.262267,0.770928,-6.0818
1359,0.24948,0.19399,0.523995,-5.63338
1360,0.490234,0.242245,0.650633,-5.66746
1237,0.406291,0.19807,0.55102,-5.60364
555,0.575392,0.19468,0.754909,-6.10866
1445,0.630688,0.223456,0.710681,-6.08876
661,0.309499,-0.0261892,0.465523,-6.71063
1465,0.288098,-0.0145189,0.415538,-6.44871
272,0.129805,-0.00563298,0.352468,-5.16854
1160,0.291527,-0.0768639,0.493786,-6.09161
906,0.213446,0.233641,0.555112,-5.40798
832,0.400982,0.164337,0.521837,-5.10059
332,0.144968,0.0956389,0.131275,-1.76753
331,0.107509,0.109053,0.30924,-3.3071
999,0.144102,0.117077,0.49686,-6.16422
982,0.288194,0.150088,0.56016,-5.76191
1049,0.476467,0.56889,0.762644,-6.55274
841,0.431872,0.571316,0.857907,-6.24757
1612,0.541071,0.528682,0.787235,-6.49282
1006,0.398552,0.509651,0.729549,-6.18029
707,0.428206,0.25379,0.621915,-4.80114
259,0.0965465,0.434887,0.526574,-3.93445
1621,0.457272,0.134332,0.635593,-5.22275
192,0.558977,0.173974,0.718193,-5.82639
466,0.646955,0.135879,0.792552,-6.12863
460,0.630639,0.143201,0.746417,-5.47342
1216,0.500672,0.191694,0.66269,-5.5255
1215,0.539059,0.257631,0.75956,-5.68348
561,0.586598,0.286311,0.695058,-5.89967
1106,0.126544,0.248629,0.52519,-4.69015
1015,0.283352,0.246421,0.491367,-4.79961
110,0.177935,0.215625,0.336119,-3.27764
1016,0.289893,0.0558119,0.620481,-6.09678
822,0.169283,0.0578866,0.586489,-5.88761
1334,0.418842,0.37952,0.635534,-5.86311
1539,0.417556,0.46169,0.707086,-6.48117
1462,0.267981,0.452294,0.827923,-6.28472
1516,0.301169,0.229352,0.52114,-5.89359
1518,0.230348,0.236511,0.573859,-5.74484
1517,0.231191,0.198649,0.494268,-5.73953
1511,0.33685,0.205875,0.491592,-6.05106
1512,0.162695,0.305279,0.431332,-5.53055
496,0.14799,0.535154,0.599633,-6.10412
728,0.200186,0.518756,0.637163,-6.30431
932,0.365282,0.501183,0.656305,-5.6755
1483,0.393207,0.274293,0.575357,-5.67274
1004,0.225185,0.348401,0.751104,-5.30423
1074,0.109172,0.224604,0.45393,-5.85533
148,0.584083,0.113278,0.748096,-6.0037
616,0.449148,0.303303,0.575102,-5.11193
433,0.473134,0.148035,0.637265,-5.44015
1205,0.561972,0.105791,0.615381,-6.09333
1688,0.562459,0.150689,0.756953,-6.576
1039,0.406893,0.223672,0.536695,-5.24836
830,0.572574,0.101348,0.664492,-6.34856
309,0.46017,-0.0250687,0.716431,-5.65615
1631,0.713553,-0.185288,1.73496,-14.6491
473,0.726758,-0.180228,1.7378,-14.9004
669,0.288414,0.057481,0.446975,-5.8185
1626,0.309614,0.342,0.548439,-5.12022
1760,0.41658,0.555865,0.680245,-5.9673
1614,0.453842,0.208926,0.555481,-4.8334
962,0.235612,0.186014,0.502571,-5.47961
602,0.213454,0.0872804,0.539807,-5.81903
690,0.187402,0.165424,0.50715,-6.03122
958,0.134751,0.121098,0.437749,-5.85793
646,0.188737,-0.0275617,0.481899,-5.93839
1025,0.189473,-0.0734512,0.535108,-6.02127
1267,0.214632,0.234653,0.535367,-5.27515
1305,0.157437,0.265157,0.514923,-6.00489
1286,0.190962,0.19249,0.562496,-5.98165
1285,0.237563,0.227699,0.609128,-5.99294
971,0.496483,0.0565088,0.623669,-5.9017
414,0.483244,0.0887381,0.572275,-4.65861
1217,0.536966,0.117726,0.621103,-6.18068
1262,0.227563,0.0585644,0.465604,-5.11407
485,0.549529,0.320429,0.623956,-5.20802
1333,0.355445,0.43634,0.578355,-6.00014
644,0.506169,0.0872674,0.621671,-5.83257
83,0.618349,0.0230076,0.7267,-5.45759
1279,0.305334,0.352059,0.583878,-5.32079
1430,0.109521,0.202775,0.438631,-4.8026
933,0.194071,0.192781,0.666043,-4.76423
1390,0.423324,-0.0185235,0.528207,-5.79512
1435,0.369666,0.0263685,0.54638,-6.15736
1382,0.303521,0.0266917,0.497358,-5.80891
752,0.199165,0.0676112,0.432608,-5.09517
580,0.317845,0.19118,0.73376,-4.9745
499,0.449329,0.26789,0.588916,-4.1731
1196,0.420353,0.291476,0.537462,-5.11524
1149,0.210401,0.322071,0.686544,-5.9528
400,0.182458,0.276266,0.557699,-5.0384
251,0.175247,0.215858,0.475639,-4.09488
129,0.428587,0.206122,0.694014,-5.38492
1224,0.536401,0.209684,0.6411,-5.52896
360,0.585962,0.107297,0.676626,-5.96409
609,0.495938,0.117723,0.541507,-5.11011
679,0.42634,-0.035888,0.486198,-5.69349
1161,0.318503,-0.0785165,0.486872,-5.76962
678,0.351378,0.0718159,0.541113,-5.82998
680,0.344624,0.0101437,0.589421,-6.21423
1036,0.328857,-0.0264121,0.485299,-6.05137
1397,0.389255,0.043729,0.529939,-5.84383
297,0.198985,0.65206,0.66616,-6.30966
298,-0.0446366,0.463266,0.653693,-5.84387
960,0.489283,0.0536961,0.627712,-5.76151
1241,0.503682,0.114806,0.647381,-5.50548
564,0.496406,0.0498666,0.690343,-5.65683
686,0.483298,0.0788359,0.632393,-5.67135
1354,0.219046,0.214854,0.556065,-5.32899
1021,0.33814,0.199981,0.577186,-5.84056
778,0.31692,0.132843,0.575974,-5.6109
1488,0.313604,0.160757,0.562531,-5.54622
517,0.417866,0.533451,0.71436,-5.794
549,0.469021,0.179691,0.623527,-5.65554
984,0.587502,0.274115,0.719755,-4.99396
1209,0.415492,0.0170235,0.597885,-5.7177
1672,0.45122,0.0615725,0.572069,-6.04794
1197,0.359779,0.0864149,0.596795,-5.69324
1671,0.43366,0.0138019,0.55111,-5.80641
916,0.668533,0.399454,0.765531,-5.79762
1198,0.637709,0.0464811,0.718026,-6.74785
731,0.330927,0.0418488,0.467878,-5.10307
1200,0.424721,0.193692,0.548167,-5.07542
621,0.38323,0.266325,0.648948,-5.98362
1282,0.445091,0.40198,0.63846,-6.028
1283,0.321715,0.309239,0.709713,-5.73582
226,0.589781,0.156002,0.692548,-5.53393
382,0.53015,0.150809,0.670208,-5.76995
990,0.433587,0.230068,0.567403,-5.13061
1368,0.433061,0.157947,0.602197,-5.79974
706,0.54696,0.054054,0.570394,-5.10101
245,0.588629,0.137275,0.694546,-5.80435
1405,0.165593,0.223431,0.396237,-4.77187
586,0.277657,0.547411,0.685073,-6.25652
884,0.363914,0.526219,0.775174,-6.45491
570,0.302538,0.335723,0.555579,-4.76081
891,0.220333,0.185596,0.604406,-5.79172
892,0.205346,0.218363,0.550115,-5.51223
1222,0.222005,0.0577233,0.613215,-5.83937
1122,0.24151,0.19386,0.491398,-6.0892
893,0.276306,0.199914,0.51858,-5.9125
1343,0.334343,0.0546948,0.512788,-6.04805
551,0.417245,-0.0168764,0.580945,-6.10176
1795,0.474916,0.0339428,0.486141,-5.97197
1796,0.410058,-0.0840551,0.586748,-6.24474
1178,0.437362,0.0161256,0.621343,-5.94292
63,0.46794,0.0850925,0.76138,-4.78042
1727,0.49135,0.0443724,0.593129,-5.10145
439,0.574697,0.080962,0.686757,-6.16763
436,0.41147,-0.0674105,0.8383,-5.61116
790,0.47681,-0.0410476,0.603018,-5.8464
703,0.398735,-0.0998511,0.611277,-6.04718
19,0.123786,0.081085,0.307551,-3.74776
766,0.173863,-0.0273736,0.425078,-6.22517
760,0.131584,-0.0232967,0.429664,-6.24669
767,0.167835,-0.107616,0.488972,-6.46171
1371,0.174007,0.0839998,0.494139,-6.05373
1066,0.189162,0.041671,0.504392,-6.11062
761,0.139826,-0.00132322,0.49299,-6.11188
449,0.551111,0.0762415,0.664273,-5.938
438,0.531263,-0.0300723,0.650643,-5.59238
437,0.400419,0.0845158,0.502559,-4.78412
568,0.57689,0.11937,0.698074,-6.03579
649,0.331182,0.220625,0.681055,-4.91105
1540,0.19092,0.0729624,0.634982,-4.9637
1266,0.152317,0.255321,0.556464,-5.97107
1132,0.106669,0.169585,0.763568,-5.31872
1666,0.231251,0.18502,0.764502,-5.32391
791,0.259173,0.239511,0.538289,-4.86307
1789,0.296562,0.354166,0.624714,-5.9577
1166,0.149708,0.238575,0.632724,-6.49729
966,0.45375,0.280102,0.575441,-5.24975
381,0.607473,0.169849,0.717865,-5.94647
1475,0.490779,0.482536,0.715798,-6.15141
1395,0.399403,0.444197,0.621818,-5.60071
1117,0.458146,0.441549,0.64875,-5.9338
930,0.47922,0.421602,0.671986,-5.97571
1570,0.547961,0.381273,0.681922,-5.91672
685,0.381193,0.253928,0.554398,-4.76852
1593,0.352343,0.207842,0.608059,-5.79637
808,0.182788,0.367341,0.643203,-5.09168
807,0.325322,0.349583,0.657763,-5.06533
748,0.183837,0.239493,0.50219,-6.04488
1076,0.232506,0.196932,0.535232,-6.2848
1054,0.276816,0.291673,0.537186,-5.1242
1048,0.312831,0.372887,0.670581,-5.0905
777,0.357585,0.426628,0.678556,-5.64857
1130,0.357838,0.408828,0.659311,-5.19313
837,0.132771,0.219412,0.465702,-6.27672
888,0.0150522,0.184185,0.454132,-6.29245
1634,0.214914,0.250044,0.54115,-5.84899
817,0.27365,0.254675,0.508385,-5.59696
1293,0.13344,0.399224,0.538178,-5.77631
1699,0.495932,0.145262,0.628199,-6.02533
1396,0.428282,0.070805,0.508507,-5.80713
702,0.397219,0.0878364,0.641001,-5.03479
1177,0.40144,0.0690845,0.532866,-5.344
1716,0.662174,0.377761,0.766946,-5.71922
657,0.531111,0.0912895,0.702662,-5.57178
1131,0.0491925,0.0428715,0.486326,-5.24174
1459,0.192348,0.0337081,1.49614,-14.7052
476,0.165949,-0.0273316,1.51098,-15.1766
983,0.301222,0.362968,0.553428,-4.81226
965,0.170768,0.0661655,0.459563,-5.47377
656,0.487606,0.193999,0.629921,-5.54795
845,0.472368,0.129691,0.56281,-5.07651
610,0.256505,0.34064,0.541793,-5.62445
1586,0.259694,0.339021,0.666345,-6.13616
1145,0.280113,0.161574,0.55478,-5.98448
1146,0.25849,0.118593,0.493684,-5.47681
1772,0.222111,0.195025,0.602653,-6.13143
946,0.0330256,0.131866,0.488289,-5.32684
1748,0.133011,0.139056,0.496137,-6.05023
1750,0.0851792,0.178592,0.510754,-6.23058
1482,0.293163,0.175899,0.515635,-5.52332
744,0.250815,0.108912,0.516065,-4.87636
1487,0.416041,0.161978,0.56225,-5.69668
1486,0.347723,0.248149,0.538868,-5.59213
604,0.573005,0.116213,0.617226,-5.94026
1775,0.247539,0.0893009,0.484082,-6.10055
844,0.12531,0.273028,0.479558,-5.42196
413,0.504491,0.0814628,0.485981,-4.69536
721,0.0695489,0.248925,0.575769,-4.84569
328,0.143245,0.391611,0.472344,-4.06628
54,0.138246,0.311663,0.353934,-2.82919
1126,0.215488,0.366908,0.595436,-5.85562
482,0.27991,0.361514,0.520322,-5.631
772,0.404797,0.0163795,0.592364,-6.88308
1732,0.415811,0.206847,0.549244,-5.4276
425,0.521875,0.131247,0.652412,-5.35908
1412,0.432331,0.121814,0.631604,-5.14509
1128,0.184701,0.291195,0.572691,-4.93166
1234,0.13699,0.508988,0.546038,-6.45751
735,0.0354249,0.47877,0.66506,-6.34596
1554,0.260672,0.375048,0.530783,-5.82562
1724,0.443041,0.245316,0.666442,-5.87985
617,0.257343,0.306449,0.599838,-5.46906
1811,0.325322,0.216042,0.743269,-5.85189
1804,0.289162,0.554788,0.630026,-5.9302
1189,0.355306,0.205688,0.711955,-4.57405
926,0.482522,0.184338,0.66805,-5.61261
475,0.399545,-0.0677382,0.609028,-6.25991
601,0.27156,0.137184,0.530299,-5.56029
1265,0.603483,0.134374,0.677241,-6.25975
1125,0.338944,0.299517,0.597234,-5.56881
596,0.39939,0.17179,0.529573,-5.40427
402,0.555984,0.1772,0.599052,-5.21542
651,0.503522,0.172405,0.652338,-5.80487
1677,0.483019,0.182688,0.656178,-5.64334
106,0.532883,0.148259,0.83313,-5.7816
1427,0.529365,0.201854,0.586657,-5.59959
1627,0.173087,0.245246,0.56802,-5.74214
882,0.190937,0.232815,0.595578,-5.52335
1657,0.365561,0.371866,0.612354,-5.12855
1706,0.301766,0.224884,0.541121,-5.79128
796,0.574208,0.0580972,0.776983,-5.30389
959,0.649971,0.0379351,0.723264,-5.7895
1490,0.327032,0.304745,0.530595,-5.05328
1129,0.34472,0.402217,0.563572,-6.05031
1485,0.445836,0.319997,0.642272,-4.84273
687,0.444282,0.017393,0.640827,-5.94309
1313,0.454041,0.109239,0.743414,-6.12177
613,0.463776,0.106629,0.734712,-5.21111
1428,0.251847,0.334819,0.447476,-5.18093
626,0.181519,0.562102,0.707005,-6.61807
1779,0.428655,0.540644,0.677859,-5.7078
1229,0.518557,0.226965,0.720123,-5.0561
73,0.522956,0.263299,0.525888,-4.70319
191,0.507931,0.126993,0.782081,-5.91238
450,0.514729,0.146715,0.717534,-5.33049
1561,0.583545,0.144188,0.598668,-5.65267
1034,0.42198,0.107486,0.574757,-5.09173
1199,0.29568,0.181318,0.523134,-4.66495
1684,0.33464,0.265934,0.538311,-5.16228
978,0.219519,0.117388,0.440946,-5.01102
22,0.521588,0.165286,0.579205,-4.84953
1211,0.409569,0.165362,0.505908,-4.87454
1408,0.278371,0.426981,0.797169,-6.04675
1444,0.579264,0.544611,0.788514,-6.04887
594,0.511418,0.601462,0.805056,-5.88043
1070,0.247311,-0.021926,0.439006,-5.97357
1805,0.501606,0.290707,0.626855,-5.51124
1800,0.525117,0.202646,0.596335,-5.3901
829,0.554107,0.186179,0.686638,-6.14723
1038,0.231635,0.469333,0.69528,-5.80039
162,0.590758,0.0751882,0.668825,-5.5367
1525,0.602011,0.252287,0.714888,-5.82837
1526,0.604896,0.220816,0.697486,-5.81279
719,0.275973,0.147332,0.500499,-5.63952
854,0.376132,-0.0354812,0.50732,-6.0289
826,0.167718,0.195284,0.644273,-5.14879
292,0.143945,0.108589,0.272242,-2.77175
715,0.253671,0.203327,0.372525,-3.07131
1513,0.22056,0.222126,0.485122,-6.07974
1723,0.487733,0.199232,0.66315,-5.78462
153,0.642887,0.140096,0.657526,-5.99717
692,0.494328,0.144762,0.582221,-5.67304
1089,0.45853,0.00899655,0.579752,-6.16685
1290,0.334728,0.0329879,0.530229,-5.66938
733,0.364759,0.110334,0.545248,-5.92402
1790,0.224825,0.302774,0.472825,-5.2204
213,0.13378,0.53468,0.555654,-5.37634
754,0.280869,0.341219,0.540897,-4.72065
491,0.0848409,0.481343,0.577472,-6.08592
1777,0.221356,0.17952,0.516712,-5.33104
1170,0.206946,0.110442,0.430864,-5.99303
940,0.236886,0.0425066,0.406987,-6.24292
278,0.314173,0.0347783,0.542658,-4.52995
31,0.0619936,0.0797577,0.365983,-3.89403
820,0.170497,0.0809326,0.474887,-5.85909
682,0.212529,-0.00913196,0.424617,-5.86432
1534,0.193231,0.294084,0.491626,-4.76016
1544,0.238083,0.239432,0.530471,-5.59236
1543,0.252303,0.277598,0.566408,-5.70917
1331,0.267088,0.0707757,0.44847,-6.07104
801,0.444207,0.195399,0.564915,-5.21947
1713,0.528476,0.303248,0.630986,-5.66751
1717,0.586841,0.426035,0.77021,-6.17977
1508,0.566023,0.517207,0.77514,-6.1916
638,0.586926,0.427239,0.741088,-5.90069
24,0.582436,0.122443,0.721367,-5.98981
1478,0.147875,0.11017,0.54263,-6.11042
1611,0.0891406,0.248365,0.525435,-6.07332
1072,0.225613,0.0218971,0.438074,-5.9664
295,0.551756,0.142008,0.716573,-5.77501
1180,0.490912,0.201422,0.577401,-5.60647
1181,0.558242,0.14418,0.612013,-5.55577
1208,0.474419,0.0427773,0.616723,-5.79555
723,0.291062,0.258176,0.566439,-5.57092
1773,0.316126,0.11143,0.506153,-6.19901
725,0.182629,0.142561,0.598391,-5.56729
1774,0.320161,0.0763481,0.479079,-6.01529
188,0.591991,0.232175,0.561441,-4.48774
827,0.162111,0.408264,0.573411,-6.33387
1417,0.167057,0.273644,0.58305,-6.03482
895,0.217341,0.192019,0.586519,-5.43079
149,0.442969,0.154057,0.561804,-4.54838
1242,0.395857,0.0528115,0.559615,-5.95133
1239,0.307993,0.0956522,0.617487,-6.12148
1678,0.520228,0.102021,0.665588,-5.84285
1426,0.374141,0.260397,0.607503,-5.55193
455,0.530842,0.0519359,0.619862,-5.54316
1303,0.550385,0.0861023,0.664416,-5.93826
769,0.248957,0.421005,0.523799,-4.96682
1292,0.329626,0.0425234,0.637067,-5.29261
1571,0.444926,0.260899,0.746981,-5.28885
1375,0.265456,0.161604,0.49316,-4.85107
1735,0.260104,0.308623,0.650951,-4.88715
80,0.47132,0.128699,0.725261,-5.65607
159,0.693199,0.127402,0.707819,-6.24796
887,0.224519,0.312061,0.564631,-4.81288
1523,0.256287,0.276911,0.488025,-5.41931
710,0.241197,0.288623,0.531208,-4.87829
1280,0.259672,0.24867,0.580855,-6.26181
1206,0.204165,0.265278,0.603097,-6.22649
813,0.268963,0.206389,0.589787,-5.56128
1188,0.486006,0.0700482,0.625333,-5.5854
352,0.0643601,0.15602,0.371112,-4.64932
300,0.544865,0.270741,0.626805,-4.46024
1026,0.318649,0.543359,0.687129,-5.70324
994,0.231795,0.499418,0.765554,-5.70329
956,0.58423,0.214833,0.645336,-5.78383
1410,0.325098,0.200804,0.478013,-4.99864
581,0.188726,0.0998221,0.612849,-4.46185
216,0.593115,0.0792946,0.705752,-5.51414
1658,0.168724,0.167526,0.463903,-4.86116
1600,0.316841,0.218359,0.539831,-6.20878
531,0.248666,0.208395,0.401807,-4.85939
1349,0.362084,0.315757,0.617546,-5.89442
336,0.378709,0.351188,0.539708,-4.02243
12,0.273985,0.372229,0.496248,-3.21867
1342,0.324764,0.300782,0.546249,-5.02819
1453,0.382723,0.301046,0.609218,-5.07443
1051,0.44514,0.0818324,0.600897,-5.58901
1532,0.218167,0.0297235,0.465179,-5.18658
1322,0.122968,0.236767,0.42145,-5.42618
1458,0.151076,0.177067,0.359007,-4.81438
322,0.209059,0.350474,0.555898,-4.1517
1409,0.271014,0.415711,0.739284,-5.58023
1,0.238698,0.361831,0.465937,-3.89058
347,0.217502,0.261127,0.383404,-3.35277
1233,0.235345,0.273291,0.539484,-5.27562
607,0.439075,0.0598299,0.601523,-5.51267
505,0.565998,0.141071,0.693749,-5.7849
1721,0.263581,0.223434,0.518251,-5.12945
1812,0.349131,0.232932,0.58556,-4.35578
683,0.487624,0.113548,0.543293,-5.17399
800,0.262681,0.384485,0.510107,-4.17876
224,0.223339,0.209194,0.449238,-4.20874
217,0.213377,0.326657,0.369133,-3.42987
48,0.155104,0.26495,0.189685,-2.52659
1193,0.530408,0.23763,0.683391,-5.44208
708,0.204793,0.0433615,0.430801,-5.04552
1467,0.337911,0.028595,0.621026,-5.68259
1022,0.380729,0.102844,0.549813,-5.53265
548,0.484158,0.158028,0.596541,-5.34739
803,0.172703,0.0400616,0.494488,-5.02339
1583,0.435005,0.0387824,0.570272,-5.94963
1588,0.307615,0.0162229,0.568582,-6.19088
589,0.254079,-0.0726254,0.606929,-5.98505
585,0.47298,0.0880362,0.604657,-5.50958
74,0.281281,0.366623,0.466015,-3.54146
313,0.334014,0.264316,0.626117,-2.95318
1144,0.305678,0.205274,0.486824,-4.69292
1139,0.324526,0.0825874,0.596567,-5.46862
70,0.498259,0.129757,0.722973,-5.44695
647,0.48379,0.0992904,0.607513,-5.78905
1479,0.159633,0.00883987,0.561996,-5.62687
521,0.275561,0.629068,0.639543,-5.99068
992,0.227949,0.392355,0.624938,-5.02747
271,0.618814,0.0796457,0.752247,-5.72316
1618,0.440743,0.206203,0.59583,-5.66822
1067,0.360711,0.066732,0.520466,-5.50646
1120,0.534668,0.117005,0.765036,-6.15682
750,0.178471,0.0983659,0.528105,-5.75396
1253,0.260285,0.248055,0.694917,-5.28534
889,0.333044,0.388254,0.509283,-4.6701
395,0.278676,0.183009,0.45621,-2.65566
699,0.190461,0.268386,0.600821,-4.71175
136,0.0604901,0.530853,0.648708,-6.04647
1318,0.60417,0.131251,0.649867,-5.21697
1052,0.641189,0.174598,0.644901,-5.73534
1592,0.285779,0.271304,0.660164,-5.25217
1594,0.27551,0.208008,0.519489,-4.96082
1323,0.216095,0.467325,0.496784,-5.19127
804,0.31541,0.500818,0.603551,-5.79478
672,0.408529,0.166819,0.626285,-5.75096
673,0.505484,-0.00716768,0.660577,-6.15131
248,0.436465,0.119146,0.551907,-4.46734
667,0.493882,0.0374958,0.612575,-5.80234
879,0.44573,0.0837699,0.567776,-4.96037
494,0.180555,0.3107,0.757605,-4.64663
1418,0.241382,0.251724,0.559255,-5.63883
1419,0.155872,0.253555,0.483791,-5.33755
1501,0.249795,0.19295,0.493208,-5.92689
1121,0.221211,0.202938,0.495983,-5.42473
11,0.272328,0.107608,0.49431,-4.34593
1221,0.183213,0.0581168,0.664093,-4.7889
1668,0.422197,0.131585,0.596829,-5.65167
1655,0.414988,0.0581988,0.630006,-5.61883
736,0.160084,0.290161,0.477351,-5.78356
479,0.338403,0.290655,0.489682,-5.56849
273,0.193044,0.10571,0.480429,-4.74386
277,0.183227,0.233417,0.527095,-4.34059
467,0.166059,0.0416924,0.390589,-3.79736
468,0.135408,0.0363934,0.386899,-3.3127
1558,0.251197,0.250374,0.479075,-4.83728
1708,0.359002,0.293996,0.614861,-5.90228
1367,0.361719,0.248976,0.668662,-5.84079
611,0.271647,0.236752,0.609643,-5.73349
783,0.276497,0.177917,0.494091,-5.64343
168,0.240095,-0.0132525,0.445533,-3.7569
218,0.53104,0.120072,0.583845,-5.27236
173,0.184664,0.00337849,0.459057,-4.97646
1754,0.585839,0.18345,0.677952,-6.1448
536,0.346104,0.273465,0.507071,-5.02625
233,0.193363,0.198454,0.446844,-4.49375
1676,0.331245,0.231883,0.540327,-4.85844
1133,0.144617,0.0892059,0.559958,-4.84361
1455,0.502029,0.0835549,0.578959,-6.06781
948,0.28133,0.122703,0.485736,-5.78153
1783,0.538202,0.152966,0.67853,-5.74578
1793,0.550755,0.215289,0.704605,-5.73438
307,0.258689,0.149431,0.446099,-4.18172
1227,0.22769,0.262946,0.602142,-5.43452
1195,0.441752,0.155866,0.597324,-5.84993
427,0.416916,0.0758165,0.717047,-4.69808
306,0.640686,0.09366,0.681061,-6.09266
305,0.460628,0.113906,0.610626,-5.35724
1186,0.665992,0.187463,0.720016,-6.4061
697,0.272672,0.315234,0.498677,-4.97907
698,0.31353,0.218576,0.511266,-4.44194
184,0.174701,0.3067,0.339872,-4.15467
1393,0.227266,0.3678,0.500494,-5.29494
1392,0.275146,0.362987,0.621023,-5.91971
1108,0.398992,0.444129,0.608172,-5.59012
1109,0.386005,0.3135,0.649066,-5.95676
1596,0.376223,-0.0436932,0.546276,-5.788
763,0.352628,-0.19709,0.695535,-5.62631
630,0.301012,0.273579,0.515088,-4.9213
361,0.145705,0.250492,0.506726,-4.55602
1587,0.286977,0.0135332,0.534129,-6.06243
124,0.452384,0.0669389,0.637953,-5.57437
1606,0.611345,0.0957044,0.640522,-6.05899
1399,0.262898,0.480076,0.645175,-6.12211
857,0.292764,0.556924,0.594419,-6.11558
582,0.212009,0.175042,0.477358,-5.86201
495,0.310087,0.243464,0.557755,-5.09007
665,0.295253,0.210006,0.533463,-5.04958
103,0.149849,0.131506,0.292629,-3.03129
194,0.233492,0.166953,0.496565,-4.4949
1317,0.409823,0.226,0.556845,-5.71563
386,0.5795,0.104209,0.605733,-5.51338
520,0.478833,0.140826,0.693712,-5.73759
1304,0.14319,0.249993,0.50971,-5.73619
1720,0.224622,0.291359,0.515003,-5.73398
957,0.233464,0.142773,0.470102,-5.26106
1520,0.14059,0.284865,0.558329,-5.73686
64,0.0980701,0.121668,0.517316,-4.1603
1549,0.0880949,0.156429,0.484967,-6.49646
480,0.150123,0.160985,0.511897,-6.07263
838,0.145346,0.0893857,0.473524,-6.2543
1437,0.328819,0.26748,0.558476,-5.55456
1042,0.349006,0.337492,0.687143,-5.0737
739,0.400413,0.363225,0.567598,-4.81863
1753,0.628671,0.219961,0.715745,-6.83545
1557,0.299703,0.435824,0.658667,-5.13923
358,0.4528,0.0979771,0.679645,-4.40259
903,0.300675,0.364114,0.625481,-5.99085
1053,0.213631,0.441979,0.596694,-5.88735
1030,0.242352,0.08187,0.504205,-5.89886
448,0.347394,-0.0541725,0.589208,-4.33157
535,0.259813,0.312913,0.545952,-6.11768
161,0.110705,0.0410133,0.322059,-3.99488
266,0.0587821,0.134058,0.3936,-3.64466
1168,0.335592,0.172907,0.484032,-5.64296
100,0.021793,0.215796,0.767556,-3.81552
1719,0.234115,0.270353,0.503196,-5.02412
303,0.0742481,0.185017,0.35221,-3.11151
36,0.0711855,0.184486,0.531172,-3.80824
1510,0.0922138,0.443415,0.543423,-6.25516
1765,0.18638,0.384422,0.63955,-6.32951
802,0.248894,0.284447,0.545676,-5.73951
1115,0.408028,0.0487716,0.584817,-5.34482
1474,0.364613,0.400867,0.5731,-5.75499
333,0.124799,0.0999247,0.432556,-4.12867
1728,0.187469,0.0652497,0.458792,-5.21205
654,0.181812,0.353683,0.541645,-5.48472
483,0.488879,0.092607,0.551547,-5.32546
308,0.522256,0.0888349,0.666229,-5.9069
1402,0.416863,0.171047,0.592563,-5.24422
311,0.569325,0.13993,0.627251,-5.8855
503,0.211779,0.396074,0.584316,-5.62522
1697,0.211935,0.227988,0.488178,-5.69271
756,0.467133,0.146641,0.63543,-5.59289
1092,0.0568266,0.251196,0.463527,-5.32095
660,0.232216,-0.0433001,0.50021,-6.1943
745,0.339574,0.177862,0.488855,-5.0638
1771,0.273213,0.150027,0.455118,-4.80407
1040,0.324029,0.357773,0.594091,-5.4154
1339,0.260027,0.191924,0.537048,-5.29745
976,0.324349,0.205034,0.574625,-5.58361
504,0.361634,0.114217,0.584152,-5.53058
435,0.553532,0.115754,0.634237,-5.24276
806,0.289454,0.360404,0.49121,-5.27435
1056,0.156963,0.519892,0.609354,-6.2104
79,0.337784,0.340264,0.455783,-3.10341
920,0.524903,0.260565,0.665599,-5.56698
1686,0.525805,0.198676,0.683902,-5.70875
1449,0.271269,0.365801,0.668035,-5.36697
1300,0.290414,0.220692,0.5821,-5.75162
1301,0.363213,0.277653,0.587829,-6.05531
1599,0.28006,0.197191,0.5463,-5.91154
1337,0.322593,0.179076,0.556042,-5.76325
1050,0.342833,0.358005,0.661454,-4.8493
918,0.468322,0.176969,0.602896,-5.11461
1387,0.464943,0.251511,0.692692,-5.26421
1044,0.192395,0.245756,0.484692,-4.85703
1551,0.342116,0.234306,0.573304,-5.25601
1341,0.389049,0.319046,0.567427,-4.59406
236,0.271446,0.55788,0.68514,-5.59507
518,0.253822,0.413654,0.628794,-6.30043
969,0.409181,0.188117,0.655538,-5.77275
533,0.459356,0.214126,0.604426,-5.21118
1244,0.31562,0.0248371,0.578196,-6.16456
1027,0.198517,0.506631,0.827714,-6.13303
989,0.330283,0.417421,0.565361,-6.04485
179,0.192158,0.231232,0.310305,-2.6469
525,0.294656,0.479507,0.618997,-5.65416
588,0.427794,0.606864,0.670959,-5.9042
530,0.260317,0.317589,0.514647,-4.57489
1277,0.199195,0.352872,0.644679,-5.71765
1372,0.202044,0.209208,0.612614,-5.81187
902,0.307401,0.285382,0.54243,-6.00343
1602,0.317563,0.295439,0.501198,-4.71678
1679,0.279024,0.247066,0.495574,-4.94657
412,0.146633,0.269249,0.516324,-3.32815
171,0.0710764,0.129795,0.418612,-2.46204
87,0.139203,0.122731,0.472176,-3.76334
208,0.120428,0.564426,0.604492,-5.49993
230,0.0814519,0.127911,0.415122,-4.83131
855,0.227485,0.236986,0.42376,-4.66038
145,0.507106,0.0518906,0.770315,-5.95446
1633,0.341811,0.27206,0.545434,-4.94539
704,0.536648,0.160853,0.712604,-5.85353
258,0.487838,0.142311,0.736802,-6.0239
1452,0.287366,0.346689,0.568209,-4.49141
1085,0.112645,0.219975,0.53818,-6.17253
724,0.510721,0.226697,0.632137,-5.75199
573,0.387839,0.0553786,0.564403,-5.29411
572,0.289402,-0.0453274,0.573013,-6.08585
1236,0.527018,0.13407,0.68429,-6.08162
1613,0.411962,0.395157,0.616715,-5.12747
905,0.546429,0.191866,0.692227,-6.15172
422,0.638889,0.234108,0.639878,-4.86936
1535,0.247592,0.361753,0.642171,-5.38436
1028,0.199144,0.21075,0.547293,-4.57458
913,0.275867,0.163562,0.504197,-4.76152
1148,0.207032,0.0633097,0.390853,-4.96476
264,0.182289,0.0982907,0.547797,-3.60161
75,0.177593,0.212783,0.451885,-3.61041
234,0.12979,0.0685026,0.42629,-4.24278
1646,0.18848,0.0738285,0.689674,-5.83887
671,0.31907,0.284632,0.567464,-5.20217
575,0.257379,0.269778,0.539872,-5.44005
177,0.397713,0.085246,0.531452,-4.48998
565,0.149665,0.162252,0.44659,-6.0739
928,0.0587055,0.145784,0.444821,-6.19847
1043,0.224138,0.295984,0.465822,-4.69842
1249,0.3109,0.310572,0.510876,-5.08243
967,0.439795,0.144377,0.582647,-5.15203
240,0.517493,0.186526,0.658281,-5.62313
1568,0.258017,0.343714,0.575632,-5.01698
1569,0.210713,0.367828,0.587415,-5.98258
858,0.209803,0.616062,0.650176,-6.45854
1219,0.259804,0.451343,0.627508,-6.01327
1316,0.266725,0.476992,0.636471,-6.04429
951,0.312352,0.456567,0.622923,-5.86063
952,0.258225,0.308943,0.679727,-5.55843
1810,0.298656,0.307506,0.618543,-5.88064
1644,0.156434,0.119525,0.501124,-6.05144
78,0.0558885,0.0586692,0.505355,-4.24446
47,0.171623,0.0287397,0.32889,-4.09906
1268,0.324605,0.397523,0.610796,-5.51986
1269,0.273284,0.317869,0.604877,-6.07827
742,0.26625,0.298362,0.562271,-5.38451
1659,0.218577,0.048076,0.591265,-5.93564
1207,0.394862,-0.00291609,0.584136,-5.64908
1610,0.311801,0.292144,0.493623,-5.32187
923,0.284171,0.348216,0.675893,-5.59277
1726,0.235345,0.341143,0.635541,-5.76369
1477,0.323585,0.28999,0.558454,-5.70067
1370,0.469227,0.0803212,0.599387,-5.74656
1165,0.173951,0.11164,0.501384,-5.53338
1183,0.497452,0.190496,0.619707,-5.87217
99,0.571057,0.255361,0.612853,-5.4652
939,0.427999,0.14069,0.61284,-5.74042
1635,0.281804,0.266297,0.479391,-4.33439
1287,0.210738,0.234408,0.610419,-6.21811
1154,0.174952,0.103221,0.589736,-5.84634
1263,0.250969,0.11913,0.51744,-5.68801
1450,0.284467,0.386871,0.69012,-5.97163
1061,0.256617,0.311059,0.562111,-4.86713
86,0.19552,0.334837,0.501353,-4.14963
734,0.394754,0.0858314,0.543929,-5.48321
722,0.483095,0.192986,0.643845,-5.63126
614,0.150439,0.111066,0.45354,-5.74065
864,0.282821,0.259079,0.589856,-6.11908
1736,0.393884,0.515817,0.792209,-6.08864
1503,0.439419,0.611662,0.733183,-6.14985
1060,0.247888,0.404499,0.578635,-5.26945
712,0.304323,0.4194,0.613159,-6.31297
1738,0.386156,0.650602,0.754918,-5.64968
102,0.232798,0.381299,0.523717,-2.84213
1257,0.347927,0.252519,0.549608,-4.90035
547,0.225876,0.0579988,0.443021,-5.81063
1314,0.445168,0.15034,0.824373,-5.40373
1585,0.227411,0.366332,0.554816,-5.40104
215,0.106684,0.252056,0.578497,-5.14355
1500,0.322009,0.326926,0.532971,-5.31458
1651,0.404347,0.0572569,0.633176,-5.12139
147,0.570239,0.105277,0.662092,-5.90098
246,0.036834,0.441835,0.524678,-5.58346
1281,0.222565,0.316022,0.560031,-5.78777
154,0.0419013,0.100768,0.452671,-5.08721
1295,0.274525,0.341973,0.431171,-4.75251
846,0.255455,0.248832,0.487416,-5.23864
1595,0.405833,0.128856,0.553608,-5.61626
1481,0.25038,0.215336,0.531934,-4.83697
1667,0.232214,0.0491692,0.470488,-4.95648
1156,0.213687,0.0355865,0.451241,-5.42472
281,0.151453,0.271004,0.676956,-4.7429
1134,0.228298,0.475996,0.630744,-5.90672
639,0.300699,0.484705,0.619381,-5.63431
72,0.205402,0.256577,0.616521,-2.95235
980,0.468028,0.455795,0.66368,-5.77796
247,0.576599,0.0979848,0.768992,-6.12179
419,0.477858,0.253735,0.61598,-5.22063
274,0.165343,0.486502,0.554461,-5.32561
138,0.550726,0.26241,0.703038,-5.52011
507,0.244834,0.295177,0.43003,-4.40953
1172,0.211125,0.260216,0.608232,-5.25387
1174,0.284966,0.253844,0.507217,-4.91424
917,0.528187,0.49873,0.706298,-5.8342
299,0.60305,0.280611,0.700688,-4.78061
1446,0.320267,0.339357,0.618882,-4.77559
1550,0.39403,0.222277,0.468566,-4.84701
622,0.340147,0.2833,0.61635,-5.41569
1662,0.509546,0.122381,0.654968,-5.22139
1223,0.396151,0.211588,0.662317,-5.07045
898,0.35245,0.379433,0.716805,-5.31379
1638,0.430288,0.11061,0.557207,-5.14388
863,0.099848,0.375187,0.564816,-5.99636
1248,0.345237,0.231879,0.71101,-5.16689
963,0.352542,0.268786,0.683821,-5.76855
925,0.557984,0.143608,0.815069,-5.56271
1492,0.28093,0.473009,0.691573,-5.96796
320,0.0191457,0.0775198,0.432217,-2.75782
1327,0.238793,0.13387,0.425576,-4.97574
843,0.384216,0.550054,0.746253,-6.06956
38,0.375171,0.404582,0.654749,-4.54153
1005,0.435031,0.499807,0.669448,-5.54829
166,0.0598257,0.0367591,0.461336,-2.97977
459,0.570171,0.148069,0.683174,-5.44434
560,0.615551,0.158925,0.670896,-5.56938
910,0.304522,0.294802,0.624654,-4.7867
985,0.295232,-0.0144678,0.564908,-5.18461
666,0.311058,0.334837,0.644598,-4.896
1665,0.216586,0.115657,0.452319,-5.38241
590,0.408646,0.0754606,0.578761,-5.91123
1361,0.390015,0.48059,0.72908,-6.29429
434,0.350706,0.322834,0.546324,-4.34052
1463,0.34047,0.388113,0.668021,-5.61489
765,0.494768,0.142958,0.602033,-5.77539
58,0.141416,0.35845,0.726213,-4.80822
1531,0.247665,0.504677,0.630126,-5.46952
776,0.509013,0.185833,0.60541,-5.099
557,0.476688,0.176453,0.57207,-5.11225
1625,0.345412,0.163403,0.720987,-5.32313
187,0.152459,0.107622,0.45058,-3.44134
1142,0.447252,0.451475,0.69199,-6.0469
1095,0.476273,0.411461,0.658115,-6.11817
20,0.274641,0.122109,0.469826,-4.56692
1256,0.369763,0.345846,0.48884,-4.7151
1271,0.272459,0.271857,0.540016,-5.02251
720,0.407986,0.30067,0.628865,-5.38344
142,0.191105,0.296955,0.485261,-4.06102
1675,0.470352,0.242147,0.598196,-5.17509
848,0.264437,0.223529,0.575055,-5.30974
835,0.332498,0.233628,0.544271,-5.94304
1151,0.253388,0.433752,0.628527,-5.6924
842,0.508323,0.492864,0.70356,-5.66617
1423,0.299674,0.217311,0.570883,-5.58051
1491,0.307169,0.316438,0.568241,-4.72403
988,0.280571,0.292517,0.708837,-5.59034
1259,0.419631,0.0925886,0.654563,-5.67075
811,0.552537,0.176426,0.601112,-5.67465
1460,0.0966883,0.224407,0.670727,-6.31086
909,0.224463,0.211642,0.565278,-4.94486
1645,0.140882,0.125512,0.587283,-5.5789
1660,0.232297,0.0761391,0.619799,-5.23991
431,0.0467562,0.160917,0.714777,-4.3686
818,0.486618,0.24575,0.629993,-5.6915
896,0.425596,0.466841,0.772741,-5.75866
1698,0.189428,0.340213,0.735732,-5.69195
1381,0.356513,0.483306,0.633515,-6.11886
1493,0.244632,0.364032,0.689296,-5.82039
1173,0.290588,0.122779,0.553787,-5.9108
199,0.175767,0.0907633,0.326437,-3.90891
809,0.207463,0.0757073,0.451622,-5.80967
1307,0.25118,0.0626215,0.476616,-5.98382
249,0.134525,0.0947379,0.402808,-4.59091
164,0.0525482,0.141063,0.351869,-4.39367
1231,0.207747,0.181393,0.50487,-5.91741
1366,0.408115,0.160701,0.652962,-5.28857
57,0.136201,0.315213,0.489313,-4.06033
108,0.291729,0.10393,0.383606,-3.33556
701,0.230764,0.276399,0.672729,-5.31557
1744,0.2599,0.191512,0.464189,-5.5796
1194,0.156134,0.150195,0.49021,-6.12893
1461,0.153139,0.288329,0.553332,-6.49417
853,0.332142,0.349024,0.644673,-5.63225
1712,0.561945,0.391925,0.759615,-5.89593
676,0.229243,0.263912,0.708602,-5.3099
1090,0.347525,0.291797,0.541284,-5.33407
1509,0.249753,0.448448,0.561257,-6.30801
1176,0.318756,0.155907,0.570353,-4.96518
1010,0.449497,0.201167,0.578198,-5.90176
870,0.534005,0.266324,0.630293,-5.2061
1087,0.428872,0.0819439,0.677971,-5.96108
203,0.426997,0.0413144,0.617524,-4.69769
349,0.633448,0.136728,0.744265,-6.05759
1538,0.389305,0.334046,0.54837,-5.53864
1369,0.36651,0.0630092,0.535763,-5.53388
648,0.200865,0.12863,0.558861,-5.75703
911,0.214261,-0.057738,0.488381,-4.89995
1398,0.168093,0.196499,0.517332,-5.57812
1415,0.123786,0.318961,0.56965,-6.0517
1546,0.199101,0.318883,0.567236,-5.98089
1548,0.163009,0.316436,0.575559,-5.70845
1547,0.199247,0.2755,0.563447,-5.96564
1696,0.329537,0.240168,0.68003,-4.70507
875,0.503164,0.182742,0.61501,-5.97144
286,0.0386994,0.040853,0.337596,-3.37615
1442,0.345524,0.400547,0.629539,-6.00721
151,0.183693,0.234759,0.560035,-3.60704
1432,0.230438,0.00439171,0.475551,-5.74091
1433,0.210542,0.106003,0.469826,-5.37548
563,0.369238,0.34173,0.588933,-4.80418
1601,0.221624,0.15576,0.713369,-4.9677
411,0.220423,0.1889,0.469764,-3.29385
552,0.310401,0.391562,0.589188,-4.83008
553,0.452556,0.0876511,0.589142,-5.6823
1141,0.323388,0.416429,0.670768,-5.54417
668,0.406378,0.088634,0.461362,-4.98241
1164,0.287491,0.521583,0.556163,-5.98107
1669,0.346503,0.140931,0.575339,-5.65919
294,0.515073,0.136892,0.635637,-5.33832
1752,0.289697,0.235213,0.567013,-5.54363
726,0.207948,0.267167,0.538962,-4.93735
850,0.335046,0.31461,0.617682,-5.4194
289,0.355312,0.224369,0.513745,-4.32028
388,0.50075,0.228372,0.767034,-4.27205
1484,0.31716,0.274216,0.473896,-5.27103
1137,0.437243,0.285114,0.695622,-5.87044
1138,0.567242,0.164333,0.587504,-5.036
200,0.048595,0.0958359,0.357596,-4.85234
524,0.491728,0.206545,0.640891,-5.78146
1019,0.441054,0.443742,0.611644,-6.04656
372,0.5875,0.0971787,0.739583,-5.87557
1573,0.538477,0.0558153,0.6652,-5.63707
1075,0.481907,0.103441,0.521598,-5.03699
886,0.263354,0.0234955,0.533898,-4.98909
163,0.518328,0.179242,0.67803,-5.59365
512,0.441832,0.121028,0.650385,-5.59213
367,0.0820039,0.434214,0.692933,-4.98269
1308,0.253018,0.290497,0.581044,-5.93462
1619,0.468718,0.228527,0.529804,-5.10831
263,0.457841,0.304602,0.581991,-4.99732
1429,0.363751,0.269296,0.510053,-4.75842
420,0.196898,0.403446,0.423334,-3.8174
1616,0.580997,0.251608,0.712214,-5.74164
1094,0.446766,0.107839,0.697879,-5.62794
1047,0.27355,0.33176,0.51604,-4.97825
430,0.221642,0.26779,0.538883,-4.31626
1065,0.241945,0.3818,0.584498,-5.40999
1302,0.348919,0.0328515,0.551191,-5.56404
1803,0.335608,0.481435,0.717065,-5.67134
1447,0.396345,0.347216,0.568481,-4.65132
1190,0.469548,0.148856,0.692475,-5.69805
538,0.448308,0.565763,0.668188,-5.65185
1058,0.309327,0.424231,0.581037,-4.85699
949,0.320203,0.285616,0.515869,-5.14806
1751,0.411655,0.40644,0.593362,-5.22336
423,0.53404,0.0601284,0.705495,-5.54868
242,0.518212,0.123488,0.626876,-5.84774
714,0.494762,0.209913,0.647698,-5.49581
1338,0.0932555,0.155287,0.473495,-5.19003
1718,0.529756,0.398151,0.764751,-6.07378
362,0.444603,0.119388,0.897536,-4.59623
1377,0.176054,0.256255,0.621058,-5.77279
176,0.380135,0.471772,0.554489,-4.67616
583,0.308139,0.266884,0.496972,-4.27524
595,0.336226,0.300267,0.425059,-4.33984
762,0.427223,0.318505,0.557435,-4.82293
41,0.229251,0.072723,0.457469,-4.10332
834,0.273242,0.296499,0.531857,-5.1819
183,0.100687,0.10233,0.498216,-3.83397
1245,0.390907,0.308908,0.634135,-5.0737
1797,0.399996,0.379135,0.656014,-5.90594
1102,0.419768,0.387643,0.677505,-5.51923
484,0.304781,0.153256,0.584364,-4.82459
1530,0.194209,0.552364,0.693281,-6.21042
1620,0.399062,0.0965757,0.609671,-5.49847
178,0.284524,-0.142581,0.481594,-4.57771
229,0.426043,0.015411,0.562136,-4.46299
1469,0.530307,0.258276,0.547928,-5.06099
357,0.580697,0.0967464,0.656056,-5.38363
873,0.449169,0.180458,0.559209,-5.37847
335,0.196949,0.218634,0.526296,-4.60492
202,0.178763,0.147959,0.437276,-4.1404
1378,0.366688,0.0264484,0.581556,-4.95444
856,0.186318,0.0986773,0.580682,-6.16231
1100,0.0834803,0.446189,0.57249,-5.76598
1099,0.224458,0.384002,0.603585,-5.91362
938,0.377878,0.340252,0.618175,-5.61041
851,0.441055,0.209713,0.624229,-4.63974
1710,0.149179,0.340819,0.51815,-6.25542
1565,0.369358,0.177318,0.588036,-5.29392
1559,0.498831,0.179584,0.61256,-5.6158
716,0.251995,0.380819,0.54121,-5.00701
1494,0.283172,0.455772,0.656163,-5.72395
97,0.292197,0.0908383,0.413645,-4.70213
260,0.0661659,0.311967,0.380451,-2.77533
235,0.487668,0.162741,0.568864,-4.6544
325,0.283613,0.116848,0.469423,-4.28651
642,0.292401,0.145444,0.470402,-5.83028
366,0.405763,0.150588,0.502289,-5.31757
461,0.641127,0.0825958,0.743233,-6.04655
1147,0.563464,0.113015,0.592656,-5.24564
76,0.196709,0.210853,0.443312,-2.88142
125,0.160745,0.471055,0.787287,-4.78655
1400,0.408614,0.252274,0.553803,-5.70864
1020,0.037213,0.183347,0.484929,-5.19939
1119,0.0738244,0.148891,0.521045,-4.88197
1218,0.263474,0.305,0.476542,-4.9023
1324,0.515126,0.337247,0.677965,-5.44662
1008,0.285607,0.2157,0.565324,-5.07951
109,0.155943,0.187792,0.364967,-3.3831
314,0.222285,0.399917,0.476191,-4.18869
689,0.448822,0.15609,0.726472,-5.37098
636,0.37856,0.344529,0.676165,-5.52446
1091,0.314587,0.374341,0.649579,-5.31512
1650,0.447424,0.0463576,0.553207,-5.85475
356,0.473995,0.0562049,0.678631,-4.83016
751,0.31398,0.164139,0.617858,-5.01854
497,0.267054,0.248707,0.502494,-4.78091
546,0.456045,0.238334,0.626178,-5.40119
635,0.472105,0.482714,0.634356,-4.95917
633,0.448315,0.0693696,0.58342,-5.70954
1153,0.208961,0.558114,0.692002,-5.79893
670,0.270904,0.370577,0.649058,-5.97523
237,0.135756,0.205492,0.475764,-2.45495
970,0.437993,0.167778,0.592901,-5.12213
406,0.608971,0.162815,0.667201,-5.41591
1003,0.399443,0.449357,0.648071,-5.45878
1113,0.511731,0.364401,0.679152,-5.3822
339,0.475056,0.507466,0.649012,-4.45028
1476,0.351809,0.258464,0.51425,-4.62757
489,0.529487,0.243456,0.654829,-5.74353
705,0.247534,0.217478,0.546693,-5.32471
691,0.142954,0.0576478,0.513447,-6.00523
810,0.468162,0.164602,0.643183,-5.80018
1451,0.342905,0.360861,0.648156,-5.07707
836,0.344956,0.211924,0.545847,-5.7037
1628,0.258933,0.393715,0.57427,-4.84645
1336,0.355642,0.270812,0.594719,-5.3753
85,0.640291,0.158508,0.720146,-6.02157
403,0.54309,0.0883038,0.654982,-5.40119
1584,0.440563,0.011224,0.544795,-5.6069
341,0.597401,0.14061,0.647468,-5.43138
84,0.644087,0.139111,0.646277,-5.98887
993,0.469904,0.271091,0.58644,-5.27808
1572,0.353013,0.238286,0.593452,-5.07819
1096,0.427809,0.4819,0.68747,-5.81484
88,0.138047,0.101525,0.5131,-3.23851
1597,0.364239,0.165012,0.56082,-4.90175
94,0.113118,0.342127,0.764302,-3.86895
629,0.423687,0.377897,0.629112,-4.79781
550,0.563833,0.0767667,0.673835,-5.68549
13,0.326022,0.358856,0.55152,-3.95271
232,0.229867,0.314832,0.778313,-4.65699
319,0.088477,0.133979,0.357387,-3.76271
619,0.629845,0.141188,0.677673,-5.47535
558,0.488132,0.0605246,0.75177,-5.57438
1730,0.250552,0.393951,0.529612,-4.90453
250,0.124708,0.259829,0.499997,-5.02928
597,0.0424055,0.102235,0.401918,-5.75217
1424,0.231281,0.277775,0.481149,-4.67718
740,0.320135,0.235088,0.542717,-4.74643
1758,0.301374,0.204197,0.643138,-6.01951
1383,0.337218,0.417401,0.627002,-5.52104
1799,0.461926,0.172389,0.573153,-5.47625
464,0.191985,0.328313,0.492331,-3.85673
131,0.214492,0.317225,0.478309,-3.25005
1416,0.159685,0.277917,0.52563,-5.3958
454,0.39483,0.391448,0.54248,-3.2489
276,0.184789,0.165094,0.329046,-3.76603
738,0.401812,-0.116304,0.554511,-5.56404
1470,0.437292,0.348085,0.61126,-5.03304
1288,0.178676,0.318745,0.603985,-5.05171
1014,0.14188,0.300171,0.566374,-6.11849
894,0.13113,0.143623,0.448687,-5.46851
29,0.437649,0.156509,0.54932,-4.43077
770,0.485735,0.293958,0.574984,-5.081
1114,0.380886,0.253121,0.575938,-5.09531
261,0.394537,0.473834,0.67264,-5.07126
209,0.498785,0.586554,0.889298,-5.22653
458,0.532223,0.124455,0.632419,-5.42471
127,0.492732,0.129653,0.695462,-5.62548
323,0.108104,0.222234,0.369406,-3.95448
324,0.146961,0.135399,0.386955,-3.37748
175,0.0230884,0.124227,0.419975,-2.95381
675,0.317397,0.319842,0.563166,-4.8732
465,0.226971,0.204743,0.533088,-4.06781
1617,0.414803,0.226155,0.752765,-5.55922
974,0.488997,0.246921,0.739307,-6.17527
1448,0.309749,0.393509,0.607444,-4.6981
287,0.352009,0.368751,0.516938,-3.92227
747,0.365242,0.347754,0.593373,-4.71997
470,0.278872,0.345475,1.58,-8.88826
478,0.295152,0.315415,1.38256,-7.61616
694,0.319721,0.277986,0.53554,-5.16474
443,0.0699507,0.275899,0.658352,-4.22363
1201,0.377115,0.350817,0.513522,-5.05456
1310,0.396203,0.100138,0.529991,-4.83032
1175,0.345078,0.332515,0.594609,-5.10123
972,0.468208,0.0514351,0.570075,-5.08287
1725,0.167327,0.344566,0.465445,-4.93711
819,0.544537,0.274045,0.64636,-5.60716
214,0.182672,0.282977,0.447723,-4.35621
53,0.233875,0.26215,0.377858,-3.13192
1436,0.431632,0.129398,0.641677,-5.82837
1766,0.338735,0.100587,0.587816,-5.36145
1545,0.348872,0.18754,0.583656,-5.064
1073,0.309092,0.272212,0.662122,-4.6723
529,0.517719,0.200495,0.773787,-5.20924
1747,0.439513,0.130652,0.615421,-5.10432
515,0.546744,0.10986,0.653621,-5.65088
1373,0.441903,0.104504,0.645351,-5.37843
330,0.420448,0.101545,0.533928,-4.02467
605,0.313141,0.335064,0.54964,-4.83798
1649,0.502851,0.221828,0.669156,-5.50814
711,0.246923,0.524283,0.567149,-5.13631
30,0.134392,0.181993,0.44828,-3.61562
1041,0.305779,0.227449,0.571544,-5.70459
799,0.227677,0.276802,0.567997,-4.81921
355,0.549104,0.317859,0.681629,-4.8282
290,0.546238,0.538428,0.700352,-4.14756
158,0.352028,0.459641,0.927489,-3.7979
1270,0.296408,0.295858,0.515963,-4.72064
262,0.379588,0.232592,0.504276,-4.41352
1123,0.377618,0.270824,0.467819,-4.74205
1214,0.348179,0.056622,0.549898,-5.17497
120,0.579807,0.296339,0.619396,-4.41847
1687,0.515114,0.0987281,0.762137,-5.29179
115,0.141729,0.392172,0.459781,-4.54046
42,0.456386,0.0814436,0.618902,-4.55986
1680,0.342981,0.164501,0.499225,-4.85322
1537,0.145555,0.365814,0.559645,-4.99092
964,0.390856,0.174745,0.540855,-4.6419
198,0.39654,0.0805987,0.505898,-4.67089
746,0.349109,0.319595,0.605908,-5.61311
537,0.372924,0.350698,0.580691,-4.70766
1759,0.282103,0.159989,0.611772,-5.68206
1694,0.238396,0.260035,0.761017,-5.11242
193,0.263321,0.170209,0.325825,-3.07967
4,0.336127,0.0184661,0.612068,-4.47498
180,0.222208,0.253621,0.294435,-2.78591
713,0.552927,0.189562,0.701463,-5.52829
625,0.24931,0.376463,0.530425,-5.38217
383,0.235228,0.58921,0.668712,-5.47445
1260,0.372218,0.115471,0.692972,-5.67267
637,0.476198,0.203775,0.659632,-5.07664
1335,0.245044,0.438461,0.52664,-5.42995
197,0.119549,0.313195,0.322279,-3.89434
231,0.102284,0.159706,0.381707,-3.35852
14,0.276375,-0.00917612,0.645109,-4.40549
150,0.056665,0.517823,0.614751,-5.17879
415,0.534702,0.125562,0.670844,-5.29926
1297,0.384217,0.352082,0.6306,-4.92205
1362,0.351287,0.463497,0.705251,-6.01772
579,0.426359,0.102455,0.80673,-5.4853
1454,0.444773,0.283921,0.718909,-4.74216
117,0.552262,0.202986,0.674679,-5.66476
695,0.395309,0.150213,0.4955,-4.95531
61,0.0694207,0.0932743,0.369826,-3.83903
1289,0.235064,0.317116,0.674961,-5.39155
28,0.156374,0.20926,0.467447,-4.47178
210,0.164237,0.349431,0.418632,-3.82579
212,0.126998,0.274341,0.322064,-2.89397
10,0.194897,0.17321,0.292572,-2.91421
26,-0.0884324,0.0467436,0.492875,-3.22718
1059,0.253513,0.29358,0.674639,-5.27261
944,0.130061,0.320381,0.508791,-5.07395
15,0.156577,0.0803852,0.360504,-4.05232
155,0.208955,0.0644178,0.358192,-4.35178
143,0.168299,0.0828744,0.470872,-5.01651
1077,0.375059,-0.124248,0.56979,-6.10816
296,0.453166,0.202012,0.539764,-4.25418
167,0.165392,0.0275295,0.317076,-3.72441
1083,0.376087,0.0545045,0.499452,-5.20266
1220,0.217347,0.41737,0.493829,-5.26962
681,0.520242,0.1137,0.579526,-5.16894
643,0.322578,0.369348,0.460364,-4.82724
418,0.167529,0.222306,0.280076,-3.04149
326,0.102122,-0.0345916,0.372317,-4.82927
96,0.0871243,0.119876,0.327356,-3.893
2,0.236264,0.200588,0.62736,-3.63256
1515,0.369694,0.311999,0.626749,-5.54592
329,0.268321,0.179188,0.528614,-4.11499
1514,0.395924,0.328181,0.624326,-5.28823
82,0.385683,0.118818,0.73897,-4.52173
378,0.391605,0.0915661,0.506293,-4.47002
584,0.331237,0.231441,0.546358,-5.20844
1002,0.229078,0.324248,0.621707,-5.26442
33,0.218337,0.173339,0.401305,-2.96991
598,0.320467,0.199454,0.634241,-4.8142
380,0.13629,0.180843,0.249611,-2.67334
379,0.112716,0.15159,0.488979,-3.15589
67,0.257198,0.277741,0.408878,-3.12839
128,0.302681,-0.0370532,0.577342,-4.94266
428,0.100843,0.155364,0.324977,-4.61927
133,0.32721,0.308328,0.593073,-3.57649
1808,0.281512,0.479355,0.635147,-5.69908
302,0.361419,-0.00945781,0.802126,-4.41051
768,0.34911,0.339835,0.535634,-4.67313
1182,0.450568,0.171657,0.593304,-5.64417
789,0.444319,0.186375,0.571666,-5.83051
1246,0.325063,0.0537642,0.483278,-5.08515
152,0.0550313,0.243074,0.575739,-3.47398
797,0.263692,0.266677,0.451987,-4.47728
562,0.413607,0.199954,0.634258,-5.0163
1519,0.14059,0.188762,0.45236,-4.94168
457,0.130167,0.157001,0.449182,-3.71625
268,0.1091,0.177952,0.578532,-4.17415
32,0.104953,0.0743948,0.440012,-3.70762
81,0.451249,0.53457,0.584157,-4.55216
947,0.378106,0.247057,0.549727,-5.20246
34,0.247531,0.197944,0.505815,-2.71797
1648,0.390697,0.131703,0.456518,-5.72291
139,0.168909,0.196116,0.382438,-3.23286
283,-0.0131548,0.0232182,0.31995,-2.59782
998,0.0495126,0.126394,0.452474,-6.10209
912,0.374665,0.175266,0.651895,-5.24715
1309,0.204951,-0.0184642,0.441656,-5.18123
1250,0.298427,0.171158,0.443164,-4.58918
252,0.539569,0.0550838,0.639693,-5.02645
942,0.32428,0.470318,0.556339,-5.04472
1213,0.384154,0.206684,0.472188,-5.29974
890,0.274322,0.261988,0.594734,-5.77699
244,0.328686,0.339019,0.649838,-3.43971
37,0.245482,0.189081,0.458095,-3.45197
254,0.140907,0.18625,0.371146,-4.20395
1011,0.264284,0.271566,0.567628,-4.80555
409,0.393359,0.519045,0.584624,-4.70109
394,0.44056,0.360099,0.599051,-4.55858
1495,0.165635,0.167903,0.632494,-4.77615
51,0.290809,0.172295,0.767882,-4.50032
729,0.361724,0.285587,0.620151,-4.94521
693,0.34511,0.261974,0.530467,-4.87551
156,0.243454,0.294872,0.596096,-3.16509
327,0.264783,-0.0261542,0.668483,-4.17758
5,0.121621,0.311551,0.560621,-4.69369
566,0.18994,0.197047,0.647834,-4.97236
312,0.356335,0.402081,0.506652,-3.28874
463,0.217474,0.430063,0.573336,-4.43838
221,0.150319,0.121955,0.312854,-3.33088
375,0.0500551,0.0395047,0.446219,-3.91154
93,0.0790239,0.16882,0.438673,-2.56739
1185,0.342307,0.226575,0.504659,-4.65639
118,0.486056,0.141136,0.695293,-5.02544
447,0.515677,0.152389,0.518525,-5.23935
7,0.120565,-0.0155443,0.546181,-4.20219
23,0.17228,0.0767168,0.434188,-3.39512
432,0.299345,0.149895,0.482118,-4.64776
1055,0.320132,0.249902,0.524835,-4.76357
696,0.244716,0.219438,0.517684,-4.79467
1247,0.40933,0.110193,0.437382,-4.40045
201,0.192616,0.252403,0.569017,-4.70056
95,0.227333,0.157861,0.381947,-2.60786
440,0.194182,0.241257,0.498772,-3.2419
181,0.147938,0.14789,0.25126,-2.54992
71,0.518099,0.0718735,0.556615,-4.61521
1081,0.340843,0.244534,0.578805,-4.88388
1711,0.0518027,0.321858,0.461066,-5.1895
174,0.192293,0.387266,0.48544,-4.45058
25,0.216874,0.0781645,0.427266,-4.02048
1238,0.317396,0.367064,0.546729,-4.83323
353,0.352533,0.00963917,0.493891,-3.97155
285,0.377838,0.224778,0.508447,-3.75131
384,0.180483,0.330765,0.411585,-3.38635
1798,0.37386,0.29389,0.566162,-5.40723
334,0.140024,0.020507,0.389947,-2.97202
45,0.281201,0.130114,0.380122,-3.53622
1252,0.267233,0.252489,0.602523,-5.16845
196,0.113066,0.39639,0.372536,-4.12226
68,0.0197962,0.0884597,0.381592,-3.9843
486,0.305234,0.238245,0.620342,-4.58567
1733,0.228857,0.383744,0.549977,-5.10542
16,0.35576,0.414496,0.735513,-3.77675
52,0.241703,0.262014,0.404886,-3.6601
442,0.331328,0.192613,0.398802,-3.06359
227,0.50973,0.187885,0.661131,-5.50475
291,0.511521,0.0983384,0.627611,-4.27882
757,0.319448,0.236345,0.480185,-4.2823
393,0.392228,0.36464,0.62467,-3.61678
396,0.335186,0.22586,0.39654,-2.96726
1556,0.230045,0.448361,0.521466,-5.23554
222,0.171467,0.0810621,0.228843,-2.30105
293,0.182988,0.124502,0.307553,-1.78606
255,0.209558,0.259971,0.376756,-3.54141
1306,0.269966,0.181002,0.499372,-5.69257
284,0.300964,0.379759,0.779482,-4.71398
318,0.173214,0.283483,0.341603,-3.29765
126,0.444274,0.11913,0.515597,-3.92946
354,0.13491,0.436651,0.513044,-3.98181
1689,0.0972203,0.18282,0.492581,-5.53016
398,0.187118,0.14541,0.469497,-3.80992
399,0.171495,0.115721,0.32915,-2.7049
130,0.366217,0.0341397,0.480923,-4.48169
185,0.245473,0.0519678,0.361686,-3.6597
417,0.104403,0.356581,0.38673,-3.64292
576,0.35946,0.0819583,0.578886,-4.96512
317,0.124527,0.130153,0.455728,-2.82387
56,0.206526,0.273173,0.376474,-3.13829
441,0.371912,0.288045,0.432919,-3.43962
429,0.221457,0.393084,0.519781,-3.37739
1330,0.413459,0.117412,0.539043,-4.78432
469,0.430479,0.289677,1.64607,-9.03663
477,0.377896,0.230072,1.34906,-7.62743
253,0.392939,0.219877,0.533774,-4.34421
717,0.22577,0.279709,0.551448,-4.86017
135,0.111445,0.172325,0.298336,-2.89374
265,0.153062,0.155939,0.381175,-2.34598
49,0.170722,0.126052,0.52564,-3.67376
275,0.331024,0.122824,0.40605,-3.19321
69,0.218915,0.423662,0.52447,-4.26503
1792,0.269916,0.296565,0.643811,-4.95375
107,0.683583,0.290122,0.756765,-4.9518
21,0.297222,0.263986,0.428148,-3.55369
186,0.0638927,0.0646996,0.510175,-3.04105
104,0.0819639,0.0711377,0.554735,-2.57854
523,0.469892,0.106228,0.561319,-5.22747
600,0.26467,0.171929,0.427485,-4.95654
122,0.219273,0.290744,0.382355,-3.29458
172,0.201172,0.337361,0.49449,-3.76557
1562,0.278474,0.343897,0.530848,-5.11891
385,0.129755,0.343001,0.553641,-3.68208
541,0.350649,0.258997,0.62811,-5.09416
453,0.311881,0.377409,0.526398,-3.2014
1312,0.655614,0.384982,0.678971,-5.17698
1598,0.300331,0.314117,0.571843,-4.77964
421,0.0945001,0.322991,0.4598,-2.79784
77,0.189277,0.194864,0.337124,-2.33059
119,0.558686,0.261339,0.71564,-4.88848
522,0.200843,0.0563492,0.415416,-5.39367
1411,0.408204,0.124397,0.640802,-5.20828
825,0.239766,0.286875,0.530356,-4.64848
223,0.28693,0.307072,0.428493,-3.07735
389,0.0970207,0.0362295,0.190593,-2.67023
134,0.00437637,0.0716155,0.318229,-2.80832
1394,0.355035,0.292695,0.693796,-4.85326
59,0.252866,0.301833,0.346423,-3.04031
410,0.330203,0.0662914,0.683682,-4.53065
62,0.0682176,0.0720904,0.239834,-2.71623
321,0.350771,0.403298,0.568587,-3.60417
373,0.218066,0.249136,0.262611,-2.59891
288,0.316392,0.22875,0.454266,-3.35494
391,0.213455,0.127475,0.453056,-2.34045
3,0.193188,0.344767,0.635236,-3.74995
44,0.291192,0.213834,0.315347,-2.96198
132,0.102108,0.250436,0.427929,-3.80792
111,0.496364,0.0781904,0.574561,-4.8761
348,0.131741,0.163493,0.526642,-2.8047
206,0.0709847,0.0250167,0.402532,-4.41563
204,0.27057,0.251033,0.477593,-3.92872
92,0.0866296,0.2313,0.530994,-2.98483
105,0.0292129,0.127679,0.513326,-3.72923
9,0.0160104,0.0700729,0.38663,-2.60602
89,0.0635352,0.173518,0.628657,-3.66709
397,0.304236,0.246064,0.314654,-2.60136
390,0.209242,0.232312,0.332772,-2.86846
98,0.270929,0.147183,0.236606,-2.47721
376,0.152086,0.335212,0.44435,-3.88692
55,0.160502,0.149732,0.350543,-2.9964
205,0.184786,0.209215,0.399446,-3.02382
316,0.196232,0.175449,0.489226,-3.79164
91,0.0970983,0.224875,0.380345,-2.94222
90,0.114423,0.336024,0.457729,-3.61152
170,0.15194,0.114189,0.504321,-2.94706
116,0.164882,0.205023,0.368585,-2.99912

