1516,-0.0979143,-0.311904,2.8682,-4.04999
1518,-0.103877,-0.29856,2.94567,-4.11811
1768,-0.279721,-0.183779,2.80979,-4.0572
1517,-0.0872758,-0.232263,2.64971,-3.75335
937,-0.164068,-0.343176,3.08618,-4.41852
1813,-0.528886,-0.134513,3.45314,-5.34834
643,-0.391705,-0.0976253,2.47976,-3.58705
694,-0.372846,-0.0486877,2.51259,-3.64199
850,-0.427523,0.00404205,2.70433,-3.8406
1734,-0.432509,-0.0101148,3.23629,-4.47137
1729,-0.389453,-0.0315682,3.24009,-4.52052
1404,-0.581866,0.188189,3.16109,-4.50744
1533,-0.426678,0.0185548,3.03865,-4.352
1742,-0.523174,0.113984,3.11856,-4.74018
1000,-0.648995,0.138337,3.26458,-4.62422
503,-0.557199,0.235325,3.19579,-4.60288
944,-0.4588,0.252849,2.94916,-4.21723
1637,-0.11216,-0.249805,3.20522,-4.61205
1796,-0.469435,-0.27464,3.14589,-4.5659
1077,-0.41438,-0.321906,2.94005,-4.41561
1110,-0.222292,-0.294109,2.93456,-4.22721
1111,-0.224582,-0.38663,3.35446,-4.81732
713,-0.536647,-0.119247,2.98621,-4.40322
1573,-0.627533,-0.150559,2.94398,-4.34946
1421,-0.357732,-0.161367,2.58448,-3.81399
1465,-0.138562,-0.540595,3.34566,-5.01899
660,-0.152135,-0.335349,3.3572,-4.61832
1282,-0.308003,-0.0789236,2.70555,-3.85472
1283,-0.23604,-0.162863,2.38427,-3.3485
849,-0.557458,0.134262,2.76635,-3.9446
1769,-1.03535,-0.139635,6.48955,-10.3045
474,-0.928478,-0.160421,6.87332,-10.7808
492,-0.703312,-0.211218,3.01401,-4.58496
1032,-0.164429,-0.462881,3.06958,-4.4966
1033,-0.178476,-0.337593,2.91823,-4.1992
1030,-0.194275,-0.37085,2.88027,-4.21228
1029,-0.21857,-0.304478,2.93052,-4.19692
1630,-0.4515,-0.234441,2.93279,-4.29913
1787,-0.752561,-0.281555,3.88997,-5.74997
1082,-0.676663,-0.274495,2.97017,-4.61825
1136,-0.612398,0.239653,3.55144,-5.0046
1327,-0.412887,-0.0040239,2.57758,-3.83286
1528,-0.403229,-0.178296,3.02563,-4.22695
1529,-0.423159,-0.231309,3.15016,-4.51357
669,-0.435725,-0.135351,3.06846,-4.2927
498,-0.360376,-0.080516,3.13297,-4.28478
1532,-0.306029,-0.197428,2.70443,-3.9312
854,-0.416836,-0.294291,2.96872,-4.32624
1343,-0.475016,-0.219791,3.02035,-4.41105
551,-0.470604,-0.312361,2.96598,-4.45783
803,-0.315366,-0.207062,2.79167,-4.0291
589,-0.381609,-0.333576,3.10084,-4.51363
1587,-0.344448,-0.349038,3.13181,-4.51009
1588,-0.384844,-0.376723,3.20917,-4.60835
667,-0.582248,-0.296379,3.169,-4.68488
879,-0.519375,-0.173827,2.72018,-4.01034
148,-0.60127,-0.191109,3.08598,-4.594
959,-0.542039,-0.199165,2.93615,-4.35406
939,-0.38994,-0.311345,3.12418,-4.59117
1067,-0.51474,-0.00980149,2.96083,-4.3384
553,-0.575907,-0.193544,3.04652,-4.51422
220,-0.647799,-0.251217,3.06007,-4.62837
936,-0.632008,-0.218983,2.61444,-3.95877
219,-0.6169,-0.214993,3.05302,-4.70052
1068,-0.564046,-0.166691,3.19815,-4.77076
626,-0.244376,0.178498,3.77206,-5.0514
1312,-0.307386,-0.323723,2.73764,-3.91958
1681,-0.233723,-0.425132,3.30159,-4.65671
1311,-0.183901,-0.400561,3.34395,-4.68467
1714,-0.301941,-0.437691,3.33763,-4.736
1715,-0.280779,-0.43169,3.50299,-4.96314
1468,-0.569817,-0.380982,2.91032,-4.39551
188,-0.560992,-0.265889,2.29077,-3.52735
1469,-0.414118,-0.30247,2.59939,-3.93857
1622,-0.524205,-0.0732833,2.95803,-4.29611
1623,-0.592185,0.0122615,2.96848,-4.28962
903,-0.318296,-0.285331,3.17673,-4.57885
1134,-0.334315,-0.162794,3.26607,-4.59412
1135,-0.252857,-0.145127,3.08696,-4.32096
1804,-0.246179,-0.149613,3.18191,-4.45713
847,-0.2163,-0.137257,3.17416,-4.41717
1776,-0.418011,0.0210355,3.27054,-4.67623
1777,-0.471621,0.154857,2.96189,-4.24977
108,-0.371846,0.0168205,1.75991,-2.73195
390,-0.278119,0.0529094,1.21976,-1.82161
391,-0.187632,0.0917153,1.14905,-1.62332
1489,-0.524738,0.0669116,2.86892,-4.03487
1258,-0.399687,0.0708111,2.56572,-3.70434
1257,-0.391494,0.0173111,2.76634,-4.07432
1495,-0.377304,0.0427568,2.60107,-3.77991
1238,-0.481644,0.00964588,2.53063,-3.7246
1746,-0.780811,-0.305037,3.63306,-5.58825
1205,-0.589154,-0.342751,3.06291,-4.70012
679,-0.415959,-0.356418,2.95904,-4.56073
1036,-0.405685,-0.294319,3.04263,-4.55765
1687,-0.594248,-0.233882,2.63312,-3.97339
84,-0.700519,-0.322883,2.97236,-4.50347
403,-0.563817,-0.221518,2.68134,-4.09427
1052,-0.61404,-0.261521,2.92945,-4.3999
666,-0.395021,-0.0651689,2.53019,-3.80237
1670,-0.544305,-0.209692,2.98339,-4.60094
543,-0.455813,0.109974,3.07624,-4.27599
884,-0.322881,0.0673936,3.43123,-4.89801
1237,-0.478477,-0.234788,2.99159,-4.52313
226,-0.495364,-0.22338,2.76182,-4.17532
1615,-0.473066,-0.19302,2.97847,-4.32403
1609,-0.147495,-0.0463767,3.10847,-4.30495
1608,-0.214796,-0.0272787,3.3238,-4.53475
1102,-0.451016,-0.0970456,2.88232,-4.08191
1778,-0.259138,-0.0662177,3.15199,-4.29909
753,-0.432468,-0.0985874,3.38316,-4.70056
1456,-0.197356,-0.12743,3.17913,-4.44625
277,-0.175388,-0.0149026,2.57925,-3.84701
276,-0.288681,-0.0599177,1.85767,-2.96683
1307,-0.317522,-0.0766523,3.23618,-4.7578
1701,-0.412509,-0.194077,3.31312,-4.58664
1700,-0.529802,-0.149276,2.93517,-4.18524
951,-0.204165,-0.195395,3.23218,-4.50995
1450,-0.172328,-0.155435,3.32422,-4.59366
1426,-0.460697,-0.174652,2.92901,-4.19357
816,-0.641217,0.179253,3.17958,-4.46871
877,-0.551954,-0.00942119,2.79344,-3.99452
955,-0.45769,-0.207544,2.62403,-3.91231
862,-0.737822,-0.124089,3.1913,-4.74896
153,-0.624086,-0.284296,2.96235,-4.556
1318,-0.570517,-0.271976,2.65826,-4.11421
568,-0.683518,-0.192055,3.07409,-4.67748
1112,-0.474385,-0.0109186,2.82297,-4.03623
1338,-0.841054,0.0887331,2.83674,-4.44191
418,-0.294672,0.241757,1.76886,-2.78401
1640,-0.65923,0.228731,3.46831,-4.803
1639,-0.628772,0.296753,3.55272,-4.90939
535,-0.515609,0.315299,3.3317,-4.50977
1641,-0.615747,0.260068,3.51332,-4.82058
491,-0.5682,0.195185,3.36314,-4.72965
1658,-0.507764,0.0155479,2.5293,-3.79833
777,-0.327319,-0.00486184,2.71727,-3.80707
1319,-0.073651,-0.356923,3.16677,-4.48962
718,-0.113192,-0.335842,3.06936,-4.34818
1320,-0.20145,-0.373572,3.23643,-4.67452
741,-0.0523359,-0.419448,3.23694,-4.61344
1682,-0.198297,-0.380813,3.42603,-4.83893
684,-0.0621145,-0.412125,2.79094,-3.98153
1188,-0.477078,-0.248255,3.03398,-4.46906
458,-0.578047,-0.232003,2.803,-4.25667
243,-0.578014,-0.242643,2.99293,-4.53934
1767,-0.465592,-0.543098,3.71175,-5.46143
774,-0.44099,-0.386877,3.47239,-5.09013
772,-0.445669,-0.472089,3.54891,-5.21296
1649,-0.579816,-0.201839,2.67858,-4.11099
1457,-0.755612,-0.151942,3.46175,-5.05854
1273,-0.222858,-0.103949,3.37641,-4.58308
942,-0.36295,-0.00600003,2.77702,-3.89636
908,-0.491537,-0.0139557,2.64231,-3.81898
1294,-0.476362,-0.00797213,2.86244,-4.036
290,-0.438686,0.0440355,1.97375,-3.1001
1329,-0.735154,0.125336,3.47079,-4.97338
1508,-0.749611,0.056272,3.44977,-4.90152
339,-0.64193,0.0914925,2.69521,-3.93135
1607,-0.210501,-0.0511747,3.43437,-4.71261
624,-0.656661,-0.297047,3.23689,-4.814
1484,-0.450382,0.00682589,2.69546,-3.94153
26,-0.198209,-0.0636484,1.54613,-2.3591
999,-0.262277,-0.245659,3.4009,-4.7136
565,-0.288869,-0.197211,3.10035,-4.3127
928,-0.223646,-0.336201,3.25798,-4.57457
1194,-0.216106,-0.287051,3.29022,-4.64835
1686,-0.560352,-0.239061,3.00498,-4.52161
461,-0.594045,-0.178086,3.09376,-4.75171
1066,-0.634345,0.0677572,3.21828,-4.61368
766,-0.65493,0.200461,3.24631,-4.54006
760,-0.694107,0.271077,3.27937,-4.5785
1795,-0.428898,-0.252767,2.97016,-4.37905
953,-0.135228,-0.249427,3.41077,-4.76223
1474,-0.399476,-0.165591,3.11606,-4.4852
705,-0.324054,-0.154819,2.74436,-4.02796
538,-0.347118,-0.148562,2.96556,-4.27277
1568,-0.400773,-0.0967616,2.93658,-4.19037
1295,-0.385525,-0.0555101,2.6119,-3.82986
846,-0.435769,-0.021857,2.72865,-3.96899
236,-0.327387,0.158915,2.95132,-4.18045
402,-0.654212,-0.174789,2.85364,-4.39623
596,-0.581879,-0.0816886,3.03297,-4.43079
261,-0.169605,-0.127278,2.23157,-3.14687
1345,-0.289989,-0.122682,3.14029,-4.36223
1054,-0.397279,0.0192767,2.84515,-4.05459
1045,-0.373121,-0.0738534,2.58583,-3.72222
1047,-0.343624,-0.112157,2.72392,-3.95419
1629,-0.563997,0.0489106,3.57173,-4.98458
351,-0.622873,-0.259853,2.97507,-4.54223
931,-0.674676,-0.251901,3.04785,-4.62088
1439,-0.583498,-0.302465,3.12888,-4.76738
1344,-0.551026,-0.211776,2.9745,-4.46623
401,-0.501143,-0.203488,2.77829,-4.38069
1078,-0.525686,-0.247584,2.86833,-4.28718
415,-0.58111,-0.210567,2.7685,-4.24678
1190,-0.598058,-0.220169,2.88624,-4.33322
1253,-0.346006,-0.0908912,2.55726,-3.66069
1592,-0.532275,-0.0175854,3.05781,-4.181
963,-0.443483,-0.180772,3.04059,-4.38269
575,-0.417249,-0.0814638,3.05375,-4.30975
1379,-0.433894,-0.0384286,3.22678,-4.46266
1765,-0.148865,-0.321514,3.4495,-4.75192
802,-0.441839,-0.171807,3.02742,-4.35216
1475,-0.290376,-0.172859,3.12859,-4.43038
1570,-0.471844,-0.209253,2.92242,-4.25526
1571,-0.425617,-0.186032,2.5864,-3.8696
869,-0.801821,0.146841,2.92079,-4.51802
1459,-1.90422,0.121335,7.88521,-12.2887
476,-1.93771,0.0377166,8.17437,-12.7133
1431,-0.144488,-0.335674,3.25777,-4.7403
1663,-0.249119,-0.360297,3.3791,-4.96254
1664,-0.351572,-0.370572,3.02683,-4.45195
564,-0.453401,-0.365052,3.09487,-4.47649
686,-0.378402,-0.397102,3.14258,-4.49806
1730,-0.363685,-0.0857946,2.56983,-3.9617
1733,-0.363726,0.00161904,2.85275,-3.89408
1236,-0.631289,-0.231545,3.12183,-4.71035
691,-0.424145,-0.199926,2.96514,-4.25658
924,-0.561747,0.0528829,2.70997,-3.97422
504,-0.611704,-0.171885,2.9845,-4.33021
257,-0.570237,-0.16478,2.99181,-4.69773
623,-0.597075,-0.186241,3.02023,-4.64837
540,-0.745286,-0.299399,3.46871,-5.21406
1536,-0.452426,-0.114335,3.23394,-4.62705
615,-0.460324,0.0485427,2.84034,-4.01764
1560,-0.464597,0.0569166,3.22562,-4.34861
627,-0.495175,-0.0326764,3.07224,-4.22881
1060,-0.309028,-0.00269417,2.66776,-3.83746
1149,-0.237093,-0.14494,3.13013,-4.46071
179,-0.387107,0.142592,1.42364,-2.11694
861,-0.549174,0.149975,3.35582,-4.59842
881,-0.573013,0.100894,3.41354,-4.60921
896,-0.579405,0.0882168,3.15932,-4.46027
831,-0.444427,-0.205669,3.15528,-4.65554
1169,-0.09713,-0.444832,3.48767,-5.03936
1464,-0.0374139,-0.466699,3.24435,-4.6398
934,-0.538951,-0.150462,3.042,-4.50385
360,-0.651414,-0.171123,3.0706,-4.66375
609,-0.517269,-0.113254,2.73154,-4.11779
631,-0.595537,-0.234822,3.03733,-4.62049
1688,-0.664776,-0.295744,3.25291,-4.85522
1420,-0.498771,-0.0668757,2.64668,-3.89225
1207,-0.558421,0.0138148,3.09303,-4.41005
749,-0.259635,-0.194023,3.2355,-4.43573
820,-0.207831,-0.272587,3.32849,-4.60318
1712,-0.533903,-0.15403,3.04182,-4.39713
907,-0.224363,-0.250222,3.37548,-4.68858
1085,-0.238984,-0.28764,3.40318,-4.73871
1086,-0.408744,-0.25667,2.89732,-4.27026
1585,-0.459363,0.172083,3.1,-4.40689
1586,-0.50971,0.212142,3.46297,-4.88391
1234,-0.587583,0.259051,3.60664,-5.03451
1163,-0.622311,0.260943,3.57607,-4.9941
735,-0.561535,0.196264,3.39178,-4.67684
542,-0.533214,0.0282015,2.64829,-3.9744
1763,-0.411877,-0.262882,3.04464,-4.51544
1793,-0.556603,-0.250796,2.9629,-4.39139
1794,-0.503888,-0.217425,2.92501,-4.42189
1371,-0.620743,0.171997,3.24106,-4.55232
767,-0.726395,0.215384,3.38052,-4.84095
1502,-0.205924,-0.253262,2.87123,-4.07592
195,-0.107643,-0.258209,2.0888,-3.02978
661,-0.1218,-0.493654,3.54052,-4.9936
264,-0.221514,-0.160268,1.8912,-2.72757
1810,-0.159932,-0.290864,3.28055,-4.62635
1598,-0.180352,-0.222994,2.50502,-3.64202
121,-0.509047,-0.304049,2.85736,-4.33428
1187,-0.512806,-0.272765,2.85323,-4.29836
1151,-0.296938,0.012219,2.96361,-4.00679
1084,-0.363839,0.0318045,3.22903,-4.41228
1530,-0.380766,0.00493128,3.18305,-4.46486
1153,-0.368548,-0.0921051,2.94501,-4.14756
1531,-0.298243,-0.0098425,2.96529,-4.13572
1057,-0.221866,0.0904611,3.94272,-5.2381
840,-0.206815,0.191039,3.82394,-5.13851
859,-0.183595,-0.137705,3.02563,-4.17174
1750,-0.429833,0.0522398,3.36286,-4.55444
1501,-0.161617,-0.250034,3.26014,-4.57496
1409,-0.231794,0.05692,3.14734,-4.27113
712,-0.20998,0.0736974,3.5058,-4.75422
496,-0.180847,-0.00174336,3.39832,-4.58447
728,-0.190225,0.0491557,3.44995,-4.68871
979,-0.543256,-0.0651583,3.18522,-4.71282
1703,-0.303321,0.0834295,2.73065,-4.14206
649,-0.334853,-0.113785,2.54957,-3.65252
1173,-0.279312,-0.223092,3.15065,-4.47234
1018,-0.272338,-0.216041,2.96813,-4.28933
1527,-0.327501,-0.114326,3.13234,-4.30648
1246,-0.373302,-0.192038,2.6614,-3.8663
883,-0.493315,0.106745,3.21413,-4.34603
1353,-0.443379,0.119705,3.55448,-4.77729
1354,-0.489614,-0.0674462,2.83422,-4.06247
1684,-0.41627,-0.0376865,2.75295,-3.98439
756,-0.564884,-0.138601,3.05215,-4.47333
1025,-0.226033,-0.373187,2.91394,-4.15534
178,-0.347728,-0.39564,2.15415,-3.37557
1631,-0.929986,-1.10945,7.65117,-12.135
473,-0.973094,-1.12613,7.89623,-12.5646
587,-0.563733,-0.207353,3.1998,-4.69273
1524,-0.763837,-0.191711,3.46241,-5.07538
832,-0.403221,-0.233797,2.61632,-3.96721
490,-0.252791,0.0787857,3.00712,-4.12744
586,-0.396604,0.109903,3.23719,-4.53393
518,-0.202191,0.0483818,3.50179,-4.62842
662,-0.422594,-0.0631889,2.76376,-4.13429
1284,-0.311537,-0.178165,3.22947,-4.58366
1164,-0.592968,0.282377,3.47429,-4.76128
1316,-0.578462,0.177642,3.43047,-4.83612
858,-0.661154,0.233483,3.55956,-4.98425
1399,-0.594861,0.184878,3.36407,-4.73688
857,-0.643539,0.183563,3.33175,-4.75642
1731,-0.632183,0.0217196,3.07468,-4.50587
355,-0.539596,-0.125447,2.42688,-3.74838
85,-0.653231,-0.273569,2.99656,-4.55766
1259,-0.536721,-0.203319,2.92163,-4.34581
1092,-0.646019,0.10029,2.84865,-4.19745
1039,-0.440526,-0.174448,2.59354,-3.96984
1624,-0.510161,-0.238607,3.13453,-4.65116
225,-0.481919,-0.248168,2.45481,-3.64459
528,-0.621739,-0.306795,3.07212,-4.6163
830,-0.647457,-0.316494,3.4512,-5.20367
1594,-0.433573,0.00444114,2.69942,-3.96581
1593,-0.484941,0.109397,3.23409,-4.53872
872,-0.56925,0.194826,3.31396,-4.64647
459,-0.534025,-0.107278,2.91937,-4.45927
561,-0.599391,-0.143423,3.0437,-4.52999
365,-0.683469,-0.312112,3.03302,-4.63845
1204,-0.64606,-0.190507,3.12344,-4.60745
479,-0.235587,-0.0354979,3.04412,-4.43006
1213,-0.292548,-0.0959474,2.95092,-4.16521
1317,-0.578274,-0.100678,2.95202,-4.34632
764,-0.609755,-0.112897,2.94285,-4.34574
818,-0.624506,-0.187128,2.94839,-4.42935
1355,-0.614352,-0.238256,3.48604,-5.09271
1210,-0.453934,-0.207342,2.85172,-4.1975
1784,-0.536906,-0.284011,3.10425,-4.63962
1449,-0.187445,-0.213609,2.87307,-3.98619
1811,-0.287776,-0.267363,3.24613,-4.56271
938,-0.275116,-0.211249,3.04086,-4.35775
617,-0.216543,-0.295686,3.03835,-4.19539
736,-0.629214,0.143853,3.2136,-4.51237
1293,-0.569919,0.154093,3.0807,-4.26528
864,-0.651425,0.162498,3.29008,-4.59353
1137,-0.69092,-0.0628715,3.12342,-4.58414
1675,-0.513497,-0.0962616,2.58312,-3.92451
311,-0.639084,-0.217225,3.05308,-4.6036
1402,-0.538098,-0.194586,2.62157,-4.07085
1753,-0.70129,-0.252775,3.49873,-5.22705
1367,-0.282391,-0.203947,3.01776,-4.37046
1672,-0.625634,0.0333256,3.18322,-4.60132
1197,-0.625353,-0.0195677,2.99499,-4.33665
1671,-0.548592,-0.0310265,3.07795,-4.51827
1209,-0.578985,0.000235913,2.95135,-4.26484
1591,-0.540512,-0.152186,3.08747,-4.51677
876,-0.596955,-0.00739174,3.0225,-4.36805
875,-0.655096,0.075701,2.98084,-4.38197
1739,-0.446105,-0.193143,3.16196,-4.43607
1741,-0.304783,-0.0559814,3.0414,-4.18175
1503,-0.264656,0.00331799,3.30212,-4.56222
1736,-0.271193,-0.0123768,3.30507,-4.62244
1400,-0.537183,-0.0677275,2.84807,-4.22332
1614,-0.546823,-0.186851,2.69812,-4.07942
708,-0.553575,0.1235,2.87016,-3.99044
761,-0.712249,0.20745,3.308,-4.66719
1271,-0.526093,0.0976041,2.79058,-4.0497
698,-0.292554,-0.0732504,2.63778,-3.75819
1115,-0.409074,-0.227946,3.02367,-4.4124
455,-0.637951,-0.303069,3.00101,-4.5919
1655,-0.400391,-0.226468,2.96453,-4.28124
1408,-0.346142,0.128457,3.47673,-4.69994
1027,-0.294719,0.07708,3.58465,-4.74707
994,-0.320063,0.12419,3.44988,-4.66457
484,-0.482916,-0.00355144,2.62784,-4.01884
751,-0.437038,-0.0431554,2.78606,-3.98592
1446,-0.403148,0.00866616,2.80325,-3.89803
102,-0.301094,0.0587387,2.17504,-3.09199
1760,-0.243704,-0.0216311,3.33097,-4.55027
793,-0.267865,-0.0100176,3.54784,-4.78017
1510,-0.0766973,-0.264974,3.35831,-4.64294
1308,-0.218096,-0.12544,3.41486,-4.59869
1509,-0.16649,-0.131049,3.41026,-4.66248
506,-0.632858,-0.217294,3.11564,-4.63664
366,-0.629638,-0.183245,2.7679,-4.16313
387,-0.629529,-0.218366,2.89841,-4.41586
905,-0.648694,-0.197857,3.13329,-4.7053
1357,-0.489026,0.32143,3.42205,-4.86516
1673,-0.456414,-0.0516168,2.92145,-4.25002
1215,-0.520764,-0.148542,2.94745,-4.47188
1216,-0.508482,-0.110137,2.92386,-4.37593
460,-0.555579,-0.172568,2.85501,-4.44165
612,-0.447646,-0.349032,3.22021,-4.87025
956,-0.522652,-0.178736,2.88808,-4.27014
986,-0.646171,-0.219699,3.12618,-4.74571
878,-0.608129,-0.259726,3.0836,-4.66987
1201,-0.350301,-0.0545075,2.58409,-3.71035
1780,-0.427792,-0.0580553,3.0799,-4.34108
581,-0.272055,-0.210953,2.45013,-3.56355
1708,-0.306963,-0.222523,3.12675,-4.46176
611,-0.345597,-0.127928,2.96928,-4.19233
1074,-0.199483,-0.327649,3.28819,-4.5839
1478,-0.180643,-0.327034,3.28474,-4.71777
1479,-0.275166,-0.464881,3.23148,-4.74207
1432,-0.119884,-0.405222,3.2443,-4.68179
1260,-0.539945,-0.269186,2.93905,-4.40126
810,-0.536376,-0.168466,2.96083,-4.26706
1017,-0.400961,-0.359744,3.20445,-4.60953
997,-0.614391,-0.343104,3.20666,-4.86427
1024,-0.57538,-0.226364,3.16515,-4.68045
472,-0.692276,-0.279858,3.01947,-4.58592
1674,-0.390615,0.087866,2.89827,-4.53134
201,-0.217107,0.00516716,2.40154,-3.60712
1764,-0.357065,-0.118367,3.15299,-4.53988
1690,-0.543146,-0.274863,3.11695,-4.60672
1642,-0.199298,-0.110544,3.31893,-4.61817
1659,-0.230664,-0.065539,3.36426,-4.71366
1660,-0.170087,-0.196382,2.96059,-4.20831
94,-0.208432,-0.0771623,2.3863,-3.40382
1737,-0.269421,-0.0251761,3.14663,-4.40878
1557,-0.238498,-0.0582716,2.63477,-3.78463
852,-0.268367,-0.13586,2.71303,-3.93307
16,-0.0995288,-0.199233,2.14985,-3.13002
244,-0.180787,-0.213156,1.99369,-2.89236
237,-0.238961,-0.0383222,1.39625,-2.21626
146,-0.604527,-0.256595,2.97023,-4.40531
456,-0.720149,-0.331272,3.2607,-4.99992
1303,-0.642916,-0.262698,2.92811,-4.40316
1433,-0.0972279,-0.390834,3.22328,-4.63454
327,-0.38854,-0.151691,2.24928,-3.52974
1406,-0.747069,-0.261239,3.49555,-5.22078
1393,-0.414019,0.144322,2.80562,-4.16782
1392,-0.504492,0.100962,3.31079,-4.61854
184,-0.384312,0.224386,2.24573,-3.16864
37,-0.326739,0.149801,2.18558,-3.27203
827,-0.566183,0.329694,3.34124,-4.63215
246,-0.530795,0.283229,3.06548,-4.30238
778,-0.552385,0.0851641,2.80286,-3.97142
779,-0.474416,0.0698822,2.70578,-3.90353
620,-0.501265,0.0891583,2.40816,-3.37143
386,-0.5992,-0.147212,2.62972,-4.09137
101,-0.685774,-0.323961,3.11502,-4.71692
765,-0.574509,-0.266191,2.92814,-4.40878
1150,-0.720038,-0.205763,3.28761,-5.37972
1699,-0.472822,-0.245165,3.31029,-4.73966
1380,-0.58433,-0.269037,3.44265,-5.08589
638,-0.749813,0.120462,3.30122,-4.71077
1391,-0.355091,-0.448303,3.05827,-4.51014
514,-0.516309,-0.202545,2.94321,-4.2968
493,-0.445393,-0.184209,2.72064,-3.99919
1754,-0.680945,-0.204579,3.08848,-4.77069
984,-0.435338,-0.183565,2.53872,-3.70374
1235,-0.656304,-0.275739,3.43201,-5.15777
787,-0.135885,-0.244685,3.05115,-4.22599
711,-0.229309,0.0270834,2.85739,-3.93385
839,-0.289374,0.142334,3.59231,-4.75769
1268,-0.5064,0.0497477,3.18241,-4.42273
1272,-0.347836,0.0293478,2.83261,-3.94983
654,-0.299256,-0.141265,2.98517,-4.15912
1612,-0.127272,-0.297963,3.25468,-4.52765
1006,-0.172611,-0.309762,3.14239,-4.37211
812,-0.398868,-0.183828,2.71435,-3.90116
1445,-0.649838,-0.234758,3.14562,-4.75309
1428,-0.425402,-0.0494501,2.79488,-3.97161
887,-0.467013,0.059954,2.74503,-3.90837
1015,-0.419182,0.00807943,2.65116,-3.82665
1707,-0.391808,-0.0990309,3.07152,-4.3135
1227,-0.307196,-0.251493,2.93282,-4.17934
775,-0.283046,-0.344207,3.21484,-4.65266
785,-0.2876,-0.353948,3.30431,-4.80723
560,-0.412098,-0.142878,2.83156,-4.46921
1021,-0.49344,-0.0395776,2.8642,-4.14387
1782,-0.515082,-0.197896,2.98789,-4.43142
606,-0.704862,-0.238406,3.22479,-4.86784
844,-0.287791,-0.192641,2.95295,-4.33373
845,-0.445799,-0.0968822,2.65812,-4.04458
1228,-0.630909,-0.205441,3.08563,-4.55967
39,-0.617506,-0.148466,2.99203,-4.63628
1722,-0.267922,-0.0952955,3.09157,-4.46134
250,-0.110589,-0.111659,2.74745,-3.92357
558,-0.509843,-0.252483,2.78393,-4.2914
310,-0.676024,-0.253774,3.15067,-4.7237
309,-0.470826,-0.328451,2.77548,-4.32288
738,-0.336986,-0.448771,2.91413,-4.47276
19,-0.395694,0.144636,2.14772,-2.93047
1171,-0.718756,0.0970881,3.61522,-5.12984
940,-0.601803,0.229689,3.48431,-4.75359
941,-0.671661,0.182403,3.64211,-5.11686
1170,-0.625956,0.117159,3.41167,-4.73286
1080,-0.639586,0.208785,3.58035,-4.9317
129,-0.538769,-0.195646,2.78445,-4.32631
1225,-0.596978,-0.177645,2.95071,-4.38107
295,-0.642065,-0.252635,2.98504,-4.58176
925,-0.543254,-0.221509,2.83894,-4.31551
856,-0.178265,-0.0423422,3.36588,-4.70654
719,-0.316972,-0.0261961,2.76746,-3.97621
1430,-0.392524,0.0522966,2.66784,-3.74674
1602,-0.390263,0.0171366,2.71943,-3.80268
1661,-0.588314,-0.176642,2.74471,-4.13447
1143,-0.57888,-0.210714,3.06171,-4.61326
1230,-0.611445,-0.350661,3.19905,-4.78855
867,-0.691901,-0.194462,3.48331,-5.09525
996,-0.666905,-0.34421,3.51628,-5.25358
1556,-0.406037,-0.0760977,2.94482,-4.16599
1223,-0.477854,-0.0898831,2.58953,-3.77958
1606,-0.570487,-0.333408,3.23657,-4.79223
1105,-0.729059,-0.153914,3.44822,-5.07476
1483,-0.504076,0.0117347,3.15165,-4.43619
1575,-0.578463,0.0566406,3.20673,-4.40306
1364,-0.290202,-0.283824,3.07789,-4.40291
981,-0.269223,-0.308653,3.10696,-4.42975
833,-0.317839,-0.18391,3.05987,-4.2297
1692,-0.301077,-0.249511,3.24618,-4.57238
1693,-0.269917,-0.259402,3.29221,-4.68515
1435,-0.360739,-0.435103,3.19853,-4.75042
1382,-0.345252,-0.21899,2.97411,-4.34137
1356,-0.485916,0.352243,3.57006,-5.20563
599,-0.502828,0.324576,3.64385,-4.99335
1200,-0.502333,-0.172577,2.66858,-3.91776
1521,-0.515451,-0.0965655,2.70802,-4.09138
1127,-0.655142,-0.128581,3.05355,-4.55908
377,-0.517298,-0.110182,2.50222,-3.75767
1089,-0.426513,-0.279408,3.22546,-4.65848
1455,-0.438593,-0.214304,3.15675,-4.55819
177,-0.533925,-0.161014,2.24563,-3.49714
407,-0.651936,-0.221698,3.05814,-4.69661
1718,-0.60242,-0.154539,2.97462,-4.45167
889,-0.419941,-0.0345577,2.61536,-3.68855
395,-0.22725,-0.0475776,1.67428,-2.33067
893,-0.208763,-0.255843,3.30481,-4.58174
1121,-0.116806,-0.2796,3.15846,-4.47614
1643,-0.201787,-0.10531,3.21486,-4.4645
1644,-0.259332,-0.0565522,3.31206,-4.61717
1146,-0.393842,0.135277,3.09309,-4.23424
1166,-0.468393,0.10467,3.3384,-4.71405
1772,-0.576892,0.1893,3.21893,-4.52177
946,-0.460934,0.121175,2.89037,-3.97807
1748,-0.486038,0.0228662,3.36273,-4.53365
582,-0.392269,-0.00443329,3.20885,-4.47967
1749,-0.409196,0.00814574,3.33562,-4.52967
614,-0.544027,-0.00779023,3.20037,-4.56158
370,-0.688674,-0.245526,3.07459,-4.73826
1069,-0.665607,0.156801,3.38363,-4.79909
1071,-0.64962,0.151137,3.39857,-4.75415
1566,-0.556763,-0.177972,2.9306,-4.32098
805,-0.313726,0.0148033,2.88027,-3.99602
400,-0.207634,-0.0260801,2.49658,-3.73909
173,-0.314117,-0.117404,2.49958,-3.52474
349,-0.583826,-0.199346,3.11532,-4.67059
424,-0.679112,-0.238908,2.96429,-4.53285
83,-0.550281,-0.192268,2.75739,-4.15498
165,-0.664598,-0.246424,2.90355,-4.52382
706,-0.554083,-0.203744,2.67711,-4.01986
1010,-0.529138,-0.250062,2.99234,-4.39662
239,-0.361477,0.218468,2.99295,-4.30819
724,-0.628632,-0.186287,3.01463,-4.45922
1695,-0.59982,0.0906707,3.52015,-4.88232
1362,-0.391478,-0.0996449,3.02486,-4.31518
1361,-0.369608,-0.0652474,3.06041,-4.4869
1321,-0.593498,-0.174825,3.13117,-4.63532
990,-0.510604,-0.113027,2.73661,-4.13546
537,-0.359867,0.00597328,2.54602,-3.58247
1537,-0.425353,-0.000312651,2.59053,-3.79232
732,-0.497768,0.050529,3.45936,-4.802
1648,-0.203743,-0.254358,2.88318,-4.01793
1773,-0.365235,-0.19455,3.04869,-4.38257
1775,-0.36534,-0.209942,3.06324,-4.40747
886,-0.311947,-0.212545,2.37514,-3.53127
1397,-0.352452,-0.355804,3.11328,-4.61033
975,-0.235568,-0.338158,3.44489,-4.82817
591,-0.188991,-0.331152,3.39239,-4.77682
1539,-0.414075,-0.0196838,3.33712,-4.80459
1040,-0.300406,0.0033208,2.99423,-4.18418
286,-0.332513,0.0799078,1.99035,-2.86921
1191,-0.521493,-0.192654,2.9596,-4.37667
921,-0.477951,-0.158604,2.90034,-4.40697
1182,-0.596729,-0.103072,2.90801,-4.38389
99,-0.644231,-0.227681,2.79928,-4.44255
114,-0.635714,-0.194851,3.03408,-4.68792
664,-0.402653,-0.0259733,2.67245,-3.6908
1131,-0.554645,0.006573,2.51305,-3.88658
1132,-0.407319,-0.0617151,2.88833,-4.21445
1666,-0.409181,-0.10476,2.70203,-4.08148
1665,-0.473317,-0.0835858,2.79542,-4.12158
398,-0.178432,-0.133671,1.85833,-2.81112
1706,-0.211769,-0.319457,3.19274,-4.51858
1340,-0.21258,-0.277441,3.17937,-4.41885
1636,-0.270161,-0.213669,3.12867,-4.34571
837,-0.170987,-0.319557,3.45635,-4.93789
888,-0.0349578,-0.318343,3.48915,-4.91424
1549,-0.137428,-0.363898,3.68647,-5.18725
480,-0.166022,-0.31192,3.34136,-4.73079
729,-0.51782,0.0776717,2.55485,-3.78529
1403,-0.637281,0.124702,2.85773,-4.24585
238,-0.347499,0.152404,2.55426,-3.52831
1504,-0.381787,0.0182998,3.50492,-4.75948
1506,-0.368123,0.111001,3.55,-4.79925
795,-0.437071,0.0447805,3.33657,-4.52724
1505,-0.364433,0.106883,3.50435,-4.71928
569,-0.55745,0.0791537,3.0135,-4.24474
1589,-0.488631,-0.126965,3.16624,-4.58908
1500,-0.438173,-0.110182,2.96513,-4.22936
1786,-0.613962,-0.194911,3.01031,-4.54114
910,-0.304094,-0.120312,2.63245,-3.74542
874,-0.612752,0.0364768,3.26518,-4.705
897,-0.648873,0.00644183,3.15713,-4.55787
909,-0.332333,-0.0635546,2.61731,-3.70426
1781,-0.437536,-0.267336,2.94132,-4.3194
865,-0.56261,-0.256241,2.97088,-4.47916
22,-0.437282,-0.143389,2.26858,-3.48184
346,-0.593078,-0.220706,3.09702,-4.64692
345,-0.559589,-0.164103,2.79607,-4.2314
1717,-0.610906,-0.130738,3.06472,-4.47888
1325,-0.645819,-0.201893,3.07788,-4.60574
119,-0.584278,-0.186,2.59463,-4.0229
24,-0.581402,-0.306828,3.09934,-4.75793
357,-0.590497,-0.247788,2.85644,-4.36492
1119,-0.62384,0.0641172,2.5104,-3.77044
1020,-0.567778,-0.0726379,2.51764,-3.77003
1443,-0.14939,-0.264575,3.31791,-4.6183
1265,-0.601352,-0.173815,3.18386,-4.70966
1219,-0.575247,0.207192,3.30608,-4.6086
973,-0.67348,-0.0608126,3.15223,-4.49084
974,-0.74249,-0.0494373,3.22284,-4.7672
1315,-0.517386,0.141097,3.44085,-4.70682
1807,-0.479176,0.0508503,3.28668,-4.53729
1808,-0.418231,0.0193643,3.02328,-4.28086
1806,-0.520976,0.186605,3.16559,-4.47856
489,-0.633159,-0.20844,3.06436,-4.58043
841,-0.107287,-0.313954,2.9715,-4.23427
1049,-0.123245,-0.307335,3.20315,-4.46519
1761,-0.314024,0.0469304,3.29462,-4.42228
618,-0.455063,-0.0936081,2.44557,-3.70939
140,-0.672729,-0.257146,2.99336,-4.65897
788,-0.657031,-0.17449,3.11063,-4.6978
1578,-0.234563,-0.187719,2.67276,-4.03606
348,-0.278623,0.122694,1.77172,-2.43173
1130,-0.24958,0.0183351,2.43519,-3.43659
1028,-0.295829,-0.0280897,2.62108,-3.61186
913,-0.352255,0.00342011,2.62338,-3.74652
1144,-0.286599,-0.021741,2.6325,-3.73551
806,-0.308496,-0.0649242,2.56259,-3.61318
808,-0.279373,-0.0348783,2.64646,-3.83345
147,-0.679785,-0.198801,3.05745,-4.81849
308,-0.555347,-0.219059,2.96061,-4.51479
145,-0.637829,-0.268364,3.17332,-4.771
579,-0.614494,-0.262784,2.91473,-4.46858
371,-0.670724,-0.264929,3.05087,-4.62219
364,-0.597529,-0.28829,2.75764,-4.20303
759,-0.491448,-0.254345,2.93167,-4.37476
644,-0.507107,-0.19551,2.99335,-4.37781
1427,-0.64404,-0.285544,3.021,-4.53771
273,-0.113893,-0.147921,2.66464,-3.68193
272,-0.134824,-0.358844,2.89667,-4.01797
1491,-0.430599,0.162747,2.61908,-3.8746
1789,-0.619649,0.0270071,3.16137,-4.4377
920,-0.470351,-0.19107,2.88765,-4.31548
372,-0.655324,-0.264326,2.99198,-4.61332
1774,-0.353292,-0.184782,3.03593,-4.33761
725,-0.356074,-0.209106,3.01409,-4.32358
948,-0.361337,-0.157256,2.98741,-4.21712
1632,-0.465868,-0.369154,2.61058,-4.01883
696,-0.27853,0.000625764,2.42102,-3.63253
743,-0.258058,-0.186552,2.69336,-3.90688
980,-0.303486,-0.152577,3.10177,-4.29838
409,-0.293437,-0.0520158,2.35747,-3.32714
1580,-0.349145,-0.115886,3.03896,-4.2795
1192,-0.388267,-0.17049,3.07291,-4.3862
1691,-0.555309,-0.115132,2.956,-4.35207
1716,-0.580791,-0.177308,2.8961,-4.33922
1481,-0.388354,0.0226094,2.44376,-3.59215
1683,-0.581648,-0.179722,3.00484,-4.36566
1437,-0.435771,-0.13776,3.10086,-4.27148
1438,-0.474777,0.0472004,3.27034,-4.49379
621,-0.486128,-0.03386,3.25084,-4.57675
926,-0.623703,-0.243129,2.99653,-4.50041
42,-0.447346,-0.151704,2.31621,-3.49861
247,-0.653698,-0.246107,3.02208,-4.60667
916,-0.716657,-0.151515,2.94364,-4.32078
915,-0.624117,-0.0665837,2.98759,-4.41882
1198,-0.768096,-0.282163,3.47336,-5.14368
1385,-0.247644,-0.36534,3.16891,-4.49741
726,-0.336374,-0.00573773,2.5983,-3.77924
1480,-0.46992,-0.0518666,2.67156,-4.10704
945,-0.498167,0.025367,3.18975,-4.67068
1214,-0.592584,-0.144701,2.60906,-3.96112
1467,-0.605669,-0.101014,2.99224,-4.56473
229,-0.587403,-0.109734,2.46848,-3.811
1203,-0.590005,-0.185955,3.01098,-4.43464
1762,-0.281643,0.0115606,3.4833,-4.70307
81,-0.334412,0.0418585,2.43158,-3.32982
1444,-0.762779,0.0925506,3.39589,-4.79537
1802,-0.412466,0.165034,2.99806,-4.5726
1803,-0.439695,0.108536,2.95543,-4.40993
932,-0.326694,-0.204244,3.10685,-4.32038
1117,-0.236133,-0.0801444,3.151,-4.37894
930,-0.304967,-0.163586,3.09018,-4.38469
742,-0.495842,0.0865598,2.99165,-4.25537
1473,-0.416565,-0.166108,2.66079,-3.84376
1472,-0.430201,-0.201979,3.14964,-4.56286
656,-0.559607,-0.188948,2.85776,-4.27737
113,-0.653721,-0.234536,3.02822,-4.61879
781,-0.293961,-0.324532,3.20472,-4.63462
1680,-0.407714,-0.191469,2.72636,-3.9323
597,-0.259563,-0.227151,3.23496,-4.37756
449,-0.680639,-0.202232,3.15196,-4.89531
607,-0.567291,-0.220064,2.87265,-4.40624
439,-0.586745,-0.284382,3.04352,-4.69688
1217,-0.563213,-0.226775,3.35144,-4.88576
815,-0.448384,-0.0248535,2.70081,-3.96202
1176,-0.44662,-0.0894268,2.93457,-4.07167
752,-0.428858,-0.254203,2.76196,-4.13608
1638,-0.436297,-0.116369,2.61705,-3.90004
1022,-0.539093,-0.00742995,2.9624,-4.32332
1097,-0.186979,-0.236128,2.82279,-4.09887
1098,-0.256921,-0.243178,3.41469,-4.69294
392,-0.125403,-0.159812,2.66173,-3.73444
823,-0.177894,-0.172474,3.01854,-4.16381
520,-0.635931,-0.229747,3.23002,-4.73995
95,-0.111383,-0.0111201,1.03671,-1.67332
1645,-0.217592,-0.0879559,3.07681,-4.257
1646,-0.161906,-0.0809344,3.19762,-4.46984
594,-0.65743,0.163943,3.33652,-4.69081
1334,-0.370817,-0.0431567,3.30535,-4.6263
1801,-0.435294,0.0566615,3.23657,-4.55002
1383,-0.45328,0.0744754,3.02641,-4.13257
634,-0.637122,-0.159684,2.75818,-4.13456
977,-0.518708,-0.246885,2.61921,-3.99037
471,-0.640852,-0.279893,2.84035,-4.45015
315,-0.65883,-0.283349,3.09947,-4.65096
1147,-0.57127,-0.160112,2.73673,-4.14423
1186,-0.614849,-0.237881,3.14285,-4.6542
65,-0.564218,-0.26602,2.87108,-4.42329
1368,-0.535672,-0.258495,3.03625,-4.5435
633,-0.511305,-0.252883,2.86067,-4.19816
789,-0.470034,-0.256387,2.97799,-4.46714
416,-0.555651,-0.163278,2.43441,-3.75699
838,-0.0936572,-0.361169,3.53004,-5.01966
194,-0.428707,0.0996377,2.12627,-2.95959
413,-0.541806,-0.115038,2.43725,-3.65452
577,-0.351705,-0.327778,2.93494,-4.391
821,-0.551225,-0.328149,3.13252,-4.61594
502,-0.408976,-0.397118,3.09412,-4.47138
1016,-0.28842,-0.101511,3.41035,-4.70466
773,-0.256305,-0.149605,3.25989,-4.46269
1647,-0.277557,-0.168378,3.4126,-4.72222
1003,-0.309926,-0.0890516,2.8869,-4.14667
727,-0.335401,-0.153484,3.33642,-4.63512
1053,-0.334986,-0.214988,3.10983,-4.44345
639,-0.369274,-0.221356,3.01328,-4.34531
1088,-0.376411,-0.241027,2.98195,-4.32612
758,-0.451655,0.111712,3.30859,-4.46486
1051,-0.48706,-0.118384,2.9759,-4.2433
1676,-0.279942,-0.166271,2.54861,-3.66696
285,-0.330901,-0.107836,2.33296,-3.36193
1785,-0.436285,-0.287401,2.97982,-4.42469
1770,-0.492895,-0.190475,2.78222,-4.14252
798,-0.494697,-0.0109634,2.65053,-3.89248
1713,-0.432458,-0.0193727,2.89712,-4.37716
1193,-0.504008,-0.0762443,2.5376,-3.88409
1161,-0.289236,-0.422605,3.08522,-4.44962
992,-0.286534,-0.0760727,2.79782,-3.86372
993,-0.433733,-0.2162,2.68732,-3.94174
482,-0.512866,0.182413,3.1117,-4.34123
1035,-0.52998,0.177679,3.46189,-4.80543
136,-0.52593,0.281153,3.49355,-4.73832
208,-0.473975,0.264841,3.02253,-4.16727
628,-0.451825,0.262105,3.1356,-4.22001
258,-0.730752,-0.29989,3.08008,-4.69961
1723,-0.419353,-0.196164,3.034,-4.30311
127,-0.494157,-0.183894,2.96203,-4.29653
1116,-0.585139,-0.198031,2.79458,-4.09438
1062,-0.467879,-0.334735,3.15673,-4.63698
590,-0.387793,-0.345642,3.09699,-4.46755
672,-0.534516,-0.216196,3.1411,-4.66296
673,-0.541652,-0.259803,3.27871,-4.88105
1595,-0.46466,-0.156945,2.97192,-4.40631
1596,-0.463616,-0.314579,2.97642,-4.4615
1597,-0.473717,-0.185868,2.64076,-3.94675
1799,-0.524559,-0.246209,2.96658,-4.43505
1800,-0.450489,-0.258239,2.94527,-4.47158
1512,-0.0603632,-0.323456,2.98921,-4.20292
899,-0.419769,0.0239739,2.67398,-3.82595
1189,-0.401655,-0.0247558,2.43588,-3.55198
900,-0.402365,-0.17237,2.41443,-3.58005
1423,-0.459744,-0.0520875,2.89501,-4.15998
1422,-0.508421,-0.104458,3.12726,-4.56838
1285,-0.526262,0.0174277,3.24367,-4.48796
43,-0.4993,-0.24177,2.23852,-3.60028
1005,-0.170509,-0.157074,2.81955,-4.04546
1046,-0.196424,-0.35485,3.17296,-4.5315
842,-0.201906,-0.157957,3.00919,-4.22727
1498,-0.525481,0.0999065,3.45443,-4.85614
1499,-0.523996,0.0883596,3.24847,-4.50637
1381,-0.59361,0.12717,3.5128,-4.87161
486,-0.379846,0.00588462,2.80142,-3.92695
1613,-0.218713,-0.300294,3.01066,-4.23988
1809,-0.16828,-0.304509,3.25832,-4.61382
159,-0.659493,-0.282165,3.00608,-4.58739
363,-0.506559,-0.264723,2.86268,-4.3301
647,-0.643329,-0.256332,2.83982,-4.39913
533,-0.605981,-0.215243,2.86728,-4.21817
266,-0.338249,0.146242,2.25071,-3.49475
1552,-0.258388,-0.205042,3.16656,-4.50344
1553,-0.495814,-0.268253,2.96733,-4.36576
1300,-0.178602,-0.153507,3.08988,-4.36109
1301,-0.202189,-0.248704,3.30064,-4.63093
1396,-0.379122,-0.409979,3.05113,-4.48219
282,-0.749504,-0.35597,3.37342,-5.21191
218,-0.554712,-0.133205,2.96876,-4.43012
1141,-0.162671,-0.0181832,2.86068,-4.16804
350,-0.637302,-0.228146,3.01561,-4.71748
526,-0.602079,-0.0904718,2.82595,-4.4817
436,-0.491248,-0.384693,2.85174,-4.47766
1387,-0.595511,-0.163447,2.65,-4.0552
969,-0.589232,-0.0793277,3.07325,-4.54412
1582,-0.224336,-0.228576,3.39177,-4.60393
1728,-0.14857,-0.183927,2.61449,-3.63871
1122,-0.208161,-0.231377,3.45809,-4.70401
1306,-0.373684,-0.187099,3.0422,-4.26999
1274,-0.18045,-0.0621117,3.39736,-4.44132
1276,-0.158634,-0.0970414,3.4808,-4.70359
1555,-0.251229,-0.0970569,3.38715,-4.55451
1275,-0.14597,0.0623916,3.26492,-4.41167
1605,-0.37018,-0.0670377,3.13089,-4.2966
1195,-0.395451,-0.205707,3.0902,-4.39967
829,-0.67464,-0.202731,3.21061,-4.75911
1617,-0.627706,0.0752052,3.07671,-4.3892
1618,-0.682969,-0.0365323,3.16803,-4.52879
682,-0.313378,-0.336683,3.10974,-4.4847
1583,-0.315455,-0.343193,3.14273,-4.56693
1584,-0.515147,-0.210671,2.92695,-4.30602
734,-0.538793,-0.172859,2.91394,-4.36759
190,-0.546747,-0.234294,2.84267,-4.33133
524,-0.450996,-0.0979635,2.94983,-4.29553
124,-0.60755,-0.214501,2.7192,-4.14011
1202,-0.572229,-0.177152,2.83086,-4.19833
592,-0.245045,-0.303422,3.68246,-5.10652
645,-0.590957,-0.195368,3.22362,-4.72275
1497,-0.533505,0.13952,3.51998,-4.81926
1599,-0.289964,-0.216549,3.29847,-4.54582
1600,-0.221132,-0.236771,3.48101,-4.85405
902,-0.202868,-0.189405,3.221,-4.58266
1075,-0.477413,-0.120726,2.72951,-3.88699
1611,-0.244723,-0.251113,3.41395,-4.74443
1232,-0.214338,-0.325466,3.32088,-4.6064
1031,-0.199955,-0.316517,2.9272,-4.19646
1369,-0.452587,-0.209395,2.89991,-4.20519
423,-0.550137,-0.22115,2.77694,-4.20425
1326,-0.48018,-0.181565,2.76216,-4.25124
404,-0.593329,-0.186808,2.96428,-4.45378
249,-0.164696,-0.0751093,2.61174,-3.74695
809,-0.311925,-0.187389,3.0569,-4.53967
1087,-0.506926,-0.215068,3.09872,-4.5553
203,-0.414922,-0.16415,2.2779,-3.50022
681,-0.449428,-0.0923921,2.83162,-4.17407
1100,-0.439149,0.250172,3.38264,-4.63982
1125,-0.494751,0.109622,3.17775,-4.40238
1019,-0.307584,-0.14937,3.2297,-4.4394
1779,-0.421839,-0.0743741,2.94202,-4.1024
1544,-0.452967,-0.0448348,3.08508,-4.4661
1543,-0.468568,0.00619183,3.03118,-4.37489
1542,-0.526458,-0.0244812,3.28388,-4.69288
1569,-0.30699,-0.162847,3.15431,-4.43875
1244,-0.581266,-0.22366,2.98789,-4.42651
1139,-0.590244,-0.169552,2.94048,-4.46024
1073,-0.476278,0.0942162,2.58808,-3.81743
29,-0.486502,-0.145792,2.51238,-3.72651
677,-0.481024,0.0449385,3.33565,-4.62887
814,-0.530093,0.114934,3.25052,-4.56147
750,-0.488952,0.144771,3.28386,-4.50416
1331,-0.515568,0.188819,3.41706,-4.7236
547,-0.481566,0.0786434,3.16589,-4.41518
1332,-0.582783,0.173518,3.19511,-4.46993
1466,-0.697939,0.148867,3.37603,-4.79229
1070,-0.660389,0.162513,3.35613,-4.60496
1436,-0.523565,-0.219709,3.21378,-4.69524
780,-0.560463,-0.236122,2.70084,-4.1282
271,-0.666241,-0.27113,3.05668,-4.67985
657,-0.65695,-0.288595,3.01184,-4.56889
1783,-0.565812,-0.253416,2.99579,-4.43777
263,-0.283092,-0.0252869,2.11087,-3.00318
1001,-0.53107,0.105789,2.67771,-3.82899
1226,-0.327143,-0.0155166,3.14873,-4.35014
1065,-0.437601,0.0570347,3.01009,-4.25182
1792,-0.335701,-0.027303,2.6049,-3.67289
1407,-0.446264,0.0231217,3.16318,-4.40814
1689,-0.161136,-0.261779,3.08441,-4.31729
642,-0.34963,-0.0540143,2.95644,-4.37576
1165,-0.539009,0.088362,3.10681,-4.39863
1155,-0.425723,0.0984884,2.60915,-3.86131
297,-0.569115,0.333585,3.61572,-5.02535
1558,-0.371614,-0.117095,2.79227,-3.99064
527,-0.336478,-0.265823,2.8731,-4.21798
475,-0.449274,-0.478372,3.31983,-4.94414
378,-0.477659,-0.154302,2.25025,-3.46558
191,-0.693131,-0.284414,3.16254,-4.71276
450,-0.618843,-0.187435,2.88636,-4.40619
1561,-0.600834,-0.180919,2.92742,-4.432
1463,-0.294839,-0.00803078,2.82955,-4.14329
465,-0.175276,0.0329577,1.67742,-2.5428
1414,-0.707116,-0.197227,3.12039,-4.61484
870,-0.576625,-0.170305,2.8128,-4.05515
557,-0.533017,-0.214854,2.76352,-4.09384
1398,-0.164079,-0.254473,3.07937,-4.26726
1370,-0.400496,-0.19907,2.85666,-4.163
61,-0.161103,-0.177039,2.06601,-3.02404
494,-0.374838,-0.129011,2.58789,-3.86268
1418,-0.25319,-0.313675,3.39016,-4.87359
1419,-0.208855,-0.282509,3.10868,-4.44228
32,-0.0548546,-0.198191,2.10394,-2.99966
1460,-0.540474,0.144169,3.42286,-4.69326
1461,-0.54788,0.108758,3.48752,-4.78323
687,-0.349943,-0.42495,3.23983,-4.73402
960,-0.308211,-0.323024,3.09563,-4.41856
1287,-0.534211,0.0654924,3.19372,-4.48893
1652,-0.385996,0.146256,2.80673,-4.31214
211,-0.34559,0.112179,2.00595,-2.96669
1256,-0.45461,-0.117425,2.51167,-3.72307
112,-0.602114,-0.209001,2.79529,-4.32697
1056,-0.200754,0.0909254,3.6335,-4.90862
1520,-0.206298,-0.291572,3.24547,-4.67093
1014,-0.164429,-0.374941,3.57154,-5.13349
1415,-0.207774,-0.33563,3.3545,-4.82379
890,-0.502314,0.0113921,3.01623,-4.31328
541,-0.481658,-0.0654251,2.56293,-3.74823
1278,-0.498471,-0.0149977,2.82722,-4.02113
1279,-0.442092,-0.0697461,2.63294,-3.83657
670,-0.25522,0.0659403,3.37991,-4.50717
1328,-0.691708,-0.0400362,3.18523,-4.60513
917,-0.665414,-0.0475413,3.15596,-4.56241
819,-0.533078,-0.172499,2.94896,-4.40243
138,-0.598515,-0.229001,2.80458,-4.36141
562,-0.405655,-0.210968,2.68081,-3.92482
880,-0.531295,0.15134,2.98764,-4.16788
483,-0.39153,-0.181046,2.7576,-3.90793
384,-0.311283,0.0253706,1.64006,-2.4108
521,-0.316753,-0.0480945,3.20083,-4.37886
866,-0.50226,-0.159387,2.67074,-4.06362
1704,-0.4607,-0.241348,2.77802,-4.05958
1037,-0.496767,-0.288639,2.87981,-4.30855
1740,-0.413047,-0.0512888,3.02163,-4.28642
1635,-0.444016,0.0172101,2.4688,-3.77221
692,-0.554354,-0.267158,2.93914,-4.33538
462,-0.668113,-0.226703,3.03985,-4.58121
1263,-0.485383,0.0717381,3.26374,-4.57524
714,-0.66057,-0.123385,3.07036,-4.59398
1574,-0.584546,-0.183947,2.85505,-4.36744
555,-0.661691,-0.269552,3.16059,-4.70806
1667,-0.536219,0.0471385,2.46639,-3.79893
976,-0.483943,-0.2316,2.98911,-4.36616
1634,-0.512596,0.097993,3.32792,-4.61265
828,-0.486858,0.122378,3.41409,-4.58005
1377,-0.342219,0.0703988,3.36693,-4.53218
1627,-0.402441,0.118026,3.43368,-4.58098
111,-0.451879,-0.201048,2.53523,-3.78226
270,-0.662557,-0.248481,3.05897,-4.75552
755,-0.627997,-0.197113,3.00167,-4.43303
1755,-0.263115,-0.0363509,3.35918,-4.60343
1678,-0.596903,-0.204787,3.01164,-4.64087
385,-0.314811,0.0365301,1.76589,-2.58883
1546,-0.534234,-0.00970439,3.22919,-4.75226
1363,-0.51123,0.0659559,3.33359,-4.75425
1507,-0.502417,0.10912,2.9656,-4.27677
722,-0.532675,-0.227155,3.03717,-4.56833
1412,-0.52424,-0.119034,2.68517,-4.07574
967,-0.559612,-0.198038,2.78916,-4.17852
1304,-0.610677,0.138318,3.1142,-4.4349
1286,-0.565271,0.128333,3.23535,-4.56634
995,-0.374337,-0.0156703,2.92598,-4.14691
1305,-0.585,0.0849177,3.38645,-4.7141
1720,-0.454912,0.169787,3.28111,-4.67204
36,-0.285804,-0.090523,2.2286,-3.26875
367,-0.132148,-0.0441725,2.72959,-3.69712
1384,-0.505241,0.119722,3.39543,-4.65044
1196,-0.434222,-0.0708733,2.7049,-3.86652
632,-0.491953,-0.0696475,3.18869,-4.51449
674,-0.318875,-0.334198,3.04233,-4.45967
943,-0.320917,-0.309385,3.24936,-4.65801
1359,-0.360055,-0.326541,3.11338,-4.57978
1386,-0.378591,-0.358748,3.27696,-4.81718
513,-0.533998,-0.021268,2.58698,-3.87803
1788,-0.436001,0.112809,2.76367,-3.96271
1477,-0.47109,0.0732349,3.12079,-4.36884
1090,-0.483245,-0.020171,2.895,-4.22865
425,-0.523147,-0.151146,2.78828,-4.30009
1346,-0.51888,-0.0969395,2.85128,-4.14174
1621,-0.480324,-0.228243,2.52216,-3.81281
466,-0.574014,-0.223642,3.03645,-4.62706
1178,-0.515594,-0.26538,3.02539,-4.5131
435,-0.59509,-0.145046,2.86088,-4.21626
444,-0.601801,-0.109637,2.80764,-4.28589
730,-0.469194,-0.0640334,2.69525,-3.95139
625,-0.259024,0.088515,3.13094,-4.23616
1798,-0.424872,-0.0772808,2.90245,-4.13792
1797,-0.429167,-0.107804,3.0437,-4.34318
1142,-0.309094,-0.096245,3.19302,-4.33348
1095,-0.273527,-0.105129,3.17181,-4.41629
987,-0.351661,0.0498909,2.74353,-3.72506
1554,-0.30144,-0.0688379,3.37208,-4.64983
1269,-0.472655,0.105295,3.43821,-4.79735
1083,-0.507722,-0.154797,2.7237,-4.083
241,-0.528655,-0.184465,2.7383,-4.11595
550,-0.484431,-0.275554,2.94387,-4.31118
720,-0.49891,-0.0945243,3.0525,-4.64546
658,-0.559202,-0.150346,3.33339,-4.7301
1109,-0.431208,-0.0988839,3.39326,-4.90437
431,-0.512937,0.184009,2.40654,-3.50829
978,-0.49987,0.0647331,2.76019,-3.89292
572,-0.710406,0.0041178,3.0323,-4.48797
985,-0.611899,-0.127598,2.66306,-4.02785
301,-0.482921,-0.35895,2.94158,-4.49452
1721,-0.397644,-0.152675,3.03006,-4.21803
1488,-0.43781,-0.0185448,2.59632,-3.78051
1145,-0.474763,0.0312657,3.16213,-4.43654
63,-0.51174,-0.178682,2.48619,-3.7038
446,-0.689162,-0.245232,3.12294,-4.68298
927,-0.681972,-0.210155,2.83699,-4.43278
259,-0.230848,0.184882,2.06614,-3.11003
260,-0.24488,0.0997189,1.33723,-1.93863
1266,-0.584664,0.117305,3.31452,-4.68238
1745,-0.664722,-0.273342,2.99112,-4.52255
552,-0.211894,-0.154209,2.51499,-3.53556
906,-0.391917,-0.0665846,2.991,-4.20236
1413,-0.77726,-0.075147,3.28481,-4.70851
106,-0.54149,-0.222511,2.8843,-4.42197
80,-0.602088,-0.263455,2.90898,-4.45871
1677,-0.484894,-0.209946,3.04733,-4.49114
1603,-0.303732,-0.0924684,3.33985,-4.68019
1162,-0.189948,-0.0755858,3.50891,-4.77271
1604,-0.435885,-0.0528818,3.27739,-4.65063
1376,-0.324545,-0.0300013,2.84206,-3.80652
79,-0.166141,-0.173682,2.05508,-2.8967
952,-0.181125,-0.130515,3.04447,-4.20634
954,-0.117691,-0.263907,3.28354,-4.60032
1581,-0.660135,-0.24984,3.07168,-4.57762
1685,-0.561372,-0.0596728,2.55775,-3.72322
1004,-0.183931,-0.198999,2.83764,-3.96236
336,-0.207346,-0.186366,2.15439,-3.21469
1696,-0.435291,0.0306169,2.6793,-3.85271
600,-0.425072,0.0566047,2.61226,-3.75841
1339,-0.218343,-0.216488,3.01378,-4.23068
914,-0.668985,0.056917,3.07731,-4.44313
137,-0.670087,-0.270252,2.76939,-4.37221
488,-0.547701,-0.187043,2.93101,-4.36632
1224,-0.472115,-0.211961,3.01543,-4.41128
690,-0.332927,-0.0894197,3.14921,-4.35741
487,-0.290527,-0.202911,2.97851,-4.16026
745,-0.53143,-0.182792,2.67458,-3.96013
604,-0.736042,-0.257597,3.14794,-4.80788
964,-0.36252,0.099801,2.5557,-3.86437
817,-0.54315,0.118715,3.20845,-4.52762
863,-0.643061,0.13343,3.15715,-4.46634
1452,-0.36254,0.00590629,2.55485,-3.58861
141,-0.662334,-0.294098,3.05685,-4.64831
822,-0.349671,-0.135826,3.34396,-4.65738
1222,-0.124247,-0.220762,3.17551,-4.41605
892,-0.154164,-0.302426,3.11791,-4.32799
1564,-0.477444,0.0347826,2.73254,-3.80073
1562,-0.447063,0.00870056,2.80739,-3.99033
274,-0.166885,0.130749,2.78423,-3.71698
1756,-0.247984,-0.0331366,3.32779,-4.51523
235,-0.449376,-0.111381,2.41792,-3.6714
427,-0.487154,-0.202486,2.58735,-3.93029
66,-0.562256,-0.198069,2.83158,-4.34767
1181,-0.559786,-0.0578842,2.93935,-4.28467
853,-0.484712,0.0989251,2.98184,-4.19717
982,-0.540392,-0.261191,2.89219,-4.29474
1245,-0.303396,-0.0745443,2.46001,-3.62254
242,-0.667549,-0.262736,3.0197,-4.58353
962,-0.443298,-0.110372,2.96076,-4.37568
680,-0.341884,-0.360263,3.18731,-4.58285
1702,-0.368909,-0.0954959,3.03263,-4.40768
891,-0.164472,-0.173636,3.27055,-4.63414
556,-0.381421,-0.341051,3.2438,-4.62672
929,-0.29422,-0.234273,3.28894,-4.62067
848,-0.381908,-0.0496259,3.07006,-4.37046
1496,-0.435902,-0.0559868,3.26887,-4.66575
1743,-0.43315,-0.12291,3.31751,-4.70112
1744,-0.304577,-0.187196,2.79561,-4.01662
998,-0.256979,-0.262339,3.13487,-4.32781
807,-0.317557,-0.0552446,2.70451,-3.93853
1551,-0.449799,0.00727688,2.98725,-4.22027
1233,-0.476883,0.13581,2.94774,-4.1149
1221,-0.18449,-0.263593,2.65865,-3.74491
11,-0.0788247,-0.168928,2.23193,-3.36098
783,-0.147773,-0.266938,3.17058,-4.34376
1616,-0.578734,-0.190857,2.91792,-4.51972
508,-0.516796,-0.26911,2.80078,-4.17128
531,-0.18196,-0.159047,2.83775,-3.96561
1394,-0.445192,-0.151313,2.61819,-3.87874
1679,-0.380205,-0.0207689,2.91719,-4.08588
1601,-0.387373,-0.011776,2.68427,-3.95377
405,-0.594688,-0.269351,2.99527,-4.61335
209,-0.026994,-0.339791,2.83751,-3.98886
786,-0.184726,-0.294902,3.22435,-4.60491
500,-0.146122,-0.333036,3.42685,-4.83606
584,-0.392249,-0.0288276,2.69894,-3.85221
636,-0.441717,-0.0017356,2.85036,-4.17599
1724,-0.481403,-0.179495,2.90797,-4.31473
983,-0.482556,0.0699596,2.37396,-3.44089
532,-0.197898,-0.243049,3.02589,-4.25194
1107,-0.205543,-0.369346,3.27051,-4.7398
359,-0.182069,-0.301892,2.6843,-3.87766
1719,-0.463198,0.0350859,2.90838,-4.13955
1167,-0.505994,-0.250526,2.78536,-4.12537
1091,-0.644861,0.107001,2.85588,-4.03809
919,-0.433396,-0.0841918,2.7518,-3.93683
189,-0.550372,-0.192023,2.81306,-4.33869
704,-0.686444,-0.233871,2.93093,-4.45775
1229,-0.459637,-0.214504,2.84638,-4.20417
408,-0.549762,-0.1364,2.42222,-3.65708
1352,-0.273067,-0.28296,3.14427,-4.39516
1751,-0.394365,-0.0525954,2.85792,-4.08656
1752,-0.586117,0.0150322,3.19992,-4.43906
289,-0.401205,0.0364535,2.39935,-3.48439
723,-0.599101,-0.035119,3.1156,-4.52121
1812,-0.454833,-0.0723708,2.29529,-3.38302
1540,-0.129835,-0.199885,2.60344,-3.89887
151,-0.265453,-0.000403467,2.01742,-3.01909
383,-0.206813,0.166585,3.22717,-4.33275
804,-0.189486,-0.119086,3.17085,-4.36032
794,-0.241391,-0.109534,2.4665,-3.45426
731,-0.582523,0.0921544,2.82496,-4.00736
1072,-0.616853,0.0787251,3.28408,-4.72573
1148,-0.140138,-0.224838,2.85931,-3.99712
836,-0.444516,-0.0140126,2.96458,-4.18408
835,-0.480038,-0.0419174,3.16825,-4.53084
1350,-0.273347,-0.263598,3.39895,-4.76267
1351,-0.350916,-0.207929,3.24631,-4.52706
426,-0.641944,-0.216189,2.95679,-4.50982
1242,-0.607981,-0.221081,2.84045,-4.30055
1239,-0.499734,-0.181557,3.05595,-4.41643
1342,-0.432073,0.023004,2.76808,-3.93203
1453,-0.452486,0.0603119,2.73504,-3.91374
601,-0.452209,-0.0280912,2.74694,-4.02932
1726,-0.515459,0.0838658,3.21041,-4.4849
269,-0.732345,-0.28949,3.15001,-4.74962
369,-0.63257,-0.261846,3.18011,-4.74873
368,-0.530023,-0.208757,2.88009,-4.32758
811,-0.501539,-0.160616,2.93512,-4.36863
125,-0.247511,-0.105899,2.42885,-3.4569
1254,-0.214933,-0.283009,3.45639,-4.79131
1471,-0.470213,-0.183911,2.7868,-4.09722
1179,-0.51729,-0.248467,2.77017,-4.16259
381,-0.621319,-0.214318,3.16815,-4.61988
245,-0.61868,-0.247953,2.82981,-4.42837
1567,-0.539933,-0.0569678,2.93731,-4.20668
1657,-0.428,-0.0740889,2.59828,-3.74048
275,-0.251985,0.040278,1.50853,-2.18112
1012,-0.629114,-0.133947,3.05753,-4.46299
593,-0.660216,-0.270353,3.16859,-4.87839
47,-0.0986372,-0.227838,2.30646,-3.37591
522,-0.119896,-0.353815,3.01537,-4.33024
1160,-0.337897,-0.381428,3.35163,-4.67383
100,-0.40205,0.0664958,2.49583,-3.55214
1124,-0.55735,-0.162978,2.74826,-4.24338
1577,-0.178958,-0.285607,3.34536,-4.65971
1255,-0.16446,-0.312127,2.93074,-4.25287
1547,-0.472151,-0.0776377,3.11204,-4.50481
1548,-0.505199,-0.0515851,3.07618,-4.3725
605,-0.420597,-0.00516833,2.59681,-3.75048
1514,-0.508232,-0.0877738,2.76797,-4.07806
1281,-0.49015,0.0505062,3.05151,-4.17857
1206,-0.604623,-0.0321875,3.20997,-4.5584
1372,-0.596575,-0.041187,3.18969,-4.4721
1262,-0.529881,0.153531,3.01212,-4.38382
1211,-0.510062,-0.189989,2.73492,-3.98285
796,-0.485703,-0.167973,2.74549,-4.23534
689,-0.555457,-0.228153,2.64311,-4.03759
567,-0.598777,-0.218055,3.0998,-4.65013
1485,-0.456982,-0.089589,2.47364,-3.68772
1126,-0.530283,0.208653,3.41647,-4.71937
1099,-0.51441,0.264767,3.42093,-4.7546
619,-0.543974,-0.223336,2.7924,-4.15395
1302,-0.431585,-0.227959,3.06612,-4.42341
695,-0.537892,-0.190674,2.72516,-3.99555
1653,-0.484735,0.0159081,3.1779,-4.5382
744,-0.412385,-0.0809377,2.60604,-3.82603
1486,-0.543092,0.0915007,3.2592,-4.58616
1576,-0.602351,-0.0840303,3.38538,-4.84625
843,-0.175051,-0.273304,3.15685,-4.53164
38,-0.119691,-0.159537,2.20772,-3.24329
163,-0.587222,-0.227724,2.68316,-4.14845
512,-0.606158,-0.299413,2.89636,-4.40947
216,-0.588065,-0.169222,2.81058,-4.31872
162,-0.595796,-0.265554,2.75742,-4.21394
1185,-0.455184,-0.117218,2.28166,-3.46026
546,-0.571005,-0.257539,2.75096,-4.2126
1545,-0.609809,-0.10818,2.55411,-3.96125
957,-0.381899,-0.104475,2.87847,-4.07905
922,-0.442094,-0.0357077,2.66659,-3.8612
1563,-0.413863,0.0686146,3.08773,-4.54888
1440,-0.51249,0.138184,3.11101,-4.69009
519,-0.442063,-0.0111213,2.98197,-4.14415
438,-0.582908,-0.336044,2.96721,-4.56638
790,-0.376918,-0.433985,2.93146,-4.41653
1154,-0.509019,0.117423,3.183,-4.44215
613,-0.589133,-0.240723,2.79853,-4.19913
1108,-0.417285,-0.109838,2.99994,-4.30957
1296,-0.484122,-0.116335,3.22206,-4.62804
1199,-0.374054,-0.0924066,2.6217,-3.7431
1249,-0.482491,0.0407692,2.80786,-4.0452
1487,-0.56025,0.0769665,3.2544,-4.6331
548,-0.640017,-0.184592,2.81773,-4.27372
578,-0.341942,0.0723472,2.57477,-3.70246
1299,-0.587521,-0.113063,2.74516,-4.08305
1298,-0.585354,-0.12662,3.13622,-4.58456
923,-0.539899,0.0943073,3.41549,-4.73575
1337,-0.651401,-0.0408258,3.34026,-4.73058
701,-0.53623,0.107912,2.95549,-4.23983
1061,-0.29441,-0.102302,2.53607,-4.00548
784,-0.369526,-0.397283,3.29167,-4.85197
1063,-0.339644,-0.326109,3.24821,-4.74427
1289,-0.429551,-0.029867,2.75428,-4.04037
1515,-0.398692,-0.0420366,2.83827,-4.19566
284,-0.338545,-0.0414681,2.39695,-3.44562
1335,-0.42139,0.218003,2.82739,-4.16492
197,-0.367471,0.191317,2.06943,-2.94853
536,-0.38536,-0.0908146,2.51433,-3.6365
150,-0.564694,0.267153,2.88117,-4.01167
622,-0.447505,-0.204805,2.87168,-4.36474
549,-0.567766,-0.196523,2.96835,-4.35664
898,-0.456408,-0.0361938,2.93308,-4.26346
1758,-0.557218,-0.0726637,3.14779,-4.49765
1759,-0.483579,-0.103514,2.86209,-4.14749
240,-0.558245,-0.251208,2.77832,-4.25182
947,-0.504957,-0.0531272,2.70316,-3.90774
1654,-0.476869,-0.101165,2.93909,-4.15538
1725,-0.436633,0.0727203,2.8184,-3.98111
1669,-0.569485,-0.126433,3.04069,-4.43468
1668,-0.579903,-0.098607,3.03222,-4.40276
791,-0.4678,0.0270132,2.64856,-3.83622
91,-0.255255,0.16001,1.27821,-1.74705
318,-0.414848,0.0937616,1.9439,-2.8259
1405,-0.648464,0.148736,2.57573,-4.05513
298,-0.578523,0.2086,3.13501,-4.50637
1044,-0.437833,-0.106252,2.71864,-4.13749
1247,-0.430458,-0.187142,2.64734,-3.84187
135,-0.211812,-0.080974,1.37201,-2.1057
991,-0.379674,0.18897,2.51668,-3.77774
182,-0.286224,-0.183156,2.16721,-3.23902
186,-0.214625,-0.104145,1.67142,-2.44835
252,-0.498135,-0.269648,2.30755,-3.7073
448,-0.396939,-0.154835,2.16225,-3.25362
69,-0.306341,0.136264,2.21291,-3.4354
629,-0.268554,-0.229938,2.69311,-3.72841
117,-0.585758,-0.242884,2.83477,-4.3215
1076,-0.581787,0.163737,3.43127,-4.70895
294,-0.509246,-0.157911,2.77286,-4.19922
873,-0.543879,-0.221335,2.91886,-4.36536
48,-0.208257,0.118733,1.37494,-2.11706
78,-0.101035,-0.112305,2.45453,-3.40432
155,-0.126442,-0.19404,2.40464,-3.47023
1058,-0.333946,-0.0879375,2.61564,-3.73366
665,-0.376673,-0.107546,2.67814,-3.78708
965,-0.110374,-0.21094,3.11691,-4.37148
68,-0.41605,-0.0498294,1.93269,-2.88162
769,-0.403028,-0.0321853,2.6753,-3.87124
683,-0.534339,-0.209628,2.72258,-4.07882
1267,-0.448911,0.076043,2.95225,-4.24807
525,-0.602613,0.0877241,3.20386,-4.50205
517,-0.598756,0.0211539,3.24552,-4.71119
588,-0.600762,0.0447152,3.1758,-4.56313
1330,-0.51986,-0.202192,2.84159,-4.27566
1079,-0.559859,0.0244336,2.95584,-4.20383
105,-0.414407,0.0686657,2.08469,-3.21062
826,-0.37626,-0.102603,2.69628,-3.93554
292,-0.253625,-0.0756016,1.78246,-2.60571
293,-0.218526,0.0453798,1.46449,-2.22328
222,-0.241278,-0.0696644,1.37934,-2.01313
221,-0.19959,-0.0785458,1.70823,-2.56274
380,-0.175308,-0.132758,1.41928,-2.02699
1313,-0.506872,-0.297046,3.01938,-4.48097
1314,-0.506115,-0.242984,2.72961,-4.08894
748,-0.511849,0.0663425,3.25997,-4.52429
1710,-0.519791,0.154898,3.37997,-4.70462
1525,-0.550496,-0.145663,2.89385,-4.22383
1158,-0.425117,0.168683,3.39274,-4.51998
328,-0.34358,0.153901,2.08781,-2.78684
54,-0.211094,0.0835783,1.25455,-1.7304
421,-0.260408,0.160409,1.67564,-2.32177
420,-0.34531,0.250722,2.15255,-2.94926
501,-0.273613,-0.0260486,3.26928,-4.43742
509,-0.621899,-0.155585,2.66328,-4.1525
685,-0.495149,-0.107329,2.65485,-3.79544
1395,-0.238875,-0.0991468,3.01352,-4.19473
763,-0.429524,-0.411079,2.8831,-4.40384
59,-0.386313,-0.00250597,1.91368,-2.89038
441,-0.352271,0.008112,1.65833,-2.48849
635,-0.647812,0.0633186,2.78812,-4.11427
534,-0.436979,-0.0613644,2.73088,-3.97692
1011,-0.305072,-0.0709051,2.73151,-3.87438
1008,-0.293131,-0.0775882,2.67563,-3.86662
1366,-0.494953,-0.196335,2.63686,-3.9477
1656,-0.524703,0.0983548,2.87382,-4.11847
1026,-0.379387,0.112081,3.22243,-4.42117
1650,-0.503678,-0.190589,3.01384,-4.56765
935,-0.540374,-0.238106,2.99756,-4.38352
585,-0.524892,-0.263816,2.88733,-4.36949
801,-0.517328,-0.155828,2.81226,-4.15011
1411,-0.465713,-0.143002,2.69784,-3.95442
676,-0.454513,0.157118,2.65619,-3.85435
610,-0.536376,0.1,2.98865,-4.24947
1697,-0.548943,0.0959968,3.12486,-4.61934
374,-0.488205,-0.158542,2.65922,-4.23017
1041,-0.373695,-0.125541,3.07546,-4.42132
1168,-0.316762,-0.193579,2.92231,-4.27472
1390,-0.446855,-0.351609,3.12421,-4.58812
1619,-0.555437,-0.0241017,2.62444,-3.72639
901,-0.311595,-0.0629159,3.00942,-4.08722
1290,-0.354111,-0.257832,3.13114,-4.40787
481,-0.475035,0.187895,3.2537,-4.38424
1451,-0.369662,-0.0581101,2.58399,-3.7746
323,-0.11777,-0.133498,2.05606,-2.88953
324,-0.128641,-0.0680716,1.59925,-2.35911
1757,-0.245848,0.0126231,3.3638,-4.6073
192,-0.65287,-0.25449,3.1095,-4.85208
1358,-0.35974,0.0105856,2.37324,-3.30221
1360,-0.509165,-0.216739,3.00841,-4.44563
961,-0.540463,-0.232346,3.02229,-4.50833
291,-0.415514,-0.154485,2.11968,-3.2739
1747,-0.566887,-0.132728,2.68602,-4.05163
1492,-0.504259,0.105381,3.35427,-4.57668
1494,-0.469085,0.0958541,3.21612,-4.53156
1493,-0.472721,0.042122,3.26683,-4.51709
1771,-0.474698,0.118854,2.6229,-3.84219
651,-0.557502,-0.24787,2.91999,-4.38113
451,-0.676973,-0.236279,3.01263,-4.57446
554,-0.607148,-0.212558,3.06664,-4.67068
646,-0.269913,-0.211485,3.08467,-4.20219
30,-0.251061,-0.217326,2.11499,-3.08084
1114,-0.592668,-0.201223,2.66673,-4.04315
1336,-0.541776,0.0774727,3.17612,-4.41393
1038,-0.516543,0.185557,3.20854,-4.44623
1388,-0.319928,-0.312694,3.11169,-4.46569
1425,-0.294943,-0.0177527,3.06758,-4.19639
529,-0.505813,-0.175998,2.68508,-4.07013
248,-0.475056,-0.192301,2.30261,-3.54005
1462,-0.305322,-0.0412973,3.10279,-4.41282
1333,-0.392908,-0.046723,3.18198,-4.55582
1538,-0.356165,-0.050739,3.04803,-4.25359
1103,-0.282793,-0.395932,3.21816,-4.5956
306,-0.633084,-0.251836,3.00888,-4.50611
904,-0.296167,-0.318748,3.03639,-4.41464
1389,-0.298937,-0.378844,3.18548,-4.59621
382,-0.63348,-0.167639,3.06432,-4.63468
227,-0.606854,-0.21322,2.91052,-4.40103
776,-0.576714,-0.242207,2.65468,-3.98105
139,-0.327559,0.034606,1.66208,-2.57791
1123,-0.484006,-0.079921,2.68323,-3.9486
1374,-0.541131,-0.207144,2.59824,-3.93238
1138,-0.680683,-0.164047,2.67079,-4.0978
58,-0.228678,0.0255887,2.59613,-3.54587
1059,-0.265391,0.0658076,2.69744,-4.03092
50,-0.674745,-0.258747,3.05157,-4.73914
539,-0.399852,-0.376265,3.06602,-4.5039
120,-0.419042,-0.251567,2.17716,-3.32207
437,-0.621108,0.0271116,2.36055,-3.57573
164,-0.129475,-0.304906,2.78505,-3.87614
746,-0.495927,-0.057104,2.82378,-4.22214
1513,-0.242422,-0.231043,3.00323,-4.17735
1177,-0.520868,-0.143174,2.77007,-4.02061
337,-0.416099,-0.258764,2.66626,-4.026
1738,-0.290135,0.0248477,3.0907,-4.30492
834,-0.541557,-0.132351,2.73407,-4.09777
73,-0.473112,-0.193002,2.3787,-3.64888
344,-0.644396,-0.241511,3.04195,-4.58558
343,-0.635306,-0.160072,2.80656,-4.33951
1009,-0.137797,-0.254361,3.20286,-4.50632
1208,-0.652643,-0.0979529,2.91594,-4.29841
1093,-0.630668,-0.148083,2.95539,-4.27303
333,-0.229441,-0.0651666,2.16613,-3.18473
637,-0.513715,0.0179237,2.84113,-3.99859
28,-0.341893,0.076249,2.4974,-3.5178
224,-0.512477,0.204684,2.11164,-3.18166
648,-0.264566,-0.285071,3.01551,-4.30085
206,-0.499428,0.0585523,2.58881,-3.68669
375,-0.387976,0.0474422,2.28415,-3.18137
792,-0.444784,0.000122911,2.72353,-3.81108
1791,-0.506748,-0.00566995,2.75031,-3.85825
515,-0.578637,-0.214721,3.0252,-4.50244
1096,-0.31475,-0.0815149,3.02058,-4.11063
71,-0.577552,-0.160379,2.32362,-3.58623
641,-0.506059,0.0216225,3.25059,-4.54432
882,-0.395339,0.129826,3.11239,-4.31866
1231,-0.247826,-0.20802,3.15833,-4.37479
1633,-0.411659,-0.0255885,2.55183,-3.63443
523,-0.504473,-0.0954666,2.57958,-3.80733
545,-0.550736,-0.186767,2.68558,-4.00706
1241,-0.332591,-0.422994,3.08244,-4.54091
697,-0.335723,-0.0795044,2.63596,-3.83174
1184,-0.452747,-0.0760442,2.66446,-3.96076
1120,-0.679838,-0.272628,3.14288,-4.76629
232,-0.124193,-0.166404,2.68615,-3.70393
754,-0.481471,0.104581,2.7086,-3.92552
721,-0.630229,0.0674296,2.62381,-3.82546
1441,-0.254755,-0.104877,2.68578,-3.73608
1324,-0.517933,-0.166848,2.73037,-4.02916
1620,-0.563891,-0.367223,2.79115,-4.35052
1476,-0.44484,-0.0300803,2.82244,-4.06165
1251,-0.447013,-0.0736759,2.93947,-4.25376
253,-0.540489,-0.126618,2.39372,-3.61027
770,-0.355972,-0.307468,2.92261,-4.07115
1104,-0.446449,-0.243446,3.18961,-4.55676
207,-0.438988,-0.2255,2.4222,-3.58201
688,-0.447422,-0.107337,2.71664,-4.07756
1243,-0.580045,-0.190104,3.08027,-4.50758
1709,-0.552063,0.0843722,3.27416,-4.64747
1401,-0.377817,-0.0179425,2.53863,-3.60281
1055,-0.32821,-0.0232483,2.59218,-3.7899
1490,-0.435969,0.0480188,2.76304,-3.9412
733,-0.40209,-0.19559,3.11656,-4.45802
737,-0.312928,-0.377525,2.95398,-4.49265
1013,-0.36148,-0.401476,3.22732,-4.68095
1434,-0.207617,-0.488654,3.10983,-4.62946
1651,-0.476211,-0.173481,2.64746,-3.92306
254,-0.184739,-0.10639,2.42555,-3.35627
255,-0.211369,-0.038729,1.83832,-2.64128
1519,-0.183534,-0.248591,2.71563,-3.9686
329,-0.378684,-0.0780554,2.37545,-3.4571
1129,-0.260702,0.0626576,3.33631,-4.49363
989,-0.318396,0.027711,3.4414,-4.66486
988,-0.338575,0.0439211,3.21715,-4.46915
267,-0.240115,0.0579543,1.83385,-2.77305
161,-0.369318,0.0559551,2.19854,-3.15294
1417,-0.290281,-0.34959,3.42083,-4.92863
1048,-0.379002,-0.0314022,2.58079,-3.79865
1106,-0.202278,-0.106835,2.62117,-4.00416
1264,-0.444528,-0.0901834,2.5757,-3.7706
213,-0.48465,0.309929,3.07975,-4.19285
1050,-0.504125,0.012517,2.44405,-3.59616
70,-0.654723,-0.156933,2.91599,-4.45313
1118,-0.323127,-0.127015,2.72331,-3.89262
1292,-0.46504,-0.190384,2.78168,-4.08586
1291,-0.413584,-0.23239,3.09359,-4.47768
757,-0.508328,0.0259036,2.48554,-3.66529
202,-0.250842,-0.0700975,1.99469,-2.91824
510,-0.548219,-0.193001,2.87447,-4.28603
1183,-0.640282,-0.120041,3.05415,-4.5497
60,-0.259946,0.193552,1.58087,-2.21849
1559,-0.511961,-0.112892,2.87957,-4.23106
782,-0.125764,-0.27025,3.51113,-4.80178
1541,-0.154852,-0.202167,3.07377,-4.61266
169,-0.283353,-0.101112,2.09734,-3.07083
87,-0.21766,-0.14106,1.97848,-2.83138
354,-0.15848,0.0341433,2.16123,-2.95163
149,-0.526312,-0.194589,2.50017,-3.8523
1579,-0.338699,-0.105211,3.04844,-4.25007
215,-0.479781,0.260277,2.87409,-4.0134
214,-0.393908,0.105396,2.28716,-3.23604
544,-0.562828,0.151817,2.84403,-4.03123
326,-0.500525,0.206831,2.52658,-3.78134
970,-0.400958,-0.0964636,2.65993,-3.92723
305,-0.495363,-0.237778,2.74564,-4.09882
699,-0.326887,-0.132939,2.66551,-3.67517
1626,-0.447199,-0.00858793,2.57897,-3.8006
871,-0.326585,-0.226358,2.56971,-3.64037
1064,-0.348308,-0.336878,3.49198,-5.12281
1094,-0.59091,-0.133064,2.86647,-4.25168
341,-0.610925,-0.243711,2.72594,-4.14803
855,-0.348716,-0.0253279,2.64754,-3.70978
1625,-0.4144,-0.201062,2.74561,-4.0462
223,-0.215335,-0.0358005,1.44715,-2.1923
397,-0.295334,0.00209694,1.25943,-1.89311
15,-0.475387,0.212209,2.3426,-3.28698
1694,-0.385891,-0.0805755,2.73323,-3.92846
949,-0.413956,-0.0378728,2.60198,-3.77978
156,-0.24962,-0.0213259,1.75187,-2.50484
40,-0.457678,-0.237052,2.51977,-3.74538
1347,-0.241362,-0.275439,3.23263,-4.55864
1416,-0.176112,-0.324162,3.16288,-4.58457
895,-0.183758,-0.239001,3.00876,-4.20619
268,-0.0727344,-0.226047,2.32091,-3.54335
457,-0.0950458,-0.20256,2.20174,-3.25172
342,-0.53653,-0.171574,2.89694,-4.29108
671,-0.305238,0.113446,3.00696,-4.29375
1172,-0.301144,-0.13743,2.81302,-4.12777
1174,-0.346485,-0.0448015,2.69473,-4.15973
414,-0.584159,-0.200565,2.4015,-3.75661
296,-0.536975,-0.0895388,2.54164,-3.79969
1522,-0.394639,-0.198448,3.10556,-4.54515
505,-0.549971,-0.204817,3.01519,-4.42068
1180,-0.589851,-0.18102,3.04225,-4.45264
97,-0.524931,-0.0679936,2.38462,-3.49418
322,-0.292468,0.116821,2.60305,-3.52273
1572,-0.485749,-0.0471514,2.60679,-3.90859
1280,-0.573207,0.101531,3.18611,-4.60455
1805,-0.524251,-0.180024,2.84423,-4.28073
1218,-0.18493,-0.326224,2.52934,-3.70331
154,-0.117514,-0.251158,2.92331,-4.13007
303,-0.174793,-0.104461,1.90896,-2.75144
1705,-0.225324,-0.294924,3.05292,-4.33165
1732,-0.512199,-0.151778,2.72701,-4.05276
304,-0.536744,-0.198861,2.84634,-4.24601
1523,-0.338396,-0.249466,3.09074,-4.47601
1034,-0.331215,-0.28532,2.6109,-3.8495
860,-0.38216,0.0973221,2.69256,-3.90712
72,-0.246719,-0.0279534,1.77369,-2.55199
570,-0.373508,-0.0640411,2.47805,-3.67676
608,-0.436477,0.0572739,2.6161,-3.73943
1159,-0.415198,0.00111984,2.75824,-3.90022
1526,-0.519982,-0.10646,2.94272,-4.21644
797,-0.448792,0.0388068,2.67875,-3.85617
1470,-0.502441,-0.108943,2.71579,-3.9067
160,-0.261483,-0.135716,1.68464,-2.55026
118,-0.473059,-0.222999,2.24401,-3.46608
1277,-0.528473,-0.0378031,2.93537,-4.15096
652,-0.43618,-0.0880714,2.82313,-4.14302
1610,-0.246845,-0.208988,2.95158,-4.12839
495,-0.360949,-0.00244909,2.59491,-3.76985
205,-0.162271,0.00208867,1.41973,-2.2642
107,-0.532026,-0.0689024,2.37515,-3.60274
445,-0.654848,-0.26841,2.8293,-4.44637
433,-0.673061,-0.233869,2.8588,-4.40169
1140,-0.624615,-0.216392,2.82565,-4.3961
422,-0.463781,-0.168069,2.33573,-3.62742
602,-0.321193,-0.0738438,3.00771,-4.28288
958,-0.272651,-0.161627,3.12481,-4.34746
1442,-0.209246,-0.179127,3.19808,-4.44715
1081,-0.441643,-0.0350507,2.45258,-3.69952
1482,-0.533553,0.0425695,3.20909,-4.54888
1322,-0.671224,0.142285,3.19456,-4.61755
1323,-0.474684,0.0758529,2.93003,-4.05942
1628,-0.438123,0.0168222,2.68853,-3.85325
703,-0.387767,-0.42027,2.99009,-4.56603
972,-0.508159,-0.149617,2.76739,-4.03686
971,-0.545693,-0.268757,3.08252,-4.58454
430,-0.155749,-0.228912,2.63083,-3.77782
1662,-0.459423,-0.202676,2.60025,-3.85106
717,-0.439001,-0.0630044,2.67367,-3.91872
668,-0.479532,-0.207461,2.64004,-4.04712
1511,-0.129348,-0.221932,2.93544,-4.17488
316,-0.253992,-0.00581565,1.62577,-2.41115
559,-0.499696,-0.271977,2.99614,-4.45982
485,-0.506609,-0.226152,2.77399,-4.11578
1157,-0.56916,-0.212704,2.69827,-3.94396
1288,-0.477603,0.04049,2.67002,-3.78602
1565,-0.478565,-0.156892,2.609,-3.90803
571,-0.303917,-0.304518,3.19262,-4.51791
1410,-0.461356,-0.021728,2.53661,-3.67973
20,-0.432549,-0.174907,2.634,-3.92453
580,-0.389943,-0.178412,2.71925,-4.0529
1766,-0.378273,-0.281072,2.72585,-4.05079
447,-0.60283,-0.214023,2.77061,-4.25856
406,-0.585016,-0.165208,2.84854,-4.34648
650,-0.529245,-0.0284437,3.02483,-4.34837
1152,-0.318335,-0.00678523,3.09812,-4.38816
187,-0.132697,-0.305042,1.89139,-2.85846
516,-0.538559,-0.183277,2.8504,-4.19422
659,-0.200416,-0.257932,3.33764,-4.58565
340,-0.109996,-0.218001,2.7989,-3.8701
299,-0.546009,-0.234077,2.45449,-3.76327
678,-0.40083,-0.425161,3.06832,-4.51336
1348,-0.324836,-0.158369,3.26751,-4.55925
1220,-0.48458,0.0848322,2.84006,-4.13107
464,-0.198658,-0.0120985,2.11896,-2.89196
463,-0.163628,0.0679392,2.04353,-2.83522
338,-0.602236,-0.209411,2.72631,-4.16911
1175,-0.449798,0.0492922,2.75885,-3.85852
813,-0.593142,0.00491945,3.07478,-4.39594
14,-0.544109,-0.143215,2.37671,-3.70583
230,-0.451321,0.133942,2.741,-3.91213
1711,-0.477303,0.142449,2.86379,-4.0504
256,-0.589514,-0.230717,3.08414,-4.63432
300,-0.347505,-0.196408,2.22101,-3.31107
912,-0.424718,-0.0784839,2.71759,-3.94145
9,-0.437355,0.147286,1.31493,-2.01561
1101,-0.345968,-0.280245,2.62264,-3.92965
1790,-0.439299,0.000761288,2.5027,-3.58782
46,-0.300263,0.0898191,2.1872,-3.12638
51,-0.485936,1.70203e-05,2.34144,-3.72602
566,-0.282496,-0.0177652,2.66911,-3.86417
198,-0.534057,-0.256198,2.54066,-3.83652
716,-0.247312,-0.276754,2.78093,-3.99205
1341,-0.383038,-0.00562986,2.67011,-3.92743
768,-0.335192,-0.0416993,2.62233,-3.69158
417,-0.34404,0.138727,2.05984,-2.91233
1113,-0.692924,-0.00153846,2.80216,-4.14168
96,-0.456741,0.123275,2.27958,-3.29906
210,-0.324376,0.218186,2.10253,-2.97277
640,-0.505997,0.0248619,2.94556,-4.16692
950,-0.379463,0.0432461,2.75523,-3.95989
497,-0.370728,-0.0353152,2.64989,-3.73261
419,-0.526066,-0.135899,2.77047,-4.20757
1240,-0.588452,-0.216185,2.98374,-4.38499
4,-0.409062,-0.279928,2.52351,-3.88103
1458,-0.655883,0.1105,2.72886,-4.0096
1735,-0.385469,-0.13872,2.65108,-3.86643
454,-0.331102,-0.0603143,1.8612,-2.9521
176,-0.277598,-0.116014,2.37279,-3.47502
307,-0.246911,-0.201097,2.46984,-3.60977
44,-0.289225,-0.0230412,1.25636,-1.75111
98,-0.181619,-0.033745,1.15074,-1.62525
563,-0.382691,-0.0461254,2.7002,-3.79372
171,-0.209754,-0.00732456,1.36757,-2.0332
7,-0.139724,-0.192456,1.94954,-2.78205
279,-0.153717,-0.213876,2.0698,-3.13729
123,-0.631409,-0.187684,2.69752,-4.26093
281,-0.40907,0.0193652,2.50181,-3.56963
1698,-0.449646,-0.0450239,3.03209,-4.51441
376,-0.180188,0.156015,2.1474,-3.20678
126,-0.409942,-0.228241,2.2073,-3.43286
312,-0.108231,-0.112498,1.92925,-2.7143
231,-0.31316,-0.104938,2.20392,-3.14132
655,-0.360832,0.00179374,2.57907,-3.66726
262,-0.358394,-0.0343339,1.80336,-2.67297
1349,-0.260324,-0.156931,3.12648,-4.38597
1378,-0.375076,-0.377854,2.44396,-3.89627
824,-0.44244,-0.0899976,2.41609,-3.50475
700,-0.370849,-0.105626,2.65965,-3.79001
1535,-0.446496,0.0294477,2.77566,-3.98991
185,-0.24008,-0.17132,1.89116,-2.7636
1727,-0.44063,-0.185481,2.70429,-3.98794
57,-0.389353,-0.0401372,2.11683,-3.13517
583,-0.276924,-0.0461875,2.27949,-3.21233
88,-0.280276,-0.0247403,1.9162,-2.83454
1133,-0.503047,-0.088631,2.57267,-3.74388
1309,-0.35573,-0.321935,2.76352,-4.02797
251,-0.206976,-0.0415509,2.07815,-3.14975
1375,-0.336349,0.136161,2.73688,-3.83934
334,-0.171715,-0.0695782,1.73611,-2.53142
968,-0.412226,0.16998,2.70855,-4.07629
616,-0.490088,-0.168728,2.72323,-3.99197
212,-0.334431,0.175106,1.57429,-2.23055
771,-0.443216,-0.260796,2.69559,-4.04619
142,-0.256289,-0.099588,2.46217,-3.52811
143,-0.218747,-0.207752,2.38385,-3.39916
130,-0.476279,-0.220887,2.29298,-3.5952
1212,-0.21702,-0.0815357,2.62071,-3.92012
739,-0.226061,-0.0541212,2.52034,-3.72036
204,-0.17202,-0.117942,2.11838,-3.02444
356,-0.44613,-0.172593,2.44203,-3.76429
1454,-0.454766,-0.0292447,2.61484,-3.78878
27,-0.15038,-0.115331,2.30555,-3.48718
740,-0.456451,-0.0301138,2.5688,-3.71202
410,-0.488697,-0.307643,2.35877,-3.65117
1250,-0.482811,-0.133143,2.46639,-3.66662
278,-0.551484,-0.0857088,2.71847,-4.09495
320,-0.223592,-0.0786418,1.66465,-2.3471
1007,-0.513032,-0.173303,2.68409,-3.96168
470,-0.557957,-0.123204,4.80967,-7.43788
478,-0.457954,-0.0177165,4.1369,-6.32824
45,-0.352693,-0.0842654,1.90026,-2.83236
894,-0.277149,-0.232099,2.99252,-4.28894
128,-0.604879,-0.0225651,2.44975,-3.63526
573,-0.63256,-0.0677333,2.68953,-3.99176
1042,-0.348125,-0.112347,2.77664,-3.95995
933,-0.491057,-0.206013,2.75573,-4.12146
103,-0.273662,0.0711479,1.96793,-2.90451
21,-0.168247,0.0657577,1.55675,-2.69535
13,-0.351214,-0.0114026,1.99672,-2.88433
851,-0.40622,0.0617459,2.47231,-3.56742
396,-0.259886,-0.0204901,1.45554,-2.26712
170,-0.212751,-0.163772,1.69627,-2.4772
175,-0.115501,-0.134895,1.65058,-2.41856
183,-0.169786,-0.170077,2.175,-3.05663
1447,-0.382591,0.0627996,2.77833,-3.87678
18,-0.29541,0.018633,1.96872,-2.7352
710,-0.479582,0.0363355,2.7527,-3.94396
1023,-0.446842,-0.147836,2.64938,-3.8565
379,-0.261944,-0.101469,1.8632,-2.66315
331,-0.180469,-0.0821751,1.91484,-3.00152
1534,-0.44457,-0.027119,2.70736,-3.73316
196,-0.398851,0.225242,2.21952,-3.14921
452,-0.427092,0.139662,2.74961,-3.75477
35,-0.154688,-0.251764,2.43209,-3.40368
352,-0.25452,-0.097886,2.38323,-3.47057
158,-0.368469,0.148836,1.7815,-2.99091
511,-0.532559,-0.173197,2.75011,-4.08386
663,-0.358233,0.00885924,2.60854,-3.71628
467,-0.261753,-0.0910988,1.73195,-2.79124
199,-0.223721,-0.111287,1.98974,-2.81222
799,-0.463569,0.054816,2.60217,-3.98327
49,-0.313312,-0.0309415,1.81183,-2.69998
399,-0.209738,0.0149951,1.69402,-2.51664
468,-0.222747,-0.103128,1.52818,-2.23214
283,-0.289895,-0.0424331,1.46469,-2.12297
335,-0.315043,-0.00180001,2.49361,-3.74183
1310,-0.425251,-0.212002,2.67497,-3.8647
911,-0.207692,-0.379937,2.66551,-4.012
6,-0.287996,0.0438723,1.93241,-2.72885
302,-0.516314,-0.251567,2.51637,-3.88222
598,-0.455492,-0.0461265,2.48306,-3.67855
3,-0.1317,0.152806,2.28522,-3.22758
675,-0.266765,0.0250162,2.81241,-3.8372
747,-0.454897,-0.027782,2.45826,-3.56719
966,-0.476537,-0.198398,2.69487,-3.86981
122,-0.295223,0.0551355,1.63424,-2.54168
428,-0.445423,0.23675,2.66838,-3.65212
31,-0.186758,-0.113517,1.98188,-2.93342
1429,-0.361771,-0.0588264,2.67191,-3.86882
5,-0.306588,0.0503269,2.23258,-3.17484
1297,-0.52633,-0.17115,2.58683,-3.90826
12,-0.119001,-0.0739703,1.81529,-3.03449
325,-0.508986,-0.152575,2.35319,-3.68711
453,-0.373603,0.104367,1.97883,-2.91949
76,-0.315335,-0.028546,1.81773,-2.71499
702,-0.544207,-0.108673,2.72716,-4.08419
2,-0.23951,-0.0777502,1.82533,-2.6513
394,-0.440357,-0.225389,2.4397,-3.79208
429,-0.345706,0.0712785,1.72777,-2.65757
1156,-0.415915,-0.0766768,2.63925,-3.77037
885,-0.3763,-0.0961304,2.65302,-3.73414
825,-0.438215,-0.05787,2.51314,-3.54602
228,-0.616124,0.323642,3.01702,-4.10161
630,-0.295837,-0.0490572,2.60199,-3.56382
1252,-0.48377,-0.11018,2.72697,-4.00366
1424,-0.400596,0.0340254,2.61852,-3.77135
131,-0.119575,-0.00070758,1.3513,-1.85363
693,-0.414775,-0.0337709,2.37769,-3.44053
574,-0.391119,-0.0814001,2.56512,-3.66991
172,-0.275159,0.0798244,2.25301,-3.04803
115,-0.464824,0.235882,2.79641,-3.89527
287,-0.315386,0.0486172,1.75501,-2.62049
1550,-0.451888,-0.0532623,2.67349,-3.95394
174,-0.386612,0.101658,2.93757,-4.04279
90,-0.29877,0.149585,1.64552,-2.30011
707,-0.435953,-0.0867228,2.60221,-3.77223
507,-0.455666,-0.0298527,2.59931,-3.66573
104,-0.172248,-0.101993,1.45047,-2.2185
25,-0.145874,-0.152135,2.17047,-3.03579
653,-0.429133,-0.175333,2.64762,-3.92849
432,-0.440707,0.0568547,2.29205,-3.25393
715,-0.425118,0.057377,2.00986,-2.87397
233,-0.147971,-0.266218,2.5927,-3.65671
144,-0.490767,-0.0923233,2.34967,-3.50732
434,-0.27162,0.0654149,2.39292,-3.33644
1365,-0.336216,-0.230292,2.70477,-3.87965
1002,-0.448744,-0.029761,2.6718,-3.82207
200,-0.207382,-0.222477,2.63853,-3.78994
388,-0.384799,-0.165335,2.16381,-3.17038
576,-0.553299,-0.0807943,2.50303,-3.73585
168,-0.239342,-0.191321,2.02255,-2.91571
353,-0.372297,-0.305731,1.87894,-2.96608
1448,-0.290859,-0.104953,2.41915,-3.44007
157,-0.301842,0.0508758,1.82603,-2.61282
1261,-0.331386,-0.131133,2.34891,-3.44697
868,-0.426749,-0.202,2.53333,-3.70251
288,-0.304909,-0.0223456,1.70606,-2.41073
499,-0.30307,-0.152238,2.27619,-3.39289
55,-0.204354,-0.157229,1.84071,-2.66601
110,-0.383493,0.170319,2.2225,-3.32378
41,-0.410289,0.0955122,2.31096,-3.1961
152,-0.370183,0.0955217,2.045,-2.91443
317,-0.272275,0.101988,1.58403,-2.24123
52,-0.108435,-0.116048,1.90394,-2.65585
1,-0.185195,0.0607517,2.02891,-2.75187
234,-0.116017,-0.181158,1.8073,-2.65712
116,-0.364901,-0.00623057,1.86722,-2.7567
362,-0.594995,-0.00165987,2.515,-3.72773
23,-0.159578,-0.0122563,1.42557,-2.20152
800,-0.43169,-0.0456168,2.18878,-3.23851
86,-0.273013,0.133627,1.90118,-3.01898
313,-0.299462,0.104223,1.23259,-2.03198
67,-0.253566,0.0276987,1.82843,-2.6603
166,-0.349672,0.0912843,2.01272,-2.87081
918,-0.52992,-0.186157,2.68588,-4.02716
1128,-0.438503,0.0538409,2.60413,-3.76091
595,-0.401793,0.0105483,2.21636,-3.21385
762,-0.40012,-0.0722084,2.46091,-3.58266
443,-0.256702,0.0766687,2.54072,-3.54646
1043,-0.46715,-0.0061091,2.61258,-3.77649
92,-0.371102,0.110907,1.86849,-2.83891
89,-0.322043,0.0797037,1.55671,-2.18026
64,-0.10568,-0.210389,2.3471,-3.55842
132,-0.394133,0.168603,2.28434,-3.32028
1373,-0.416229,-0.114794,2.65264,-3.95259
321,-0.32714,-0.0410685,1.99746,-3.07789
393,-0.28472,-0.133768,1.67432,-2.65667
347,-0.242467,0.111509,1.68863,-2.37465
332,-0.121906,0.00153809,1.36659,-2.1909
319,-0.247701,-0.0864302,2.35101,-3.34298
603,-0.350276,0.021841,2.23351,-3.18587
280,-0.136014,-0.111659,1.5694,-2.38561
411,-0.326569,0.118585,1.84999,-2.79933
56,-0.467957,0.199055,2.07698,-3.121
34,-0.278864,0.178876,1.38684,-2.24572
530,-0.367313,-0.0394255,2.6162,-3.72526
440,-0.219276,-0.107037,1.46608,-2.19267
193,-0.266122,-0.151389,1.80773,-2.69006
10,-0.233829,-0.132401,1.37104,-2.29712
181,-0.18178,0.0223769,0.92058,-1.72168
361,-0.254263,-0.211375,2.48247,-3.51804
17,-0.277695,-0.0579681,1.80374,-2.74215
1270,-0.454179,-0.00279457,2.59413,-3.76244
469,-0.531852,-0.363455,4.92222,-7.31687
477,-0.44591,-0.315838,4.26303,-6.2969
93,-0.301263,0.0938437,1.50856,-2.31947
314,-0.432062,0.108919,2.54008,-3.49559
709,-0.475383,-0.193377,2.65333,-3.99159
109,-0.187151,-0.0680892,1.70546,-2.40828
167,-0.205513,-0.248017,2.14209,-3.08398
217,-0.400001,0.100155,1.97482,-2.69472
82,-0.510703,-0.215265,2.47096,-3.83153
74,-0.292532,-0.037429,1.69309,-2.52343
389,-0.356098,0.204469,1.59938,-2.30971
8,-0.301584,-0.00787812,1.79588,-2.6324
373,-0.369502,-0.0196457,1.51709,-2.28828
358,-0.469566,-0.210741,2.25418,-3.44187
180,-0.264491,-0.047327,1.26713,-1.88761
1248,-0.334375,-0.0987113,2.39819,-3.56103
412,-0.357509,0.0441932,1.67426,-2.46589
53,-0.214205,0.00160711,1.79388,-2.55145
133,-0.231834,0.0813268,1.53775,-2.22983
33,-0.436686,0.210089,1.6921,-2.86768
75,-0.404043,0.0452614,1.85246,-2.76594
62,-0.239739,-0.0731391,1.45375,-2.17245
330,-0.291086,-0.353136,2.10093,-3.30975
1590,-0.495504,-0.104312,2.87408,-4.11634
265,-0.159459,-0.13099,1.45658,-2.21775
442,-0.0913935,-0.0973113,1.5186,-2.20541
77,-0.156081,0.00376885,1.32417,-1.90366
134,-0.338329,0.369815,0.99554,-1.63059

