1499,0.763067,0.144223,-1.39709,-5.40237
1381,0.893001,0.110303,-1.63638,-5.94093
1497,0.881649,0.15736,-1.50886,-5.72751
1498,0.851539,0.0829644,-1.56384,-5.77869
1813,0.997475,0.250424,-1.89387,-7.16507
1104,0.676739,0.254627,-1.41324,-5.76118
1704,0.631786,0.313928,-1.22949,-5.131
1787,0.775164,0.532531,-1.80143,-7.57099
471,0.51526,0.413568,-1.39086,-5.83551
242,0.725887,0.337205,-1.57231,-6.10391
612,0.730038,0.333734,-1.5096,-6.25814
1767,0.931706,0.44525,-1.76773,-7.51367
774,1.09441,0.113755,-1.67688,-6.75773
1047,0.697923,0.186692,-1.34464,-4.8202
1523,0.752311,0.23122,-1.52138,-5.61227
837,0.981969,0.175385,-1.77213,-6.18277
154,0.792141,0.0906882,-1.55951,-5.22053
692,0.7999,0.381271,-1.5336,-6.11675
779,0.679691,0.418242,-1.71552,-6.03269
1617,0.625612,0.389263,-1.60099,-5.73785
1618,0.666013,0.395872,-1.50762,-5.9503
1183,0.663027,0.336733,-1.51329,-5.96729
99,0.610543,0.352478,-1.4576,-5.72609
192,0.765144,0.39372,-1.59956,-6.17576
606,0.590527,0.4297,-1.50197,-6.15828
1746,0.852396,0.507712,-1.82648,-7.23763
1439,0.602124,0.44239,-1.53337,-6.19946
1753,0.738983,0.462708,-1.7344,-6.89354
1762,0.681435,0.161755,-1.81792,-6.14226
1549,1.01481,0.122701,-1.88874,-6.62926
480,0.990802,0.176337,-1.68171,-6.16741
838,0.950734,0.130492,-1.73599,-6.21066
1062,0.691629,0.335992,-1.5549,-6.18526
867,0.767154,0.495439,-1.69475,-6.7884
1015,0.579291,0.24688,-1.46112,-4.8875
110,0.362025,-0.00645042,-0.923174,-3.09905
1684,0.618539,0.23945,-1.62072,-5.45816
715,0.361986,0.165514,-0.847977,-2.9672
641,0.807249,0.267555,-1.77894,-6.1376
632,0.824545,0.247854,-1.68267,-5.90631
1654,0.803248,0.23246,-1.50877,-5.77646
1379,0.761718,0.280292,-1.66242,-6.13919
1550,0.688428,0.279597,-1.46313,-5.08211
1557,0.587368,0.146213,-1.45546,-5.24389
629,0.616687,0.268264,-1.48492,-5.18009
1569,0.851595,0.199723,-1.7756,-5.9069
1398,0.827388,0.195091,-1.55359,-5.58453
720,0.820006,0.187313,-1.73366,-5.78297
916,0.804035,0.273152,-1.30392,-6.05473
917,0.987715,0.200165,-1.62177,-6.23809
1730,0.64399,0.221374,-1.55722,-5.34496
1734,0.76214,0.364561,-1.86939,-6.32762
1050,0.485496,0.379494,-1.40023,-4.84499
1453,0.504311,0.29855,-1.69223,-5.50388
1729,0.798499,0.417536,-2.05448,-6.60841
490,0.669213,0.299696,-1.91342,-6.0604
586,0.594864,0.421242,-2.04788,-6.29458
884,0.643467,0.44087,-2.19464,-6.61064
1020,0.847579,0.0649426,-1.52214,-5.30624
615,0.707701,0.128617,-1.82192,-5.96544
1533,0.613524,0.205606,-1.9789,-6.34848
777,0.674376,0.310902,-1.96071,-6.0422
1130,0.623037,0.333234,-1.76063,-5.45125
805,0.626306,0.31653,-1.95232,-6.19071
1638,0.590383,0.270222,-1.3966,-5.65824
986,0.684155,0.391304,-1.69347,-6.43642
638,1.01428,0.122102,-1.51151,-6.18615
496,0.748083,0.0645717,-1.94193,-5.87767
728,0.860049,0.342616,-1.939,-6.46838
932,0.71052,0.267795,-1.69365,-5.7185
930,0.607208,0.293189,-1.69894,-5.84197
1216,0.716896,0.369808,-1.48812,-5.90275
459,0.652334,0.378097,-1.41919,-5.88139
451,0.661283,0.342996,-1.51378,-6.01987
931,0.638992,0.420861,-1.55115,-6.15631
756,0.723081,0.304371,-1.57486,-5.92446
315,0.655138,0.356679,-1.42919,-6.23687
1147,0.538153,0.368182,-1.24766,-5.46468
466,0.641118,0.405501,-1.53509,-6.29809
1236,0.628104,0.46658,-1.58242,-6.22232
1105,0.735227,0.420973,-1.63427,-6.7675
1179,0.56421,0.357483,-1.23322,-5.30032
165,0.580866,0.430877,-1.3576,-5.94036
706,0.552122,0.366045,-1.39601,-5.42024
647,0.749045,0.37804,-1.48418,-6.11829
306,0.651145,0.392047,-1.50581,-6.2188
270,0.595229,0.47179,-1.49362,-6.21003
1082,0.63486,0.546167,-1.49001,-6.28312
844,0.738681,0.175495,-1.43716,-5.50748
1797,0.83416,0.253753,-1.70175,-6.08813
1102,0.671517,0.102563,-1.50279,-5.55635
804,0.882293,0.163858,-1.68948,-5.73308
847,0.835448,0.158669,-1.76029,-5.89367
1345,0.816774,0.189394,-1.63427,-5.8836
656,0.750508,0.36312,-1.59081,-5.99902
492,0.663328,0.46096,-1.46316,-6.36764
1150,0.779988,0.524248,-1.73655,-6.90675
1582,0.944705,0.188043,-1.74439,-6.47873
1728,0.818418,0.107279,-1.4075,-5.17992
826,0.721838,0.146115,-1.44634,-5.22535
221,0.448793,0.111406,-0.999528,-3.51996
646,0.948575,0.18256,-1.79022,-6.37086
1025,0.902267,0.218387,-1.68156,-5.99996
775,0.843973,0.188203,-1.6564,-6.0611
785,0.833357,0.280146,-1.62533,-6.13239
1064,0.894253,0.310659,-1.53265,-6.4978
971,0.727867,0.346507,-1.56667,-6.17988
71,0.511722,0.257924,-1.10186,-4.59294
141,0.604791,0.362119,-1.53233,-6.18663
1649,0.618907,0.34421,-1.34834,-5.44381
935,0.685138,0.415788,-1.47681,-5.98682
721,0.658359,0.27977,-1.46024,-5.15146
1158,0.776725,0.138605,-1.98625,-6.02622
1506,0.903044,0.324861,-1.9911,-6.47704
1505,0.936264,0.317411,-1.96768,-6.34654
1293,0.855469,0.186028,-1.68569,-5.86021
817,0.892505,0.211609,-1.62131,-5.86228
1181,0.770977,0.304359,-1.47192,-5.75653
70,0.680497,0.24349,-1.51325,-5.75479
959,0.675736,0.288635,-1.5553,-5.93823
528,0.673741,0.388249,-1.52951,-6.29937
1484,0.607473,0.284649,-1.56332,-5.52666
1629,0.668067,0.502031,-2.19707,-6.84543
676,0.615583,0.219026,-1.54497,-5.10728
1226,0.698425,0.298128,-1.763,-6.10994
1425,0.771597,0.240313,-1.81888,-6.05516
1059,0.668993,0.213059,-1.5314,-4.9385
376,0.536055,0.13404,-1.2565,-3.84802
840,0.880081,0.269987,-2.17681,-6.72907
1057,0.836402,0.257949,-2.17864,-6.59949
521,0.833152,0.21975,-1.79988,-5.75789
1804,0.837085,0.225822,-1.73558,-5.71121
1472,0.661581,0.235519,-1.63836,-5.86371
394,0.465981,0.237412,-1.14063,-4.59991
1473,0.584673,0.266965,-1.3492,-5.14418
349,0.650318,0.409286,-1.45587,-6.02209
1204,0.695795,0.173545,-1.41914,-6.40559
876,0.582833,0.490716,-1.55615,-5.88851
875,0.594856,0.489947,-1.58142,-6.00936
1182,0.700634,0.365461,-1.45683,-5.96094
1561,0.724568,0.384422,-1.50627,-5.94819
1264,0.510185,0.165198,-1.5459,-5.277
675,0.435512,0.0988643,-1.43094,-4.75117
626,0.832182,0.322917,-2.32863,-6.7597
839,0.833111,0.212184,-2.10407,-6.35143
1720,0.903836,0.198359,-1.79568,-6.11726
993,0.575963,0.290213,-1.36927,-5.23879
997,0.578648,0.408985,-1.52176,-6.23325
996,0.656522,0.563115,-1.70775,-6.77168
793,0.898009,0.263649,-1.89242,-6.36053
1755,0.842091,0.262384,-1.89955,-6.28179
1756,0.783152,0.173581,-1.93349,-6.0625
798,0.726769,0.248458,-1.4733,-5.37042
1214,0.702076,0.257949,-1.46957,-5.53825
1467,0.69581,0.345423,-1.57376,-6.12429
14,0.474167,0.267385,-1.00506,-4.30154
1143,0.659452,0.426646,-1.49475,-6.17132
1581,0.671142,0.486591,-1.59826,-6.44919
1208,0.659587,0.425325,-1.50431,-5.87335
1262,0.750383,0.169047,-1.69872,-5.54109
941,0.939665,0.218716,-2.039,-6.42455
1069,0.885525,0.194793,-1.88985,-5.9778
1071,0.92407,0.208864,-1.77338,-6.02326
1466,0.979898,0.192237,-1.87326,-6.17092
1332,0.897158,0.227469,-1.6924,-5.8438
733,0.777646,0.267866,-1.51176,-5.86987
1037,0.686527,0.350337,-1.52068,-5.95362
191,0.599863,0.371466,-1.40959,-5.97079
450,0.580989,0.303059,-1.35955,-5.70495
1559,0.694815,0.371844,-1.50164,-5.85263
854,0.870634,0.22139,-1.50248,-6.08098
1796,0.906351,0.292235,-1.55098,-6.5292
1222,0.883185,0.150155,-1.78275,-5.81379
1502,0.731813,0.215822,-1.58946,-5.41526
195,0.37066,0.0975748,-1.02428,-3.69549
182,0.398637,0.0396171,-0.985696,-3.50432
661,0.647053,0.299974,-2.23466,-6.66891
1465,0.787147,0.350337,-1.94077,-6.38644
686,0.889502,0.211342,-1.55642,-6.11215
687,0.907642,0.229046,-1.58804,-6.24347
1241,0.876965,0.245703,-1.54045,-6.03871
510,0.732673,0.369707,-1.50248,-6.00494
114,0.584153,0.479146,-1.40782,-6.10053
540,0.662635,0.575223,-1.74008,-6.71284
39,0.562124,0.412677,-1.4411,-6.19696
310,0.689816,0.36134,-1.49647,-6.25786
558,0.664902,0.296505,-1.28144,-5.48922
145,0.666777,0.242521,-1.46009,-6.34338
1070,0.880858,0.181406,-1.84939,-6.12748
546,0.527955,0.287457,-1.28141,-5.47146
428,0.714265,-0.0129701,-1.43207,-5.0053
1749,1.08776,0.199301,-1.88379,-6.6247
1750,1.05921,0.173522,-1.93321,-6.47049
1066,0.960512,0.170235,-1.68844,-6.15704
760,0.903454,0.154168,-1.75455,-6.10906
914,1.0198,0.202732,-1.51058,-6.45455
921,0.566593,0.35351,-1.35911,-5.77519
904,0.88954,0.194732,-1.53651,-5.70359
1386,0.832538,0.24987,-1.56848,-6.21946
1359,0.864502,0.201903,-1.54911,-5.76795
1360,0.617662,0.306229,-1.43007,-5.73403
226,0.628003,0.341105,-1.34899,-5.50916
382,0.616715,0.405475,-1.49954,-5.92632
1665,0.896118,0.0174436,-1.55913,-5.70551
45,0.534407,0.0947153,-1.16684,-4.0796
1410,0.718562,0.211259,-1.46753,-5.27789
1769,0.846984,0.319584,-3.35117,-12.373
474,1.0858,0.190969,-3.39219,-12.4682
5,0.546337,0.183924,-1.31406,-4.36437
1377,0.638629,0.402698,-1.86572,-6.06339
1376,0.626371,0.265977,-1.6343,-5.55502
124,0.59535,0.286036,-1.49164,-5.93085
1202,0.734845,0.298962,-1.61977,-5.97239
439,0.694391,0.235236,-1.40529,-6.18329
438,0.699497,0.287325,-1.34999,-5.64977
763,0.858189,0.275309,-1.37431,-5.96557
1509,1.02283,0.167069,-1.6745,-6.49291
367,0.733551,0.0435555,-1.21107,-4.55898
1765,1.04408,0.229769,-1.84121,-6.79741
1308,0.998053,0.209864,-1.66094,-6.43973
503,0.769853,0.317952,-2.01104,-6.05178
1697,0.789723,0.369296,-1.93761,-6.0707
1080,0.939301,0.191206,-2.07621,-6.47413
228,0.796914,0.184895,-1.68445,-5.17925
1170,0.870098,0.197252,-1.92262,-6.24237
1171,0.976393,0.156057,-1.93183,-6.41348
1773,0.880906,0.238252,-1.59907,-6.03883
725,0.753728,0.216844,-1.48807,-5.84839
652,0.702741,0.26315,-1.3584,-5.34497
1522,0.828779,0.172736,-1.56995,-5.8851
888,0.918991,0.157691,-1.641,-6.07533
1128,0.468361,0.272785,-1.53047,-4.87728
1670,0.860085,0.29294,-1.82896,-6.48173
1404,0.802096,0.246215,-2.09634,-6.40433
1132,0.840727,0.18585,-1.60614,-5.56425
938,0.908375,0.201575,-1.519,-5.83707
1594,0.614513,0.222795,-1.42685,-5.02641
566,0.616166,0.300952,-1.59759,-5.32683
128,0.543938,0.282724,-1.15387,-4.66023
462,0.534523,0.455101,-1.43487,-6.00319
351,0.594712,0.399695,-1.44059,-6.04349
977,0.544198,0.314506,-1.24429,-5.28337
342,0.629502,0.372867,-1.42742,-5.47524
515,0.675564,0.437886,-1.41899,-6.01537
243,0.704991,0.39263,-1.49413,-6.10039
617,0.910785,0.209443,-1.52148,-5.79548
1441,0.653749,0.199267,-1.45107,-4.90798
561,0.638276,0.399688,-1.53119,-5.92558
301,0.731077,0.247301,-1.38845,-5.88846
311,0.627938,0.348835,-1.60656,-6.26505
163,0.638041,0.333549,-1.31784,-5.61453
512,0.702965,0.347672,-1.50597,-5.9284
619,0.618041,0.346344,-1.35091,-5.59953
461,0.609035,0.393931,-1.58645,-6.09561
567,0.665064,0.457103,-1.47369,-6.4484
1754,0.70407,0.438895,-1.48621,-6.20218
912,0.617741,0.329783,-1.35515,-5.7219
1745,0.579776,0.389715,-1.39215,-5.75795
1406,0.742055,0.437354,-1.83892,-6.75993
1161,0.630915,0.498306,-1.74486,-6.08891
1806,0.902747,0.306216,-1.79825,-6.26633
1808,0.862502,0.166148,-1.85524,-5.98839
1807,0.873863,0.24278,-1.81885,-6.23997
1315,0.860168,0.332467,-1.8836,-6.5409
1801,0.830242,0.231749,-1.68988,-6.14349
1802,0.842256,0.142591,-1.7875,-6.18028
1803,0.872985,0.0764241,-1.65209,-5.76137
69,0.696114,0.152386,-1.33212,-4.64759
250,0.654456,0.174835,-1.57212,-5.11928
1149,0.810739,0.318728,-1.87716,-6.10683
1722,0.743965,0.284371,-1.83578,-6.15277
1109,0.791848,0.232351,-1.71294,-6.09968
1296,0.770895,0.296717,-1.66789,-5.96572
1702,0.785075,0.162708,-1.73443,-5.90087
979,0.756071,0.266274,-1.73618,-5.82663
658,0.912109,0.240207,-1.63191,-5.85291
868,0.624882,0.270153,-1.21415,-4.9453
1524,0.762537,0.495629,-1.73632,-6.90738
1469,0.622484,0.295682,-1.36237,-5.18996
148,0.663366,0.392085,-1.44797,-6.01156
435,0.639588,0.354652,-1.431,-5.61844
147,0.646126,0.346396,-1.47946,-6.08339
1516,0.705617,0.309598,-1.93858,-6.15065
1517,0.647347,0.305817,-1.88179,-5.86426
1518,0.691771,0.295976,-1.93741,-6.18646
978,0.707462,0.188274,-1.42717,-5.09314
502,0.73652,0.312436,-1.46088,-6.08211
821,0.623292,0.436607,-1.50612,-6.4111
1699,0.643771,0.513049,-1.64289,-6.45947
1211,0.606525,0.253041,-1.42342,-5.27958
1616,0.654063,0.33121,-1.39964,-5.76629
1417,0.8193,0.210468,-1.76519,-6.23527
1416,0.70225,0.0654889,-1.6651,-5.69018
870,0.614971,0.255967,-1.33203,-5.30277
404,0.573733,0.41299,-1.41825,-6.06752
113,0.612093,0.448517,-1.48021,-6.29845
271,0.572432,0.42151,-1.45059,-6.15005
419,0.602114,0.374419,-1.39485,-5.75241
1346,0.650797,0.347203,-1.47187,-5.71599
425,0.674808,0.242695,-1.47031,-5.8256
995,0.841821,0.184379,-1.64069,-5.85038
319,0.476938,0.0762616,-1.12855,-4.14415
320,0.357514,0.0859023,-0.850704,-3.05045
1563,0.733537,0.264275,-1.77694,-6.12952
1408,0.836059,0.175796,-1.90996,-6.26917
994,0.894557,0.287502,-1.91429,-6.28393
1027,0.902163,0.193556,-2.09978,-6.40107
989,0.884768,0.187922,-1.95393,-5.99682
1129,0.889579,0.232454,-2.00024,-6.12146
988,0.801026,0.194378,-1.86546,-5.72686
1476,0.57896,0.193736,-1.5461,-5.22052
1440,0.7773,0.106304,-1.88249,-6.32115
903,0.925538,0.154595,-1.65029,-6.07111
1053,0.848765,0.183254,-1.76128,-6.04151
1134,0.911588,0.206998,-1.69861,-6.17738
727,0.968613,0.196038,-1.66603,-6.11681
1140,0.729277,0.309782,-1.48652,-5.94867
445,0.620111,0.404425,-1.34619,-5.58544
1139,0.735255,0.382933,-1.43701,-5.89591
446,0.521965,0.340048,-1.53115,-6.35418
568,0.616153,0.510147,-1.54524,-6.27334
472,0.562125,0.526222,-1.53413,-6.31262
1380,0.791072,0.471315,-1.89363,-7.05767
991,0.707376,0.103476,-1.47563,-5.13189
1340,0.767742,0.245232,-1.60939,-5.93563
1636,0.735105,0.2594,-1.57717,-5.8822
1457,0.728198,0.425241,-1.78382,-6.9863
1000,0.795918,0.244955,-1.98812,-6.13939
1189,0.547257,0.28075,-1.41289,-4.84461
1695,0.702235,0.468874,-2.09787,-6.86837
1035,0.658923,0.461961,-2.06049,-6.69205
1356,0.573591,0.561674,-2.32923,-6.88887
599,0.626791,0.400601,-2.28231,-6.63655
628,0.574135,0.367136,-1.91423,-5.77027
543,0.615735,0.359776,-2.06972,-6.33406
239,0.592618,0.310884,-1.93737,-5.66547
489,0.668979,0.328577,-1.53445,-6.04903
1717,0.848881,0.30219,-1.6037,-6.23483
1207,0.726995,0.292284,-1.50419,-5.83986
1672,0.706307,0.401005,-1.53016,-6.2544
1209,0.648769,0.328025,-1.50371,-5.83802
1093,0.600307,0.408,-1.50937,-5.87387
1265,0.582144,0.432905,-1.44684,-6.23585
1778,0.792602,0.0732443,-1.76096,-6.01414
1019,0.974522,0.22284,-1.85723,-6.48565
1780,0.871782,0.133171,-1.82983,-6.22273
1135,0.839019,0.209805,-1.48478,-5.54836
972,0.682331,0.296711,-1.34064,-5.32503
369,0.600305,0.412781,-1.46295,-6.08964
811,0.576273,0.312572,-1.50037,-5.92401
506,0.624994,0.447312,-1.47931,-6.05346
759,0.660856,0.366066,-1.46623,-5.77978
587,0.665748,0.409524,-1.56103,-6.12283
527,0.791824,0.211248,-1.41308,-5.36216
1766,0.647653,0.129055,-1.45975,-5.23445
1322,0.884717,0.05855,-1.63154,-5.69465
1316,0.924986,0.101802,-1.68479,-6.27784
1302,0.779241,0.269958,-1.4501,-5.83234
813,0.778561,0.233299,-1.48349,-5.56331
808,0.641257,0.327141,-1.49383,-5.33008
806,0.619656,0.275915,-1.73782,-5.68821
1282,0.574112,0.265157,-1.92704,-6.22151
261,0.531548,0.302018,-1.61193,-4.90749
236,0.543169,0.0865073,-1.99904,-5.75368
987,0.533177,0.177823,-1.61057,-5.13905
518,0.894157,0.204828,-2.17576,-6.43339
274,0.643982,0.157758,-1.72745,-5.25607
712,0.878909,0.291185,-1.99772,-6.55029
1723,0.569638,0.281364,-1.48501,-5.8632
1737,0.824447,0.278252,-1.99249,-6.28517
862,0.674472,0.522911,-1.65255,-6.44994
1142,0.893943,0.200681,-1.72697,-6.12601
1141,0.822649,0.245009,-1.63312,-5.46117
583,0.653982,0.175731,-1.33,-4.46416
1438,0.826565,0.37001,-1.80753,-6.07832
497,0.657268,0.215683,-1.42737,-4.83994
1427,0.71232,0.326155,-1.44767,-5.96585
346,0.58062,0.409449,-1.44325,-6.03907
696,0.69382,0.0864448,-1.32868,-4.71319
642,0.855283,0.172572,-1.57592,-5.76557
809,0.829358,0.242541,-1.59263,-5.99502
955,0.666186,0.33939,-1.32701,-5.29324
1235,0.648824,0.493416,-1.66112,-6.72265
127,0.512117,0.27965,-1.38092,-5.62124
1225,0.581237,0.32215,-1.48583,-5.89824
1622,0.741249,0.28117,-1.62147,-5.54334
1298,0.823896,0.286817,-1.56224,-5.92964
749,0.815886,0.226154,-1.58233,-5.80133
1056,0.81277,0.307367,-2.14354,-6.40718
1275,0.72818,0.347897,-2.03313,-5.98384
1276,0.707633,0.390977,-2.03691,-6.33549
1554,0.708155,0.292217,-1.82704,-5.83354
1274,0.828827,0.35136,-1.92262,-5.93161
1273,0.693112,0.272457,-1.91146,-6.05657
1667,0.620144,-0.0904844,-1.51152,-5.28045
784,0.931765,0.218445,-1.64513,-6.19133
781,0.83047,0.245875,-1.51288,-5.95582
414,0.527816,0.266312,-1.18295,-4.73373
1489,0.580412,0.433891,-1.73287,-5.91712
778,0.724671,0.226442,-1.58526,-5.68287
970,0.621761,0.297028,-1.30693,-5.37267
969,0.619525,0.406414,-1.56849,-6.0753
253,0.418595,0.308883,-1.00099,-4.73113
296,0.436218,0.326402,-1.09811,-4.72175
533,0.581008,0.359765,-1.35026,-5.41791
257,0.620532,0.432954,-1.53555,-6.29526
129,0.553672,0.333871,-1.38696,-5.63504
1311,0.756408,0.35636,-1.71769,-5.89498
1811,0.957632,0.198451,-1.66521,-6.3548
1573,0.642142,0.3229,-1.48932,-5.73543
1647,0.982315,0.160613,-1.73414,-6.43913
1648,0.81356,0.222103,-1.50808,-5.72081
1775,0.783265,0.224826,-1.56381,-6.167
433,0.637556,0.364421,-1.38708,-5.75119
926,0.721557,0.295905,-1.49269,-5.8176
1032,0.949986,0.213803,-1.59736,-6.46857
1033,0.85451,0.183345,-1.65079,-5.9855
1369,0.693198,0.270206,-1.41681,-5.78881
423,0.648325,0.369968,-1.36209,-5.66217
1012,0.649452,0.309325,-1.42258,-5.94087
829,0.67341,0.340071,-1.45931,-6.11338
1445,0.765122,0.455413,-1.5848,-6.39646
697,0.456723,0.17868,-1.60778,-5.207
1536,0.75207,0.344188,-1.91534,-6.2749
1545,0.566135,0.321638,-1.41735,-5.21942
1355,0.768605,0.399195,-1.70478,-6.88805
767,0.979081,0.183949,-1.74828,-6.33788
1304,0.799594,0.160709,-1.6502,-5.82809
1196,0.659866,0.339148,-1.35819,-5.5458
360,0.587105,0.422358,-1.49758,-6.23067
992,0.624964,0.318398,-1.49354,-5.05963
1205,0.550853,0.487569,-1.6232,-6.28508
1690,0.650299,0.448327,-1.73135,-6.37641
1688,0.705982,0.416834,-1.70575,-6.86066
1777,0.815013,0.166533,-1.65147,-5.52321
1591,0.639085,0.366453,-1.52008,-6.16894
1176,0.728324,0.281858,-1.35315,-5.35077
15,0.611968,0.160577,-1.23992,-4.02508
967,0.608127,0.341446,-1.3316,-5.45774
1483,0.882152,0.274775,-1.60981,-6.16061
1486,0.900275,0.178747,-1.53611,-5.96947
1698,0.639441,0.363519,-1.83749,-5.70733
281,0.609524,0.303441,-1.47034,-4.68536
940,0.865022,0.199986,-1.90271,-6.00634
766,0.933156,0.106838,-1.67242,-6.08768
572,0.815882,0.297823,-1.59066,-6.05691
437,0.486886,0.161573,-1.06892,-4.26753
1068,0.700245,0.423856,-1.58999,-6.39632
1444,0.921627,0.250835,-1.62329,-6.32974
1329,1.0376,0.17226,-1.7069,-6.5652
843,0.917938,0.184743,-1.7645,-6.21996
1005,0.711602,0.169954,-1.55978,-5.74493
383,0.712411,0.188886,-1.82834,-5.49823
1424,0.598553,0.202166,-1.34231,-4.6925
918,0.634685,0.363682,-1.31097,-5.16832
604,0.773056,0.287343,-1.63504,-6.2453
569,0.791037,0.225685,-1.48947,-5.55674
1589,0.809831,0.198332,-1.56129,-5.82728
1500,0.779921,0.284041,-1.5159,-5.65223
1492,0.892105,0.1277,-1.6472,-6.08381
1197,0.806331,0.27917,-1.41935,-5.83013
1420,0.684284,0.27083,-1.38918,-5.20606
1100,0.833134,0.137238,-1.8767,-6.13161
1125,0.793369,0.175585,-1.81022,-5.86423
1606,0.72983,0.428907,-1.48863,-6.16247
899,0.653366,0.208787,-1.65438,-5.47781
1286,0.876577,0.215679,-1.86171,-6.42724
1326,0.593475,0.286411,-1.39097,-5.17318
1325,0.689134,0.356261,-1.59602,-5.93172
1036,0.655191,0.493755,-1.85734,-6.1714
680,0.640345,0.514102,-1.90272,-6.34572
1160,0.745822,0.402962,-1.92885,-6.21613
678,0.695583,0.42531,-1.91535,-6.2341
256,0.570702,0.402498,-1.55152,-6.37134
343,0.540006,0.439187,-1.35674,-5.58403
344,0.601265,0.473873,-1.47361,-6.16812
1335,0.792257,0.0691298,-1.65284,-5.69774
197,0.564041,0.0379694,-1.12105,-3.96997
1641,1.004,0.237519,-1.74842,-6.28355
491,0.834135,0.149551,-1.7963,-6.0561
1640,0.96452,0.1676,-1.82075,-6.18621
525,0.971212,0.140222,-1.71044,-6.10096
517,0.897659,0.161849,-1.66581,-6.19239
874,1.02338,0.145992,-1.72545,-6.47297
588,0.936752,0.188275,-1.70617,-6.21078
1228,0.786907,0.220094,-1.59656,-6.21091
866,0.557565,0.279989,-1.20498,-5.21201
865,0.671792,0.394027,-1.40467,-6.03857
1366,0.655909,0.319182,-1.34011,-5.48663
645,0.691072,0.439828,-1.61664,-6.17687
947,0.740001,0.162691,-1.47637,-5.59847
802,0.84759,0.179373,-1.56903,-5.95122
575,0.845907,0.219336,-1.59329,-5.88549
905,0.682092,0.361549,-1.4119,-6.32797
1413,1.02889,0.213089,-1.42749,-6.36485
623,0.704066,0.375875,-1.5278,-6.25293
1725,0.718806,0.176261,-1.44271,-5.21962
1163,1.07283,0.143092,-2.01105,-6.84946
735,0.958872,0.176628,-1.91952,-6.50659
1136,1.08507,0.209602,-1.92434,-7.02935
1709,0.890708,0.193602,-1.66868,-6.18558
1076,0.943471,0.267381,-1.58162,-6.18711
1460,0.898398,0.231011,-1.65111,-6.16296
1461,0.948054,0.231501,-1.6811,-6.41852
730,0.726142,0.240931,-1.49848,-5.34992
1272,0.697414,0.303152,-1.63761,-5.91199
1504,0.846782,0.281037,-1.96417,-6.40849
1395,0.730684,0.249273,-1.73859,-5.62888
1474,0.743527,0.23723,-1.76129,-5.80818
1475,0.718021,0.339825,-1.77293,-6.06061
1118,0.570352,0.251913,-1.42137,-5.01611
449,0.710998,0.323411,-1.31863,-6.18725
436,0.795783,0.307779,-1.34863,-5.81428
1631,1.74434,0.248525,-3.44261,-15.0709
473,1.73549,0.241058,-3.57217,-15.3689
1088,0.845043,0.312133,-1.64655,-6.14437
263,0.544877,0.24927,-1.51927,-4.77338
1004,0.607939,0.291529,-1.72463,-5.35391
1513,0.760264,0.31296,-1.89363,-6.20353
1685,0.670119,0.200682,-1.45527,-4.72828
297,0.554898,0.444098,-2.17419,-6.29163
298,0.689505,0.269864,-1.83423,-5.57917
869,0.800062,0.203449,-1.55784,-5.52957
1459,1.97115,0.102178,-3.87299,-14.9956
476,2.03143,0.0517347,-3.99724,-15.3129
1388,0.628445,0.10522,-1.66657,-5.89274
1577,0.856941,0.296434,-1.87127,-6.24391
1578,0.733191,0.271963,-1.55876,-5.57715
1529,0.90983,0.267811,-1.63225,-6.21193
657,0.58546,0.346323,-1.47407,-5.77235
121,0.631039,0.381033,-1.45052,-5.76055
458,0.636542,0.310656,-1.32905,-5.69149
508,0.60827,0.249191,-1.26286,-5.43775
370,0.617974,0.440175,-1.42887,-6.07982
101,0.641357,0.428357,-1.47677,-6.28694
386,0.695726,0.370947,-1.35581,-5.60085
1400,0.759551,0.292942,-1.46775,-5.79499
1317,0.707535,0.310641,-1.42848,-5.91359
1810,0.928214,0.230117,-1.65558,-6.31424
1567,0.632828,0.347133,-1.52161,-5.75133
624,0.742417,0.365654,-1.7382,-6.51026
786,0.752902,0.228696,-1.74908,-6.29148
1541,0.69473,0.0874535,-1.8013,-6.12098
1540,0.49013,0.133737,-1.43128,-5.0381
551,0.824611,0.265151,-1.4616,-6.09178
1367,0.825114,0.228084,-1.65792,-5.722
611,0.825503,0.253135,-1.67063,-5.82608
1482,0.850693,0.225862,-1.47564,-5.84535
1576,0.963575,0.273176,-1.6409,-6.45762
1127,0.715065,0.371639,-1.36332,-5.86089
1521,0.703811,0.222866,-1.41444,-5.36069
368,0.666898,0.291559,-1.37308,-5.56683
1006,0.965324,0.168598,-1.78503,-6.2422
841,0.768518,0.107556,-1.59916,-5.72389
1049,0.96123,0.179351,-1.753,-6.20747
204,0.582603,0.0963301,-1.15986,-4.22409
1301,0.996868,0.265024,-1.6559,-6.24607
501,0.795615,0.335609,-1.77164,-5.9991
1635,0.69077,0.220118,-1.46493,-4.89149
1117,0.778287,0.275012,-1.65811,-5.77574
1570,0.688626,0.33189,-1.60078,-6.04938
984,0.64931,0.258291,-1.37035,-5.18022
631,0.750679,0.442428,-1.52686,-6.324
564,0.839938,0.19066,-1.40842,-5.74678
610,0.678172,0.299834,-1.85787,-6.02245
1789,0.764446,0.335163,-1.79091,-6.20055
1234,1.05043,0.137331,-1.9757,-6.78575
246,0.817355,-0.01378,-1.62531,-5.60967
1138,0.669729,0.274246,-1.29206,-5.21967
1186,0.682703,0.34749,-1.51764,-6.27621
1790,0.61762,0.363614,-1.52878,-5.30524
1742,0.768551,0.14747,-1.89099,-6.1299
1079,0.828847,0.0241092,-1.67697,-5.65028
924,0.825351,0.0777952,-1.39188,-5.06803
1267,0.802693,0.222523,-1.6852,-5.72825
1266,0.849427,0.211743,-1.77609,-6.06109
961,0.627403,0.31943,-1.49081,-5.87493
1555,0.705799,0.350136,-1.89771,-6.01638
880,0.810851,0.268227,-1.5729,-5.79619
1342,0.694995,0.232214,-1.66529,-5.45769
1350,0.883535,0.286329,-1.82271,-6.13385
1784,0.740996,0.354262,-1.48164,-6.05314
1793,0.651094,0.274726,-1.35649,-5.77172
1781,0.71593,0.273377,-1.4539,-6.05229
1794,0.647918,0.330801,-1.43059,-5.78401
549,0.644704,0.31192,-1.46738,-5.92705
1671,0.724772,0.258607,-1.54175,-5.87269
1254,0.8931,0.228102,-1.86782,-6.43365
1351,0.79944,0.294388,-1.81731,-6.20809
1568,0.76476,0.254277,-1.62516,-5.39358
323,0.536291,0.051206,-1.16112,-3.83007
717,0.719024,0.319165,-1.35849,-5.10774
857,0.947547,0.199914,-1.69682,-6.31225
1281,0.802285,0.229562,-1.64488,-5.90685
1280,0.811056,0.148363,-1.69737,-6.11298
1809,0.930837,0.232229,-1.60155,-6.16042
1598,0.727194,0.174348,-1.24937,-4.90402
960,0.882747,0.242865,-1.54333,-6.13794
1284,0.833902,0.177936,-1.65649,-5.92479
1708,0.913561,0.194568,-1.72572,-5.89173
593,0.685748,0.47271,-1.53059,-6.26948
882,0.607537,0.33621,-1.73059,-5.58757
1627,0.687474,0.382514,-1.93753,-6.3316
1200,0.667243,0.33333,-1.41182,-5.2395
556,0.800433,0.254704,-1.43615,-5.84681
230,0.668553,0.197516,-1.60501,-4.79128
855,0.725752,0.127686,-1.40441,-4.91863
231,0.549494,0.0188273,-1.20199,-4.15171
1313,0.717986,0.242553,-1.53907,-6.05038
410,0.51586,0.165129,-1.14627,-4.6411
668,0.659229,0.274222,-1.35311,-5.28824
555,0.70977,0.306249,-1.6198,-6.29566
1580,0.743935,0.372704,-1.84982,-6.08223
538,0.642485,0.369466,-1.66506,-5.78525
1192,0.710947,0.368498,-1.80886,-6.05284
830,0.768907,0.454955,-1.71768,-6.85466
1299,0.672496,0.288635,-1.2818,-5.38733
1776,0.842841,0.23609,-1.80622,-5.9612
1743,0.806614,0.0666292,-1.6152,-6.08525
1744,0.832314,0.194741,-1.59514,-5.66415
1194,0.964113,0.12739,-1.81946,-6.36723
1655,0.704219,0.342741,-1.50246,-5.92589
1615,0.705909,0.278927,-1.56562,-5.92185
1321,0.633849,0.430696,-1.523,-6.07123
388,0.501154,0.184278,-1.15328,-4.82815
207,0.503371,0.234139,-0.962189,-4.31684
1198,0.867443,0.477744,-1.83103,-7.03301
908,0.66037,0.216905,-1.34196,-5.12369
158,0.457857,0.0500909,-0.891944,-3.69105
1294,0.769261,0.268488,-1.53061,-5.49679
290,0.397916,-0.00144441,-1.09232,-4.19625
1508,0.976037,0.19665,-1.64393,-6.38922
339,0.785565,0.131484,-1.30755,-4.98459
1362,0.933628,0.138541,-1.89522,-5.99154
1349,0.780992,0.193931,-1.8366,-6.05941
1348,0.770555,0.15704,-1.90096,-6.1578
1187,0.73031,0.299491,-1.48816,-5.82427
413,0.403407,0.302861,-1.14956,-4.77628
416,0.531168,0.32077,-1.21059,-5.01315
831,0.749928,0.241463,-1.61911,-6.20223
20,0.599488,0.21787,-1.2393,-5.01563
832,0.600619,0.232396,-1.30112,-5.31318
703,0.767021,0.163692,-1.39661,-6.16811
487,0.950606,0.231894,-1.76601,-6.06777
1174,0.628773,0.275273,-1.46425,-5.07745
1172,0.616191,0.277505,-1.58031,-5.2726
753,0.749793,0.393768,-1.85853,-6.36072
769,0.626676,0.325146,-1.46087,-5.20992
1375,0.622813,0.228306,-1.39855,-4.5102
1277,0.806678,0.21646,-1.55365,-5.85255
1372,0.822641,0.278761,-1.67322,-5.97007
381,0.639015,0.402206,-1.44655,-6.08997
305,0.487069,0.227785,-1.34576,-5.47462
505,0.406119,0.234435,-1.41069,-5.73527
1501,0.942063,0.219362,-1.80045,-6.40156
187,0.433632,0.102608,-0.975472,-3.41545
104,0.355007,0.171434,-0.723962,-2.74361
186,0.415936,0.141473,-0.749214,-2.93381
1111,0.793934,0.228718,-1.76672,-6.24534
1101,0.61906,0.193167,-1.24047,-4.84696
1763,0.771854,0.262734,-1.49069,-5.79684
1785,0.788885,0.340654,-1.51353,-6.04659
1783,0.739523,0.316801,-1.46726,-5.98921
1188,0.740298,0.247217,-1.5872,-5.80307
24,0.58293,0.401816,-1.51587,-6.1029
724,0.669522,0.324759,-1.38947,-5.60673
520,0.666751,0.426653,-1.55502,-6.22322
664,0.643711,0.384177,-1.72005,-5.68542
663,0.594655,0.297276,-1.4433,-5.19515
494,0.67329,0.231084,-1.4271,-5.07944
513,0.596398,0.205579,-1.39196,-5.15621
711,0.759557,0.176729,-1.61594,-5.01172
732,0.767978,0.543805,-2.2674,-6.95788
1103,0.81553,0.277963,-1.36786,-5.98494
772,0.918867,0.399571,-1.74215,-7.28112
77,0.285052,0.0727818,-0.499897,-1.67862
135,0.349753,0.0553716,-0.602737,-1.92419
928,1.00969,0.137704,-1.72127,-6.29033
998,0.964297,0.168235,-1.61274,-6.0853
120,0.437825,0.345804,-1.20194,-4.80065
1480,0.632039,0.322215,-1.63246,-5.66092
1401,0.59961,0.360964,-1.53988,-5.19956
1084,0.749545,0.256515,-1.95611,-6.39854
1065,0.696177,0.24241,-1.75922,-5.70032
670,0.857254,0.334573,-2.04616,-6.28817
1565,0.597292,0.311335,-1.34944,-5.28673
890,0.710646,0.256304,-1.49894,-5.37585
848,0.705683,0.139793,-1.70411,-5.78676
1496,0.770587,0.269267,-1.65061,-6.06144
835,0.83992,0.0917086,-1.63673,-6.13028
945,0.828958,0.132935,-1.68013,-5.91135
1574,0.735068,0.360817,-1.46281,-5.78762
1246,0.663396,0.202495,-1.32673,-5.23516
1343,0.836608,0.274823,-1.48171,-6.21627
1271,0.678359,0.187221,-1.64396,-5.38015
872,0.875136,0.293248,-1.773,-6.10375
1675,0.624074,0.327324,-1.28933,-5.31052
968,0.590469,0.119495,-1.56531,-5.14481
375,0.323276,-0.0416565,-1.32787,-3.96869
650,0.706623,0.263623,-1.57757,-5.83935
616,0.65733,0.230229,-1.45938,-5.36784
149,0.540554,0.222163,-1.18325,-4.82466
1237,0.75594,0.20267,-1.39777,-5.69378
509,0.587535,0.375434,-1.39056,-5.51054
1157,0.580155,0.187768,-1.28905,-4.7525
600,0.60972,0.229695,-1.3496,-4.79867
846,0.7625,0.258939,-1.49701,-5.27497
1593,0.788978,0.258706,-1.88123,-6.05348
590,0.787721,0.220628,-1.47152,-5.89057
1588,0.971212,0.317231,-1.61642,-6.6039
1583,0.883656,0.296911,-1.58038,-6.2949
1587,0.903538,0.220572,-1.63828,-6.27751
1514,0.700433,0.198645,-1.54574,-5.51636
1515,0.81067,0.210647,-1.56676,-5.83981
594,0.911736,0.172049,-1.64458,-6.21719
635,0.833004,0.119297,-1.3811,-5.33525
1328,1.00095,0.162061,-1.34095,-6.17072
1113,0.820452,0.190664,-1.38023,-5.4886
1676,0.68348,0.200296,-1.31366,-5.00987
741,0.765396,0.276493,-1.79885,-6.21745
1682,0.724152,0.413271,-2.07572,-6.64727
1681,0.658595,0.335067,-1.73925,-5.98483
1715,0.757347,0.35001,-1.7449,-6.27374
1013,0.637682,0.338758,-1.55958,-6.09416
1017,0.681527,0.418666,-1.49309,-5.75933
112,0.595924,0.280956,-1.37478,-5.65134
219,0.723745,0.470874,-1.47879,-6.01734
1259,0.600568,0.343689,-1.36759,-5.70798
1585,0.732869,0.260821,-1.77026,-5.77345
1586,0.82235,0.201051,-1.92264,-6.22117
1038,0.556096,0.0765045,-1.63574,-5.73127
1788,0.658148,0.302614,-1.56694,-5.35273
1374,0.634585,0.28448,-1.37602,-5.39219
159,0.704569,0.427388,-1.54965,-6.08419
796,0.538683,0.355616,-1.316,-5.40731
1178,0.878299,0.255039,-1.54681,-6.15458
63,0.597319,0.272316,-1.12201,-4.837
475,0.826013,0.304931,-1.61867,-6.64689
666,0.450876,0.119036,-1.51621,-5.16004
1630,0.843997,0.26161,-1.39646,-6.13979
178,0.550123,0.0591998,-0.938118,-4.22718
582,1.06865,0.175718,-1.83631,-6.2379
614,0.977501,0.17869,-1.74202,-6.13747
1748,1.06184,0.111344,-1.74406,-6.36076
1026,0.755766,0.233558,-1.76566,-5.72728
671,0.826344,0.201906,-1.6342,-5.59149
486,0.565365,0.231475,-1.33972,-4.9349
849,0.641312,0.195509,-1.59477,-5.31756
709,0.638817,0.379059,-1.30521,-5.22992
407,0.649495,0.404015,-1.45382,-6.02351
609,0.511003,0.411719,-1.24708,-5.20196
1152,0.578179,0.27706,-1.86143,-6.2285
751,0.748072,0.207163,-1.54888,-5.25677
18,0.495678,0.0431155,-1.05263,-3.84321
1371,0.946468,0.111911,-1.70912,-6.10642
1085,1.01998,0.128416,-1.67806,-6.20093
592,1.01038,0.186797,-1.80983,-6.53543
975,1.01091,0.225499,-1.785,-6.39888
923,0.899427,0.13117,-1.90373,-6.29571
655,0.541654,0.287478,-1.45171,-4.86191
578,0.676458,0.230184,-1.52304,-5.36718
1560,0.629031,0.221272,-1.83122,-5.98688
400,0.59181,0.19156,-1.61677,-5.14256
1634,0.713133,0.327882,-1.84663,-6.13485
883,0.628427,0.347181,-1.81416,-5.87046
282,0.63787,0.524955,-1.59209,-6.59448
1303,0.676122,0.332196,-1.60238,-6.13815
1162,0.86004,0.248668,-1.74402,-6.16459
1339,0.744886,0.212414,-1.45088,-5.20213
1637,0.793404,0.206891,-1.67632,-6.05047
1268,0.838877,0.19256,-1.78702,-5.95881
1392,0.914713,0.152064,-1.8587,-6.14155
1269,0.903405,0.194133,-1.87768,-6.13485
1726,0.890673,0.214486,-1.84489,-6.09265
1250,0.610513,0.174759,-1.39094,-4.83325
1249,0.733401,0.271595,-1.53469,-5.37595
1043,0.674146,0.31974,-1.49288,-5.23715
980,0.691676,0.362795,-1.77059,-5.9553
795,0.978015,0.18165,-1.67724,-6.2251
1191,0.641809,0.368024,-1.48905,-6.13567
976,0.675137,0.362175,-1.49072,-5.87475
1220,0.754737,0.241874,-1.54521,-5.442
1399,1.00717,0.198021,-1.71515,-6.54973
858,0.978206,0.186302,-1.72411,-6.59374
1219,0.940643,0.221616,-1.69518,-6.06516
227,0.555975,0.345794,-1.37337,-5.7206
405,0.651565,0.324919,-1.57364,-6.17681
550,0.668434,0.408497,-1.52361,-6.0593
633,0.729188,0.274206,-1.47572,-5.85508
746,0.715951,0.202143,-1.6057,-5.74425
329,0.480689,0.0783463,-1.19606,-4.42421
350,0.702118,0.43697,-1.47306,-6.35223
189,0.674597,0.331278,-1.31723,-5.4548
526,0.694941,0.385961,-1.47806,-6.11096
718,0.675322,0.432504,-1.92068,-6.18941
1153,0.617083,0.279013,-1.82,-5.98073
789,0.780468,0.155711,-1.48001,-6.05517
910,0.596145,0.228767,-1.51087,-5.13603
1733,0.558644,0.28871,-1.65218,-5.4385
523,0.600413,0.321211,-1.28319,-5.39898
613,0.598759,0.367153,-1.28025,-5.32785
50,0.609299,0.483704,-1.41915,-6.13733
1007,0.65244,0.291877,-1.48663,-5.08977
1432,0.87533,0.193526,-1.37999,-5.98435
1431,0.883946,0.088289,-1.40291,-5.9771
1663,0.856613,0.164692,-1.48224,-6.26973
852,0.640704,0.304401,-1.6821,-5.51418
1579,0.699233,0.304831,-1.71139,-5.8775
1487,0.856573,0.171556,-1.50401,-6.01478
782,0.909922,0.201214,-1.93595,-6.40183
500,0.820413,0.180163,-1.90586,-6.31471
532,0.71512,0.190189,-1.61413,-5.50062
1107,0.734066,0.180877,-1.72249,-6.07118
1389,0.856943,0.25226,-1.69451,-6.17061
1110,0.815075,0.224305,-1.69581,-5.85473
359,0.592268,0.166066,-1.28202,-4.78392
479,0.527796,0.284023,-1.99958,-6.35755
1213,0.510398,0.236471,-1.82455,-5.76476
1456,0.44218,0.195613,-1.95647,-6.38645
1169,0.80822,0.33239,-1.99124,-6.50259
660,0.613153,0.234437,-2.1072,-6.31605
1710,0.908672,0.175193,-1.69771,-6.15443
1650,0.632624,0.324697,-1.70935,-6.1435
957,0.851819,0.18517,-1.59828,-5.66767
11,0.501241,0.0244674,-1.25852,-4.27748
591,1.01337,0.182329,-1.78963,-6.32411
358,0.370863,0.229458,-1.01919,-4.47629
625,0.745089,0.212263,-1.54115,-5.45907
1063,0.895933,0.190543,-1.50701,-6.05083
681,0.630907,0.376347,-1.41466,-5.47136
765,0.718533,0.326496,-1.53505,-5.85412
1527,0.932127,0.18221,-1.67892,-6.1458
498,0.929319,0.278417,-1.57425,-5.84172
424,0.574258,0.441239,-1.45346,-5.9981
1116,0.508122,0.312918,-1.35188,-5.30732
484,0.619363,0.125904,-1.26207,-4.74421
580,0.655365,0.240314,-1.41494,-5.0817
499,0.537775,0.154978,-1.11018,-3.9656
1595,0.828217,0.162977,-1.52098,-5.85873
790,0.767115,0.160605,-1.47967,-6.00255
607,0.653701,0.29556,-1.26954,-5.57054
1217,0.817977,0.461725,-1.4657,-6.34056
1719,0.657974,0.130345,-1.59438,-5.58093
1358,0.592546,0.144086,-1.30448,-4.55426
303,0.484509,0.109145,-0.966197,-3.55136
603,0.610893,0.184289,-1.2707,-4.3223
640,0.744994,0.252211,-1.72855,-5.57996
621,0.897211,0.278523,-1.9247,-6.60951
519,0.729899,0.213377,-1.67387,-5.68201
815,0.734675,0.188242,-1.62206,-5.5655
1674,0.861499,0.294292,-1.71807,-5.90733
1673,0.749129,0.272833,-1.57991,-5.54688
1357,0.53106,0.5467,-2.11833,-6.53411
748,0.924791,0.196254,-1.59449,-6.00012
1669,0.768613,0.333628,-1.51901,-5.90434
1385,0.908262,0.0906785,-1.40733,-5.98801
896,0.921853,0.147996,-1.54262,-5.93157
1680,0.606959,0.29545,-1.4019,-4.97495
1679,0.5701,0.298031,-1.67771,-5.63551
1613,0.828039,0.182117,-1.56607,-5.59405
430,0.545114,0.0301129,-1.11167,-4.37586
447,0.596637,0.259622,-1.31845,-5.42869
1592,0.624449,0.22176,-1.56244,-5.40428
1232,0.909098,0.230594,-1.7452,-6.34312
651,0.655453,0.311945,-1.44428,-5.89701
1112,0.579009,0.323204,-1.7079,-5.3973
605,0.618322,0.273959,-1.54817,-5.1292
1361,0.93272,0.214552,-1.91201,-6.208
1462,0.877153,0.19045,-1.78313,-6.05692
659,0.850634,0.192623,-1.7395,-6.27601
597,0.742372,0.215776,-1.48974,-5.87931
820,0.861533,0.153832,-1.62229,-6.15101
125,0.737314,0.0749572,-1.35811,-4.84715
374,0.593724,0.31703,-1.31961,-5.5366
1530,0.677944,0.252823,-1.9466,-6.20454
589,0.856004,0.158412,-1.5408,-6.14861
1291,0.82094,0.324774,-1.57174,-6.19418
213,0.799914,0.120706,-1.63348,-5.16442
1639,0.954575,0.187437,-1.81777,-6.15922
150,0.757041,0.0373603,-1.41291,-4.59466
1705,0.810708,0.267631,-1.5369,-5.70454
1795,0.812432,0.241355,-1.5183,-6.20162
73,0.605673,0.246625,-1.21236,-4.97553
309,0.727819,0.192132,-1.34226,-5.97784
1010,0.695377,0.284076,-1.46692,-5.78575
818,0.685776,0.213047,-1.40478,-5.90909
137,0.626617,0.379063,-1.32947,-5.81693
1716,0.682127,0.391153,-1.48315,-5.90685
708,0.783028,0.216496,-1.40406,-5.41896
1067,0.76558,0.200028,-1.49637,-5.74795
639,0.812681,0.183835,-1.64993,-5.85075
570,0.640187,0.243639,-1.38861,-4.93761
891,0.883825,0.155867,-1.75336,-5.97099
892,0.795751,0.1036,-1.69927,-5.5249
1347,0.846956,0.179866,-1.82924,-6.309
1243,0.738741,0.33799,-1.5824,-6.16491
1087,0.695329,0.357807,-1.48847,-5.93546
1706,0.771546,0.182913,-1.5827,-5.9691
999,1.0135,0.1537,-1.73365,-6.27592
1364,0.953885,0.0669393,-1.627,-5.87256
1365,0.811539,0.158956,-1.43025,-5.38054
981,0.953349,0.185168,-1.65875,-6.10627
810,0.685856,0.297996,-1.4498,-5.88911
1119,0.695774,0.0137997,-1.34559,-4.71277
4,0.463071,0.271599,-1.19768,-4.80055
667,0.722808,0.368751,-1.52937,-5.98341
1195,0.762638,0.35966,-1.5942,-6.12869
427,0.539747,0.298741,-1.2245,-4.66864
146,0.600641,0.389364,-1.41178,-6.09686
1155,0.694836,0.196185,-1.32561,-4.69249
953,0.790343,0.260234,-1.87484,-6.28573
954,0.851317,0.314585,-1.92216,-6.29305
1792,0.614656,0.224694,-1.34547,-4.69975
1791,0.702559,0.197426,-1.53013,-5.17911
893,0.88046,0.252649,-1.64683,-6.08781
1121,0.86076,0.181076,-1.6574,-5.98837
1034,0.642744,0.177588,-1.26074,-5.12441
1411,0.622402,0.311838,-1.23007,-4.93336
691,0.838447,0.117713,-1.55851,-5.8907
1446,0.688865,0.184725,-1.51145,-5.2365
1447,0.520828,0.319329,-1.43188,-4.99534
1772,0.84427,0.249497,-1.82513,-6.32052
1165,0.86675,0.239233,-1.78998,-6.04168
1154,0.880513,0.176272,-1.93846,-6.27543
1166,0.750758,0.225341,-1.84189,-6.32118
946,0.834924,0.207831,-1.60872,-5.54325
22,0.445466,0.297568,-1.00877,-4.34898
456,0.619134,0.494095,-1.5643,-6.62317
1782,0.642453,0.287257,-1.49216,-5.86279
138,0.613229,0.270608,-1.35594,-5.75229
295,0.707527,0.422429,-1.53008,-6.2782
827,1.0267,0.160018,-1.87303,-6.56494
1741,0.758732,0.311539,-1.75813,-5.96677
1739,0.797342,0.291215,-1.76596,-6.22871
1503,0.828741,0.388202,-1.86569,-6.41211
1736,0.808419,0.255016,-1.97752,-6.20385
431,0.533267,0.0628342,-1.26006,-4.33564
886,0.590621,0.251221,-1.1449,-4.66286
377,0.44634,0.201388,-1.08561,-4.53739
216,0.628653,0.302067,-1.37548,-5.64379
596,0.749293,0.226009,-1.48515,-5.8931
1238,0.527054,0.329281,-1.44906,-4.75993
136,0.691008,0.272725,-2.06311,-6.26627
208,0.566655,0.371515,-1.93165,-5.59655
1774,0.766215,0.263828,-1.59474,-6.08489
1662,0.627721,0.296359,-1.34514,-5.30807
1193,0.557829,0.363376,-1.23114,-5.14504
134,0.227014,0.0565094,-0.554181,-1.97445
1693,0.928371,0.142974,-1.70451,-6.34949
571,0.799182,0.241714,-1.3598,-5.58135
770,0.681933,0.210782,-1.33223,-5.20797
539,0.784233,0.257566,-1.42411,-5.86132
1278,0.661332,0.153719,-1.5607,-5.3885
1279,0.639668,0.285191,-1.40669,-5.06128
287,0.406898,0.194154,-0.964232,-3.28551
962,0.635205,0.303411,-1.49132,-5.3956
768,0.571192,0.221032,-1.34833,-4.76798
1341,0.624368,0.315016,-1.66965,-5.42408
983,0.46303,0.353141,-1.41783,-4.71561
196,0.598639,0.05366,-1.10764,-3.83232
417,0.490909,-0.0582078,-1.07591,-3.79743
1421,0.562032,0.378642,-1.32643,-5.34989
1664,0.740027,0.304189,-1.35988,-5.88786
812,0.652992,0.305631,-1.33633,-5.29832
929,0.735589,0.216889,-1.55502,-6.06587
1115,0.709212,0.239355,-1.47505,-6.00035
1645,0.829757,0.256082,-1.69731,-6.02941
1646,0.8044,0.269978,-1.7855,-6.24371
1230,0.680648,0.430903,-1.53238,-6.38843
688,0.55004,0.215703,-1.1305,-5.00238
927,0.663115,0.452076,-1.39546,-6.05645
167,0.567231,0.156817,-1.27584,-4.20595
1448,0.848387,0.190995,-1.46985,-5.31324
176,0.531647,0.0421044,-1.35136,-4.56731
366,0.59873,0.400373,-1.37803,-5.73712
764,0.729332,0.363784,-1.45265,-6.02275
237,0.28396,0.136646,-0.808027,-2.86122
244,0.448823,0.257984,-1.06932,-3.7059
1488,0.554311,0.443756,-1.62989,-5.56101
1124,0.637824,0.360918,-1.48732,-5.47466
1227,0.801197,0.128564,-1.60478,-5.67846
1054,0.534847,0.308778,-1.61309,-5.47863
1099,0.856755,0.228584,-1.9529,-6.2169
1382,0.854013,0.21635,-1.51074,-5.92173
752,0.747701,0.278728,-1.31044,-5.27871
1391,0.778742,0.349652,-1.54385,-6.19816
1260,0.677932,0.329084,-1.43701,-5.95796
1599,0.960136,0.188751,-1.68086,-6.2913
1600,0.933179,0.200981,-1.69151,-6.41567
885,0.672144,0.310085,-1.67298,-5.43655
744,0.605918,0.163778,-1.44211,-5.29478
548,0.694409,0.245897,-1.42688,-5.6381
948,0.711321,0.0751771,-1.58491,-5.91122
1644,0.808732,0.245713,-1.74182,-6.21492
322,0.621755,0.205341,-1.39662,-4.44661
284,0.622384,0.0794274,-1.25304,-4.59668
1470,0.620374,0.256793,-1.28532,-5.08439
1713,0.734636,0.327145,-1.49824,-6.03379
1712,0.780984,0.337434,-1.57265,-6.07891
1691,0.796461,0.253225,-1.54303,-5.86745
119,0.462345,0.328056,-1.05446,-4.53568
422,0.462394,0.338834,-1.03539,-4.45469
140,0.666317,0.449535,-1.49539,-6.28931
1122,0.933959,0.169715,-1.75204,-6.18026
1306,0.876542,0.186962,-1.52124,-5.61143
1307,0.874364,0.257531,-1.59107,-6.03653
1701,0.857027,0.247469,-1.65779,-6.08289
695,0.594593,0.351228,-1.35153,-5.34576
1547,0.804187,0.171799,-1.62411,-5.96371
1546,0.866339,0.285409,-1.70742,-6.27573
1548,0.802778,0.265127,-1.60026,-5.96679
1363,0.888995,0.244167,-1.68179,-6.27243
1542,0.886214,0.273906,-1.67259,-6.12797
1544,0.762077,0.234595,-1.52522,-5.69637
1543,0.772632,0.268477,-1.71231,-5.93578
1556,0.646291,0.248129,-1.57045,-5.26456
761,0.934782,0.11687,-1.77917,-6.17119
985,0.643836,0.182618,-1.4898,-5.38059
573,0.648137,0.31528,-1.32562,-5.44125
245,0.597028,0.348812,-1.50327,-6.07089
1203,0.589937,0.342291,-1.3347,-5.93416
530,0.538951,0.2393,-1.4562,-4.74164
1415,0.829686,0.18266,-1.82514,-6.20786
1014,0.727739,0.00310478,-1.89487,-6.28494
894,0.749483,0.280831,-1.64727,-5.77348
698,0.534771,0.242393,-1.45728,-4.83059
1212,0.583703,0.0817936,-1.40175,-5.1275
907,1.0018,0.213582,-1.71922,-6.33952
627,0.720033,0.361346,-1.87634,-6.11805
1114,0.719092,0.264568,-1.35768,-5.29088
535,0.922192,0.145614,-1.77997,-5.99035
743,0.724072,0.20899,-1.65905,-5.52126
1148,0.68756,0.220703,-1.69076,-5.33154
522,0.682509,0.389042,-1.82087,-5.64829
915,0.922953,0.183276,-1.38326,-6.12044
819,0.689757,0.318631,-1.35953,-5.96025
488,0.635532,0.280981,-1.33366,-5.77194
1692,0.971968,0.230303,-1.72459,-6.20557
758,0.951788,0.0883273,-1.56884,-6.09187
1336,0.706043,0.143057,-1.57495,-5.66028
1532,0.693235,0.0486474,-1.37495,-5.14339
504,0.659981,0.16839,-1.46211,-5.83481
444,0.676254,0.244851,-1.39598,-5.53391
277,0.45589,0.221471,-1.60652,-5.12132
649,0.718592,0.194689,-1.33064,-5.06385
1800,0.682531,0.339466,-1.34335,-5.70016
704,0.739054,0.269445,-1.44957,-6.03003
1660,0.502589,0.146685,-1.62918,-5.53281
1668,0.810559,0.28767,-1.57305,-5.91749
345,0.635264,0.354589,-1.35761,-5.82855
544,0.586851,0.447687,-1.80838,-5.82586
1368,0.792196,0.310252,-1.52947,-6.03196
1731,0.794846,0.180243,-1.58299,-6.13508
355,0.570183,0.239208,-1.12233,-4.63706
144,0.583538,0.254128,-1.21137,-5.08984
1324,0.489339,0.0949117,-1.3844,-5.09988
881,1.10316,0.133772,-1.80261,-6.39549
861,0.926605,0.166824,-1.87957,-6.30572
1384,0.977347,0.207696,-1.74628,-6.2658
965,0.918104,0.147332,-1.62699,-5.87876
1098,0.898261,0.115474,-1.61218,-5.97042
1009,0.836734,0.184482,-1.65382,-5.99271
143,0.569276,0.142217,-1.14708,-4.51367
1758,0.776846,0.359483,-1.72104,-6.26864
1759,0.721994,0.184623,-1.6418,-5.73486
963,0.729147,0.275942,-1.5145,-5.84003
1437,0.765858,0.267916,-1.67456,-5.76743
1537,0.683975,0.270632,-1.42973,-5.21098
385,0.362069,0.0795743,-0.923179,-3.17804
537,0.629085,0.256669,-1.46642,-4.98864
1626,0.519892,0.241222,-1.5452,-5.22755
122,0.290102,0.157071,-0.973908,-3.2238
1414,0.730191,0.400913,-1.43196,-6.0792
153,0.70861,0.412705,-1.43801,-6.05785
1318,0.690781,0.300522,-1.37288,-5.50284
1024,0.670273,0.395151,-1.58054,-6.22836
937,0.784961,0.319068,-2.06461,-6.37641
1511,0.835512,0.314852,-1.95214,-6.38003
1512,0.702078,0.327877,-1.89009,-6.07911
716,0.608441,0.209026,-1.47444,-5.13453
183,0.569094,0.137877,-1.18343,-4.13951
300,0.43627,0.264247,-1.24603,-4.84062
1619,0.649815,0.291004,-1.39755,-5.22375
1771,0.58441,0.185023,-1.38784,-4.67637
1145,0.671575,0.178875,-1.76312,-5.99575
1659,0.80681,0.26189,-1.78174,-6.04608
1642,0.89589,0.292509,-1.77883,-6.11546
856,0.915137,0.205334,-1.89108,-6.41143
719,0.780515,0.151122,-1.6675,-5.60594
1077,0.826513,0.225938,-1.47274,-6.18874
1078,0.682477,0.282115,-1.3965,-5.86973
1190,0.727258,0.381486,-1.4515,-5.84509
1016,0.946975,0.22784,-1.75778,-6.3681
773,0.894233,0.189047,-1.60505,-6.02742
1812,0.565809,0.234488,-1.24284,-4.415
1477,0.899552,0.227426,-1.77017,-5.96142
132,0.498635,-0.122321,-1.31642,-4.40902
1393,0.767696,0.0807597,-1.70857,-5.71096
1164,0.970456,0.157278,-1.7733,-6.4099
577,0.959077,0.216715,-1.49723,-6.25972
1520,0.712094,0.12684,-1.70588,-5.88924
895,0.627276,0.05944,-1.52571,-5.43832
485,0.651948,0.228159,-1.33284,-5.51255
514,0.773061,0.316051,-1.52333,-5.86388
1337,0.755778,0.174922,-1.63202,-5.93945
757,0.611337,0.199485,-1.25036,-4.88203
84,0.65536,0.442217,-1.52525,-6.23816
341,0.605687,0.355781,-1.36261,-5.62905
585,0.733869,0.332565,-1.4555,-5.88845
1584,0.627193,0.261729,-1.41936,-5.91386
403,0.572743,0.308403,-1.33603,-5.63204
1051,0.696731,0.363884,-1.42574,-5.81903
1434,0.852407,0.162251,-1.46532,-5.96775
828,0.694127,0.404289,-1.93052,-6.29244
1694,0.573994,0.393749,-1.57461,-5.64283
107,0.583229,0.275064,-1.10957,-4.83565
1510,0.997076,0.165166,-1.63805,-6.48256
1764,0.971025,0.212144,-1.63025,-6.34734
553,0.616232,0.324365,-1.47523,-5.71896
1609,0.788382,0.139278,-1.60759,-5.81226
1608,0.808252,0.179101,-1.75477,-6.2872
710,0.62564,0.21269,-1.29438,-4.70486
1095,0.915824,0.268683,-1.77756,-6.29041
372,0.643903,0.402403,-1.50229,-6.28862
1657,0.640116,0.216022,-1.40181,-5.19212
902,0.994482,0.285079,-1.65837,-6.401
232,0.742447,0.170173,-1.42106,-5.12833
682,0.928533,0.207794,-1.62423,-6.24761
879,0.540079,0.208013,-1.13559,-4.91287
878,0.663179,0.388227,-1.53598,-6.27627
1096,0.898292,0.197276,-1.67136,-5.89967
1779,0.808195,0.134942,-1.68471,-5.74717
94,0.441149,0.126101,-1.35989,-4.41436
1535,0.617894,0.311107,-1.63266,-5.65759
330,0.573847,0.062887,-0.969599,-4.16068
1464,0.704207,0.336331,-1.93778,-6.23474
1353,0.735757,0.390592,-2.01721,-6.49137
1354,0.562564,0.28756,-1.63358,-5.48184
1021,0.647089,0.435951,-1.83451,-6.06271
1126,0.867708,0.197284,-1.89475,-6.05833
482,0.825299,0.180046,-1.71984,-5.85741
247,0.692984,0.410932,-1.48573,-6.08696
123,0.588735,0.281338,-1.33153,-5.41765
747,0.593374,0.302954,-1.4318,-5.20915
934,0.701905,0.305443,-1.48854,-5.87205
1229,0.688371,0.217478,-1.44629,-5.45208
803,0.702006,0.270047,-1.34206,-5.31119
1039,0.552686,0.386792,-1.33541,-5.13364
791,0.608865,0.233577,-1.45604,-5.0315
1490,0.610735,0.271865,-1.57756,-5.40225
1231,0.883349,0.193696,-1.68187,-5.97341
1261,0.577294,0.239387,-1.48045,-4.91664
126,0.390435,0.0625866,-0.914982,-4.15098
622,0.77729,0.321501,-1.5713,-5.79723
740,0.685843,0.278004,-1.3115,-4.75995
900,0.593433,0.243927,-1.54176,-5.18806
1596,0.812426,0.178179,-1.38567,-5.95496
1526,0.672395,0.292284,-1.47241,-5.82
162,0.569849,0.316105,-1.38494,-5.60293
1402,0.535075,0.318732,-1.38813,-5.4135
1623,0.722358,0.206673,-1.55038,-5.36204
825,0.500948,0.325756,-1.33878,-4.41427
1046,0.92309,0.237597,-1.68065,-6.04302
739,0.652525,0.179973,-1.36224,-5.26393
111,0.591961,0.277302,-1.11762,-4.54415
801,0.597326,0.291034,-1.45496,-5.46831
1643,0.864064,0.221672,-1.90374,-6.16495
1031,0.888692,0.221326,-1.60621,-6.00662
1030,0.912112,0.161549,-1.60942,-6.10078
1029,0.864176,0.253078,-1.72683,-6.24311
816,0.832926,0.208413,-1.66007,-5.93373
864,0.889197,0.216501,-1.64593,-6.15425
736,0.866411,0.188373,-1.61632,-5.99841
863,0.940184,0.173647,-1.67058,-6.04003
412,0.310418,0.183298,-0.908703,-3.0207
1602,0.540309,0.294526,-1.45358,-4.96329
1468,0.733878,0.360571,-1.60313,-6.05626
43,0.467278,0.324417,-1.1677,-4.53358
85,0.621708,0.481499,-1.47064,-6.24212
455,0.574955,0.409838,-1.33397,-5.8012
1566,0.787562,0.332164,-1.51825,-5.78473
925,0.702586,0.241615,-1.52551,-5.45044
387,0.609908,0.468649,-1.40785,-6.18912
726,0.54535,0.170157,-1.37531,-5.45372
1551,0.74187,0.181007,-1.50005,-5.70095
294,0.603293,0.384936,-1.40509,-5.64047
269,0.699225,0.399266,-1.45218,-6.25164
833,0.908646,0.160492,-1.69161,-6.16733
1074,0.84436,0.265295,-1.69728,-6.18312
871,0.713259,0.18512,-1.38838,-5.14441
1700,0.72997,0.287297,-1.54028,-5.88771
1240,0.73065,0.331543,-1.52542,-5.86585
850,0.633866,0.302443,-1.71482,-5.74206
755,0.610418,0.356655,-1.43262,-5.68586
1333,0.919872,0.185235,-1.95143,-6.24019
1334,0.799754,0.206463,-1.80007,-5.80949
215,0.483861,0.0459297,-1.50672,-4.95678
807,0.59426,0.235098,-1.46917,-5.0536
1652,0.841872,0.12033,-1.59953,-5.42545
1168,0.78391,0.242932,-1.69791,-5.74576
1042,0.639269,0.232497,-1.53503,-5.33457
1173,0.824534,0.215422,-1.56879,-6.30523
1018,0.784051,0.274228,-1.7217,-5.89179
1089,0.882531,0.343523,-1.65415,-6.47297
1224,0.799076,0.349512,-1.6131,-5.86827
705,0.60557,0.135659,-1.47504,-5.56213
467,0.523531,0.0247831,-1.14873,-4.02771
363,0.62281,0.325227,-1.37844,-5.51652
371,0.5833,0.454496,-1.52715,-6.31408
262,0.43867,0.153,-1.13493,-3.87125
166,0.411194,0.0154655,-0.944844,-3.08296
9,0.357128,0.0922479,-0.662301,-2.34077
1206,0.867374,0.215362,-1.72734,-6.33707
1653,0.843127,0.20747,-1.68331,-5.91158
860,0.754898,0.118132,-1.54085,-5.1161
1048,0.643744,0.310356,-1.4771,-5.26718
448,0.426039,0.201756,-0.970952,-4.33295
901,0.774441,0.359322,-1.5318,-5.62796
939,0.868522,0.233076,-1.50125,-6.15728
1270,0.644078,0.348156,-1.39606,-5.31622
1494,0.84783,0.13868,-1.53174,-5.76379
853,0.891644,0.222168,-1.5237,-5.86354
1338,0.776407,0.131533,-1.46377,-5.18792
1258,0.758796,0.132229,-1.48479,-5.11672
1323,0.744896,0.153419,-1.51524,-5.32515
29,0.524011,0.295192,-1.06362,-4.544
1097,0.794458,0.102358,-1.42006,-5.06158
61,0.545561,0.106815,-1.00163,-3.69705
689,0.543224,0.333148,-1.34422,-5.39678
1287,0.897769,0.211104,-1.72742,-6.06933
814,0.866076,0.111595,-1.75365,-6.17324
750,0.858418,0.0994833,-1.72307,-5.98477
1290,0.781825,0.277226,-1.57626,-6.00481
942,0.557822,0.0951005,-1.54633,-5.11297
1718,0.770585,0.337685,-1.49323,-6.07282
1683,0.574149,0.359507,-1.53469,-5.85399
1711,0.771577,0.164801,-1.48734,-5.43338
1252,0.6197,0.165203,-1.32977,-4.68563
1251,0.64928,0.288002,-1.50593,-5.44386
922,0.504074,0.0444948,-1.34588,-5.06965
1215,0.76348,0.330455,-1.55631,-5.83002
1075,0.569725,0.3206,-1.46853,-5.36873
1666,0.754302,0.23476,-1.54061,-5.4557
118,0.563734,0.207849,-1.13636,-4.72807
185,0.508485,0.161158,-1.04482,-3.71887
669,0.838495,0.158797,-1.66277,-6.05287
1740,0.752668,0.222948,-1.90507,-6.06155
1562,0.667168,0.284377,-1.46193,-5.30382
851,0.509311,0.263136,-1.60456,-5.05134
1120,0.685144,0.416427,-1.54112,-6.33354
783,0.916996,0.175898,-1.79219,-6.10725
887,0.677013,0.250562,-1.59644,-5.2435
799,0.704172,0.223442,-1.33476,-4.94745
1423,0.761645,0.184461,-1.57415,-5.63808
157,0.381609,0.0266933,-0.970043,-3.41848
950,0.700338,0.191202,-1.49725,-5.19088
1396,0.681126,0.40449,-1.48237,-6.27394
241,0.575579,0.373336,-1.3204,-5.60656
285,0.5965,0.188253,-1.10861,-3.99639
1607,0.787615,0.198441,-1.7229,-6.17125
1507,0.761559,0.243998,-1.39116,-5.47484
1390,0.818772,0.326957,-1.55944,-6.27063
460,0.630243,0.359636,-1.45991,-5.67986
560,0.751097,0.351041,-1.58598,-5.95862
1405,0.790165,0.0559267,-1.41893,-5.16547
1091,0.620196,0.332569,-1.85073,-5.62508
1312,0.626564,0.261815,-1.49387,-5.42328
65,0.592571,0.347959,-1.34864,-5.72412
1083,0.545222,0.320126,-1.25376,-5.1327
378,0.527531,0.27089,-1.24098,-4.61525
1553,0.664157,0.281677,-1.47726,-5.78695
690,0.949391,0.259851,-1.70438,-6.48704
958,0.946567,0.238007,-1.68868,-6.22953
1478,0.861684,0.209019,-1.76341,-6.27433
648,0.771817,0.362531,-1.56076,-5.90139
1479,0.821211,0.220226,-1.44499,-5.98443
911,0.690362,0.267206,-1.42069,-5.45237
64,0.547577,0.159451,-1.19897,-4.02208
1419,0.76253,0.236705,-1.62497,-5.6117
299,0.559553,0.354412,-1.10062,-4.67994
259,0.400546,0.14265,-1.22381,-3.61193
1394,0.614726,0.36274,-1.39833,-5.13881
1538,0.82498,0.198017,-1.71799,-5.77457
552,0.567315,0.301728,-1.48014,-5.23315
1525,0.678055,0.304753,-1.4873,-5.83777
973,0.719055,0.272748,-1.49388,-5.79632
1724,0.556453,0.160227,-1.47235,-5.68394
406,0.656655,0.321198,-1.36519,-5.5836
788,0.688353,0.409113,-1.73196,-6.40829
982,0.757269,0.210995,-1.53489,-5.83804
1458,0.827739,0.115055,-1.53992,-5.1186
1732,0.567046,0.270596,-1.40051,-5.25423
742,0.89375,0.181384,-1.67613,-5.59939
673,0.794424,0.245185,-1.60684,-6.28747
1314,0.636646,0.287576,-1.28075,-5.35056
949,0.617181,0.296053,-1.49142,-5.25062
794,0.66349,0.165694,-1.34284,-4.98108
1244,0.731447,0.301945,-1.57807,-6.06866
203,0.491903,0.208897,-1.15118,-4.77172
579,0.644152,0.321014,-1.42511,-5.82043
426,0.59903,0.423212,-1.52833,-6.121
1430,0.629288,0.219463,-1.48999,-5.18717
1604,0.803222,0.188342,-1.72022,-5.94791
1605,0.811617,0.237751,-1.62528,-5.73506
1433,0.794494,0.111783,-1.38626,-5.89949
1144,0.517385,0.249905,-1.30321,-4.63006
1221,0.657187,0.24669,-1.55214,-5.08752
1435,0.844482,0.290037,-1.62643,-6.41314
1397,0.77307,0.32419,-1.47294,-6.05886
565,1.02462,0.156919,-1.65822,-6.29993
308,0.657453,0.360809,-1.51088,-6.05735
1628,0.510895,0.292906,-1.50959,-4.94171
1633,0.50737,0.202412,-1.5367,-5.19974
1624,0.817535,0.241623,-1.44876,-6.02266
1625,0.627379,0.32255,-1.30841,-5.60353
302,0.507628,0.36944,-1.22364,-5.10493
1436,0.645221,0.415908,-1.60297,-6.15616
1330,0.689427,0.284956,-1.33336,-5.27336
636,0.613451,0.359313,-1.61207,-5.55961
1612,0.964153,0.187062,-1.74256,-6.39749
787,0.737784,0.237837,-1.68876,-5.82645
1714,0.724733,0.353759,-1.68194,-5.99523
559,0.842096,0.23215,-1.66184,-6.19745
956,0.803577,0.35969,-1.58762,-6.05795
235,0.602716,0.307268,-1.25332,-5.04242
1738,0.79446,0.203244,-1.86019,-5.75579
734,0.700454,0.323411,-1.47396,-5.78152
602,0.840482,0.191523,-1.6698,-6.02565
1428,0.551577,0.170911,-1.6224,-5.39931
618,0.550768,0.193526,-1.4882,-5.14548
1184,0.528934,0.294733,-1.71984,-5.54756
1185,0.602625,0.36448,-1.48651,-4.95645
1060,0.59548,0.35019,-1.5961,-5.26658
337,0.551189,0.192703,-1.24976,-5.09328
1493,0.839893,0.226202,-1.57959,-5.81173
694,0.620335,0.292847,-1.69508,-5.3658
643,0.551106,0.139437,-1.51623,-5.13185
58,0.4743,0.117902,-1.13699,-4.18376
1531,0.596565,0.205993,-1.6979,-5.52849
364,0.630342,0.37844,-1.44379,-5.83996
35,0.684449,0.135707,-1.28276,-4.47179
842,0.878023,0.259379,-1.57372,-5.77802
557,0.632841,0.236138,-1.27581,-5.14252
897,0.977266,0.118722,-1.62887,-6.25424
38,0.545487,0.102795,-1.34256,-4.58689
324,0.323378,-0.0351681,-0.723992,-2.792
312,0.317977,0.149014,-1.14056,-3.90759
1320,0.711378,0.395268,-1.95681,-6.3262
1344,0.623888,0.348342,-1.36541,-5.75344
1552,0.912198,0.078894,-1.69116,-6.25551
729,0.62352,0.213269,-1.45925,-5.13375
1539,0.980535,0.210077,-2.00867,-6.3706
357,0.669447,0.292389,-1.45182,-5.8469
1409,0.752876,0.159704,-1.71739,-5.43367
1656,0.786297,0.0318126,-1.72004,-5.71916
1747,0.631588,0.307816,-1.3893,-5.20395
700,0.604724,0.285608,-1.46192,-5.10015
834,0.598023,0.360063,-1.3975,-5.57091
481,0.866852,0.227731,-1.70798,-6.15983
102,0.357113,0.127674,-0.926348,-3.2884
516,0.562567,0.32751,-1.28678,-5.44787
258,0.60725,0.358658,-1.45933,-6.08775
1289,0.73038,0.275603,-1.52481,-5.45663
432,0.577499,0.0969755,-1.26787,-4.60034
1297,0.583713,0.249119,-1.24303,-5.11187
754,0.520862,0.0878376,-1.42586,-5.10688
214,0.529519,0.0811941,-1.18466,-4.1799
683,0.613324,0.405392,-1.30085,-5.44897
662,0.755507,0.330587,-1.56746,-5.64615
702,0.671897,0.26266,-1.52269,-5.60048
1305,0.976113,0.139086,-1.87811,-6.4015
966,0.637741,0.197264,-1.4059,-5.50177
17,0.385177,0.137805,-0.95394,-3.4911
1041,0.728359,0.285484,-1.65678,-5.71433
443,0.540021,0.140806,-1.43453,-4.18725
1658,0.546747,0.203061,-1.39105,-5.04946
108,0.377386,0.104594,-0.946996,-3.3189
898,0.679011,0.145612,-1.31854,-5.0244
714,0.733884,0.227523,-1.51231,-5.80758
672,0.81351,0.211837,-1.51528,-5.97768
745,0.611387,0.251392,-1.3177,-5.19728
822,0.810769,0.1653,-1.64913,-6.22121
477,0.759407,0.272828,-2.11188,-7.71656
469,0.914979,0.280722,-2.55515,-9.28131
889,0.618599,0.231204,-1.46715,-5.16798
395,0.390198,0.157957,-1.00551,-3.66703
1422,0.779935,0.267093,-1.6164,-5.85619
1454,0.589813,0.231746,-1.47844,-5.06062
161,0.491843,0.0612479,-1.09831,-3.86974
684,0.694856,0.296652,-1.68137,-5.29041
1614,0.669066,0.309158,-1.37575,-5.49932
1094,0.633389,0.351785,-1.43375,-5.83499
190,0.583889,0.383103,-1.31537,-5.64207
1319,0.786058,0.353834,-2.03244,-6.50019
209,0.637882,0.345764,-1.64281,-5.18597
1086,0.716739,0.366124,-1.43517,-5.75665
990,0.601241,0.411687,-1.31578,-5.5213
1455,0.784765,0.284305,-1.60405,-6.08317
877,0.745491,0.202531,-1.52013,-5.22274
1661,0.576063,0.204081,-1.32097,-5.23798
906,0.755492,0.205377,-1.70299,-5.60099
776,0.576823,0.344198,-1.41779,-5.47745
321,0.357939,0.14705,-1.11458,-3.50181
1403,0.884298,0.0364728,-1.61763,-5.63003
919,0.524558,0.43249,-1.24822,-4.87126
630,0.590939,0.264138,-1.44818,-4.85464
201,0.686958,0.119493,-1.2454,-4.31622
173,0.729503,0.109555,-1.39727,-4.96661
1528,0.884481,0.26901,-1.65235,-6.03561
792,0.647897,0.231796,-1.32537,-4.70716
1383,0.778533,0.167103,-1.61071,-5.7063
313,0.256975,0.131246,-0.799769,-2.65028
34,0.36728,0.164057,-0.78908,-2.79461
701,0.658817,0.237225,-1.53934,-5.58306
723,0.761877,0.196858,-1.58698,-5.73655
1752,0.831511,0.208373,-1.64599,-5.92314
495,0.604828,0.287434,-1.49596,-4.96679
1352,0.87623,0.262476,-1.74161,-5.79358
1452,0.594153,0.186676,-1.41584,-4.94791
1451,0.678563,0.210443,-1.43431,-4.96592
1611,0.9119,0.195479,-1.71077,-6.21496
1761,0.631007,0.21383,-1.75767,-5.94947
1757,0.821652,0.274648,-1.93451,-6.32862
1180,0.774618,0.298625,-1.54927,-5.78129
174,0.60187,0.187267,-1.47326,-4.79427
1199,0.606442,0.210086,-1.48102,-5.18999
1407,0.621286,-0.00458745,-1.4446,-5.24196
1263,0.795724,0.238754,-1.76474,-6.14432
1146,0.668211,0.257197,-1.6582,-5.75767
172,0.43344,0.111221,-1.06517,-3.43478
304,0.599368,0.310687,-1.37998,-5.7684
1052,0.677184,0.402532,-1.57955,-5.95426
1768,0.49862,0.161659,-1.55224,-5.37752
1242,0.637859,0.439056,-1.47834,-6.0939
1760,0.841181,0.250062,-1.73694,-6.04076
1223,0.664962,0.271621,-1.40034,-5.32373
1426,0.651068,0.418717,-1.39826,-5.71885
1028,0.622949,0.252504,-1.49889,-5.12311
1387,0.601562,0.369321,-1.30834,-5.33124
974,0.599238,0.465345,-1.50262,-6.00525
1727,0.710685,0.227702,-1.45149,-5.49634
402,0.637154,0.305847,-1.36689,-5.55424
1022,0.61748,0.282689,-1.36618,-5.59551
554,0.621649,0.38233,-1.4921,-5.92313
598,0.570278,0.331042,-1.44897,-4.80804
562,0.653553,0.299568,-1.36786,-5.53958
164,0.630908,0.150826,-1.2965,-4.67619
1300,0.859566,0.183664,-1.62842,-5.97779
771,0.675885,0.240348,-1.50271,-5.23495
340,0.65345,0.126728,-1.25285,-4.70089
1601,0.528375,0.217788,-1.46416,-4.73819
81,0.537328,0.165326,-1.26279,-4.23164
1575,0.94677,0.164447,-1.56848,-6.02952
1703,0.786521,0.172191,-1.57917,-5.41441
331,0.549161,0.0443995,-1.03596,-3.74025
283,0.153773,-0.174436,-0.819944,-2.89064
332,0.355775,0.0556765,-0.81814,-3.08739
1603,0.876694,0.197947,-1.69139,-5.93241
859,0.787971,0.128619,-1.57251,-5.44609
25,0.551449,0.0446078,-1.08953,-3.90205
288,0.402006,0.219112,-1.03643,-3.45063
1133,0.801947,0.0582971,-1.40785,-4.93567
1799,0.64619,0.305984,-1.41899,-5.7475
1373,0.648356,0.316673,-1.45662,-5.53196
1253,0.5997,0.221337,-1.25485,-4.79765
823,0.735528,0.102427,-1.43426,-5.64564
31,0.609065,0.091247,-1.06983,-4.13241
411,0.262679,0.14672,-0.787936,-2.68657
27,0.693051,0.107265,-1.27343,-4.39741
873,0.691957,0.342005,-1.50466,-5.79658
1485,0.475246,0.331279,-1.33218,-4.84043
401,0.580628,0.386255,-1.33467,-5.63395
206,0.654593,0.033333,-1.52453,-4.74324
66,0.658199,0.399123,-1.35943,-5.60907
105,0.606916,0.0878313,-1.23042,-4.12713
1131,0.772573,-0.0246819,-1.54339,-5.48996
268,0.469294,0.0714872,-1.11364,-3.99502
1805,0.727455,0.313259,-1.62358,-5.77958
1061,0.713851,0.210833,-1.53221,-5.23046
415,0.612679,0.411861,-1.34509,-5.83258
1463,0.770338,0.230019,-1.69745,-5.32422
465,0.582432,0.151381,-1.30256,-4.03654
1786,0.534326,0.179763,-1.45986,-5.72561
13,0.531646,0.226484,-1.11321,-4.23234
1571,0.6178,0.382065,-1.43735,-5.35591
722,0.753354,0.371093,-1.61137,-5.8377
106,0.652463,0.367307,-1.41832,-5.73576
1449,0.72165,0.126272,-1.54598,-5.38393
531,0.693719,0.10726,-1.28119,-4.76718
1678,0.741968,0.263422,-1.49949,-5.72195
1677,0.733433,0.293175,-1.58412,-5.97485
545,0.568926,0.298448,-1.27628,-5.39895
96,0.518814,0.15809,-1.33146,-4.3756
80,0.626006,0.311656,-1.42474,-5.74175
1011,0.731395,0.204424,-1.30701,-4.82693
1621,0.555529,0.170615,-1.29045,-5.06396
1620,0.726748,0.331168,-1.34016,-5.84044
1210,0.622161,0.293991,-1.20434,-5.03601
1058,0.461509,0.179222,-1.32885,-4.78194
218,0.595604,0.330815,-1.41464,-5.84542
353,0.417866,0.153176,-0.940006,-3.8845
1001,0.55347,0.306058,-1.30991,-4.75183
1159,0.671949,0.207791,-1.65414,-5.44305
845,0.697659,0.292984,-1.36043,-5.42948
325,0.643158,0.183877,-1.2449,-4.96086
483,0.509834,0.296835,-1.275,-5.09304
713,0.836766,0.290111,-1.53125,-5.80338
16,0.389766,0.127025,-1.13004,-4.05534
177,0.414328,0.3079,-1.15779,-4.88963
223,0.319548,0.117399,-0.812069,-2.80803
229,0.549056,0.223489,-1.20898,-4.93397
762,0.542837,0.28696,-1.40023,-4.69205
1090,0.798544,0.233514,-1.62106,-5.75256
1288,0.558863,0.219158,-1.57719,-5.03025
693,0.618264,0.290121,-1.57384,-5.30761
1108,0.811679,0.248543,-1.59283,-5.84068
338,0.510668,0.394977,-1.33941,-5.70303
1072,0.892688,0.196578,-1.82607,-5.94234
1092,0.841237,0.0887658,-1.67202,-5.6535
55,0.379562,0.0402406,-0.719782,-2.72435
1442,0.637156,0.247778,-1.81138,-6.06304
399,0.31481,0.1183,-0.728603,-2.85633
441,0.487198,0.0387044,-0.937498,-3.52696
1256,0.630159,0.25236,-1.43863,-4.76703
72,0.412896,0.102264,-1.07454,-3.62817
1696,0.484472,0.345437,-1.45554,-5.00449
1283,0.818634,0.210824,-1.73772,-5.56426
1418,0.843918,0.22033,-1.78494,-5.95812
1491,0.620295,0.260319,-1.51739,-5.17631
1378,0.675471,0.232566,-1.25258,-5.25214
1137,0.767362,0.270244,-1.49735,-5.98573
314,0.610932,0.102867,-1.1627,-4.26508
707,0.606341,0.323757,-1.37457,-5.01268
1327,0.844829,0.120123,-1.53243,-5.42275
1689,0.931715,0.0662487,-1.57667,-5.71742
1040,0.814576,0.230771,-1.73146,-5.71473
362,0.513565,0.268054,-1.05195,-4.51381
12,0.161772,-0.0653472,-1.15978,-3.87157
336,0.390254,0.212417,-1.3814,-4.19474
408,0.565887,0.148379,-1.18365,-4.7087
511,0.621653,0.430032,-1.44812,-5.60862
1309,0.656813,0.323886,-1.57344,-5.26065
2,0.359904,0.170433,-1.04924,-3.41163
1295,0.462425,0.00901718,-1.45483,-5.08812
240,0.608099,0.342036,-1.39226,-5.69881
797,0.627941,0.239086,-1.52365,-5.088
1292,0.707221,0.281373,-1.34763,-5.35001
1686,0.615844,0.194463,-1.30746,-5.97643
1443,0.879713,0.350756,-1.93977,-6.47163
731,0.827479,0.238605,-1.70889,-5.39141
328,0.573618,0.111684,-1.33776,-3.96806
391,0.078802,0.0267492,-0.587005,-2.07903
275,0.34955,0.163064,-0.777547,-2.81613
679,0.636175,0.44441,-1.63309,-5.87712
115,0.744047,0.093975,-1.57653,-4.95335
1429,0.50149,0.196276,-1.33155,-4.72617
434,0.407872,0.0950441,-1.25041,-3.92009
464,0.324343,0.0381871,-1.0208,-3.45542
1239,0.63164,0.335296,-1.4321,-5.80862
943,0.853448,0.178547,-1.39866,-5.86324
279,0.509484,0.0864592,-1.15635,-4.15
1687,0.600309,0.365579,-1.40761,-5.52781
1481,0.570946,0.270994,-1.44021,-5.06414
1632,0.694053,0.233684,-1.19109,-5.37428
224,0.480472,0.0816262,-0.978107,-3.4491
234,0.550628,-0.0115168,-1.07844,-3.77495
327,0.374943,0.219486,-1.04033,-4.35444
1002,0.526763,0.207738,-1.52548,-5.23265
1073,0.577311,0.294623,-1.38317,-4.80928
1123,0.590988,0.295121,-1.48392,-5.1236
1610,0.80917,0.246593,-1.6035,-5.68129
653,0.588195,0.368962,-1.30237,-5.45048
289,0.629272,0.166567,-1.27561,-4.53389
252,0.535645,0.256409,-1.04905,-4.31622
1156,0.671682,0.291181,-1.42518,-5.26524
964,0.548693,0.291192,-1.50084,-4.88058
59,0.396984,0.0808133,-0.802215,-3.38219
264,0.398986,0.173923,-0.809668,-3.16962
738,0.7858,0.136893,-1.34039,-6.12568
21,0.429408,0.113509,-1.05798,-3.67366
100,0.700627,0.107476,-1.36706,-4.66291
1735,0.627264,0.295724,-1.55918,-5.05436
1175,0.559686,0.218395,-1.55153,-5.04468
909,0.636513,0.201228,-1.45334,-5.10938
130,0.502129,0.308606,-1.22448,-4.74991
1177,0.5495,0.253655,-1.27338,-5.39477
1331,0.865292,0.0872648,-1.78681,-6.14466
547,0.867959,0.144284,-1.63072,-5.97854
1519,0.70725,0.108229,-1.39063,-4.79445
800,0.531698,0.176016,-1.10272,-3.92795
1534,0.512753,0.292283,-1.53588,-5.02813
361,0.472275,0.113175,-1.60308,-5.01066
644,0.747255,0.381919,-1.4822,-5.79107
365,0.610668,0.364904,-1.41175,-6.08631
272,0.4883,0.402527,-1.73596,-5.53646
78,0.560485,0.176244,-1.38011,-4.57752
33,0.320315,0.14754,-0.756829,-2.70264
584,0.598131,0.326211,-1.49601,-5.15594
1495,0.636129,0.282834,-1.48334,-5.12782
273,0.477694,0.109557,-1.53904,-5.03601
276,0.499889,0.231523,-1.12024,-3.83602
1245,0.629129,0.286353,-1.48519,-5.18856
699,0.518466,0.228675,-1.34527,-4.61145
737,0.819291,0.213631,-1.40034,-6.05339
32,0.664349,0.0891041,-1.19326,-4.02395
1751,0.697448,0.212416,-1.64862,-5.62717
951,0.87596,0.341884,-1.80181,-6.23817
913,0.656973,0.248291,-1.51759,-5.28716
86,0.576614,0.00394667,-1.14147,-4.00809
266,0.692298,0.0758441,-1.20895,-4.1976
267,0.377992,0.00964921,-0.904961,-3.05584
563,0.644248,0.3035,-1.3774,-4.97402
23,0.405648,0.15198,-0.766133,-2.81587
944,0.796977,0.228359,-1.65364,-5.53065
1003,0.758204,0.268989,-1.66651,-5.51496
409,0.543355,0.290196,-1.35968,-4.35599
574,0.652318,0.226279,-1.23914,-4.52255
83,0.608332,0.256887,-1.36172,-5.56464
576,0.538853,0.0574322,-1.08343,-5.11987
1597,0.702355,0.137748,-1.33615,-5.14343
665,0.641056,0.282676,-1.51981,-5.11938
952,0.718864,0.339285,-1.68561,-5.9354
220,0.586141,0.324255,-1.40665,-6.08809
1721,0.688264,0.1784,-1.46394,-5.00746
1450,0.792018,0.326339,-1.76856,-6.01758
920,0.631039,0.369431,-1.53493,-5.88223
117,0.612814,0.332934,-1.33962,-5.54442
1255,0.743582,0.277591,-1.64742,-5.64491
1,0.54025,0.207581,-1.18819,-3.73213
493,0.740498,0.233236,-1.42234,-5.43137
1285,0.894028,0.21448,-1.83184,-6.2564
217,0.346825,-0.143303,-1.09451,-4.15164
1008,0.654224,0.255291,-1.53089,-5.15996
654,0.714673,0.130852,-1.62718,-5.32949
674,0.892044,0.139307,-1.55591,-5.81756
286,0.498954,0.0808193,-1.0998,-3.82018
1201,0.593039,0.0466189,-1.53488,-5.12727
936,0.554693,0.365459,-1.32597,-5.40776
1023,0.75253,0.21348,-1.33155,-5.27433
356,0.537812,0.27656,-1.28467,-5.10001
6,0.215224,0.0839474,-0.62355,-2.22825
193,0.495713,0.14923,-0.948564,-3.42611
379,0.502912,0.108371,-0.816277,-3.16066
524,0.662507,0.299794,-1.40432,-5.82759
335,0.583146,0.125284,-1.33027,-4.76155
198,0.49656,0.259198,-1.02194,-4.52817
41,0.570461,0.180316,-1.38172,-4.57477
463,0.414846,0.0880695,-1.12159,-3.52171
68,0.399541,0.128325,-1.13668,-3.93047
1081,0.705132,0.294508,-1.41045,-5.41957
278,0.593506,0.182302,-1.17864,-4.86167
82,0.566595,0.22499,-1.2064,-5.00192
52,0.536099,0.137641,-1.02796,-3.91788
1651,0.527413,0.326206,-1.44647,-5.25536
333,0.397297,-0.0535653,-1.12962,-4.04288
42,0.480665,0.298063,-1.14638,-4.88723
280,0.345569,0.14081,-0.81972,-2.8689
534,0.614472,0.306675,-1.33062,-4.87359
1798,0.836815,0.204333,-1.53858,-5.54086
1257,0.776463,0.215195,-1.56832,-5.40705
685,0.630727,0.233691,-1.54426,-5.09565
1233,0.690108,0.245025,-1.52497,-5.46416
44,0.525105,0.100979,-0.964657,-3.58871
98,0.277686,0.0546558,-0.564664,-2.42748
89,0.427547,0.22926,-0.876491,-3.08983
37,0.542915,0.190884,-1.06997,-4.03321
1564,0.620744,0.230554,-1.3874,-5.10632
49,0.528207,0.112467,-1.27429,-4.15134
468,0.375823,-0.00552036,-0.783235,-2.95832
677,0.842391,0.173987,-1.72533,-6.19845
542,0.636077,0.1223,-1.37548,-5.16784
254,0.544122,0.0848322,-1.1328,-4.07532
160,0.154369,0.0125119,-0.554294,-2.11932
168,0.423723,0.121003,-1.116,-3.8994
541,0.658569,0.16243,-1.47061,-5.0943
1167,0.625388,0.289757,-1.20017,-5.23103
389,0.4849,0.0754756,-0.912969,-3.17778
1572,0.647119,0.25145,-1.38866,-5.32541
581,0.657984,0.145474,-1.32977,-4.65129
139,0.398028,0.0892024,-1.01457,-3.22181
334,0.327972,-0.00573285,-0.754019,-2.78849
780,0.534799,0.329296,-1.32964,-5.39248
225,0.490787,0.19389,-1.13452,-4.77409
1044,0.769583,0.245993,-1.47123,-5.46577
595,0.522088,0.009256,-1.1636,-4.34689
1770,0.615126,0.32513,-1.39266,-5.79895
1310,0.712574,0.333891,-1.34756,-5.30583
91,0.381167,0.110498,-0.747004,-2.37557
90,0.561242,0.101356,-1.04945,-3.44092
265,0.288996,0.179464,-0.596661,-2.34351
1707,0.784452,0.240618,-1.56823,-5.50057
326,0.663258,0.0847909,-1.34385,-4.55999
1218,0.572362,0.237075,-1.2151,-4.68447
352,0.666744,0.031806,-1.28538,-4.60565
291,0.285132,0.12103,-1.2045,-4.83485
529,0.617868,0.238354,-1.43949,-5.36684
1471,0.53093,0.222335,-1.32398,-4.97605
1412,0.632064,0.32599,-1.45855,-5.49003
453,0.434701,0.188371,-1.1758,-3.97704
429,0.400706,0.149707,-1.09197,-3.72998
251,0.477839,0.139507,-1.2312,-4.35115
1247,0.596968,0.219733,-1.35272,-4.97872
156,0.396326,0.245308,-1.07833,-3.77753
97,0.56637,0.205638,-1.06358,-4.54013
933,0.704942,0.304815,-1.48558,-5.38796
836,0.805077,0.106683,-1.59123,-5.71492
380,0.368439,0.0899104,-0.75661,-2.57896
373,0.238358,0.0423335,-0.608584,-2.01029
348,0.324556,0.108377,-0.70978,-2.30906
169,0.465546,0.187955,-1.07265,-4.01076
398,0.445891,0.172902,-0.873165,-3.50477
181,0.134257,-0.0632276,-0.725667,-2.68461
56,0.424,0.189725,-1.27627,-3.97722
74,0.342921,0.106151,-0.97719,-3.18898
307,0.637255,0.148985,-1.26382,-4.41568
47,0.518319,0.137135,-1.28182,-3.88019
238,0.536336,0.196669,-1.37025,-4.26495
601,0.674674,0.200918,-1.41678,-5.2848
40,0.479824,0.316082,-1.05493,-4.66938
222,0.376311,0.0551922,-0.75687,-2.86195
202,0.477947,0.103551,-1.11233,-3.77436
1151,0.704776,0.257178,-1.68224,-5.82091
249,0.690031,0.180502,-1.25068,-4.65157
452,0.74326,0.0660135,-1.39374,-4.99014
418,0.226299,-0.0632944,-0.819405,-3.22305
155,0.548619,0.216079,-1.34557,-4.20356
620,0.45572,0.295584,-1.21864,-4.27639
397,0.281499,0.0775806,-0.745535,-2.56613
75,0.376544,0.192522,-0.953589,-3.24837
131,0.383732,0.0368289,-1.03438,-3.51605
28,0.56252,0.082403,-1.22032,-4.32213
76,0.367215,0.0962321,-0.813111,-2.77299
51,0.50518,0.332975,-1.05688,-4.48783
824,0.606761,0.245559,-1.5994,-5.22134
1045,0.584886,0.275631,-1.46279,-5.23038
392,0.579279,0.101807,-1.13238,-4.46182
211,0.446044,-0.00640837,-1.07872,-3.77668
248,0.390651,0.219176,-1.15049,-4.77987
442,0.369276,0.0344986,-0.851374,-2.96881
1558,0.523543,0.203137,-1.2956,-4.85045
1055,0.550606,0.232942,-1.47517,-5.00878
179,0.215687,-0.0239261,-0.619126,-2.0604
93,0.408158,-0.0255398,-0.843977,-3.04445
318,0.276665,-0.0525068,-0.839694,-2.77758
8,0.335851,-0.0453261,-1.07176,-3.78436
457,0.420899,0.0269369,-1.00552,-3.48043
1370,0.736516,0.326373,-1.42095,-5.84399
36,0.514832,-0.0183784,-1.10545,-4.16411
7,0.577521,0.138061,-1.29126,-4.21955
184,0.624558,0.0813349,-1.24215,-4.53553
507,0.553942,0.179804,-1.34476,-4.55891
60,0.306983,0.15794,-0.749767,-2.43544
46,0.499711,0.0622519,-1.15075,-3.63635
454,0.213185,0.0687035,-0.933314,-3.06191
171,0.38742,0.129858,-0.712696,-2.67419
87,0.485899,0.13167,-0.982677,-3.77792
354,0.561336,0.149425,-1.25406,-3.65901
3,0.564447,0.174718,-1.15932,-3.58291
233,0.664455,0.181575,-1.22728,-4.67018
608,0.790265,0.209788,-1.39669,-5.06725
194,0.521959,0.304954,-1.36666,-4.44841
30,0.495817,0.0851673,-1.12585,-3.96928
260,0.302273,0.0670204,-0.777595,-2.21195
634,0.542174,0.399134,-1.27038,-5.44247
347,0.419017,0.129683,-1.04042,-3.25174
48,0.187678,-0.148846,-0.844767,-3.15435
536,0.648724,0.182453,-1.46013,-5.11403
180,0.20962,0.0308067,-0.668703,-2.20735
53,0.338423,0.182187,-1.05135,-3.49291
440,0.370377,0.10843,-0.978471,-3.447
133,0.180755,0.0410815,-1.0211,-3.46422
175,0.387869,0.0135966,-0.872142,-3.15231
1106,0.607915,0.185855,-1.43027,-5.10843
57,0.532198,0.0067712,-1.19397,-4.10267
384,0.303832,0.241227,-0.906735,-3.09655
142,0.456984,0.069403,-1.13615,-4.10792
95,0.298579,0.245915,-0.883588,-3.09084
151,0.37247,0.207087,-1.09898,-3.67731
1590,0.588232,0.245658,-1.34272,-4.83028
393,0.371517,0.192586,-1.03512,-3.32771
637,0.675365,0.282747,-1.43712,-5.22257
170,0.41815,0.108252,-0.974849,-3.43403
10,0.382092,0.128755,-0.629011,-2.77947
199,0.328455,0.00659151,-1.09053,-3.64459
92,0.45223,-0.0502894,-1.02415,-3.57253
478,0.972195,0.206319,-2.08471,-8.06425
470,1.16782,0.243398,-2.4516,-9.58395
212,0.367508,0.0277783,-0.89364,-3.14882
210,0.598257,0.16155,-1.18621,-4.1128
88,0.303505,0.0944997,-0.71001,-2.31819
188,0.45431,0.166221,-1.16803,-4.24482
293,0.294584,0.0933737,-0.660045,-2.34536
67,0.407745,0.154431,-0.924988,-3.10358
200,0.802209,0.0470048,-1.43411,-4.98597
109,0.302798,0.108276,-0.917259,-3.12374
19,0.511003,0.105516,-1.26606,-4.09627
205,0.391735,0.0451852,-0.79853,-3.01205
54,0.207025,0.0948912,-0.807051,-2.49627
421,0.396708,0.100585,-0.962858,-2.92749
79,0.408338,0.141682,-1.25268,-4.03987
103,0.432849,0.157467,-0.953482,-3.13015
292,0.395651,0.125399,-0.888485,-3.44162
1248,0.619031,0.301093,-1.41169,-4.98356
116,0.34315,0.135788,-0.913283,-2.85956
26,0.420754,0.0299442,-0.775254,-2.8794
396,0.286877,0.0614163,-0.747431,-2.6721
62,0.258557,0.0775617,-0.754139,-2.67704
420,0.428309,0.156878,-1.28206,-3.88085
255,0.473141,0.0831201,-0.861577,-3.20995
316,0.244757,0.227452,-0.967255,-3.03435
152,0.522612,0.0974716,-1.00074,-3.52035
317,0.313727,0.00882194,-0.725358,-2.54053
390,0.284823,0.10542,-0.648975,-2.21614

