267,-0.265967,-0.340094,-2.13361,-2.34682
161,-0.286144,-0.452063,-2.68312,-3.04228
1171,-0.663554,-0.857671,-4.33602,-5.06848
1813,-0.22973,-0.797812,-4.25604,-5.35103
842,-0.535626,-0.53987,-3.53376,-4.41025
1612,-0.535541,-0.615107,-3.76825,-4.84507
1613,-0.273926,-0.585497,-3.35834,-4.09859
1809,-0.196253,-0.602913,-3.6626,-4.50627
1810,-0.227995,-0.549147,-3.6262,-4.44514
617,-0.155635,-0.634364,-3.55202,-4.34492
1811,-0.180765,-0.64753,-3.69579,-4.47195
1760,-0.552915,-0.626834,-3.89307,-4.90974
1095,-0.487638,-0.672809,-3.79523,-4.76299
1142,-0.467545,-0.665987,-3.84903,-4.69295
892,-0.383726,-0.76484,-3.5093,-4.13335
1122,-0.41613,-0.677749,-3.93935,-4.65391
1306,-0.347322,-0.580058,-3.39792,-4.06069
1202,-0.0924074,-0.537838,-3.46713,-4.37598
1502,-0.35926,-0.603007,-3.21415,-4.04578
187,-0.243092,-0.29684,-2.27121,-2.71851
1111,-0.538062,-0.406484,-3.62626,-4.70544
1107,-0.491856,-0.485597,-3.60609,-4.6744
1615,-0.0556859,-0.507874,-3.4111,-4.3746
1787,-0.0782507,-0.668362,-4.45,-5.76945
382,0.0136745,-0.461746,-3.66649,-4.81018
1616,-0.00997047,-0.478734,-3.5765,-4.67572
882,-0.414986,-0.633136,-3.53373,-4.38766
1627,-0.448199,-0.666501,-3.77108,-4.602
1230,-0.197914,-0.348998,-3.56959,-4.86295
1785,-0.40437,-0.416588,-3.57097,-4.72453
1781,-0.511782,-0.272837,-3.56611,-4.84373
1310,-0.121502,-0.496824,-3.16783,-3.95901
1159,-0.164286,-0.695626,-3.44943,-3.96232
1158,-0.138804,-0.819277,-3.85145,-4.37215
1057,-0.149391,-0.999424,-4.41285,-5.14297
839,-0.204695,-0.906912,-4.15214,-4.93283
1505,-0.557953,-0.615485,-3.81188,-4.73499
501,-0.443896,-0.618054,-3.54362,-4.38169
1506,-0.638191,-0.626746,-3.74235,-4.67607
795,-0.583509,-0.565831,-3.57662,-4.53219
1684,-0.209534,-0.582758,-3.18269,-3.95384
1685,-0.187059,-0.539929,-2.9772,-3.59264
1629,-0.310891,-0.865433,-4.24322,-4.93993
1356,-0.202841,-0.890816,-4.27946,-4.89622
1769,-0.46579,-1.12348,-7.91363,-9.43861
474,-0.321374,-1.13855,-7.98175,-9.56131
1179,-0.163793,-0.407811,-3.12588,-4.07466
349,-0.0430979,-0.520917,-3.63625,-4.67173
546,-0.0571908,-0.524127,-3.27031,-4.20458
190,-0.0888492,-0.580717,-3.36905,-4.30128
350,-0.0263889,-0.534062,-3.56777,-4.58684
1120,-0.129062,-0.554479,-3.65299,-4.64123
764,-0.132468,-0.572918,-3.4659,-4.41081
593,-0.0350016,-0.536502,-3.64253,-4.70701
1657,-0.190714,-0.597637,-3.33194,-4.1078
779,-0.325477,-0.585357,-3.67484,-4.74001
620,-0.176959,-0.445455,-2.84641,-3.62306
1617,-0.246486,-0.463596,-3.54108,-4.66998
1619,-0.226745,-0.493707,-3.15659,-3.99394
1284,-0.271066,-0.560386,-3.67216,-4.52638
581,-0.187605,-0.484805,-2.88467,-3.49763
1708,-0.291114,-0.54717,-3.61073,-4.40367
921,-0.162892,-0.396567,-3.36112,-4.38119
1683,-0.197774,-0.459526,-3.51677,-4.55359
536,-0.130967,-0.625474,-3.3292,-3.99914
664,-0.205232,-0.68938,-3.26472,-3.88792
479,-0.348871,-0.521718,-3.92611,-4.36618
1803,-0.377815,-0.562059,-3.59737,-4.34111
1802,-0.406181,-0.648593,-3.84092,-4.65482
1315,-0.566415,-0.647608,-3.91284,-4.84204
1383,-0.400284,-0.570953,-3.64659,-4.51046
1564,-0.322034,-0.504718,-3.37933,-3.8997
1372,-0.509669,-0.605159,-3.78468,-4.79151
512,-0.0230738,-0.448196,-3.42582,-4.48056
788,-0.0391462,-0.545877,-3.47406,-4.55077
1746,-0.0587181,-0.579443,-4.17641,-5.57324
1380,-0.0343611,-0.602911,-3.97739,-5.06144
1441,-0.281583,-0.469171,-2.84581,-3.53325
696,-0.271627,-0.567469,-3.28092,-3.9283
1509,-0.305382,-0.90531,-3.89295,-4.53398
1764,-0.312923,-0.797793,-3.82481,-4.58415
1765,-0.347404,-0.889158,-4.04821,-4.76815
1510,-0.396759,-0.868821,-4.05561,-4.67515
1597,-0.146109,-0.539229,-3.0933,-3.69791
1595,-0.183237,-0.693122,-3.42844,-4.21808
673,-0.102008,-0.581415,-3.82668,-4.6612
961,-0.108679,-0.601024,-3.58306,-4.49774
248,-0.013932,-0.409072,-2.51757,-3.12239
153,-0.032257,-0.522609,-3.55783,-4.61067
424,0.0135483,-0.510317,-3.58943,-4.69217
423,-0.06997,-0.539729,-3.33067,-4.20661
1370,-0.160359,-0.627551,-3.48818,-4.32612
165,-0.0232041,-0.542053,-3.59457,-4.65488
706,-0.0239128,-0.467032,-3.17412,-4.06456
154,-0.117264,-0.74233,-3.63332,-4.13443
838,-0.0632428,-0.856163,-4.34357,-5.09454
681,-0.153134,-0.474392,-3.25884,-4.18176
528,-0.0544567,-0.508174,-3.671,-4.82643
731,-0.185886,-0.655776,-3.41495,-4.08618
949,-0.225626,-0.637854,-3.29173,-3.88276
1694,-0.240073,-0.680169,-3.40623,-4.08777
950,-0.282875,-0.553184,-3.03709,-3.67337
953,-0.523511,-0.541386,-3.91,-4.81518
1442,-0.530063,-0.466145,-3.66778,-4.60474
872,-0.494535,-0.687106,-3.82694,-4.4387
880,-0.362655,-0.700395,-3.4966,-4.25121
1586,-0.554876,-0.625195,-4.04949,-4.71338
1021,-0.24388,-0.68423,-3.75904,-4.60004
194,-0.22139,-0.492361,-2.74726,-3.29596
1489,-0.221414,-0.622644,-3.68214,-4.52348
778,-0.307323,-0.588862,-3.46867,-4.46764
1488,-0.232654,-0.661321,-3.49402,-4.34411
1006,-0.465922,-0.640219,-3.80509,-4.56553
1726,-0.47094,-0.572131,-3.6168,-4.42415
1090,-0.422088,-0.594124,-3.50652,-4.23374
1366,-0.123467,-0.304886,-3.02699,-4.02979
1754,-0.143249,-0.388862,-3.62643,-4.89129
1150,-0.0586827,-0.562188,-3.97799,-5.17227
1470,-0.316069,-0.387398,-3.16043,-4.10128
1471,-0.155174,-0.579174,-3.35346,-4.15272
1221,-0.325537,-0.628378,-3.19132,-3.6938
182,-0.256343,-0.427461,-2.30544,-2.77614
995,-0.343801,-0.593222,-3.48293,-3.99672
603,-0.228024,-0.453471,-2.59524,-3.17192
641,-0.329823,-0.685882,-3.77682,-4.4955
632,-0.244353,-0.686964,-3.67848,-4.4297
1654,-0.20104,-0.693005,-3.57023,-4.31307
1379,-0.229662,-0.788653,-3.94213,-4.79543
480,-0.0563816,-0.83048,-4.06835,-4.81933
1062,0.0979588,-0.569268,-3.72158,-4.82829
1229,-0.078437,-0.478159,-3.28754,-4.02538
505,-0.0656638,-0.4592,-3.32628,-4.31107
734,-0.0774355,-0.564927,-3.41822,-4.25921
357,-0.00325588,-0.450195,-3.36455,-4.3254
722,-0.0679734,-0.608831,-3.52619,-4.37553
782,-0.693797,-0.611875,-3.97265,-4.93047
500,-0.696779,-0.648258,-3.96561,-4.88725
532,-0.496659,-0.359442,-3.2867,-4.03083
1433,-0.190646,-0.789264,-3.66656,-4.39104
1663,-0.259057,-0.8362,-3.98573,-4.67938
1494,-0.266742,-0.714433,-3.60293,-4.37166
1381,-0.336354,-0.776001,-4.08903,-4.95931
1492,-0.300927,-0.761629,-3.85599,-4.67431
1768,-0.144926,-0.556038,-3.30703,-3.90666
1722,-0.152697,-0.723797,-3.88141,-4.40055
1149,-0.234789,-0.771453,-3.73834,-4.33339
794,-0.236947,-0.365293,-2.80578,-3.48991
852,-0.295249,-0.545173,-3.27877,-4.13057
629,-0.28723,-0.469074,-3.13857,-3.87962
1320,-0.611285,-0.416926,-3.91559,-5.08503
741,-0.672084,-0.571032,-3.70985,-4.71613
1291,0.0264302,-0.600422,-3.69736,-4.59276
873,-0.0693122,-0.618269,-3.43348,-4.25342
493,-0.0855931,-0.522213,-3.20347,-4.05368
559,-0.0601665,-0.567053,-3.6365,-4.56115
82,-0.0837975,-0.39379,-2.76643,-3.36174
1373,-0.0141258,-0.48749,-3.28873,-3.89046
1236,-0.0687738,-0.521422,-3.58398,-4.5872
1457,-0.0892349,-0.595738,-3.94259,-5.12421
526,-0.0373353,-0.561826,-3.50138,-4.55701
1745,0.0424092,-0.415313,-3.39039,-4.40837
456,0.0773266,-0.474062,-3.83368,-5.0495
146,0.0737857,-0.44269,-3.44678,-4.52291
1445,-0.00636342,-0.573823,-3.70102,-4.85653
611,-0.281085,-0.482619,-3.53961,-4.46706
1367,-0.241915,-0.574698,-3.52154,-4.27666
307,-0.258291,-0.428535,-2.69673,-3.27987
1227,-0.2345,-0.602711,-3.39185,-4.18891
1368,-0.0160269,-0.502012,-3.49996,-4.44976
624,-0.132201,-0.649449,-3.86448,-4.87662
753,-0.403898,-0.681964,-3.79157,-4.64357
1456,-0.389837,-0.43867,-3.83914,-4.26439
824,-0.193161,-0.551151,-2.91939,-3.52889
599,-0.265651,-0.880486,-4.12176,-4.72496
420,-0.225202,-0.558459,-2.69383,-3.06301
1504,-0.540856,-0.558938,-3.75628,-4.65403
174,-0.455958,-0.4466,-3.07585,-3.70655
1511,-0.267652,-0.748986,-3.94835,-4.57702
1512,-0.2656,-0.671315,-3.57641,-4.25237
937,-0.365483,-0.682205,-3.84886,-4.58398
1518,-0.378015,-0.606037,-3.72991,-4.44626
877,-0.20424,-0.538416,-3.176,-4.03613
816,-0.405246,-0.64173,-3.54172,-4.4415
817,-0.378386,-0.646379,-3.70289,-4.65026
1181,-0.0412938,-0.556732,-3.42294,-4.32133
956,-0.0978731,-0.549373,-3.37604,-4.25166
651,-0.0780047,-0.574676,-3.49697,-4.36837
1339,-0.123767,-0.711975,-3.51453,-4.23927
1340,-0.0380476,-0.791987,-3.81199,-4.53226
1706,-0.0496807,-0.721533,-3.81272,-4.57691
1637,-0.049886,-0.810062,-3.78472,-4.63497
1218,0.029962,-0.656354,-3.23125,-3.92184
1705,-0.0364824,-0.798459,-3.63028,-4.30224
1636,-0.093496,-0.652161,-3.65575,-4.36083
1156,-0.319099,-0.379881,-3.1557,-4.2174
626,-0.218625,-1.07934,-4.43704,-5.12532
1723,-0.0621755,-0.561836,-3.5138,-4.37627
242,0.084654,-0.524322,-3.68207,-4.73214
458,-0.0298442,-0.561495,-3.47886,-4.32408
1188,-0.0730418,-0.58901,-3.59475,-4.50018
902,-0.224916,-0.667632,-3.71928,-4.4774
1301,-0.16436,-0.653823,-3.60289,-4.43151
1600,-0.132396,-0.679358,-3.70698,-4.57211
1290,0.0321373,-0.694093,-3.63925,-4.47487
733,0.0406612,-0.676904,-3.63165,-4.56756
294,-0.038548,-0.524825,-3.34026,-4.17684
860,-0.530058,-0.48951,-3.33082,-4.04091
210,-0.441501,-0.450943,-2.46961,-2.98436
1553,-0.116852,-0.615624,-3.54389,-4.37414
85,-0.0674506,-0.491049,-3.78342,-4.83741
587,-0.0691015,-0.511916,-3.59963,-4.69147
1105,-0.174044,-0.516649,-3.91293,-5.2356
672,-0.140173,-0.62715,-3.61522,-4.39276
1205,-0.0325917,-0.421937,-3.86606,-4.77136
588,-0.466975,-0.749347,-3.7399,-4.39488
874,-0.380771,-0.816991,-3.98406,-4.76027
897,-0.3081,-0.712083,-3.73721,-4.54299
1136,-0.853611,-0.513188,-4.33191,-5.55568
1709,-0.723618,-0.319207,-3.90167,-5.08286
1711,-0.455696,-0.37389,-3.25445,-4.25734
1710,-0.60669,-0.424316,-3.79199,-4.89845
1461,-0.612527,-0.395179,-3.94822,-5.30272
1076,-0.604492,-0.373397,-3.81861,-4.97815
748,-0.542619,-0.48198,-3.73412,-4.89013
1298,-0.279251,-0.342901,-3.58871,-4.93323
1299,-0.21398,-0.474258,-3.10875,-3.97281
1777,-0.400148,-0.680519,-3.52198,-4.25027
266,-0.219608,-0.42602,-2.09809,-2.39508
1750,-0.537624,-0.739091,-4.03305,-4.75372
1749,-0.412957,-0.733924,-3.93224,-4.58657
1748,-0.417422,-0.767146,-3.92218,-4.58339
582,-0.350408,-0.683345,-3.62836,-4.4831
1669,-0.244092,-0.457159,-3.36497,-4.41064
342,-0.0223496,-0.349752,-3.25572,-4.3422
506,-0.0550094,-0.519053,-3.5555,-4.72195
830,-0.0679893,-0.651817,-4.1447,-5.31467
1094,0.00102318,-0.534996,-3.47531,-4.35461
755,-0.035361,-0.604434,-3.6402,-4.46538
162,0.0015443,-0.411624,-3.25837,-4.16442
311,0.0212636,-0.461401,-3.60122,-4.72977
631,-0.105599,-0.593627,-3.66649,-4.79793
1753,-0.26094,-0.556929,-3.98973,-5.19736
1794,-0.205711,-0.419023,-3.48926,-4.55947
1770,-0.159594,-0.528712,-3.44483,-4.4534
1012,-0.054958,-0.45605,-3.54322,-4.54936
1278,-0.135313,-0.562621,-3.33948,-3.78876
1533,-0.0739068,-0.722022,-3.99157,-4.55301
615,-0.156896,-0.646025,-3.77198,-4.21817
490,-0.209107,-0.603874,-3.60478,-4.09473
1060,-0.258684,-0.648981,-3.29866,-3.74737
1482,-0.386888,-0.655016,-3.69003,-4.42157
1487,-0.291997,-0.657135,-3.77401,-4.49627
1486,-0.391659,-0.730514,-3.65787,-4.40723
1343,-0.441054,-0.376683,-3.68638,-4.77162
1344,-0.173406,-0.502445,-3.38205,-4.34062
1078,-0.295138,-0.419924,-3.40607,-4.44974
401,-0.0969406,-0.481488,-3.47764,-4.36717
113,0.0245653,-0.5008,-3.63596,-4.66358
1191,-0.101754,-0.539545,-3.50844,-4.24704
1513,-0.282657,-0.717286,-3.77325,-4.50099
743,-0.288009,-0.673824,-3.50458,-4.2209
709,-0.0619505,-0.483106,-3.00244,-3.85261
1119,0.0501738,-0.629221,-3.25474,-3.83061
1398,-0.0960814,-0.765043,-3.59891,-4.25741
183,-0.0713216,-0.550646,-2.81337,-3.18464
1582,-0.0622385,-0.869569,-4.29779,-5.1095
820,0.0126126,-0.869548,-4.04868,-4.86548
597,-0.00149008,-0.8587,-3.901,-4.70836
1728,-0.0836728,-0.715844,-3.31931,-3.94421
682,-0.0348482,-0.701141,-3.80125,-4.58755
589,0.0173366,-0.570026,-3.66854,-4.50189
585,-0.0731136,-0.524444,-3.45989,-4.36576
1051,-0.031317,-0.494258,-3.31662,-4.26586
652,-0.11162,-0.556579,-3.32506,-4.01139
1522,-0.124345,-0.64618,-3.58275,-4.48772
1670,-0.269005,-0.694572,-4.02167,-4.57079
1404,-0.295616,-0.693826,-4.01691,-4.47986
1420,-0.0318847,-0.528381,-3.18049,-3.94362
1197,0.0262977,-0.579959,-3.52413,-4.42945
1209,-0.00411782,-0.628746,-3.56939,-4.38405
1208,-0.0444922,-0.516384,-3.4647,-4.40238
1581,-0.0905773,-0.432815,-3.60116,-4.75293
1524,-0.142131,-0.559297,-4.14527,-5.28816
692,0.108202,-0.553718,-3.60559,-4.59415
1475,-0.349711,-0.775653,-4.02093,-4.71731
1395,-0.464611,-0.622749,-3.65839,-4.50685
1117,-0.367399,-0.712558,-3.81216,-4.67835
1118,-0.316751,-0.480352,-3.18527,-3.97564
1620,-0.0756084,-0.591754,-3.38525,-4.08601
494,-0.212435,-0.610116,-3.12898,-3.6293
1430,-0.190474,-0.513666,-2.98056,-3.55194
136,-0.17666,-0.793632,-3.92623,-4.42835
906,-0.172233,-0.778447,-3.49163,-4.16011
907,-0.0944384,-0.891089,-4.12597,-4.91694
592,-0.0582532,-0.888007,-4.01287,-4.80208
1085,-0.0456992,-0.872753,-3.88607,-4.60605
66,-0.016641,-0.524855,-3.52505,-4.40846
934,-0.119029,-0.598194,-3.5767,-4.42344
957,-0.452157,-0.570712,-3.29196,-3.92626
958,-0.52355,-0.672389,-3.89026,-4.63949
487,-0.476192,-0.645559,-3.64489,-4.49159
1467,-0.0910931,-0.651805,-3.67604,-4.54036
990,-0.00413431,-0.45443,-3.28409,-4.22253
645,0.0134315,-0.53276,-3.61898,-4.80695
1690,-0.299711,-0.418393,-3.75769,-5.09999
1235,-0.241401,-0.555021,-3.86219,-4.97636
787,-0.410063,-0.643573,-3.51527,-4.28995
1541,-0.558566,-0.644896,-3.76672,-4.63826
1295,-0.250357,-0.605989,-3.16979,-3.78313
1000,-0.355963,-0.596745,-3.9267,-4.40757
835,-0.318682,-0.745364,-3.71657,-4.44371
945,-0.369154,-0.678261,-3.76199,-4.54223
1743,-0.381473,-0.702121,-3.90465,-4.78197
1744,-0.439579,-0.660831,-3.4931,-4.22564
1498,-0.332564,-0.760477,-3.91157,-4.75704
1497,-0.319038,-0.810355,-4.0427,-4.8526
1499,-0.362849,-0.750555,-3.84095,-4.51926
1493,-0.294755,-0.732159,-3.81833,-4.61678
799,-0.265775,-0.593993,-3.13433,-3.82422
1557,-0.235921,-0.4044,-3.30797,-3.78924
1737,-0.428989,-0.651299,-3.72056,-4.56515
1740,-0.374903,-0.666687,-3.69358,-4.42358
1503,-0.463022,-0.666359,-3.78299,-4.66654
1739,-0.398609,-0.611147,-3.67195,-4.57011
690,-0.597649,-0.607466,-3.86567,-4.8367
1042,-0.312737,-0.414306,-3.24549,-3.75423
843,-0.572663,-0.42929,-3.76872,-4.45816
1220,-0.34005,-0.570078,-3.17879,-4.05133
798,-0.122004,-0.540898,-2.96889,-3.70899
1716,-0.352336,-0.422733,-3.68515,-4.99531
1718,-0.382642,-0.434514,-3.73821,-4.86395
1712,-0.409276,-0.380067,-3.70078,-4.95144
1717,-0.47574,-0.248441,-3.73696,-5.20035
1713,-0.36059,-0.400737,-3.64978,-4.84233
1507,-0.237472,-0.689348,-3.52818,-4.2436
1508,-0.264161,-0.733802,-3.73746,-4.57505
1444,-0.167438,-0.667176,-3.77628,-4.75533
594,-0.211019,-0.738304,-3.68064,-4.44091
1329,-0.137882,-0.675505,-3.78511,-4.69367
635,-0.138947,-0.567576,-3.22026,-3.92582
931,0.00544397,-0.456275,-3.57782,-4.78062
1797,-0.252045,-0.642836,-3.62121,-4.44763
1102,-0.27555,-0.608637,-3.40343,-4.15762
1778,-0.535985,-0.665424,-3.73116,-4.62685
1780,-0.442795,-0.654311,-3.6552,-4.53327
1141,-0.410189,-0.68393,-3.30809,-4.04761
1112,-0.162923,-0.575953,-3.26973,-3.9218
605,-0.278998,-0.620561,-3.1186,-3.68212
735,-0.768861,-0.429535,-3.90476,-4.84191
1792,-0.152373,-0.591629,-3.05292,-3.59069
1791,-0.206986,-0.605019,-3.2427,-4.00427
1563,-0.311055,-0.669698,-3.66627,-4.49534
1440,-0.298453,-0.71233,-3.7397,-4.50789
1742,-0.367246,-0.713653,-3.76998,-4.51049
1079,-0.0497604,-0.704028,-3.43842,-4.04119
1459,0.214351,-1.59686,-9.47594,-11.2008
476,0.265299,-1.60611,-9.69143,-11.5
243,0.0223945,-0.601904,-3.78519,-4.69978
1786,-0.0658124,-0.461563,-3.37547,-4.37066
568,-0.103815,-0.466703,-3.71347,-4.78333
472,0.0222286,-0.429468,-3.61635,-4.8198
540,-0.0894493,-0.644082,-3.98054,-5.09869
271,-0.0202353,-0.514393,-3.62347,-4.59785
1412,-0.0458605,-0.491462,-3.22449,-4.08088
895,-0.13175,-0.667277,-3.55709,-4.1578
268,-0.0537312,-0.562623,-3.11558,-3.53572
1549,-0.071786,-0.891558,-4.49325,-5.29243
1086,-0.0418195,-0.670527,-3.51418,-4.35071
304,0.0145322,-0.498761,-3.34233,-4.22078
257,-0.0269405,-0.520939,-3.72917,-4.74437
516,-0.0329904,-0.496847,-3.28845,-4.19984
997,-0.102674,-0.505723,-3.74125,-4.97849
393,-0.300409,-0.357341,-2.16521,-2.68979
710,-0.179653,-0.568813,-2.94867,-3.54963
565,-0.557899,-0.671453,-3.8884,-4.65617
1353,-0.506152,-0.71026,-3.84969,-4.64866
1168,-0.182376,-0.673063,-3.49338,-4.26643
1169,-0.37807,-0.795082,-4.15664,-4.94185
272,-0.383835,-0.683338,-3.26538,-3.71744
661,-0.360346,-0.85983,-4.16301,-5.00932
1464,-0.335863,-0.782039,-3.92948,-4.68671
971,0.00549437,-0.620269,-3.59353,-4.51093
972,0.0200701,-0.515075,-3.12005,-3.87533
697,-0.180649,-0.428669,-3.35892,-3.73349
1536,-0.186342,-0.646938,-4.15703,-4.72991
768,-0.168113,-0.568902,-3.02561,-3.53809
1121,-0.324549,-0.673805,-3.75464,-4.44063
1501,-0.374218,-0.708988,-3.79073,-4.5165
1423,-0.237084,-0.640293,-3.48939,-4.27483
1285,-0.44293,-0.708225,-3.82714,-4.52091
1305,-0.516339,-0.765382,-3.92282,-4.59818
1720,-0.446772,-0.770029,-3.78603,-4.39452
867,-0.069905,-0.589803,-4.12125,-5.16184
1319,-0.574301,-0.411826,-3.86929,-4.95392
1688,-0.247673,-0.43738,-4.11262,-5.46136
602,-0.537879,-0.672592,-3.80841,-4.69421
762,-0.143041,-0.507951,-3.02285,-3.61
1354,-0.325771,-0.621206,-3.39667,-4.0249
1382,-0.0993599,-0.563148,-3.46375,-4.31207
1391,-0.0672095,-0.636019,-3.75519,-4.64224
1148,-0.204585,-0.498545,-3.17324,-3.69962
1646,-0.265269,-0.714255,-3.65497,-4.35254
856,-0.292973,-0.740953,-3.90017,-4.68465
47,-0.209124,-0.467326,-2.47966,-2.9927
903,-0.294149,-0.607992,-3.63072,-4.49587
904,-0.410155,-0.598834,-3.67571,-4.4909
1386,-0.469318,-0.578623,-3.75078,-4.75886
1624,-0.229043,-0.627414,-3.56953,-4.56432
40,-0.0789151,-0.37111,-2.71403,-3.40062
1606,-0.0711474,-0.501711,-3.65785,-4.81112
564,-0.206952,-0.352821,-3.43975,-4.53754
939,-0.277373,-0.423357,-3.56413,-4.56962
686,-0.273472,-0.444407,-3.64743,-4.73512
754,-0.337208,-0.496876,-3.09695,-3.58563
213,-0.578386,-0.554452,-3.45923,-4.05486
215,-0.416292,-0.532523,-3.29292,-3.72949
814,-0.442295,-0.739635,-3.89627,-4.64288
1237,-0.10126,-0.517914,-3.43902,-4.37506
219,0.0228636,-0.474956,-3.56519,-4.63658
1088,0.0720007,-0.646193,-3.6565,-4.51588
1673,-0.257759,-0.615111,-3.38675,-4.2496
515,-0.0291151,-0.501863,-3.51342,-4.48556
623,-0.101872,-0.571035,-3.63651,-4.64792
545,0.0211146,-0.426917,-3.24466,-4.08521
922,-0.307565,-0.557173,-3.29959,-3.8699
689,0.0101751,-0.50197,-3.3251,-4.19705
1198,-0.0627139,-0.61419,-3.99374,-5.18955
525,-0.394088,-0.759174,-3.68285,-4.38012
586,-0.252276,-0.760404,-3.87213,-4.72343
884,-0.253951,-0.878716,-4.1658,-4.82973
239,-0.268422,-0.685772,-3.62551,-4.22463
1099,-0.151747,-0.811917,-3.92548,-4.62096
1125,-0.256855,-0.725536,-3.62578,-4.41359
591,-0.0944382,-0.879463,-3.80114,-4.50937
831,-0.0154873,-0.728685,-3.82524,-4.60237
20,-0.0211047,-0.424256,-3.06592,-3.64406
1783,-0.354139,-0.438371,-3.56882,-4.7411
1784,-0.493944,-0.360042,-3.76296,-5.10798
1763,-0.539002,-0.382347,-3.70164,-4.81494
698,-0.134906,-0.423384,-3.17869,-3.46738
2,-0.197645,-0.350639,-2.16993,-2.60155
1695,-0.313649,-0.832375,-4.17801,-5.09343
1292,-0.0217274,-0.579739,-3.17178,-3.91739
1022,-0.182684,-0.511724,-3.39248,-4.27328
159,0.00513965,-0.470888,-3.59808,-4.72739
1427,-0.0517411,-0.505,-3.48421,-4.48545
1082,-0.0246864,-0.483578,-3.56995,-4.71631
1699,-0.0398908,-0.516262,-3.63958,-4.67344
1727,-0.1112,-0.413943,-3.19863,-4.11018
408,-0.125313,-0.466267,-2.70483,-3.38739
1703,-0.388849,-0.668801,-3.54856,-4.11537
331,-0.37159,-0.393732,-2.5497,-2.8463
999,-0.599428,-0.614319,-4.02939,-4.90889
928,-0.653955,-0.64553,-4.0012,-4.87166
1194,-0.588107,-0.621374,-3.9521,-4.77525
998,-0.625065,-0.662836,-3.82828,-4.70428
1364,-0.36652,-0.639412,-3.58705,-4.30957
786,-0.374418,-0.581176,-3.70954,-4.65342
541,0.0110288,-0.534626,-3.07672,-3.51791
1264,-0.179743,-0.512747,-3.11403,-3.7841
1002,-0.104726,-0.539684,-3.12561,-3.77964
857,-0.50952,-0.653853,-3.76639,-4.60286
858,-0.587028,-0.61317,-3.9668,-4.99005
1219,-0.528543,-0.652339,-3.79096,-4.72887
1316,-0.545875,-0.620632,-3.89678,-4.77274
1731,-0.288678,-0.527337,-3.6718,-4.65994
245,-0.00720213,-0.457116,-3.51061,-4.58779
124,0.0295065,-0.395021,-3.40047,-4.38737
308,-0.0439053,-0.451956,-3.61771,-4.65894
1526,-0.203533,-0.469677,-3.26275,-4.15032
163,-0.0168328,-0.359313,-3.15132,-4.14558
1767,0.0386823,-0.872269,-4.57965,-5.62669
774,0.133625,-0.782342,-4.19896,-5.16007
772,0.002678,-0.827814,-4.31493,-5.39017
1011,-0.258577,-0.699205,-3.24388,-3.71909
777,-0.209255,-0.732866,-3.58224,-4.21483
1130,-0.236772,-0.652391,-3.30406,-3.92804
805,-0.249709,-0.778801,-3.90371,-4.4176
523,-0.129014,-0.616916,-3.32046,-4.01952
1531,-0.201425,-0.765832,-3.45871,-3.98825
1696,-0.181259,-0.550304,-3.0534,-3.68589
191,-0.00925963,-0.403363,-3.66861,-4.74104
450,-0.0344671,-0.470438,-3.40523,-4.29922
269,-0.0581089,-0.524184,-3.64837,-4.72974
489,0.0625837,-0.421376,-3.45225,-4.43431
1068,-0.0967589,-0.540681,-3.63366,-4.66812
862,-0.0933955,-0.496081,-3.7177,-4.89201
840,-0.203864,-1.07992,-4.42979,-5.10887
383,-0.1761,-0.823657,-3.52855,-4.00328
1275,-0.143598,-0.887988,-4.06888,-4.68724
1273,-0.187626,-0.782667,-3.88073,-4.57277
1300,-0.2499,-0.653186,-3.54058,-4.27927
590,0.0488656,-0.55226,-3.6493,-4.53509
1583,0.0627253,-0.618695,-3.67593,-4.62551
1584,-0.0909233,-0.540721,-3.39331,-4.27047
341,-0.0188495,-0.406595,-3.28333,-4.2627
403,0.0152499,-0.495957,-3.39934,-4.30256
1751,-0.27351,-0.647766,-3.43244,-4.18311
1081,-0.205622,-0.537146,-3.24408,-3.90527
1065,-0.232829,-0.775838,-3.66414,-4.26136
518,-0.343701,-0.878525,-4.20574,-4.93933
670,-0.269018,-0.864378,-3.99961,-4.74231
684,-0.525539,-0.39348,-3.33366,-4.26356
1681,-0.515015,-0.416519,-4.00884,-5.15497
1715,-0.399548,-0.478526,-4.17815,-5.22883
1752,-0.194029,-0.679908,-3.67579,-4.52551
723,-0.0801261,-0.703236,-3.62919,-4.45722
655,-0.202196,-0.55411,-3.02037,-3.46985
1228,-0.0237509,-0.587404,-3.64712,-4.44645
943,-0.486223,-0.55991,-3.66784,-4.57613
1385,-0.420077,-0.584001,-3.66061,-4.55628
893,-0.284227,-0.697658,-3.96356,-4.75359
1704,-0.0718452,-0.453456,-3.27787,-4.21635
1143,-0.040466,-0.536452,-3.56472,-4.63314
1223,-0.0376796,-0.464938,-2.99455,-3.86528
996,-0.143477,-0.561612,-4.00567,-5.1885
1602,-0.221339,-0.579125,-3.14538,-3.71409
1607,-0.298253,-0.735704,-3.70952,-4.50687
1162,-0.294443,-0.735433,-3.81955,-4.63438
1608,-0.351364,-0.7468,-3.67719,-4.494
1686,-0.110232,-0.506267,-3.36936,-4.23522
1396,0.0125373,-0.532492,-3.53387,-4.58628
1260,0.0644521,-0.505565,-3.58986,-4.59863
368,-0.0287678,-0.507689,-3.54214,-4.33226
1074,-0.106412,-0.810398,-3.73831,-4.39485
910,-0.186533,-0.603396,-3.02496,-3.57094
909,-0.159928,-0.527537,-3.20187,-3.69584
1425,-0.24909,-0.823657,-3.92691,-4.47829
1059,-0.164625,-0.677487,-3.25164,-3.81182
653,-0.0436489,-0.524085,-3.06466,-3.7123
1801,-0.419815,-0.718056,-3.7389,-4.69769
991,-0.37948,-0.471258,-3.39617,-4.02508
806,-0.265997,-0.592149,-3.39651,-4.08772
1282,-0.335984,-0.614854,-3.71288,-4.51474
263,-0.264797,-0.495869,-3.04125,-3.57395
1335,-0.56769,-0.602089,-3.59762,-4.35355
1342,-0.105154,-0.672557,-3.31132,-3.93051
1350,-0.279505,-0.628805,-3.75929,-4.6333
1351,-0.158781,-0.60109,-3.51258,-4.31994
821,0.0342342,-0.616471,-3.81686,-4.88962
502,0.0611954,-0.5344,-3.54025,-4.53617
1103,-0.0154822,-0.622494,-3.81808,-4.79693
1104,0.0391335,-0.626396,-3.71427,-4.72815
865,-0.200828,-0.390535,-3.54114,-4.792
358,-0.151637,-0.28747,-2.74534,-3.6326
1217,-0.077653,-0.557178,-3.82211,-4.85167
1525,-0.133287,-0.414814,-3.23658,-4.13648
510,-0.0768365,-0.509452,-3.22614,-4.08929
1759,-0.142768,-0.530665,-3.48594,-4.22424
687,-0.279508,-0.41377,-3.69581,-4.88889
1313,-0.105796,-0.509217,-3.57271,-4.55146
1167,-0.126607,-0.44413,-3.10434,-3.94031
1318,-0.0710126,-0.49133,-3.25692,-4.11554
80,-0.0430843,-0.425693,-3.33236,-4.22839
1039,-0.0722335,-0.50002,-3.00552,-3.91857
1207,0.000139779,-0.56238,-3.47244,-4.34227
1671,-0.0200585,-0.465706,-3.60166,-4.34371
1672,-0.0585495,-0.67007,-3.67454,-4.57594
1016,-0.116565,-0.801661,-3.8735,-4.62972
869,0.162458,-0.696249,-3.70094,-4.23359
1296,-0.296213,-0.647032,-3.62728,-4.40015
1108,-0.303088,-0.669584,-3.55802,-4.28574
1478,-0.561735,-0.634285,-3.96112,-4.72084
1001,-0.2306,-0.571836,-3.15544,-3.8084
1592,-0.21771,-0.610769,-3.26009,-3.93348
1371,-0.59607,-0.622061,-3.6392,-4.47307
1066,-0.567031,-0.615124,-3.77835,-4.60235
760,-0.581799,-0.550933,-3.76785,-4.70576
1413,0.083059,-0.696592,-3.89375,-4.82243
1414,0.0759422,-0.639281,-3.8572,-4.84703
557,-0.0633762,-0.514874,-3.29936,-4.22903
962,-0.198493,-0.544107,-3.50124,-4.25545
1795,-0.43308,-0.451718,-3.73527,-4.94188
1248,-0.237291,-0.594564,-3.15595,-3.7731
1422,-0.204617,-0.707957,-3.70154,-4.60219
1266,-0.417358,-0.760861,-3.83072,-4.49486
1267,-0.300856,-0.715023,-3.41978,-4.10753
675,-0.196614,-0.683965,-3.23312,-3.83644
464,-0.139265,-0.572746,-2.79328,-3.25483
131,-0.162155,-0.401695,-2.32959,-2.66883
465,-0.221163,-0.535629,-2.7022,-2.96414
728,-0.333656,-0.901152,-4.16003,-4.81805
712,-0.250485,-0.91649,-4.23973,-4.97615
1265,-0.0438632,-0.496458,-3.69675,-4.82927
556,0.0164249,-0.582413,-3.55931,-4.48047
207,0.131781,-0.453532,-2.95757,-3.75864
978,-0.2766,-0.519093,-3.26547,-3.84034
979,-0.365326,-0.503632,-3.74781,-4.22443
720,-0.296376,-0.624824,-3.66377,-4.29591
1109,-0.274995,-0.715174,-3.94088,-4.69646
1566,-0.133622,-0.608819,-3.56294,-4.32811
1005,-0.319773,-0.550086,-3.44252,-4.22918
708,-0.391997,-0.537481,-3.22454,-3.91931
1729,-0.264871,-0.678573,-4.11751,-4.70168
1491,-0.218457,-0.528705,-2.97957,-3.59075
1789,-0.316532,-0.660885,-3.81652,-4.42643
1806,-0.497682,-0.636624,-3.7612,-4.65443
1757,-0.608982,-0.520105,-3.81112,-4.77915
1755,-0.600109,-0.532165,-3.85822,-4.79344
793,-0.590583,-0.544556,-3.97941,-5.11436
1257,-0.265038,-0.473573,-3.26944,-3.80798
1593,-0.372599,-0.723514,-3.68539,-4.47376
1426,-0.0437539,-0.478453,-3.45757,-4.52732
1443,-0.539607,-0.587466,-4.0338,-5.0165
954,-0.442621,-0.514413,-3.81037,-4.672
509,0.0118686,-0.451186,-3.20294,-4.19099
935,-0.023822,-0.448657,-3.48501,-4.42076
984,-0.213317,-0.501693,-3.27646,-4.14925
84,-0.0320069,-0.465664,-3.70822,-4.71184
370,-0.0112022,-0.47288,-3.58203,-4.68543
1574,-0.0168149,-0.471865,-3.39062,-4.3644
1330,-0.0730384,-0.457081,-3.02417,-3.89225
836,-0.318211,-0.605763,-3.55952,-4.28713
809,-0.339193,-0.508729,-3.60022,-4.43796
1701,-0.379674,-0.397268,-3.56717,-4.52388
1552,-0.209969,-0.687356,-3.65745,-4.36699
1692,-0.176368,-0.73875,-3.61557,-4.37602
1092,0.0614313,-0.711598,-3.44206,-4.08673
56,-0.0511423,-0.493881,-2.33172,-2.71621
259,-0.119802,-0.630128,-2.68369,-3.05254
521,-0.084128,-0.866571,-4.00417,-4.731
992,-0.12111,-0.694236,-3.33998,-3.94743
1345,-0.043632,-0.806729,-3.92613,-4.67022
847,-0.130445,-0.866729,-4.11618,-4.93344
1472,-0.0330657,-0.697888,-3.66892,-4.61141
149,-0.00883872,-0.476599,-2.85715,-3.62522
616,-0.0296193,-0.602662,-3.16028,-3.98496
555,-0.0798682,-0.52718,-3.69412,-4.75697
140,-0.00694978,-0.475787,-3.59736,-4.58874
679,-0.0252555,-0.541909,-3.62567,-4.4133
1618,-0.173109,-0.451301,-3.51362,-4.60836
973,-0.270236,-0.386866,-3.49221,-4.63765
1187,-0.0683668,-0.597806,-3.66054,-4.54716
1782,-0.0358049,-0.465975,-3.60957,-4.4514
471,0.0115218,-0.472817,-3.4494,-4.42945
627,-0.232497,-0.763515,-3.83866,-4.57379
714,-0.119531,-0.624763,-3.49604,-4.25701
1004,-0.261707,-0.427771,-3.55647,-4.06365
1460,-0.57954,-0.394629,-3.71567,-4.8853
1393,-0.427183,-0.532975,-3.36816,-4.12016
332,-0.239386,-0.336556,-1.88109,-2.14511
1693,-0.190638,-0.723717,-3.78043,-4.69257
833,-0.190924,-0.627532,-3.52695,-4.4577
981,-0.177911,-0.6703,-3.62053,-4.54031
1288,-0.184668,-0.615112,-3.17472,-3.78005
1788,-0.209602,-0.633062,-3.41077,-4.07292
1790,-0.226123,-0.611942,-3.12361,-3.80122
701,-0.186449,-0.689896,-3.45693,-4.17673
1115,-0.0376584,-0.638394,-3.57157,-4.45789
1302,-0.0408779,-0.566129,-3.54359,-4.4075
1303,0.0330919,-0.434714,-3.55023,-4.71439
1093,0.0589404,-0.462773,-3.37857,-4.22899
1176,-0.0958039,-0.51961,-3.16811,-3.93414
1668,-0.202758,-0.458989,-3.5109,-4.55241
854,-0.524621,-0.368065,-3.70344,-4.92683
1246,-0.3179,-0.38499,-3.10961,-4.08263
1077,-0.47006,-0.447802,-3.78716,-4.9265
1446,-0.202569,-0.637365,-3.18105,-3.71787
102,-0.181349,-0.421621,-2.13313,-2.48048
1447,-0.0369701,-0.566948,-2.92315,-3.48571
1724,-0.112483,-0.64191,-3.63591,-4.47458
123,0.00801496,-0.427906,-3.23537,-4.1659
1203,-0.111679,-0.502883,-3.37558,-4.30459
905,-0.0165035,-0.526705,-3.77078,-4.957
916,0.0182466,-0.609555,-3.62047,-4.62087
394,0.0257118,-0.509985,-3.07712,-3.69733
744,-0.18544,-0.571673,-3.31945,-4.01294
745,-0.0576678,-0.486492,-3.11217,-3.93822
1434,-0.207508,-0.74537,-3.68714,-4.42206
1432,-0.24134,-0.773895,-3.87349,-4.35039
737,-0.106388,-0.746517,-3.6996,-4.39642
738,-0.108112,-0.700848,-3.65571,-4.34022
309,0.0293394,-0.688948,-3.58919,-4.27428
301,-0.00933548,-0.646091,-3.33354,-4.11372
577,-0.171563,-0.728354,-3.7567,-4.41736
1631,-0.241351,-1.74042,-10.0533,-11.2571
473,-0.234419,-1.81644,-10.1661,-11.391
1293,-0.465698,-0.551008,-3.64789,-4.63124
736,-0.340094,-0.588126,-3.47364,-4.44529
863,-0.316816,-0.611429,-3.68844,-4.66812
864,-0.446109,-0.607592,-3.79816,-4.86825
1137,-0.179104,-0.498291,-3.60807,-4.55673
362,-0.0815652,-0.364935,-2.86245,-3.65884
51,-0.0277949,-0.403863,-2.79003,-3.44998
1138,-0.106016,-0.548202,-3.15384,-3.86044
683,0.0359082,-0.421944,-3.19488,-4.13291
270,0.0045487,-0.419101,-3.60861,-4.71437
612,0.00864326,-0.679899,-3.83685,-4.82311
1071,-0.268886,-0.783239,-3.81117,-4.55939
725,-0.179449,-0.694241,-3.50225,-4.33489
1774,-0.158055,-0.707817,-3.64719,-4.52558
1017,-0.406491,-0.286277,-3.74031,-4.97848
282,0.0228699,-0.425577,-3.77114,-4.96146
1623,-0.315474,-0.613643,-3.52442,-4.29364
646,-0.516764,-0.640337,-3.83574,-4.75955
1474,-0.282563,-0.704837,-3.69882,-4.52718
485,-0.0907169,-0.503797,-3.20255,-4.03407
1468,-0.225354,-0.443326,-3.49953,-4.57245
188,0.0119808,-0.394946,-2.58107,-3.28912
1195,-0.0726892,-0.706444,-3.75294,-4.62419
310,-0.0397306,-0.655826,-3.62366,-4.54058
1041,-0.292692,-0.640587,-3.66111,-4.41016
987,-0.232195,-0.581735,-3.18249,-3.72655
1175,-0.205127,-0.586052,-3.11836,-3.80089
920,-0.120687,-0.46418,-3.46381,-4.45905
819,-0.0662016,-0.472822,-3.57598,-4.49618
137,-0.0746035,-0.470358,-3.38518,-4.27316
306,0.0100547,-0.531562,-3.67518,-4.70742
1311,-0.38735,-0.391688,-3.96935,-4.97198
1013,-0.368229,-0.366866,-3.80517,-5.03959
24,0.0200543,-0.519669,-3.62224,-4.70225
295,-0.0262255,-0.494656,-3.55859,-4.62609
925,-0.0926491,-0.522694,-3.33325,-4.25918
407,-0.0227806,-0.468614,-3.56321,-4.6151
980,-0.36556,-0.666111,-3.79772,-4.66697
409,-0.317555,-0.387416,-2.87073,-3.64018
127,-0.0281516,-0.566215,-3.42186,-4.28837
1224,-0.0904324,-0.54092,-3.37211,-4.27711
36,-0.211764,-0.50563,-2.34197,-2.72253
303,-0.11247,-0.367737,-1.91844,-2.04858
1232,-0.576032,-0.708544,-3.93704,-4.71687
1611,-0.531063,-0.603524,-3.94785,-4.60749
1231,-0.526507,-0.707701,-3.74923,-4.49655
848,-0.346387,-0.651265,-3.50787,-4.24994
1776,-0.404592,-0.64755,-3.74617,-4.65799
1496,-0.397121,-0.629397,-3.64786,-4.54999
614,-0.37309,-0.708396,-3.74468,-4.38632
254,-0.216936,-0.457119,-2.49097,-2.8596
1308,-0.310019,-0.794688,-3.81428,-4.47496
917,0.0231725,-0.639107,-3.68838,-4.60666
818,-0.0557866,-0.51275,-3.50471,-4.38428
648,-0.521754,-0.56849,-3.76309,-4.39091
1025,-0.24314,-0.781092,-3.75645,-4.50677
1403,-0.0978272,-0.663424,-3.45481,-4.18105
503,-0.349796,-0.663438,-3.67287,-4.20496
944,-0.170397,-0.657466,-3.4815,-4.2494
1585,-0.301494,-0.589419,-3.46938,-4.1856
1038,-0.37564,-0.599521,-3.74141,-4.43989
1234,-0.855721,-0.562596,-4.28295,-5.35153
713,-0.112692,-0.540114,-3.48034,-4.31539
1573,-0.0926918,-0.522652,-3.46196,-4.41935
466,-0.0092913,-0.467559,-3.66187,-4.73736
1449,-0.313882,-0.604096,-3.32613,-4.16026
52,-0.0754186,-0.398098,-2.37375,-2.74028
232,-0.147692,-0.491044,-2.67572,-3.21685
531,-0.116731,-0.477892,-2.69588,-3.3651
1054,-0.128642,-0.579477,-3.41721,-3.89715
1656,0.0885183,-0.729457,-3.5912,-4.27617
275,-0.119201,-0.356452,-2.24434,-2.58546
226,-0.00651525,-0.394905,-3.42378,-4.38735
1406,-0.176847,-0.747631,-4.11633,-5.2484
1436,-0.0751898,-0.563743,-3.70051,-4.68069
562,-0.0924841,-0.454198,-3.24657,-4.13349
302,-0.0136122,-0.353128,-2.87359,-3.75721
111,-0.0254427,-0.451222,-2.98919,-3.74133
372,0.0604962,-0.450039,-3.57114,-4.69594
1009,-0.1669,-0.770443,-3.94704,-4.73205
1113,-0.0765361,-0.621155,-3.22864,-3.95644
915,-0.0230632,-0.628194,-3.64998,-4.55593
488,-0.162963,-0.569618,-3.59173,-4.39658
1516,-0.373484,-0.681199,-3.73396,-4.53257
1569,-0.11867,-0.727739,-3.71795,-4.52163
1775,-0.160034,-0.774559,-3.80022,-4.65161
1741,-0.35614,-0.603886,-3.55619,-4.40658
482,-0.188077,-0.747536,-3.61978,-4.35752
1570,-0.178813,-0.602177,-3.70715,-4.65538
1546,-0.486041,-0.678575,-3.82447,-4.60769
742,-0.46048,-0.648037,-3.53212,-4.26887
1807,-0.539657,-0.654454,-3.78329,-4.707
1808,-0.537808,-0.57412,-3.63566,-4.41749
247,-0.00738614,-0.446134,-3.60224,-4.68683
1387,-0.107053,-0.444747,-3.29784,-4.21272
101,-0.0164427,-0.424495,-3.61096,-4.5348
387,-0.0105272,-0.494663,-3.60361,-4.60002
520,-0.077726,-0.458845,-3.58573,-4.6991
344,0.0347726,-0.514202,-3.76661,-4.85447
343,0.0735357,-0.464691,-3.31267,-4.22191
1799,-0.117934,-0.647407,-3.46517,-4.39279
1800,-0.0164902,-0.532109,-3.45716,-4.35239
1389,-0.516304,-0.355614,-3.4715,-4.55936
1080,-0.624787,-0.864071,-4.29927,-4.98278
1399,-0.552826,-0.673692,-3.81311,-4.71884
1164,-0.619582,-0.612415,-3.82374,-4.79638
994,-0.516625,-0.53217,-3.68489,-4.40372
1027,-0.529636,-0.698165,-3.75423,-4.5575
1110,-0.468604,-0.43324,-3.28238,-4.32253
1417,-0.0712629,-0.844638,-4.17727,-4.96441
19,-0.29875,-0.425867,-2.69194,-3.12414
286,-0.236973,-0.497612,-2.66544,-3.05894
766,-0.536902,-0.625433,-3.7756,-4.52734
767,-0.575921,-0.542948,-3.79049,-4.7522
761,-0.47083,-0.605928,-3.65599,-4.48652
811,-0.0664871,-0.588969,-3.58726,-4.43955
598,-0.131875,-0.583178,-3.23045,-3.77761
1214,-0.0525211,-0.524335,-3.26089,-4.14283
845,-0.124216,-0.512636,-3.10119,-3.83032
538,-0.368903,-0.561519,-3.58788,-4.56819
1192,-0.421664,-0.602133,-3.88082,-4.88734
1667,-0.00911497,-0.521648,-3.02065,-3.57184
404,-0.0183215,-0.449666,-3.57162,-4.6622
1206,-0.664335,-0.571431,-4.02658,-5.0668
1287,-0.498485,-0.40322,-3.88429,-4.57905
1652,-0.56476,-0.447911,-3.59618,-4.18039
1641,-0.692479,-0.751235,-4.05119,-4.73183
1640,-0.700024,-0.804851,-4.036,-4.74214
1639,-0.561031,-0.767364,-3.95035,-4.68159
491,-0.597078,-0.753343,-3.8179,-4.4918
1322,-0.00337709,-0.691044,-3.53829,-4.13475
573,-0.164658,-0.360806,-3.11119,-4.006
1407,-0.3303,-0.704908,-3.66369,-4.35135
574,-0.228066,-0.616912,-3.3163,-4.00407
1033,-0.242329,-0.705011,-3.76426,-4.55966
1369,-0.13827,-0.569386,-3.44614,-4.2512
223,-0.128991,-0.349223,-2.22248,-2.79335
1580,-0.325114,-0.528707,-3.66721,-4.65772
1707,-0.379144,-0.530133,-3.47359,-4.2653
1294,-0.399653,-0.591908,-3.50776,-4.2541
1610,-0.377509,-0.51732,-3.33179,-4.23355
558,-0.116134,-0.575601,-3.46666,-4.36552
986,-0.00046253,-0.580213,-3.79144,-4.92956
1186,0.000206332,-0.648343,-3.8483,-4.63431
1360,-0.141949,-0.523638,-3.45323,-4.47637
227,0.00328524,-0.464726,-3.38052,-4.41257
381,-0.032831,-0.568226,-3.60393,-4.73716
685,-0.224526,-0.478734,-2.99989,-3.486
850,-0.192418,-0.549282,-3.38518,-3.85991
1594,-0.24836,-0.628274,-3.05811,-3.61469
1697,-0.341599,-0.712996,-3.79158,-4.44855
230,-0.462325,-0.618229,-3.25264,-3.78286
855,-0.270824,-0.518302,-3.05737,-3.66043
201,-0.200184,-0.583163,-3.21007,-3.65572
1674,-0.290299,-0.544482,-3.71011,-4.54185
1357,-0.307196,-0.89565,-3.81645,-4.42485
832,-0.0467222,-0.610227,-3.21636,-3.86116
220,-0.0162466,-0.46635,-3.6553,-4.67196
112,-0.06204,-0.473135,-3.32656,-4.2325
346,-0.0450611,-0.426383,-3.57634,-4.66729
345,-0.0386972,-0.390585,-3.17866,-4.31281
514,-0.13791,-0.574616,-3.47618,-4.30533
1233,-0.299079,-0.573039,-3.1929,-4.02875
827,-0.738785,-0.581951,-4.09367,-5.22298
1682,-0.561161,-0.44327,-4.0113,-5.22709
993,-0.208952,-0.561043,-3.13982,-3.87933
1439,-0.0885975,-0.498731,-3.78724,-4.98901
1804,-0.0913628,-0.91247,-3.93208,-4.55343
1805,-0.0673592,-0.658846,-3.62631,-4.42013
419,-0.0466356,-0.569772,-3.37236,-4.19155
657,0.00413352,-0.527015,-3.48371,-4.45472
1019,-0.465892,-0.584268,-3.69765,-4.65737
647,-0.0543569,-0.528508,-3.58504,-4.55885
1400,-0.18617,-0.581844,-3.54085,-4.39991
366,-0.0793637,-0.487169,-3.39796,-4.24592
39,0.0140448,-0.485769,-3.59925,-4.68716
374,-0.00364878,-0.463477,-3.32791,-4.23582
1259,-0.0253466,-0.569491,-3.44387,-4.3823
461,0.0466683,-0.402937,-3.62052,-4.71036
561,-0.10454,-0.509665,-3.56303,-4.44708
566,-0.240474,-0.539616,-3.17672,-3.91002
1419,-0.181326,-0.720787,-3.61488,-4.27484
1096,-0.442825,-0.665813,-3.64153,-4.54336
413,0.0581596,-0.38783,-2.57946,-3.34834
1528,-0.5552,-0.442086,-3.80211,-5.01014
1529,-0.563822,-0.490127,-3.91217,-5.14817
498,-0.573142,-0.501752,-3.71441,-4.88965
250,-0.116253,-0.692622,-3.24024,-3.75543
659,-0.00859033,-0.843444,-4.03032,-4.82649
1408,-0.521118,-0.60253,-3.68647,-4.47377
1409,-0.327258,-0.539127,-3.30786,-3.95972
371,0.00329453,-0.478384,-3.48907,-4.64292
1163,-0.873602,-0.494097,-4.2325,-5.44958
1089,0.0222118,-0.686777,-3.75874,-4.65494
1455,-0.0292851,-0.624127,-3.62002,-4.51385
42,0.0792758,-0.393107,-2.84234,-3.74889
177,-0.00676375,-0.41669,-2.61952,-3.31419
483,-0.0684947,-0.547919,-3.23328,-4.04925
218,0.00184144,-0.43905,-3.26334,-4.12135
1032,-0.180561,-0.801812,-4.0537,-4.64864
1030,-0.308894,-0.704209,-3.81822,-4.55695
1031,-0.32128,-0.67994,-3.69009,-4.35416
1630,-0.112604,-0.82512,-3.78608,-4.32783
1129,-0.432977,-0.669888,-3.82161,-4.58549
951,-0.499219,-0.664708,-4.04047,-4.78713
1483,-0.345791,-0.719065,-3.80404,-4.69876
704,-0.0989376,-0.573318,-3.48791,-4.51728
369,-0.010095,-0.530498,-3.5856,-4.65719
810,-0.0747769,-0.556485,-3.55924,-4.52476
878,-0.00731432,-0.500848,-3.60947,-4.7119
1190,-0.0871487,-0.536015,-3.49353,-4.34871
1283,-0.162384,-0.719862,-3.60851,-4.22692
691,-0.377443,-0.441387,-3.49351,-4.45921
1307,-0.449728,-0.569998,-3.70431,-4.58321
940,-0.566827,-0.823372,-4.11602,-4.69651
1377,-0.371939,-0.633831,-3.61592,-4.4792
1376,-0.302844,-0.588467,-3.37127,-4.10344
828,-0.490272,-0.655397,-3.7072,-4.54203
1256,-0.0969532,-0.47053,-2.9384,-3.70055
985,-0.147037,-0.468881,-3.11892,-3.8821
1542,-0.416589,-0.678187,-3.98547,-4.68983
1544,-0.408025,-0.626687,-3.60423,-4.29042
1543,-0.401716,-0.656678,-3.70521,-4.46102
1363,-0.422188,-0.73332,-3.89849,-4.80177
1548,-0.500595,-0.580934,-3.70413,-4.67225
1547,-0.456632,-0.703685,-3.76867,-4.63956
705,-0.345145,-0.54825,-3.34057,-4.23592
235,-0.000967312,-0.42872,-2.55083,-3.19694
699,-0.207358,-0.594588,-3.06826,-3.62564
889,-0.146598,-0.516594,-3.12903,-3.83225
891,-0.357462,-0.71781,-3.67512,-4.31603
1647,-0.150608,-0.869561,-4.11278,-4.89466
1098,-0.150499,-0.816252,-4.00906,-4.78038
1239,-0.347166,-0.39174,-3.56338,-4.80858
1243,-0.425072,-0.370852,-3.66785,-4.93967
1244,-0.371044,-0.321339,-3.51002,-4.76994
1700,-0.322879,-0.338063,-3.43284,-4.67771
1029,-0.290176,-0.738708,-3.81674,-4.579
974,-0.165032,-0.40267,-3.6584,-4.87407
1346,-0.00823337,-0.612726,-3.49251,-4.32558
178,0.00520839,-0.581403,-2.84367,-3.47171
22,-0.0593172,-0.32731,-2.78549,-3.60351
83,-0.10878,-0.494964,-3.33752,-4.29214
1180,-0.0837006,-0.539405,-3.50501,-4.44164
435,-0.101213,-0.540279,-3.45329,-4.29991
1124,-0.0903981,-0.452237,-3.19801,-4.14444
1024,-0.0366714,-0.53438,-3.68078,-4.74514
576,-0.148229,-0.553527,-3.07286,-3.74326
1431,-0.277644,-0.767289,-3.84243,-4.48331
789,-0.137355,-0.588221,-3.48533,-4.28357
633,-0.141662,-0.522237,-3.45547,-4.18546
1596,-0.119576,-0.689829,-3.57142,-4.17156
763,-0.0663755,-0.776082,-3.79298,-4.3328
790,-0.0658823,-0.752212,-3.73654,-4.30979
894,-0.12756,-0.727112,-3.53341,-4.21612
638,-0.190606,-0.713368,-3.60714,-4.4464
1453,-0.212596,-0.630925,-3.42857,-4.01269
803,0.0475634,-0.568243,-3.26083,-4.0391
1588,0.0388468,-0.741137,-3.95155,-4.8509
365,-0.00968018,-0.459743,-3.51598,-4.57254
1131,0.000306318,-0.547027,-3.40765,-3.90912
297,-0.25558,-0.862034,-4.14428,-4.6634
1523,-0.13085,-0.729729,-3.60722,-4.31254
837,-0.131091,-0.958313,-4.30731,-5.00814
1520,-0.104813,-0.773701,-3.9365,-4.58024
1014,-0.0919649,-0.884973,-4.16261,-4.97624
1418,-0.154671,-0.789917,-3.82705,-4.55299
507,-0.218834,-0.532988,-3.12371,-3.74177
1204,0.0700864,-0.431212,-3.54646,-4.79688
1359,-0.50642,-0.458052,-3.658,-4.69119
674,-0.464281,-0.601882,-3.66136,-4.52784
1134,-0.244995,-0.645509,-3.61447,-4.38047
273,-0.455126,-0.444384,-3.15222,-3.67668
1796,-0.401193,-0.41375,-3.80134,-5.10847
1178,-0.228974,-0.520734,-3.67851,-4.67937
252,-0.0578955,-0.376607,-3.15763,-4.09756
1625,-0.162159,-0.436649,-3.04927,-3.74704
1355,-0.108149,-0.663572,-4.01071,-5.26016
1106,-0.145685,-0.508748,-2.87853,-3.5103
924,0.131055,-0.638694,-3.05409,-3.48118
929,-0.114892,-0.608088,-3.64805,-4.62208
1008,-0.20619,-0.502185,-3.26989,-3.82227
109,-0.10814,-0.424827,-2.14056,-2.42174
965,-0.184408,-0.792604,-3.80766,-4.511
822,-0.094147,-0.830583,-3.83721,-4.52136
773,-0.073221,-0.776728,-3.6485,-4.38533
1648,-0.122829,-0.645988,-3.55162,-4.29092
1773,-0.179104,-0.74403,-3.69154,-4.59351
826,-0.209023,-0.560208,-3.15763,-3.80135
715,-0.133434,-0.373712,-1.99621,-2.36514
621,-0.306975,-0.608723,-3.79347,-4.58491
1061,-0.29185,-0.545181,-3.20931,-3.84988
1135,-0.150521,-0.797782,-3.79526,-4.44931
829,-0.0269478,-0.558365,-3.58736,-4.70988
519,-0.356027,-0.632034,-3.64165,-4.40896
1352,-0.268225,-0.630637,-3.43652,-4.19278
1254,-0.321023,-0.678867,-3.80623,-4.6892
1568,-0.109344,-0.613921,-3.24093,-3.82144
1645,-0.248836,-0.733176,-3.5571,-4.1583
1644,-0.275039,-0.690343,-3.66379,-4.35575
823,-0.176853,-0.651371,-3.47278,-4.16566
32,-0.0363376,-0.534906,-2.27939,-2.68555
888,-0.112919,-0.84576,-4.2168,-4.88941
702,-0.00680539,-0.56143,-3.15107,-3.98483
1036,-0.0936406,-0.730812,-3.72731,-4.60037
680,-0.136952,-0.737633,-3.86791,-4.64605
1160,-0.232535,-0.770412,-3.80986,-4.52867
1161,-0.134215,-0.724089,-3.77579,-4.50169
1598,-0.172138,-0.437431,-2.81588,-3.55445
941,-0.51672,-0.859715,-4.3177,-5.02001
1170,-0.529704,-0.780863,-4.10005,-4.70755
875,-0.193094,-0.397598,-3.39015,-4.56157
876,-0.0572201,-0.422728,-3.52977,-4.64511
1182,-0.213676,-0.53924,-3.65773,-4.48935
99,-0.0578924,-0.459238,-3.40091,-4.24287
1559,-0.0951215,-0.587035,-3.50228,-4.37495
1337,-0.0886313,-0.685734,-3.72839,-4.54648
1336,-0.0700984,-0.688313,-3.63622,-4.55146
114,-0.0533827,-0.494681,-3.64952,-4.68959
1554,-0.179016,-0.836234,-3.99018,-4.69101
1555,-0.199009,-0.900235,-4.05598,-4.6402
1270,-0.19677,-0.531179,-2.80069,-3.44612
1562,-0.214293,-0.594033,-3.2123,-3.94535
1527,-0.603391,-0.594538,-3.90898,-4.98958
669,-0.573051,-0.474917,-3.66112,-4.76489
460,-0.02965,-0.50646,-3.47597,-4.36054
1215,-0.224149,-0.5551,-3.63862,-4.50926
459,-0.0960638,-0.532977,-3.59058,-4.39984
492,-0.0537186,-0.495605,-3.75261,-4.57194
613,-0.10791,-0.470327,-3.34159,-4.18727
1604,-0.285599,-0.780609,-3.77572,-4.49702
1212,-0.116458,-0.642627,-3.36252,-3.8716
234,-0.0195881,-0.568998,-2.57737,-3.04734
1599,-0.186103,-0.66271,-3.53528,-4.2676
415,-0.187289,-0.456236,-3.40605,-4.3294
887,-0.226742,-0.594833,-3.13517,-3.67449
570,-0.143756,-0.532258,-3.07532,-3.67591
1147,-0.036785,-0.379625,-3.11036,-4.07623
1517,-0.329906,-0.674538,-3.66304,-4.32045
716,-0.265558,-0.492499,-3.10746,-3.87144
988,-0.387076,-0.628868,-3.61405,-4.2293
1702,-0.345556,-0.649739,-3.66765,-4.45033
1735,-0.210344,-0.52303,-3.24354,-3.77042
94,-0.251006,-0.437112,-2.68407,-3.2816
584,-0.206936,-0.55933,-3.17043,-3.76281
1734,-0.206035,-0.675519,-4.03196,-4.64773
1538,-0.149132,-0.595074,-3.58829,-4.37357
1519,-0.117147,-0.490967,-3.36063,-3.91893
1539,-0.256557,-0.654936,-3.99643,-4.81848
1462,-0.216052,-0.657938,-3.80719,-4.679
1362,-0.233864,-0.684771,-3.64128,-4.39933
1361,-0.204218,-0.630693,-3.63802,-4.49688
1333,-0.169514,-0.644566,-3.78091,-4.50517
1040,-0.455134,-0.531265,-3.36469,-4.17609
1405,-0.149697,-0.556174,-3.15819,-3.63037
86,-0.0856718,-0.588919,-2.73408,-3.13605
1327,-0.286781,-0.698007,-3.33271,-4.02223
166,-0.182277,-0.309446,-1.85713,-2.25825
75,-0.166487,-0.442407,-2.4431,-2.93719
1635,-0.159982,-0.564138,-3.00959,-3.56434
1634,-0.488834,-0.703008,-3.90008,-4.74826
883,-0.442053,-0.661722,-3.50656,-4.23301
1263,-0.372923,-0.535118,-3.74538,-4.46677
1166,-0.320536,-0.657476,-3.80431,-4.56937
776,-0.00377957,-0.40062,-3.10492,-4.06736
601,-0.217076,-0.51717,-3.29127,-4.01009
1622,-0.223914,-0.597944,-3.50467,-4.27798
1334,-0.236133,-0.65001,-3.79343,-4.58477
807,-0.21635,-0.581341,-3.08817,-3.71069
732,-0.353823,-0.881675,-4.42578,-5.36899
1662,-0.0634352,-0.366793,-3.04037,-3.90092
1252,-0.180694,-0.501584,-3.10516,-3.743
1075,-0.111455,-0.565384,-2.98336,-3.77441
508,0.0757683,-0.589922,-3.35648,-4.08629
1392,-0.490887,-0.63942,-3.75889,-4.57078
923,-0.48844,-0.684005,-3.78647,-4.51625
1268,-0.464349,-0.565094,-3.60906,-4.26384
1269,-0.550923,-0.722688,-4.01928,-4.77058
1567,-0.0739226,-0.619936,-3.51991,-4.35633
1402,-0.034306,-0.432389,-3.15381,-4.07458
947,-0.163683,-0.595428,-3.36077,-3.93304
575,-0.218577,-0.683093,-3.56632,-4.25417
1679,-0.265382,-0.64025,-3.27605,-3.87251
322,-0.267655,-0.56802,-2.75383,-3.08909
1247,-0.0534293,-0.369858,-3.03764,-3.9139
908,-0.314075,-0.593892,-3.19152,-3.89127
158,-0.189393,-0.262752,-2.35356,-2.61822
1328,-0.0534436,-0.727888,-3.72045,-4.49228
914,-0.0440749,-0.656307,-3.702,-4.66748
138,-0.0652641,-0.450217,-3.36718,-4.31078
233,0.0327079,-0.674695,-3.09576,-3.62767
1714,-0.379002,-0.397823,-3.75485,-4.89743
663,-0.156336,-0.665944,-3.2117,-3.87757
800,-0.149964,-0.391015,-2.89963,-3.15996
1397,-0.0361818,-0.545267,-3.60145,-4.59271
1545,-0.21096,-0.567973,-3.09929,-3.8719
926,-0.0388866,-0.502179,-3.58982,-4.57652
129,-0.076629,-0.479074,-3.39846,-4.24852
533,-0.0543037,-0.550623,-3.31462,-4.19153
780,-0.0484343,-0.508545,-3.22985,-4.1328
364,0.0116873,-0.444637,-3.23015,-4.16261
1183,-0.184306,-0.549277,-3.67202,-4.52916
451,-0.00503026,-0.506412,-3.56701,-4.62919
554,-0.0429202,-0.520185,-3.49243,-4.46418
422,-0.134738,-0.30453,-2.70021,-3.55867
449,-0.1141,-0.526554,-3.60447,-4.65451
484,-0.126288,-0.574872,-3.04438,-3.7364
1242,-0.347917,-0.347638,-3.46673,-4.65881
1087,-0.148155,-0.470143,-3.51302,-4.59255
378,0.015817,-0.206658,-2.66873,-3.42368
1053,-0.276319,-0.650344,-3.61767,-4.35744
1326,-0.280898,-0.495302,-3.12292,-3.92849
1325,-0.232589,-0.393974,-3.49731,-4.73797
119,-0.134354,-0.250906,-2.76369,-3.81731
1733,-0.206202,-0.644189,-3.33732,-3.88394
1249,-0.205258,-0.644515,-3.30147,-4.00722
1177,-0.107399,-0.524787,-3.37929,-4.15006
859,-0.0932691,-0.617395,-3.12156,-3.69427
751,-0.231169,-0.703587,-3.38134,-4.0045
50,-0.0137046,-0.500413,-3.78335,-4.88459
927,-0.0875499,-0.60267,-3.70699,-4.63019
700,-0.334571,-0.585576,-3.07735,-3.66413
1577,-0.749546,-0.600972,-3.98871,-4.99029
783,-0.741524,-0.614707,-3.90615,-4.92261
977,-0.037795,-0.385471,-2.99816,-3.98989
351,0.0179671,-0.477535,-3.65259,-4.76926
552,-0.283979,-0.420877,-2.91836,-3.63021
1587,-0.0572791,-0.729282,-3.74178,-4.56254
765,-0.0250257,-0.601011,-3.57693,-4.47416
542,-0.188963,-0.358734,-3.17823,-4.06849
549,-0.105316,-0.552346,-3.58081,-4.53924
74,-0.135475,-0.293159,-1.92597,-2.3239
313,-0.114206,-0.153422,-1.77767,-2.08878
312,-0.200822,-0.267253,-1.9642,-2.43889
34,-0.110082,-0.22146,-1.96654,-2.22815
757,-0.0913539,-0.527011,-3.00377,-3.52735
1200,-0.118415,-0.503273,-3.09577,-3.82147
898,-0.219396,-0.61077,-3.16699,-3.85
896,-0.381639,-0.751859,-3.8006,-4.47977
262,-0.139027,-0.301718,-2.55191,-2.89522
1037,-0.0652744,-0.57882,-3.32506,-4.20625
1660,-0.23296,-0.640776,-3.41385,-4.05827
1438,-0.329348,-0.656755,-3.79881,-4.51676
1317,-0.199254,-0.494544,-3.4581,-4.32955
1375,-0.217566,-0.598049,-3.08663,-3.72814
236,-0.240711,-0.795946,-3.63989,-4.1583
1390,-0.0617912,-0.576988,-3.54697,-4.4823
1435,-0.031689,-0.671038,-3.8764,-4.8505
982,-0.155949,-0.596625,-3.55004,-4.37195
1238,-0.13996,-0.587038,-3.16054,-3.70697
216,0.0347795,-0.432875,-3.21059,-4.27932
841,-0.468507,-0.530712,-3.41754,-4.30457
1046,-0.599047,-0.60579,-3.67643,-4.54684
796,-0.0522672,-0.474328,-3.17842,-4.08068
467,-0.257172,-0.355824,-2.49377,-3.02436
1018,-0.50012,-0.511857,-3.62689,-4.61145
1101,-0.432419,-0.351611,-2.98852,-3.7913
117,-0.0813479,-0.348342,-3.25527,-4.20788
569,-0.240128,-0.603413,-3.41382,-4.11489
208,-0.272384,-0.747014,-3.5606,-4.06526
656,-0.0555505,-0.574288,-3.52922,-4.45876
719,-0.309354,-0.576988,-3.34113,-4.14901
340,-0.0211423,-0.704717,-3.22603,-3.79196
563,-0.192189,-0.499181,-3.03211,-3.73678
481,-0.621413,-0.707052,-3.8588,-4.62107
861,-0.630054,-0.713874,-3.94531,-4.79598
1384,-0.645679,-0.739334,-3.9666,-4.84192
881,-0.702687,-0.679314,-4.03062,-4.84583
666,-0.152922,-0.607881,-3.20792,-3.72369
543,-0.255059,-0.833021,-3.95417,-4.51379
960,-0.294426,-0.445125,-3.68424,-4.67306
1034,-0.300337,-0.382823,-3.07929,-3.98593
1241,-0.264171,-0.501713,-3.54266,-4.48972
1678,-0.147549,-0.544858,-3.51877,-4.39443
106,-0.0279209,-0.456086,-3.32363,-4.30129
189,-0.0626992,-0.551476,-3.45005,-4.34663
1651,-0.112316,-0.562312,-3.25582,-4.04455
100,-0.311197,-0.542421,-2.79921,-3.30888
1719,-0.266389,-0.519096,-3.1456,-3.67432
1286,-0.44281,-0.672301,-3.92193,-4.46723
1304,-0.434696,-0.696468,-3.71177,-4.33734
1578,-0.458673,-0.481389,-3.67254,-4.29139
169,-0.380874,-0.387179,-2.56425,-3.17667
724,0.0628053,-0.450974,-3.41323,-4.41067
667,-0.0866234,-0.614842,-3.72861,-4.65622
198,-0.0390505,-0.431166,-3.00644,-3.66912
879,-0.0649801,-0.530978,-3.54866,-4.15702
192,-0.0336598,-0.506612,-3.71306,-4.68086
606,-0.130401,-0.603169,-3.6785,-4.74829
212,-0.310449,-0.369705,-1.92926,-2.21372
1576,-0.428642,-0.714256,-4.01385,-4.7928
1127,-0.20654,-0.521047,-3.43384,-4.25396
918,-0.109835,-0.534721,-3.04548,-3.90472
1521,-0.0459749,-0.473781,-3.12492,-3.95602
694,-0.326815,-0.536393,-3.33087,-3.91112
851,-0.168519,-0.611381,-3.26855,-3.81218
1281,-0.510355,-0.555275,-3.68405,-4.66877
1653,-0.620074,-0.583149,-3.9941,-4.89677
28,-0.575244,-0.488175,-3.10204,-3.81093
1277,-0.477167,-0.538684,-3.60407,-4.4968
1271,-0.216207,-0.530141,-3.14754,-3.77821
1771,-0.126605,-0.543753,-3.05915,-3.64983
579,-0.00231794,-0.498109,-3.37077,-4.36268
1469,-0.161614,-0.474908,-3.08703,-3.95353
184,-0.372699,-0.362904,-2.91039,-3.35674
1279,-0.124056,-0.600619,-3.28832,-3.84413
1465,-0.37543,-0.789307,-4.02577,-4.79351
240,-0.0605139,-0.408894,-3.34826,-4.37822
305,0.0636251,-0.434932,-3.39077,-4.25991
400,-0.223047,-0.613356,-3.25015,-3.77913
143,-0.187691,-0.593432,-2.95467,-3.58064
150,-0.501628,-0.728929,-3.46488,-4.06194
535,-0.580713,-0.654438,-3.87607,-4.63719
412,-0.143057,-0.352587,-1.80385,-2.00699
1035,-0.272004,-0.814014,-3.88132,-4.67668
1560,-0.238995,-0.565859,-3.58605,-4.04082
446,0.00158261,-0.497368,-3.66213,-4.77802
445,-0.0474185,-0.517239,-3.43892,-4.40852
671,-0.287798,-0.69574,-3.61258,-4.32721
115,-0.2318,-0.682871,-3.37738,-3.66685
1126,-0.263995,-0.778927,-3.87367,-4.51495
1100,-0.152308,-0.83682,-3.84076,-4.54218
1157,-0.104969,-0.497086,-3.03805,-3.89769
1463,-0.232118,-0.659755,-3.54344,-4.14929
1276,-0.0991282,-0.837404,-4.13296,-4.9472
959,-0.106622,-0.565925,-3.54729,-4.51478
1762,-0.539746,-0.607636,-3.88076,-4.8218
1730,-0.203551,-0.548318,-3.10673,-3.79061
721,0.0495808,-0.646762,-3.26286,-3.70926
703,-0.0678765,-0.717257,-3.89987,-4.49382
1416,-0.108252,-0.829325,-3.76946,-4.44479
1415,-0.153372,-0.879123,-4.16205,-4.97429
1201,-0.308314,-0.578228,-3.20393,-3.75703
595,-0.242928,-0.548768,-2.84176,-3.15426
932,-0.350519,-0.826264,-3.859,-4.59192
120,-0.0547624,-0.417136,-2.89516,-3.61309
634,-0.0550918,-0.468765,-3.12971,-4.06155
1591,-0.0681824,-0.613331,-3.64896,-4.61833
416,0.0811692,-0.40024,-2.91438,-3.66638
360,-0.040508,-0.423006,-3.57017,-4.59028
1558,-0.15327,-0.660734,-3.06525,-3.7675
1540,-0.477165,-0.520982,-3.24422,-3.75007
1173,-0.424746,-0.638651,-3.89872,-4.95958
168,-0.344553,-0.433476,-2.67539,-3.13894
812,-0.109485,-0.556525,-3.20358,-3.97821
1664,-0.101639,-0.6742,-3.61649,-4.37
644,-0.155861,-0.581779,-3.55722,-4.41054
1348,-0.277282,-0.697854,-3.55064,-4.4555
1347,-0.349659,-0.708684,-3.82883,-4.70221
610,-0.381556,-0.697246,-3.64281,-4.24144
1052,-0.0469426,-0.499752,-3.43542,-4.36755
866,-0.178791,-0.465267,-3.19784,-4.06258
436,0.0069819,-0.741565,-3.54011,-4.17271
813,-0.413747,-0.628394,-3.51652,-4.30965
547,-0.35824,-0.663852,-3.71718,-4.4625
447,-0.0383208,-0.517952,-3.20089,-4.03476
1067,-0.19602,-0.494834,-3.36478,-4.18991
553,-0.0290365,-0.561707,-3.505,-4.48559
966,-0.141645,-0.564631,-3.25936,-4.03582
73,-0.0390261,-0.426176,-3.13322,-3.73592
258,0.0200082,-0.533675,-3.68192,-4.73267
1049,-0.548141,-0.500619,-3.83697,-4.719
739,-0.20611,-0.483741,-3.29623,-3.87743
1428,-0.192636,-0.593658,-3.28995,-3.84202
649,-0.187647,-0.551412,-3.20859,-3.94577
1736,-0.374495,-0.623783,-3.68475,-4.56371
1240,-0.37933,-0.342406,-3.56907,-4.89634
1798,-0.268228,-0.61174,-3.43739,-4.22263
1779,-0.427701,-0.573517,-3.54096,-4.2915
608,-0.190917,-0.633148,-3.32322,-3.89446
846,-0.19062,-0.628022,-3.36019,-3.98882
511,-0.00581469,-0.428124,-3.31098,-4.28663
1261,-0.186459,-0.326857,-3.09732,-3.59523
1579,-0.297621,-0.567131,-3.57111,-4.53175
179,-0.101907,-0.35279,-1.68616,-1.86321
91,-0.388745,-0.374598,-1.98198,-2.04891
517,-0.344868,-0.780364,-3.73086,-4.48567
801,-0.12009,-0.537587,-3.02474,-3.73405
367,-0.231627,-0.778634,-3.25122,-3.65184
386,-0.135952,-0.497584,-3.47764,-4.24145
1253,-0.159513,-0.519443,-3.04506,-3.72583
530,-0.245357,-0.55001,-3.06103,-3.71783
1738,-0.370853,-0.563102,-3.53907,-4.32158
281,-0.276004,-0.512841,-3.21656,-3.70393
171,0.0102743,-0.296778,-1.83563,-2.15079
886,-0.152151,-0.50741,-2.99173,-3.51651
35,-0.499232,-0.428786,-2.99152,-3.54447
1532,-0.500101,-0.422515,-3.21597,-4.09135
1132,-0.158616,-0.661304,-3.49742,-4.09144
746,-0.217309,-0.57845,-3.5109,-4.18064
1515,-0.234295,-0.615414,-3.6117,-4.26312
118,0.0522361,-0.344359,-2.95307,-3.85789
1589,-0.288984,-0.723666,-3.7105,-4.52785
730,-0.15076,-0.676563,-3.48715,-4.12676
425,-0.0712515,-0.436803,-3.43822,-4.36298
330,-0.0802862,-0.397291,-2.41517,-3.04438
1072,-0.262201,-0.774817,-3.84817,-4.55927
1332,-0.268707,-0.834318,-3.88219,-4.57419
1680,-0.114749,-0.54141,-3.04556,-3.51328
567,0.0239639,-0.541503,-3.68542,-4.76972
749,-0.0718993,-0.820957,-3.88072,-4.58359
1571,-0.144096,-0.571215,-3.30547,-4.08766
1561,-0.0920418,-0.54432,-3.60328,-4.49899
1675,-0.200156,-0.404853,-3.04573,-3.87466
1309,-0.118681,-0.57928,-3.21549,-3.8736
759,-0.0915833,-0.626275,-3.56138,-4.36426
871,-0.171815,-0.558533,-3.19844,-4.01103
139,-0.157577,-0.435661,-2.30718,-2.64402
628,-0.20336,-0.758699,-3.51406,-3.96046
78,-0.212844,-0.618909,-2.83902,-3.23433
1659,-0.276625,-0.715526,-3.74985,-4.46444
1642,-0.246888,-0.695169,-3.82867,-4.57778
1643,-0.236238,-0.70968,-3.51603,-4.17896
870,0.0214464,-0.471858,-3.2516,-4.07558
299,0.0699949,-0.414437,-2.70503,-3.46891
1028,-0.15929,-0.531113,-2.92331,-3.50443
126,0.0107893,-0.43192,-2.72803,-3.34765
264,-0.110502,-0.430008,-2.37069,-2.89391
1020,0.00105761,-0.683467,-3.49044,-4.05432
30,-0.091501,-0.482002,-2.45576,-2.76486
414,0.0814394,-0.399486,-2.72927,-3.4394
1222,-0.368236,-0.742298,-3.60964,-4.27552
619,-0.0871536,-0.473804,-3.29567,-4.23935
1048,-0.236083,-0.638334,-3.27144,-3.90975
1477,-0.376296,-0.623426,-3.65987,-4.51944
1689,-0.0908578,-0.817645,-3.64045,-4.25025
1139,-0.10091,-0.483383,-3.44656,-4.45879
524,-0.0645531,-0.562292,-3.52346,-4.48087
339,-0.112955,-0.619966,-2.85813,-3.35599
976,-0.0747698,-0.668468,-3.49281,-4.31839
439,-0.00746476,-0.676456,-3.72183,-4.59332
433,-0.00314097,-0.441668,-3.27431,-4.3212
1274,-0.131228,-0.834412,-4.07647,-4.80674
650,-0.0338274,-0.534175,-3.54412,-4.54557
688,0.020142,-0.505509,-3.22384,-4.05865
975,-0.0987716,-0.847657,-3.86483,-4.63665
936,-0.00401546,-0.458408,-3.18758,-4.01845
363,-0.00823535,-0.543782,-3.30732,-4.2221
1410,-0.112228,-0.537372,-3.19695,-3.8425
1534,-0.204784,-0.551832,-3.19216,-3.82908
707,-0.0975697,-0.528164,-2.96721,-3.62317
804,-0.143264,-0.835618,-3.78726,-4.48755
1756,-0.580492,-0.487416,-3.66644,-4.60993
890,-0.190617,-0.659838,-3.46544,-4.26352
15,-0.254792,-0.5298,-2.73544,-3.26086
849,-0.332293,-0.640088,-3.33626,-3.8268
1070,-0.264811,-0.837891,-3.89247,-4.70219
1466,-0.271136,-0.804381,-3.91069,-4.72493
504,-0.110276,-0.582426,-3.39757,-4.21331
919,-0.178801,-0.394895,-2.88896,-3.65616
475,0.125762,-0.793481,-4.12053,-5.05288
1514,-0.282316,-0.696408,-3.32575,-4.00982
607,-0.134173,-0.594125,-3.49797,-4.3822
942,-0.369092,-0.565709,-3.26736,-4.08009
298,0.00546194,-0.731062,-3.65054,-4.13677
752,-0.0949989,-0.544401,-3.16748,-3.96797
1258,-0.275945,-0.508382,-3.11073,-3.78283
195,-0.199304,-0.448906,-2.18186,-2.58406
678,-0.123229,-0.706155,-3.71739,-4.50269
1484,-0.271344,-0.619262,-3.39069,-3.91781
1485,-0.140326,-0.587142,-3.03497,-3.65402
572,-0.244596,-0.552543,-3.70335,-4.78206
1451,-0.216635,-0.580034,-3.17573,-3.78369
335,-0.317607,-0.366819,-2.96922,-3.45817
639,-0.261543,-0.609084,-3.50628,-4.26883
1609,-0.335024,-0.706654,-3.64403,-4.41805
1590,-0.234464,-0.496769,-3.03417,-3.64577
989,-0.3964,-0.66163,-3.68149,-4.48159
495,-0.139906,-0.631228,-2.95274,-3.56548
665,-0.0972079,-0.560063,-3.20521,-3.62285
1772,-0.307327,-0.608649,-3.67707,-4.44061
1146,-0.356261,-0.559451,-3.39296,-3.99448
1145,-0.360611,-0.608947,-3.67741,-4.38451
1321,-0.0228416,-0.481753,-3.69765,-4.85146
249,-0.362199,-0.393161,-2.88806,-3.55448
1044,-0.264649,-0.555865,-2.89475,-3.69597
527,-0.0643977,-0.579311,-3.17889,-3.96258
775,-0.111898,-0.654705,-3.53957,-4.29109
785,-0.00851589,-0.642253,-3.69712,-4.61841
784,0.0519445,-0.742971,-3.92746,-4.80304
781,-0.125156,-0.764631,-3.84859,-4.71295
1064,0.0531974,-0.719635,-3.89989,-4.7991
72,-0.16183,-0.445193,-2.25258,-2.71606
912,-0.12425,-0.507492,-3.07365,-3.81483
320,-0.299766,-0.267269,-1.66889,-1.883
964,-0.0987658,-0.676193,-3.27335,-3.87063
1069,-0.276238,-0.77121,-3.9143,-4.67385
548,-0.14219,-0.543703,-3.60159,-4.50008
1026,-0.456157,-0.57109,-3.55135,-4.27895
1097,-0.132095,-0.611843,-3.29888,-3.88077
1424,-0.247504,-0.627847,-3.19513,-3.88264
14,0.0330954,-0.322594,-2.78411,-3.15502
756,-0.0603762,-0.556663,-3.47531,-4.4272
402,-0.0631408,-0.502095,-3.49733,-4.37015
596,-0.0684127,-0.520455,-3.6591,-4.56268
46,-0.239457,-0.601608,-2.62708,-2.95526
1793,-0.440518,-0.418188,-3.63388,-4.84769
1698,-0.253143,-0.716421,-3.68326,-4.31802
1758,-0.149685,-0.656473,-3.75612,-4.57195
1766,-0.0883249,-0.490083,-3.27895,-4.0575
1732,-0.164055,-0.51886,-3.26115,-4.1167
1216,-0.171982,-0.571503,-3.58406,-4.46863
560,-0.119125,-0.502341,-3.77767,-4.70926
609,-0.0677736,-0.502425,-3.15659,-4.04149
392,-0.127906,-0.539116,-2.82243,-3.21934
571,-0.0170727,-0.62254,-3.56452,-4.46953
148,0.0430477,-0.458594,-3.66435,-4.7135
668,-0.206979,-0.574684,-3.31284,-4.08881
1063,0.0523955,-0.722301,-3.68512,-4.51625
1213,-0.348832,-0.617287,-3.60933,-4.18912
1056,-0.135862,-0.94468,-4.17898,-4.75386
1575,-0.312629,-0.793223,-3.93272,-4.75028
802,-0.196766,-0.664572,-3.55371,-4.22133
244,-0.296767,-0.353805,-2.49155,-3.087
808,-0.243081,-0.555134,-3.27292,-3.96505
323,-0.0547558,-0.506863,-2.63596,-3.02643
167,-0.37016,-0.457244,-2.65874,-3.08385
173,-0.477001,-0.399894,-3.14243,-4.05396
955,-0.146928,-0.520533,-3.15341,-3.94721
544,-0.229894,-0.725836,-3.66784,-4.25818
658,-0.253988,-0.570665,-3.71022,-4.37389
288,-0.0823175,-0.405175,-1.9779,-2.35574
462,-0.0537951,-0.472945,-3.56234,-4.59274
147,-0.0750955,-0.500096,-3.65352,-4.5935
70,-0.0168589,-0.436095,-3.42208,-4.41629
1251,-0.241475,-0.53966,-3.34112,-4.02557
1226,-0.184018,-0.807969,-3.71099,-4.40317
1151,-0.193799,-0.819935,-3.67508,-4.27333
1084,-0.191913,-0.826241,-3.98104,-4.59834
913,-0.142133,-0.618195,-3.23415,-3.77183
642,-0.307076,-0.556449,-3.46038,-4.23964
1479,-0.227975,-0.749816,-3.61742,-4.20617
911,-0.207006,-0.63658,-3.16445,-3.70612
983,-0.104656,-0.503073,-2.9197,-3.55622
726,-0.167809,-0.445884,-2.93952,-3.35678
496,-0.364613,-0.808892,-4.03447,-4.83161
121,0.129677,-0.516521,-3.49399,-4.4505
444,-0.115944,-0.482566,-3.37791,-4.19468
1450,-0.448407,-0.55714,-3.74567,-4.69262
522,-0.269876,-0.717269,-3.45646,-4.0588
1262,-0.322026,-0.428141,-3.48678,-4.09606
206,-0.3446,-0.51116,-2.88288,-3.38866
1535,-0.106224,-0.613361,-3.27865,-3.941
410,-0.0362118,-0.335078,-2.70388,-3.55292
693,-0.12795,-0.608309,-3.09113,-3.74015
432,-0.223614,-0.466509,-2.56534,-3.0849
1003,-0.244432,-0.686722,-3.47481,-4.10218
727,-0.282151,-0.695522,-3.76232,-4.47839
1747,-0.129114,-0.500243,-3.1454,-3.93208
534,-0.177751,-0.448654,-3.13148,-3.57382
1199,-0.174952,-0.494278,-2.80558,-3.47705
1374,-0.246771,-0.513036,-3.33064,-4.20336
604,-0.0728937,-0.358239,-3.86319,-4.75353
900,-0.245202,-0.599427,-2.98889,-3.57856
718,-0.528687,-0.469184,-3.76298,-4.86539
1666,-0.149413,-0.45299,-3.50343,-4.02599
1401,-0.21841,-0.531805,-3.05617,-3.6415
58,-0.155962,-0.630102,-2.95113,-3.37004
625,-0.1497,-0.725328,-3.43081,-4.04898
405,0.0254913,-0.500335,-3.71827,-4.73975
316,-0.208744,-0.280466,-2.37117,-2.62059
643,-0.366582,-0.598259,-3.26535,-3.78211
578,-0.183428,-0.630132,-3.18247,-3.67886
1761,-0.514397,-0.591665,-3.72306,-4.70568
314,-0.255083,-0.543115,-3.14843,-3.58621
1601,-0.248192,-0.611892,-3.26048,-3.80862
1603,-0.383174,-0.698289,-3.8578,-4.65144
539,-0.0252886,-0.652352,-3.63314,-4.5776
406,-0.0297079,-0.498425,-3.47381,-4.29787
1058,-0.351837,-0.38151,-3.15312,-3.84506
1677,-0.0307451,-0.496639,-3.35655,-4.3425
1010,-0.0641551,-0.556153,-3.5498,-4.48281
1572,-0.16065,-0.527848,-3.07959,-3.86048
141,-0.0167062,-0.48546,-3.54268,-4.59283
65,-0.101477,-0.473562,-3.32995,-4.27851
901,-0.355374,-0.516099,-3.48744,-4.22351
1047,-0.209056,-0.515479,-2.91835,-3.50243
677,-0.443501,-0.774901,-3.97359,-4.73522
750,-0.409171,-0.677795,-3.63732,-4.40496
1331,-0.399624,-0.747076,-3.81691,-4.57014
1172,-0.364168,-0.583166,-3.27631,-4.00641
637,-0.205388,-0.552427,-3.04693,-3.72329
636,-0.240106,-0.597241,-3.22849,-3.88262
551,-0.354425,-0.452922,-3.65006,-4.80211
1565,-0.137946,-0.586072,-3.33215,-4.18661
145,0.05276,-0.653908,-3.72889,-4.66963
1312,-0.450862,-0.367631,-3.24853,-4.18203
537,-0.256492,-0.645753,-3.12812,-3.58884
1556,-0.15608,-0.728355,-3.40415,-4.03633
3,-0.22416,-0.507355,-2.64807,-2.90969
938,-0.204571,-0.619579,-3.51732,-4.3879
1691,-0.427225,-0.407584,-3.57,-4.71951
1725,-0.431481,-0.35548,-3.10151,-3.72029
1193,-0.00266077,-0.321679,-3.08687,-4.09747
969,-0.13312,-0.528528,-3.60002,-4.6685
970,-0.097216,-0.581622,-3.39657,-4.23062
1658,0.0351184,-0.616931,-3.1535,-3.72275
1550,-0.17518,-0.528335,-2.95443,-3.57743
1225,-0.0592111,-0.477853,-3.44549,-4.3539
825,-0.111814,-0.477751,-2.80337,-3.43479
1154,-0.302313,-0.624443,-3.69679,-4.41464
486,-0.123715,-0.527854,-2.82637,-3.41747
1676,-0.135755,-0.478801,-2.97805,-3.6152
285,-0.167007,-0.382174,-2.48044,-2.96449
430,-0.201559,-0.483442,-2.9059,-3.39007
231,-0.267206,-0.565744,-2.83419,-3.45073
10,-0.161408,-0.354815,-2.03858,-2.5155
1297,-0.166605,-0.496111,-3.07492,-3.84806
1073,-0.140042,-0.579668,-3.11837,-3.75641
7,-0.279783,-0.384369,-2.53158,-2.96263
199,-0.225579,-0.394967,-2.76548,-3.32287
455,0.0979001,-0.42837,-3.32176,-4.34123
1429,-0.122212,-0.617619,-3.11428,-3.66874
1665,0.0421033,-0.699893,-3.39111,-4.1277
1614,-0.103755,-0.441439,-3.03718,-3.85917
57,-0.0226031,-0.483492,-2.65956,-3.01822
1628,-0.235212,-0.551212,-3.05884,-3.73336
654,-0.166617,-0.599054,-3.40385,-4.14137
38,-0.460702,-0.337976,-2.7723,-3.16394
930,-0.350285,-0.68367,-3.9169,-4.80855
946,-0.344749,-0.629556,-3.53126,-4.1763
1650,-0.0039848,-0.637151,-3.84236,-4.7876
1165,-0.339184,-0.534252,-3.33945,-4.11449
276,-0.133475,-0.368478,-2.08492,-2.48771
185,-0.324761,-0.324949,-2.44204,-3.00338
186,-0.287715,-0.208533,-1.79021,-2.34857
1388,-0.408219,-0.480873,-3.38741,-4.36554
1349,-0.315813,-0.603055,-3.64106,-4.46159
1210,-0.426618,-0.435561,-3.30327,-4.14071
1211,-0.19394,-0.47123,-3.09079,-3.97792
241,-0.00714695,-0.342272,-3.39262,-4.39584
300,-0.00854894,-0.374631,-2.75131,-3.47963
815,-0.255778,-0.545156,-3.43089,-4.2145
426,-0.0138865,-0.533133,-3.62763,-4.65895
438,0.0102263,-0.671026,-3.57502,-4.14778
202,-0.287409,-0.337541,-2.70394,-3.1559
1272,-0.189983,-0.730697,-3.55094,-4.17755
1055,-0.283455,-0.389245,-3.25151,-3.66698
1144,-0.222112,-0.518878,-3.09465,-3.76818
315,0.0293317,-0.522852,-3.50209,-4.51143
463,-0.12161,-0.590687,-2.74836,-3.12328
1626,-0.249469,-0.540767,-3.27782,-3.90687
11,-0.213533,-0.492492,-2.77102,-3.13981
1500,-0.281126,-0.66838,-3.52029,-4.20891
1338,0.152002,-0.552708,-3.56055,-4.09362
497,-0.229971,-0.521695,-3.00532,-3.52898
352,-0.428188,-0.491407,-2.99057,-3.60342
660,-0.382336,-0.773327,-3.84993,-4.61542
411,-0.070901,-0.351925,-2.24795,-2.49305
1605,-0.299395,-0.650188,-3.60467,-4.35579
1007,-0.197932,-0.494181,-3.20991,-3.89742
1481,-0.22281,-0.526192,-3.01985,-3.72143
1480,-0.201637,-0.593118,-3.12849,-3.89563
172,-0.229094,-0.379784,-2.33487,-2.75801
338,0.0303561,-0.473126,-3.32398,-4.26694
81,-0.388104,-0.376424,-2.65348,-3.15144
325,-0.0378135,-0.435328,-2.88293,-3.56131
76,-0.217319,-0.399655,-2.30508,-2.71384
125,-0.265103,-0.480507,-2.74818,-3.26336
1280,-0.602143,-0.531944,-3.84605,-4.8362
104,-0.226256,-0.194836,-1.75613,-2.1444
203,-0.109861,-0.39508,-2.98758,-3.85324
899,-0.241365,-0.620299,-3.22979,-3.82223
1189,-0.147023,-0.585288,-2.89504,-3.54463
1128,-0.215011,-0.495497,-3.06943,-3.63364
253,-0.0667524,-0.402626,-2.79762,-3.54426
193,-0.0201929,-0.287311,-1.79204,-2.18947
180,-0.0312351,-0.279554,-1.57085,-1.86047
711,-0.257015,-0.561364,-3.19346,-3.55544
513,-0.208783,-0.52996,-3.19403,-3.8105
1023,-0.294931,-0.559483,-3.34929,-4.08482
1633,-0.28904,-0.629102,-3.14498,-3.73183
1537,-0.182633,-0.584618,-3.15659,-3.70831
385,-0.152476,-0.361641,-2.18455,-2.38803
948,-0.255877,-0.699333,-3.65894,-4.40854
1,-0.301088,-0.568203,-2.62007,-3.00202
237,-0.220087,-0.327181,-2.17163,-2.5917
1411,-0.147251,-0.547852,-3.20409,-4.03513
1454,-0.103343,-0.494904,-2.93682,-3.55534
1341,-0.176455,-0.57063,-3.13171,-3.82695
321,-0.127126,-0.315834,-2.05138,-2.4819
1140,-0.0819064,-0.483921,-3.40597,-4.39715
1174,-0.263303,-0.529984,-2.95761,-3.5666
1687,-0.0120406,-0.420633,-3.27816,-4.20236
1250,-0.2158,-0.569485,-3.06405,-3.73042
1632,-0.146753,-0.699354,-3.24708,-3.95299
427,0.00839947,-0.4406,-2.90967,-3.60754
287,-0.113685,-0.377978,-2.37407,-2.75231
580,-0.237688,-0.522582,-3.07696,-3.73427
797,-0.143706,-0.546085,-3.04065,-3.7609
1324,-0.0794532,-0.455083,-3.19812,-4.0512
1255,-0.365833,-0.623114,-3.38451,-4.16291
676,-0.237582,-0.503926,-3.16653,-3.77719
1458,0.00484051,-0.648688,-3.02494,-3.50861
1490,-0.167272,-0.607186,-3.30297,-3.90002
228,-0.508273,-0.749674,-3.63114,-4.21459
217,-0.35481,-0.400967,-2.27444,-2.65447
452,-0.502551,-0.551304,-3.0403,-3.62953
1152,-0.200175,-0.7305,-3.76904,-4.43762
88,-0.0980417,-0.31738,-2.16403,-2.44494
289,-0.0340602,-0.515176,-2.79826,-3.33773
355,-0.105174,-0.344259,-2.71339,-3.51532
770,-0.0558806,-0.567779,-3.14695,-3.86262
1437,-0.243881,-0.649615,-3.67182,-4.39483
200,-0.475537,-0.431176,-2.80356,-3.37075
1196,-0.0578292,-0.539655,-3.06274,-3.75679
844,-0.0844132,-0.720997,-3.51167,-4.24625
354,-0.234067,-0.561707,-2.51668,-2.67383
1476,-0.199815,-0.526798,-3.06299,-3.72548
431,-0.282691,-0.420006,-2.8004,-3.11646
319,-0.310178,-0.494189,-2.47789,-2.90398
792,-0.232057,-0.502491,-3.14898,-3.79076
1289,-0.248814,-0.542696,-3.32385,-4.00393
284,-0.180945,-0.457246,-2.80991,-3.29288
337,0.0697327,-0.385308,-3.09126,-3.75757
1358,-0.190709,-0.422769,-2.50211,-2.91963
550,0.0726464,-0.529101,-3.46595,-4.40656
164,-0.395548,-0.606637,-3.2216,-3.70899
853,-0.202186,-0.722747,-3.67333,-4.48864
1655,-0.106655,-0.583635,-3.562,-4.35103
274,-0.291041,-0.739938,-3.40158,-3.84145
1133,-0.135284,-0.467733,-3.15803,-3.63731
885,-0.234109,-0.712076,-3.49864,-4.15645
1530,-0.174918,-0.774701,-3.8887,-4.57702
1365,-0.243393,-0.608413,-3.26572,-3.95186
43,-0.100633,-0.390855,-2.83387,-3.43827
261,-0.370621,-0.478706,-2.99496,-3.63616
359,-0.501668,-0.169647,-2.5361,-3.34181
1661,0.000245162,-0.515385,-3.28437,-4.16111
5,-0.302892,-0.418467,-3.00424,-3.45335
1015,-0.205957,-0.622588,-3.20885,-3.8652
758,-0.564876,-0.60484,-3.59875,-4.38689
717,-0.140133,-0.605014,-2.84963,-3.39341
238,-0.286968,-0.499895,-2.70988,-3.1345
64,-0.133496,-0.531818,-2.76157,-3.29205
1473,-0.0439475,-0.547516,-3.18562,-3.7662
470,-0.379617,-0.527535,-6.1411,-7.22815
478,-0.360655,-0.418475,-5.1924,-6.21482
211,-0.357991,-0.418778,-2.39649,-2.7481
277,-0.289323,-0.372513,-2.73178,-3.3412
630,-0.173134,-0.515862,-3.03466,-3.69064
296,-0.0353266,-0.279989,-2.91901,-3.75674
229,-0.0472914,-0.502604,-2.88823,-3.42383
729,-0.192399,-0.584786,-3.11913,-3.71759
1649,-0.0252382,-0.426853,-3.24561,-4.19627
356,-0.0330085,-0.440713,-2.94146,-3.63875
130,0.0790359,-0.428879,-2.83607,-3.61261
71,0.163633,-0.347495,-2.62882,-3.3688
53,-0.0544498,-0.346627,-1.88968,-2.07471
1155,-0.287578,-0.530144,-3.0472,-3.7451
1551,-0.0962058,-0.742732,-3.54717,-4.34916
209,-0.419851,-0.300199,-2.98616,-3.88073
388,0.094837,-0.459282,-3.12354,-3.96919
1045,-0.141234,-0.583671,-3.18164,-3.75117
8,-0.154434,-0.344853,-2.26065,-2.67014
110,-0.242197,-0.479935,-2.43222,-3.00836
246,-0.74371,-0.442589,-3.50612,-4.32263
279,-0.330379,-0.245626,-2.32907,-3.0771
868,-0.0732491,-0.419978,-2.85587,-3.6598
437,-0.0382176,-0.300388,-3.06485,-3.84842
771,-0.111711,-0.598969,-3.13983,-3.84017
952,-0.444085,-0.496237,-3.51461,-4.43076
1184,-0.18626,-0.505019,-3.16778,-3.79264
454,-0.113327,-0.353241,-1.92186,-2.2277
468,-0.192265,-0.211445,-1.78185,-2.17455
37,-0.351379,-0.326618,-2.34633,-2.9481
618,-0.225544,-0.548874,-2.99926,-3.64809
328,-0.195325,-0.514605,-2.64729,-2.78749
1812,-0.142104,-0.474736,-2.77278,-3.54581
968,-0.430772,-0.564902,-3.47231,-4.06056
933,-0.14835,-0.570842,-3.14858,-3.72608
662,-0.193899,-0.657213,-3.56006,-4.28566
1123,-0.221603,-0.402337,-3.17937,-3.59993
327,-0.0597851,-0.470937,-2.93138,-3.68741
834,-0.184284,-0.437053,-2.94322,-3.82385
176,-0.301555,-0.306872,-2.71636,-3.09642
290,-0.144078,-0.345805,-2.44586,-2.98456
333,-0.0546029,-0.31076,-2.39147,-2.61546
1448,-0.354111,-0.578851,-3.16982,-3.74177
376,-0.136791,-0.563455,-2.43322,-2.7165
747,-0.0966957,-0.535561,-3.09173,-3.77056
334,-0.0227099,-0.434586,-1.96347,-2.28972
133,-0.16981,-0.557064,-2.43499,-2.79888
336,-0.293366,-0.41973,-2.6203,-3.08847
440,-0.192316,-0.321469,-2.06611,-2.5373
95,-0.116187,-0.0858641,-1.68034,-1.77982
398,-0.125504,-0.453554,-2.40642,-2.82732
399,-0.0761681,-0.329764,-1.82093,-2.18092
695,-0.060525,-0.474168,-3.113,-3.95031
1323,-0.334632,-0.589271,-3.36601,-3.96867
318,-0.377753,-0.419514,-2.19214,-2.39983
155,-0.229346,-0.622545,-2.81224,-3.3773
1083,-0.134354,-0.462559,-3.10473,-4.05974
640,-0.21367,-0.64416,-3.55333,-4.34288
379,-0.163659,-0.453522,-2.31802,-2.71179
1050,-0.188579,-0.567559,-3.08175,-3.60255
27,-0.178357,-0.545174,-2.82341,-3.33565
1638,0.00190006,-0.505138,-3.27303,-4.06776
175,-0.0496184,-0.442828,-2.15871,-2.50105
170,-0.0428204,-0.342212,-1.7802,-2.08556
256,0.0607384,-0.423143,-3.60076,-4.70525
4,-0.0418171,-0.412082,-3.01232,-3.71539
1116,-0.119454,-0.483344,-3.07696,-3.91792
214,-0.188068,-0.492309,-2.7037,-2.99625
600,-0.134561,-0.538561,-2.86126,-3.50752
740,-0.0919567,-0.590189,-3.18924,-3.84829
1091,-0.195156,-0.685971,-3.69277,-4.34101
326,-0.43344,-0.635003,-3.1803,-3.80706
1421,-0.00902646,-0.410146,-3.0899,-3.81418
251,-0.124462,-0.492519,-2.61577,-3.00147
428,-0.423116,-0.61267,-3.12201,-3.51555
278,-0.0913131,-0.300822,-2.70035,-3.55267
107,0.064462,-0.418443,-2.77643,-3.48336
87,-0.0598998,-0.551401,-2.50107,-2.99394
1185,-0.199323,-0.479305,-2.96216,-3.62773
441,-0.123831,-0.379185,-2.28657,-2.72844
361,-0.251109,-0.428711,-2.71383,-3.16684
1721,-0.178724,-0.640765,-3.17296,-3.8603
67,-0.179704,-0.309088,-2.13756,-2.37729
442,-0.140942,-0.361813,-1.89509,-2.3276
1314,-0.0657852,-0.518398,-3.25704,-4.09178
1043,-0.194392,-0.553473,-3.03263,-3.66993
499,-0.179444,-0.370016,-2.44234,-2.97804
197,-0.288454,-0.485921,-2.48731,-3.00248
12,-0.213075,-0.340875,-2.21811,-2.6782
529,-0.228659,-0.587951,-3.28165,-4.11785
769,-0.148239,-0.563474,-3.18055,-3.68598
967,-0.00546106,-0.518956,-3.13722,-3.94151
31,-0.0413233,-0.511465,-2.56758,-2.91575
105,-0.143895,-0.495158,-2.49888,-2.85466
622,-0.0891512,-0.619084,-3.61268,-4.35056
963,-0.222559,-0.707025,-3.7214,-4.42639
1394,-0.103826,-0.518644,-2.959,-3.75111
283,-0.304825,-0.355147,-2.07643,-2.4682
23,-0.198412,-0.204094,-1.57877,-1.92384
1621,-0.14817,-0.613029,-3.181,-3.81043
448,-0.0195155,-0.507804,-2.98617,-3.58769
457,-0.0714262,-0.383943,-2.36083,-2.75336
347,-0.354332,-0.498485,-2.05985,-2.3281
791,-0.142104,-0.494209,-3.0361,-3.66442
61,0.0193922,-0.599868,-2.48389,-2.89056
353,-0.058098,-0.499789,-2.45365,-2.94582
132,-0.490155,-0.431585,-2.846,-3.2164
225,-0.140916,-0.415252,-2.81872,-3.51702
1495,-0.274775,-0.603216,-3.09472,-3.57213
18,-0.31194,-0.422147,-2.4918,-2.92923
397,-0.119883,-0.299355,-1.63226,-2.06556
16,-0.243911,-0.369726,-2.32674,-2.82732
291,-0.103702,-0.377943,-2.29174,-2.96844
93,-0.0947177,-0.294113,-1.64959,-1.95472
116,-0.123376,-0.511389,-2.34335,-2.66
1153,-0.141405,-0.695721,-3.63693,-4.37474
144,-0.157722,-0.439036,-2.94636,-3.7284
63,-0.0300695,-0.351634,-2.68048,-3.3958
54,-0.152078,-0.444106,-1.95654,-2.08245
1452,-0.186581,-0.607138,-3.01846,-3.47109
389,-0.298867,-0.486292,-2.5618,-2.84371
77,-0.203259,-0.365369,-2.10326,-2.59684
135,-0.219428,-0.390605,-2.08813,-2.44281
134,-0.265983,-0.371643,-1.99927,-2.19676
9,-0.117842,-0.356089,-1.85495,-1.81989
1114,-0.110009,-0.522431,-3.07749,-3.91348
17,-0.221595,-0.389568,-2.62871,-3.32714
1245,-0.187968,-0.513039,-3.07652,-3.74296
443,-0.158158,-0.542488,-2.71106,-3.13883
583,-0.291956,-0.590495,-2.77224,-3.22194
45,-0.0878796,-0.454096,-2.95327,-3.31023
96,-0.28322,-0.548929,-2.89152,-3.21872
377,-0.0608631,-0.358436,-2.50137,-3.19278
417,-0.426066,-0.466973,-2.54582,-3.07014
418,-0.327396,-0.416698,-2.29061,-2.5735
142,-0.367699,-0.446095,-2.6245,-3.25083
29,-0.052048,-0.405109,-2.5302,-3.13406
429,-0.0936602,-0.410823,-2.28878,-2.76953
26,-0.288996,-0.278179,-2.34992,-2.55552
293,-0.219843,-0.237815,-1.49805,-1.88442
434,-0.172622,-0.510363,-2.68917,-3.20755
395,-0.058588,-0.349639,-2.07134,-2.44213
90,-0.457161,-0.400206,-2.40095,-2.67039
41,-0.291347,-0.487013,-2.67709,-3.2273
384,-0.115831,-0.299635,-1.98207,-2.17905
292,-0.306963,-0.387294,-2.14115,-2.45413
25,-0.0437748,-0.464796,-2.35506,-2.85896
152,-0.22202,-0.430626,-2.26278,-2.65537
92,-0.219602,-0.409222,-2.20766,-2.55058
317,-0.100042,-0.258493,-1.83162,-1.91561
1378,-0.0657957,-0.706814,-3.17841,-3.69953
469,-0.257451,-0.813353,-6.15695,-7.42433
477,-0.20606,-0.698191,-5.1485,-6.25572
265,-0.0555764,-0.190009,-1.78886,-2.0371
160,-0.239348,-0.169672,-1.81348,-2.22101
49,-0.24756,-0.406216,-2.56133,-3.10697
224,-0.432608,-0.477233,-2.60073,-3.12191
204,-0.171547,-0.404273,-2.40339,-2.75436
13,-0.173846,-0.428978,-2.57772,-3.13388
68,-0.0884442,-0.503132,-2.7004,-3.11563
103,-0.151967,-0.369751,-2.31341,-2.61996
6,-0.283645,-0.436942,-2.25972,-2.70655
391,-0.102926,-0.296845,-1.51128,-1.75597
221,-0.282878,-0.378261,-2.17708,-2.63942
222,-0.26468,-0.307963,-1.79864,-2.12052
280,-0.249946,-0.22342,-2.11788,-2.67285
421,-0.169156,-0.410546,-2.07701,-2.28509
151,-0.0662808,-0.475042,-2.20789,-2.516
21,-0.144114,-0.402052,-2.42891,-2.90135
60,-0.210178,-0.414886,-1.94393,-2.26298
128,-0.121425,-0.411649,-3.21969,-4.10622
453,-0.185247,-0.417976,-2.21739,-2.45221
108,-0.0910356,-0.302132,-2.24695,-2.636
380,-0.28484,-0.427794,-2.09009,-2.13372
97,-0.157714,-0.270786,-2.91294,-3.94723
44,-0.150225,-0.390537,-2.16267,-2.48299
157,-0.111012,-0.351227,-1.96468,-2.33059
69,-0.393389,-0.437638,-2.65868,-3.23368
59,-0.191867,-0.443398,-2.35318,-2.79867
156,-0.18044,-0.398767,-2.10573,-2.60186
122,-0.112676,-0.366604,-1.87995,-2.24427
324,-0.0728351,-0.465338,-2.26864,-2.52667
390,-0.100964,-0.265128,-1.3853,-1.63101
196,-0.418258,-0.461888,-2.73448,-3.35198
33,-0.114322,-0.340399,-1.91326,-2.36232
55,-0.00243826,-0.391409,-2.05361,-2.39422
348,-0.396888,-0.283649,-1.7556,-2.03814
373,-0.209697,-0.301604,-1.38478,-1.57707
79,-0.264726,-0.36744,-2.26064,-2.69695
375,-0.275799,-0.487045,-2.68502,-3.09211
98,-0.054045,-0.225793,-1.34547,-1.48018
329,-0.20661,-0.439602,-2.858,-3.43487
205,-0.0589617,-0.204672,-1.64122,-1.98892
62,-0.154099,-0.296655,-2.03798,-2.52864
260,-0.160263,-0.462314,-2.07713,-2.37842
89,-0.0828903,-0.282459,-2.40814,-2.53891
181,-0.144461,-0.263013,-1.59986,-1.93917
255,-0.188696,-0.430176,-2.06899,-2.27029
48,-0.30025,-0.236247,-1.77063,-1.9665
396,-0.171689,-0.207651,-1.55081,-1.8838

