547,-0.464786,-1.49059,4.67372,1.18656
1813,-0.939203,-0.828649,4.77171,1.19023
991,-0.753976,-0.995312,3.72841,0.79191
1802,-0.453866,-0.96615,4.30752,0.959993
69,-0.0701825,-1.21237,3.35007,1.25992
1136,-0.135923,-1.65112,5.24239,1.75844
1632,-0.406915,-1.56494,4.35144,0.899977
1631,-2.35217,-1.98402,9.88077,0.979254
473,-2.30471,-2.06174,10.1829,0.964138
1374,-0.772861,-1.21966,4.33755,1.37357
1787,-1.06187,-1.21536,4.99728,1.23532
1265,-0.95563,-1.04006,4.25002,1.11666
1746,-1.0786,-0.860899,4.67884,1.18047
997,-1.08212,-1.13755,4.63861,1.04456
996,-0.989249,-1.12192,4.55099,1.08073
772,-0.772994,-1.53948,4.90686,1.38142
670,-0.276556,-1.20553,4.67093,1.06596
712,-0.415279,-0.98457,4.66382,0.986506
496,-0.45015,-1.19518,4.86135,1.03981
1128,-0.383902,-1.24081,4.11369,1.14702
1527,-0.482258,-1.29331,4.69867,1.25625
173,-0.249832,-1.35915,4.13515,1.383
1528,-0.467853,-1.32945,4.73838,1.39138
1607,-0.555423,-1.13023,4.65425,1.37393
1609,-0.573072,-1.22137,4.624,1.30493
1231,-0.239201,-1.1804,4.86292,1.3625
1309,-0.734136,-0.798486,4.29004,1.18539
1161,-0.842042,-0.886018,4.80549,1.0874
678,-0.750239,-0.803901,4.67301,0.967928
680,-1.0504,-0.839659,4.78206,1.30878
1794,-0.754075,-1.22263,4.88688,1.2741
549,-0.887448,-1.24605,4.7497,1.13617
165,-1.04441,-1.32726,4.93121,1.2875
1150,-1.04336,-1.15969,4.61089,1.05782
818,-0.766691,-1.23982,4.71228,1.17092
137,-0.776178,-1.30981,4.52988,1.26392
269,-0.941564,-1.30405,4.93153,1.25122
1082,-0.757201,-1.27237,4.62433,1.18115
905,-1.05688,-0.652159,4.6155,1.25882
916,-1.07543,-0.56535,4.60618,1.20567
914,-0.786236,-0.66843,4.42094,1.22692
1059,-0.77225,-1.09511,3.67416,0.587901
1057,-0.700983,-0.822779,4.59016,1.02437
521,-0.287447,-1.05197,4.65358,1.20512
1345,-0.331257,-1.11404,4.79019,1.29864
847,-0.564663,-1.13697,4.84914,1.3973
1346,-0.637843,-1.2364,4.75174,1.23143
419,-0.716426,-1.31585,4.80205,1.36421
1068,-0.594872,-1.38237,4.73611,1.41517
690,-0.151894,-1.53662,4.82966,1.46186
646,-0.389471,-1.40345,4.81472,1.37233
1712,-0.706926,-0.934194,4.83232,1.42631
449,-0.834864,-1.31817,4.66949,1.22281
1439,-0.938939,-0.877626,4.59338,1.15412
706,-0.766326,-1.28747,4.26283,1.20497
528,-0.914467,-1.17437,4.5931,1.37981
1380,-1.16177,-1.01755,4.95116,1.14425
599,-0.681535,-0.691583,4.16579,0.608996
208,-0.731953,-0.644397,4.00213,0.406968
1158,-0.926263,-0.689655,3.90723,0.436038
328,-0.325379,-0.720165,3.37024,0.943612
54,-0.327511,-0.60083,2.37104,0.678474
1100,-0.410407,-1.29756,4.79197,1.21946
1125,-0.367189,-1.28557,4.59129,1.29076
1261,-0.632466,-0.973881,3.48215,0.815508
980,-0.55193,-0.672399,4.80737,1.19539
1094,-0.639475,-1.40095,4.68072,1.33098
755,-0.675602,-1.28661,4.55112,1.23325
565,-0.0182741,-1.39676,4.73283,1.64447
1480,-0.743555,-1.05355,4.20145,0.958695
1670,-0.658413,-0.467624,3.97824,0.443208
1404,-0.94298,-0.507161,3.66427,0.292668
1729,-1.01254,-0.426186,3.75973,0.294195
1769,-3.05157,-0.893606,7.4874,-0.00686392
474,-2.94924,-0.672742,7.69223,-0.096899
748,-0.146329,-1.63244,4.80576,1.6885
1710,-0.131899,-1.54696,4.8382,1.81444
1076,-0.0870093,-1.90717,4.95509,1.27328
1460,-0.180694,-1.69377,4.91327,1.72035
491,-0.175481,-1.58547,5.09941,1.66838
1225,-0.86107,-1.38794,4.58066,1.46212
661,-0.86188,-0.753262,4.61075,0.75023
1464,-0.949979,-0.867898,4.41925,0.928653
1465,-0.90602,-0.893517,4.40704,1.02713
1355,-0.906518,-0.995188,4.68759,1.18315
1587,-0.663041,-0.893187,4.51799,1.21048
1588,-0.860174,-0.974092,4.80108,1.22107
1119,-0.56931,-1.25689,4.04573,1.05329
615,-1.18843,-0.71805,3.53688,0.323322
892,-0.622639,-1.19138,4.63187,1.15661
891,-0.648459,-1.35261,4.46519,1.00119
1222,-0.677322,-1.28426,4.43849,0.993297
1122,-0.46441,-1.18703,4.67599,1.06858
1306,-0.402058,-0.982621,4.3866,1.26183
894,-0.513741,-1.01833,4.38321,1.10101
1548,-0.17916,-1.44383,5.02217,1.30784
1169,-1.00409,-0.607385,4.54223,0.915875
1160,-0.900663,-0.761808,4.78312,0.846938
1310,-0.748679,-1.19034,4.12051,1.21416
821,-1.07289,-1.11447,4.56614,1.23861
1198,-0.791619,-1.11478,4.5115,1.11623
654,-0.734306,-1.10838,4.27084,0.834822
1722,-0.575521,-0.920561,4.23745,0.699209
1149,-1.44331,-0.517148,3.41843,-0.0378783
826,-0.683972,-1.04726,3.8373,0.823459
1800,-0.676318,-1.24635,4.69388,1.35757
190,-0.700629,-1.3577,4.95628,1.44546
350,-0.857077,-1.31297,4.94484,1.34041
526,-0.707442,-1.32407,4.71441,1.36781
219,-0.917908,-1.36459,4.71857,1.4454
1686,-0.725209,-1.33676,4.69982,1.35761
256,-0.879606,-1.29994,4.77514,1.39075
338,-0.723028,-1.41482,4.4818,1.51927
1093,-0.704526,-1.25639,4.6335,1.40355
85,-1.02233,-1.48713,4.88069,1.36818
282,-1.14599,-1.13662,5.04815,1.26818
1303,-0.667473,-1.16598,4.67649,1.22183
770,-0.358433,-1.17838,4.19834,1.3305
539,-0.837158,-1.31119,4.48717,1.23682
1103,-0.779917,-1.0807,4.61038,1.12372
571,-0.410642,-1.18534,4.63278,1.26428
481,-0.119861,-1.71985,4.90499,1.84594
887,-0.564362,-1.11653,4.03988,1.09306
608,-0.664027,-1.10694,3.64242,0.885371
1593,-0.970605,-0.807537,3.7569,0.675769
1535,-0.522899,-1.11461,3.99891,0.904657
1536,-0.642882,-1.10777,4.14783,0.965
710,-0.568183,-1.35719,4.3289,1.24566
1280,-0.350066,-1.2422,4.80382,1.2097
1287,-0.47472,-1.27296,4.80006,1.23907
1652,-0.382616,-1.18216,4.24751,1.19582
1641,-0.0902685,-1.47143,5.16749,1.63481
1639,-0.107757,-1.52525,5.0641,1.62123
150,-0.0188463,-1.31081,4.0965,1.44746
1640,-0.0515832,-1.48895,5.07068,1.66309
535,-0.11817,-1.42811,4.88995,1.38032
498,-0.471213,-1.25931,4.46726,1.26789
694,-0.561373,-0.996921,4.12751,1.00508
1205,-0.975357,-1.03057,4.47266,1.17224
1406,-1.0771,-1.13658,4.76313,1.12155
848,-0.589136,-1.23219,4.57603,1.10174
1776,-0.522035,-1.10275,4.56933,1.02452
1783,-0.627567,-1.21786,4.75647,1.22505
1785,-0.580338,-1.27554,4.68021,1.27974
1781,-0.707307,-1.31761,4.6541,1.21432
1784,-0.802362,-1.21223,4.82626,1.27626
600,-0.311516,-1.05785,3.87017,1.15688
846,-0.479586,-0.90987,3.99631,0.969032
1000,-0.967874,-0.712491,3.83494,0.526197
1322,-0.790052,-1.20212,4.13301,0.987603
1459,-3.00289,-2.72355,11.3704,1.16103
476,-3.12364,-2.75002,11.8838,1.15293
39,-0.946445,-1.5716,4.90088,1.37741
472,-1.13572,-1.19014,4.83262,1.2849
502,-0.946455,-1.21588,4.49247,1.18662
830,-0.964728,-0.991076,4.70105,1.24718
861,-0.0156369,-1.75955,5.0575,1.75154
758,-0.212978,-1.62593,5.07403,1.72355
1371,-0.394759,-1.53812,5.36333,1.81781
767,-0.294335,-1.6734,5.47759,1.74042
572,-0.546528,-1.62425,5.05971,1.5766
50,-0.819416,-1.3528,4.93472,1.30495
545,-0.855694,-1.08438,4.45372,1.18218
446,-0.948754,-1.4044,5.0424,1.41263
433,-0.760816,-1.38833,4.54081,1.45198
927,-0.884472,-1.41897,4.56984,1.43703
24,-0.913685,-1.31064,4.88918,1.30568
925,-0.527717,-1.22348,4.37278,1.3721
294,-0.82515,-1.31835,4.60891,1.37295
873,-0.872234,-1.32144,4.62497,1.24699
295,-0.885289,-1.37623,4.95425,1.34118
426,-0.942442,-1.45656,4.99588,1.37454
425,-0.489171,-1.32115,4.6449,1.29593
1805,-0.563226,-1.2297,4.76225,1.30844
656,-0.638319,-1.25847,4.63927,1.23337
1763,-0.778272,-1.07195,4.63725,1.28691
643,-0.475696,-1.20649,4.03201,1.08514
1734,-1.09492,-0.777542,4.02145,0.732383
732,-0.645073,-1.06938,4.37597,0.998346
1054,-0.623455,-1.13619,4.14307,0.841934
1695,-0.760518,-0.77968,4.22647,0.97999
1035,-0.817275,-0.737401,3.92535,0.7478
1356,-1.18997,-0.309269,3.63989,0.226396
1007,-0.352285,-1.22561,4.05194,1.48751
1259,-0.701325,-1.22183,4.86067,1.34251
1263,-0.47382,-1.20852,4.49284,1.20183
1145,-0.574514,-1.28188,4.51779,1.35531
1166,-0.538073,-1.27125,4.78943,1.3432
946,-0.0600949,-1.41571,4.58174,1.42655
1659,-0.501203,-1.17956,4.18833,0.906199
1642,-0.433786,-1.24877,4.39289,1.22992
1643,-0.182364,-1.37326,4.49318,1.23933
856,-0.584093,-1.08404,4.36503,1.03306
719,-0.400301,-1.1716,4.40265,1.07605
1529,-0.466539,-1.34548,4.73129,1.34183
1754,-0.873232,-1.17034,4.89125,1.37149
790,-0.957264,-1.13181,4.72515,1.04623
438,-0.705857,-1.23581,4.40867,1.10243
704,-0.795444,-1.30836,4.68949,1.07013
315,-0.861941,-1.35409,4.7887,1.27199
1524,-0.767897,-1.06367,4.98221,1.12721
1418,-0.517718,-1.27616,4.72531,1.2818
1383,-0.276985,-1.27169,4.50768,1.17601
1384,-0.153738,-1.53391,4.95576,1.50222
881,-0.186753,-1.65138,5.08723,1.65982
1182,-0.77565,-1.30894,4.70487,1.31902
1183,-0.919948,-1.35274,4.64885,1.24465
878,-1.08915,-1.12004,4.52055,1.316
1017,-0.918886,-0.933688,4.50134,1.26442
1715,-0.977408,-0.709,4.67909,1.21148
1468,-0.944144,-1.07214,4.55459,1.0637
742,-0.126974,-1.54044,4.7904,1.38391
753,-1.01872,-0.904277,4.13088,0.622657
1456,-1.23082,-0.7882,3.87413,0.156312
273,-0.661524,-0.892985,3.8663,0.970376
277,-0.723225,-0.651737,3.74161,0.654952
1307,-0.564962,-0.716602,4.66435,1.06072
1701,-0.732259,-0.872913,4.7018,1.06187
794,-0.354102,-1.00177,4.4492,1.26258
1700,-0.932853,-1.10193,4.78125,1.15078
1156,-0.63731,-1.13483,4.39323,1.26268
908,-0.707901,-0.832209,3.77037,0.667686
1294,-0.982378,-0.771007,3.76452,0.376247
320,-0.00921573,-0.803768,2.4329,0.770035
303,0.0217294,-0.855931,2.97439,0.940972
1478,-0.322627,-1.27668,4.93101,1.10928
1611,-0.346976,-1.30173,5.00635,1.21862
975,-0.400734,-1.4871,4.9895,1.43974
592,-0.320071,-1.36578,5.20858,1.41058
907,-0.305273,-1.19761,4.90177,1.29609
976,-0.39594,-1.23929,4.44978,1.2514
304,-0.787091,-1.36781,4.53613,1.37747
247,-1.04687,-1.21154,4.91487,1.2025
776,-0.824525,-1.22253,4.55678,1.09916
1203,-0.952988,-1.24319,4.53843,1.27118
1285,-0.472925,-1.25592,4.8069,1.17317
1305,-0.613333,-1.26831,4.64887,1.16953
1266,-0.284469,-1.2831,4.39931,1.25005
1272,-0.322585,-1.19,4.55128,1.3186
625,-0.338253,-0.999592,4.47706,1.13193
561,-0.961323,-1.20217,4.41942,1.42633
1211,-0.468184,-1.28502,4.15645,1.42289
1105,-0.961766,-1.32081,4.77568,1.13001
628,-0.697002,-0.712366,4.042,0.611403
543,-0.726252,-0.805496,3.93065,0.571211
884,-0.958242,-0.160171,3.87149,0.156238
626,-0.668215,-0.944563,4.61589,0.921574
840,-0.631853,-0.754818,4.48889,1.06166
1056,-0.698513,-1.04126,4.53336,1.02211
1025,-0.443858,-1.24829,4.82678,1.19004
1030,-0.460429,-1.39695,4.79617,1.34717
679,-0.800026,-0.864683,4.53558,1.36091
1187,-0.392555,-1.37758,4.86252,1.45441
458,-0.751931,-1.53193,4.78491,1.45047
242,-0.814618,-1.58723,5.02901,1.42829
121,-0.559769,-1.49551,4.68151,1.56063
1782,-0.685584,-1.406,4.62853,1.36114
1461,-0.173935,-1.67473,5.08289,1.84186
1709,-0.243467,-1.60625,4.99133,1.71166
1493,-0.557429,-1.11939,4.58206,1.11914
314,-0.390183,-0.973562,3.83486,0.836799
911,-0.306508,-1.38074,4.26053,1.38336
1434,-0.161394,-1.60414,4.68458,1.51617
1433,-0.262816,-1.425,4.83605,1.57625
1663,-0.407713,-1.49625,4.83094,1.42452
1479,-0.210461,-1.39144,4.46635,1.35223
1432,-0.313648,-1.30375,4.85463,1.3697
1151,-0.488013,-1.22985,4.38884,1.15094
1226,-0.627276,-1.03258,4.45307,1.06807
1425,-0.766406,-0.928396,4.30954,0.837034
58,-0.395948,-0.970254,3.59227,1.10841
1531,-0.958161,-0.777628,3.72474,0.343983
443,-0.356847,-1.05563,3.48746,1.01526
839,-0.442326,-0.985272,4.63553,0.941499
1298,-0.290787,-1.49849,4.85188,1.54819
1299,-0.418722,-1.52193,4.17167,1.73962
1233,-0.304815,-1.5433,4.74721,1.18534
1016,-0.32269,-1.51546,5.01791,1.30765
822,-0.427285,-1.46978,4.8416,1.05876
773,-0.27916,-1.45835,4.92512,1.26135
1647,-0.399165,-1.49851,4.93844,1.11106
1510,-0.357436,-1.50351,5.13784,1.61091
1664,-0.822585,-1.36803,4.78138,1.32484
812,-0.561261,-1.18011,4.31798,1.20092
327,-0.606506,-1.05581,3.85649,1.12647
1457,-0.84348,-1.31385,4.72087,1.26022
762,-0.508371,-1.20366,4.12908,1.17655
949,-0.504814,-0.941158,3.88001,0.839891
3,-0.0575999,-0.826643,3.37808,1.01144
1409,-0.376512,-0.910196,4.09976,0.864172
172,-0.147166,-0.757764,2.81304,0.717413
348,-0.153358,-0.482446,2.21655,0.474857
1505,-0.389655,-1.42937,4.95162,1.22462
1504,-0.397162,-1.40999,4.93664,1.21087
501,-0.556822,-1.21475,4.81263,1.17025
1506,-0.581319,-1.43126,4.86983,1.26219
999,-0.312716,-1.43424,5.18668,1.59528
1364,-0.271928,-1.45348,4.85967,1.61622
981,-0.38581,-1.56571,4.7642,1.44696
1692,-0.428653,-1.43998,4.74576,1.26816
1045,-0.525756,-1.14015,4.05585,1.16418
1533,-0.930923,-0.585121,3.76004,0.403707
490,-0.769928,-0.686789,3.53669,0.464167
1060,-0.463908,-0.811921,3.86034,0.715608
1240,-0.831468,-1.08048,4.78722,1.15538
1140,-1.00986,-1.36809,4.55,1.35557
926,-0.996282,-1.24829,4.67397,1.22532
631,-0.711823,-1.35597,4.79917,1.27937
1602,-0.502497,-1.14901,3.86174,1.05488
1162,-0.480808,-1.09904,4.59305,1.20681
1608,-0.585055,-1.14935,4.73684,1.41435
859,-0.807541,-0.78103,3.71608,0.633335
333,-0.312558,-0.94156,3.50676,0.995601
334,-0.524044,-0.872133,3.21529,0.858844
1582,-0.588835,-0.747585,4.62829,0.98579
682,-0.800592,-0.990589,4.70897,1.22102
1583,-0.806725,-1.13174,4.63536,1.21885
695,-0.620575,-1.1021,4.18527,1.33315
567,-0.898278,-1.45605,4.78153,1.28814
973,-0.633442,-1.29437,4.68104,1.24859
1071,-0.503504,-1.39309,4.97647,1.56357
1466,-0.38757,-1.53247,5.09357,1.56765
1072,-0.423158,-1.71195,4.81436,1.70145
1567,-0.855401,-1.31832,4.76178,1.20097
1566,-0.753121,-1.37277,4.70382,1.45479
541,-0.305628,-1.12117,3.93571,1.17116
1278,-0.639524,-0.902778,4.25343,0.905933
1238,-0.470904,-1.09136,4.08413,1.10168
1360,-0.503785,-1.41961,4.66805,1.45348
1237,-0.60848,-1.28309,4.66487,1.32493
227,-0.674934,-1.35934,4.78685,1.26017
381,-0.773666,-1.51747,4.92001,1.3439
559,-0.606505,-1.49912,4.85036,1.44358
1373,-0.731644,-1.29124,4.32813,1.06694
622,-0.683882,-1.25161,4.54148,1.17453
662,-0.494952,-1.14964,4.34137,1.31599
963,-0.872368,-1.15706,4.68934,1.31801
556,-0.830652,-1.12389,4.58081,1.39909
1744,-0.180205,-1.35568,4.41086,1.48525
1194,-0.150194,-1.59167,4.99148,1.72295
1630,-0.642611,-1.47788,4.71042,0.730173
178,0.156954,-1.29417,3.57856,0.9383
1304,-0.340944,-1.10852,4.50044,1.10938
1286,-0.304892,-1.11908,4.62838,1.1
995,-0.241865,-1.16538,3.99593,1.00876
591,-0.512013,-1.38671,4.90228,1.32162
1085,-0.379387,-1.33636,4.88483,1.38582
1074,-0.250057,-1.40154,4.89896,1.43046
1691,-0.680574,-0.939694,4.81463,1.35382
1713,-0.845074,-0.821728,5.11068,1.61868
1716,-0.793469,-0.900855,4.86392,1.37585
1690,-1.16872,-1.08281,4.54171,0.9078
1778,-0.390085,-1.1704,4.73947,1.19838
1779,-0.299088,-1.22593,4.55076,1.24889
1780,-0.618227,-1.01049,4.49855,0.794472
176,-0.258003,-0.897536,3.34597,0.860048
1201,-0.68438,-0.95888,3.5301,0.748472
1084,-0.679542,-0.835858,4.53146,0.937462
823,-0.614482,-1.19911,4.00566,0.699916
77,-0.321183,-0.716013,2.05057,0.645045
135,0.304113,-1.03775,2.36861,1.11436
26,-0.0739703,-1.14448,2.79375,1.06915
928,-0.210253,-1.46769,5.05828,1.62916
644,-0.700067,-1.2357,4.47021,1.17436
931,-0.714524,-1.25275,4.77005,1.03958
1323,-0.531248,-1.17821,3.93236,0.87529
1163,-0.201699,-1.61091,5.22537,1.72955
1668,-0.364738,-1.50655,4.60151,1.49773
124,-0.721079,-1.37615,4.78813,1.1859
1603,-0.593763,-1.32912,4.51251,1.13129
1605,-0.494511,-1.23255,4.47731,1.29704
1378,-0.633359,-1.28293,4.03582,1.19297
1047,-0.276858,-1.16519,3.91188,1.28697
676,-0.953783,-0.938954,3.59828,0.396485
610,-1.0286,-0.644705,3.61866,0.347889
1714,-1.01365,-0.737153,4.54565,1.0722
1549,-0.235218,-1.04871,4.67184,0.920193
1086,-0.43876,-1.29712,4.62341,1.2474
555,-0.933763,-1.33232,4.71916,1.27492
619,-0.694541,-1.26554,4.45969,1.22976
145,-0.831694,-1.31737,4.8103,1.26546
140,-0.995445,-1.50043,5.01157,1.33222
300,-0.220533,-1.33513,4.02244,1.43511
1570,-0.567647,-1.62446,4.94814,1.55052
984,-0.471193,-1.12742,4.45669,1.29918
1186,-0.85484,-0.925921,4.67733,1.05486
1688,-1.02226,-1.01113,4.64689,1.10181
123,-0.702992,-1.34761,4.58249,1.30914
1604,-0.659708,-1.12117,4.36457,1.08772
1212,-0.659056,-0.941021,3.56756,0.903142
1752,-0.581789,-1.28244,4.7993,1.43755
1755,-0.750471,-1.16557,4.42824,1.16059
793,-0.670073,-1.01133,4.66404,0.992263
711,-0.557682,-0.795591,3.79926,0.699679
1009,-0.204157,-1.39805,4.84215,1.41699
965,-0.327141,-1.26064,4.38202,1.1695
837,-0.485046,-1.12762,4.56198,0.961788
570,-0.386691,-1.1028,4.25712,1.19803
1502,-0.533346,-1.00116,4.10405,0.940681
530,-0.232308,-0.918457,3.94347,1.07917
1629,-1.11056,-0.714495,3.87146,0.478795
136,-0.789268,-0.782966,4.42011,0.679082
1357,-0.677517,-0.676701,4.06499,0.868322
1196,-0.367681,-1.2078,4.24052,1.34938
534,-0.189838,-1.10011,3.95917,1.32198
652,-0.607685,-1.02737,4.24156,0.973979
647,-0.848773,-1.11401,4.8454,1.3341
623,-0.776918,-1.31108,4.72589,1.15956
1541,-0.41894,-0.830394,4.29421,0.955869
1578,-0.789235,-1.02612,3.74028,0.552318
167,-0.217362,-0.867816,3.37224,1.07718
660,-0.817481,-0.823266,4.72365,0.957987
860,-0.402746,-1.14819,3.65756,1.16437
372,-0.991136,-1.32896,4.91183,1.51096
1053,-0.3389,-1.30077,4.66639,1.39801
780,-0.696576,-1.33834,4.36535,1.2254
220,-0.977447,-1.46171,4.74155,1.42215
112,-0.760576,-1.23695,4.65777,1.34821
920,-0.956102,-1.13876,4.61775,1.37203
1046,-0.77592,-1.07973,4.3122,1.10447
842,-0.536973,-1.23737,4.26491,1.16147
533,-0.477965,-1.24053,4.4277,1.34052
774,-0.594615,-1.54796,5.05992,1.50286
1142,-0.874869,-1.26665,4.49132,0.872817
1019,-0.572849,-1.01322,4.75945,0.848495
1141,-0.817295,-0.965197,3.96555,0.677209
1099,-0.406813,-1.22744,4.82024,1.16992
1126,-0.437746,-1.15889,4.61417,1.14016
893,-0.534278,-1.06175,4.79772,1.0939
354,0.0846273,-1.08598,3.65465,1.16989
1411,-0.524993,-1.06794,4.37371,1.20301
1375,-0.505882,-0.759362,3.79818,0.948253
827,-0.0809184,-1.70498,4.97714,1.61883
1234,-0.118138,-1.65556,5.16287,1.62191
593,-0.741802,-1.20631,4.71239,1.20267
1062,-1.02642,-1.02575,4.46777,1.09397
590,-0.919615,-1.21029,4.85141,1.48038
536,-0.366192,-1.02087,4.03846,1.01302
664,-0.429395,-0.996127,3.98187,0.964192
627,-0.62788,-1.08245,4.18698,0.925759
1088,-0.880658,-0.899095,4.38104,1.39917
1089,-0.865635,-1.1058,4.51989,1.229
1291,-0.927192,-0.96779,4.54483,1.42356
1290,-0.669577,-1.01587,4.50043,1.25461
1292,-0.596126,-1.11091,4.1818,1.51479
1381,-0.639312,-1.25675,4.90306,1.20636
1498,-0.631263,-1.23561,4.72636,0.973286
1499,-0.600364,-1.40341,4.82095,1.34593
1552,-0.357701,-1.49027,4.99589,1.65298
1693,-0.345498,-1.44822,4.9718,1.60044
1733,-0.610304,-1.01404,3.98004,1.1526
799,-0.604626,-0.966973,3.91845,0.65238
1811,-0.293449,-1.37275,5.05464,1.45354
1767,-0.719867,-1.72164,5.09945,1.39232
1403,-0.405307,-1.17376,4.2414,0.892677
86,-0.294886,-0.958902,3.57299,1.06139
771,-0.503727,-1.33622,4.2051,1.27743
505,-0.5577,-1.39239,4.55157,1.40289
1689,-0.261579,-1.22846,4.7464,1.20692
1284,-0.436025,-1.32938,4.87133,1.60496
1227,-0.242986,-1.21547,4.54838,1.48798
1699,-1.01936,-0.898663,4.5763,0.942031
1331,-0.419271,-1.56411,5.12461,1.35058
814,-0.475899,-1.50299,4.98087,1.25489
677,-0.530244,-1.58766,5.14231,1.25439
1482,-0.372545,-1.4107,4.76826,1.4241
1483,-0.333812,-1.48584,4.93982,1.59095
1576,-0.415869,-1.52245,5.03936,1.58407
1487,-0.12322,-1.76334,4.81106,1.71207
1367,-0.437788,-1.35208,4.89512,1.50145
1708,-0.319323,-1.29772,4.85407,1.4007
775,-0.404575,-1.43659,4.81462,1.49963
781,-0.324577,-1.53736,4.86629,1.50095
829,-0.869578,-1.09515,4.80997,1.02633
1337,-0.561771,-1.16072,4.62976,1.43661
1414,-0.967933,-1.38879,4.67961,1.48611
870,-0.695306,-1.25196,4.27144,1.45553
365,-0.905668,-1.29452,4.78203,1.29126
540,-1.12217,-1.00493,4.91229,1.16669
1236,-0.892748,-1.16955,4.62698,1.22374
1807,-0.367507,-1.15477,4.41818,1.06792
1315,-0.520825,-1.13674,4.66107,0.948733
1335,-0.298011,-0.907244,3.39061,0.855694
1219,-0.194307,-1.58663,5.00437,1.72717
1399,-0.195281,-1.54558,5.23282,1.80279
857,-0.272918,-1.66055,5.12431,1.76303
1159,-0.52123,-0.9411,3.97328,0.964525
576,-0.232118,-1.27018,4.08352,1.22044
1012,-0.851588,-1.39453,4.65864,1.35616
1806,-0.440919,-1.1411,4.84838,0.939095
1565,-0.377417,-1.20946,4.26893,1.28224
604,-0.963508,-1.34901,4.6442,1.2574
1052,-0.668754,-1.5292,4.60588,1.4345
1020,-0.757248,-1.40963,3.91416,0.910467
68,-0.454173,-1.229,3.29887,0.698997
1398,-1.06281,-0.908428,4.05326,0.49849
323,0.0358674,-0.879121,3.1926,1.26194
87,-0.379769,-1.07895,3.77548,0.908
171,-0.437834,-0.760912,2.99107,0.627283
1774,-0.56467,-1.28927,4.74597,1.31201
1391,-0.783722,-1.02327,4.71121,1.2758
1492,-0.488022,-1.25815,5.00985,1.29303
1494,-0.475875,-1.27109,4.77992,1.34351
777,-0.948357,-0.866064,4.18831,0.735628
1130,-0.677572,-1.04683,4.02403,0.98101
1282,-1.22081,-0.498879,3.77221,0.232046
1606,-0.982631,-1.15693,4.7267,1.30061
728,-0.442107,-1.18909,4.94062,1.34643
518,-0.385418,-0.941751,4.79703,0.883661
932,-0.187227,-1.42126,4.91681,1.56529
930,-0.26504,-1.42289,4.95348,1.55491
1216,-0.533471,-1.51032,4.49373,1.42447
460,-0.839303,-1.36684,4.56702,1.3919
191,-1.05871,-1.25358,4.8762,1.46039
606,-0.906411,-1.1209,4.57465,1.11437
1723,-0.683455,-1.38204,4.62584,1.5739
127,-0.753578,-1.49586,4.62269,1.4058
1724,-0.454434,-1.19037,4.55326,1.40239
568,-1.08557,-1.22015,4.79443,1.37278
1540,-0.929517,-0.85693,3.58268,0.460844
1408,-0.465317,-1.31055,4.62174,1.12878
1027,-0.617362,-1.17388,5.14047,1.03851
671,-0.33486,-1.23111,4.68579,1.19613
735,-0.120683,-1.49906,4.84911,1.63262
624,-0.996681,-1.22717,4.8249,1.25788
1327,-0.276935,-1.08233,4.10025,1.05664
389,0.152392,-0.930663,2.60485,1.22655
903,-0.238021,-1.47567,5.06537,1.44759
503,-0.739782,-0.973626,4.00493,0.695124
1585,-0.749454,-0.805584,3.87758,0.855995
1586,-0.984312,-1.15746,4.04406,0.460686
213,-0.208914,-1.29325,4.18875,1.179
493,-0.421415,-1.4706,4.28622,1.59159
1469,-0.520842,-1.09677,4.18609,1.24081
308,-0.882378,-1.36546,4.8889,1.27554
163,-0.643817,-1.51761,4.64531,1.44197
966,-0.385464,-1.34594,4.41957,1.53693
1228,-0.52655,-1.49964,5.02044,1.57983
906,-0.386626,-1.09364,4.71664,1.09093
1488,-0.51086,-1.22176,4.46474,1.3667
858,-0.0991457,-1.713,5.40651,1.81929
1316,-0.131837,-1.692,5.20149,1.79094
1477,-0.576917,-1.29568,4.7191,1.24637
1090,-0.399586,-1.36064,4.44332,1.27889
1726,-0.866508,-1.23272,4.54614,0.725572
1725,-0.499685,-1.03032,3.62607,0.91917
1558,-0.365557,-1.13779,4.2527,1.23894
784,-0.700247,-1.59586,5.03046,1.54448
953,-0.468647,-1.14398,4.47944,1.09392
1443,-0.554662,-1.17225,4.43172,1.20949
1707,-0.365763,-1.13063,4.52862,1.21896
1717,-1.01325,-0.741473,4.98779,1.39178
1325,-0.865082,-1.15372,4.83361,1.45708
422,-0.699488,-1.21418,4.09475,1.36083
1449,-0.578519,-0.882115,3.99594,0.845885
52,-0.20317,-0.727558,2.75057,0.872986
1600,-0.62553,-1.13987,4.62692,1.32238
1773,-0.582268,-1.30669,4.77053,1.40517
948,-0.396143,-1.20659,4.78046,1.39319
1765,-0.426959,-1.4694,5.26913,1.6127
1308,-0.204176,-1.62041,5.02842,1.67545
1522,-0.53884,-1.16445,4.48425,1.13127
1401,-0.489697,-0.813229,3.80223,0.911437
1804,-0.267961,-1.37485,4.88949,1.47454
1135,-0.479779,-1.14574,4.59018,1.33927
114,-0.933934,-1.37105,4.95976,1.32732
1584,-0.746129,-1.35946,4.63346,1.38782
1051,-0.750392,-1.43459,4.45778,1.31262
1032,-0.710774,-1.31998,5.03969,1.28046
226,-0.765741,-1.46312,4.75998,1.3081
344,-0.953668,-1.26456,4.69656,1.23783
1206,-0.53472,-1.30633,4.97527,1.17792
813,-0.340007,-1.2927,4.7306,1.16191
750,-0.482221,-1.41764,4.70129,1.4695
1207,-0.73763,-1.06709,4.51182,1.29245
674,-0.498108,-1.3231,4.98676,1.33795
943,-0.319646,-1.41373,4.87877,1.44552
1386,-0.23155,-1.48351,5.01591,1.62256
1385,-0.356828,-1.5416,4.85951,1.58654
904,-0.156537,-1.46403,4.76352,1.50335
1188,-0.558019,-1.38021,4.80092,1.35926
1732,-0.355851,-1.36084,4.39265,1.37695
779,-0.730733,-1.1581,4.78379,1.11336
1617,-0.681089,-1.28127,4.93872,1.14675
1684,-0.59488,-1.21726,4.06361,1.03997
1669,-0.514057,-1.57033,4.70187,1.49416
342,-0.503555,-1.4276,4.5328,1.55515
305,-0.686719,-1.37379,4.45293,1.36643
1235,-0.931183,-1.19476,4.71212,1.14044
831,-0.568739,-1.57998,4.78956,1.56147
337,-0.251187,-1.23196,3.90087,1.55546
1177,-0.5736,-1.33574,4.16861,1.35995
382,-0.935911,-1.24317,4.84574,1.34988
1615,-0.677331,-1.3433,4.49305,1.29377
659,-0.5421,-0.798143,4.80246,1.05249
749,-0.503893,-0.921744,4.81938,1.10817
1301,-0.715386,-1.13667,4.70914,1.25218
788,-0.870876,-1.36473,4.62474,1.30616
942,-1.19196,-0.489892,3.60598,0.343115
339,-0.378769,-1.03983,4.38885,1.3643
1444,-0.916998,-0.891745,4.3249,1.1543
1329,-0.92188,-0.757666,4.46242,1.19177
635,-0.420715,-0.951666,4.4114,1.39623
638,-0.413041,-0.933987,4.47885,1.18888
1445,-1.16365,-1.0386,4.69662,1.11255
1753,-1.05695,-1.03844,4.91677,1.15066
1758,-0.747066,-1.2087,4.79626,1.07665
819,-0.676528,-1.23788,4.82318,1.1787
138,-0.804849,-1.17408,4.72649,1.10743
489,-0.661695,-1.2267,4.63869,1.03831
351,-0.803536,-1.36019,4.75982,1.26846
692,-1.01953,-1.09958,4.54207,1.38294
246,-0.0318174,-1.55987,4.3666,1.59361
1164,-0.185173,-1.6169,5.31822,1.8107
1720,-0.416397,-1.04758,4.19463,0.984385
100,-0.135706,-1.13427,3.59824,1.15661
36,-0.0215401,-0.906825,3.58486,1.18486
494,-0.410911,-1.09882,4.14329,1.11584
1520,-0.464345,-1.17631,4.39499,1.13547
895,-0.594852,-0.815136,3.76643,0.751075
1417,-0.674672,-1.49465,4.87078,1.1803
1415,-0.803955,-1.48817,4.82129,1.03564
1014,-0.522022,-1.34184,5.02983,1.11619
1416,-0.622262,-1.36722,4.79926,1.32138
1217,-1.06349,-1.28169,5.02556,1.40281
1350,-0.477677,-1.39069,4.89777,1.41827
1352,-0.42652,-1.39943,4.70723,1.4299
634,-0.422037,-1.17585,4.29441,1.32012
368,-0.967825,-1.48154,4.60898,1.34953
484,-0.556921,-1.21503,4.0568,1.25522
751,-0.435363,-1.08126,4.29159,1.18586
1073,-0.456642,-1.06139,3.99425,1.1175
1711,-0.19002,-1.39387,4.49534,1.46526
805,-0.789359,-0.475143,3.99903,0.524868
603,-0.128203,-1.22719,3.6125,1.47119
641,-0.512817,-1.28225,4.85452,1.24635
1438,-0.568714,-1.10874,4.86305,1.23051
497,-0.232654,-1.41124,4.31041,1.41053
974,-0.850697,-1.23098,5.01425,1.11593
969,-0.653782,-1.3705,4.63253,1.56039
697,-0.427431,-1.20452,4.03968,1.00153
698,-0.241725,-1.19345,4.08733,1.15929
1317,-0.369701,-1.64578,4.88341,1.47654
1400,-0.395236,-1.48271,4.84762,1.47834
101,-0.884346,-1.36581,5.00906,1.38223
1387,-0.698376,-1.32322,4.48035,1.47192
520,-0.889486,-1.16071,4.80579,1.15455
480,-0.345791,-1.08697,4.52843,0.935485
1116,-0.759999,-1.3585,4.51201,1.38359
451,-1.0592,-1.39538,4.82488,1.47561
492,-0.919561,-1.30931,4.71841,1.39195
1674,-0.762614,-0.875296,3.79407,0.553572
587,-1.19804,-1.24183,4.79011,1.23226
871,-0.357614,-1.34409,4.4237,1.38061
787,-0.305732,-1.24155,4.31629,1.2029
1036,-0.872337,-0.902222,4.69064,1.04597
1132,-0.832916,-1.13451,3.98331,0.643399
1666,-0.771487,-0.873802,3.96003,0.695967
264,-0.00903,-0.912214,2.81105,0.994685
531,-0.427481,-1.18021,4.18703,1.48959
1370,-0.742769,-1.27974,4.62084,1.2838
423,-0.834551,-1.47382,4.58173,1.43818
1010,-0.789246,-1.19048,4.66482,1.2698
326,0.0681877,-1.441,3.90387,1.53304
1768,-1.00357,-0.985937,3.59267,0.354603
106,-1.06146,-1.21136,4.72298,1.22487
1426,-0.850936,-1.43746,4.68363,1.29086
862,-0.999885,-1.03359,4.69451,1.26331
786,-0.428101,-1.05036,4.41929,1.1522
64,-0.217515,-1.00076,3.46391,0.888863
1328,-0.901147,-0.90594,4.60473,1.44898
1413,-0.921172,-0.699041,4.72519,1.25658
107,-0.421991,-1.09372,3.60961,1.5682
475,-0.559618,-1.6162,5.32006,1.61011
1279,-0.292829,-1.14527,4.18614,1.20962
962,-0.546832,-1.21212,4.59145,1.34417
1041,-0.714238,-1.28893,4.53759,1.40797
1770,-0.855838,-1.34741,4.85493,1.30108
241,-0.78161,-1.40405,4.81937,1.36135
240,-0.932451,-1.45466,4.73779,1.39518
405,-0.841373,-1.42936,4.9487,1.21005
506,-1.00568,-1.16736,4.68624,1.05657
1448,-0.274226,-1.11038,4.1243,1.16979
1049,-0.54958,-1.14532,4.83507,1.17245
841,-0.419753,-1.10991,4.7548,1.10746
1006,-0.539528,-1.20845,4.47256,1.01362
1638,-0.381959,-1.44591,4.25032,0.806189
960,-0.50972,-1.32596,4.8174,1.54114
1034,-0.383093,-1.19971,4.07916,1.2872
982,-0.674135,-1.58313,4.57934,1.41779
1441,-0.464993,-0.916752,3.52366,0.861568
778,-0.626657,-1.10773,4.47578,1.30301
1489,-0.821094,-1.21492,4.67871,1.34864
564,-0.669932,-1.38249,4.64136,1.2515
686,-0.496378,-1.18403,4.74267,1.49186
687,-0.603054,-1.40823,5.02323,1.49741
838,-0.430563,-1.02671,4.43542,0.929077
867,-0.972151,-1.14024,4.87188,0.989883
548,-0.448512,-1.26477,4.67957,1.39972
993,-0.55597,-1.02104,4.22974,1.37144
1698,-0.558548,-1.18151,4.32304,1.04021
1697,-1.04053,-0.757611,4.03242,0.540758
1139,-0.82441,-1.28022,4.8368,1.14358
445,-0.873358,-1.37023,4.72622,1.31212
479,-0.659056,-0.853358,4.45138,0.778349
1213,-0.629761,-1.00178,4.26864,0.913278
714,-0.545499,-1.49502,4.55577,1.42251
216,-0.82579,-1.36275,4.59343,1.50045
370,-1.01667,-1.36772,4.79808,1.37624
1023,-0.230802,-1.50955,4.25096,1.76996
1634,-0.388628,-1.18505,4.68494,1.19504
828,-0.470994,-1.0331,4.70079,1.21309
1376,-0.581754,-0.745916,3.90254,1.01736
552,-0.522522,-0.872448,3.68517,0.807776
1682,-0.801646,-0.638063,4.59193,0.976111
718,-0.975141,-0.750144,4.57517,1.15407
1500,-0.301453,-1.22317,4.46101,1.33165
1589,-0.503581,-1.4172,4.53107,1.52794
569,-0.120761,-1.39939,4.27413,1.46988
1497,-0.578886,-1.17728,4.82974,1.33435
663,-0.518867,-1.15776,4.05248,1.01111
1095,-0.418342,-1.20146,4.72255,0.984307
1097,-0.347066,-0.953746,3.52751,1.03015
1628,-0.297607,-1.0035,3.85559,1.06076
297,-0.921907,-0.814245,4.50641,0.530491
1594,-0.475545,-1.27487,3.57941,0.856109
872,-0.640889,-1.03047,4.49231,1.11901
1451,-0.38241,-1.11391,4.35078,1.15686
1446,-0.400753,-1.28502,4.10038,0.98089
406,-0.7455,-1.48612,4.75962,1.35715
596,-0.558165,-1.35566,4.66588,1.45138
1260,-0.732546,-1.26633,4.7021,1.28135
374,-0.978687,-1.42321,4.6774,1.25215
745,-0.409848,-1.39525,4.20041,1.18309
1422,-0.49429,-1.05784,4.60733,1.32685
890,-0.473425,-1.1033,4.3808,1.26708
128,-0.601032,-1.53441,4.22061,1.43492
985,-0.556108,-1.3839,4.52382,1.2809
360,-0.95075,-1.25254,5.02308,1.37026
84,-1.07437,-1.49592,4.82072,1.43157
357,-0.835676,-1.4748,4.72359,1.36311
734,-0.653795,-1.25343,4.65887,1.32728
651,-0.757417,-1.21982,4.44965,1.18823
1775,-0.596305,-1.36408,4.95004,1.31649
725,-0.514805,-1.26304,4.54608,1.3526
1704,-0.563659,-1.26314,4.18445,1.39856
1798,-0.536147,-1.23687,4.51307,1.25167
371,-0.839365,-1.37931,4.77347,1.16102
363,-0.866914,-1.15505,4.59034,1.24423
1037,-0.933638,-1.07003,4.39401,1.01748
1591,-0.673681,-1.39135,4.68665,1.32135
816,-0.376223,-1.40791,4.82949,1.42278
864,-0.589532,-1.33092,5.01235,1.15521
1137,-0.786541,-1.32366,4.6546,1.37582
919,-0.422745,-1.13617,4.18454,1.32646
1157,-0.673435,-1.09407,4.22628,1.28376
1740,-0.829441,-0.913863,4.83251,1.12333
1741,-0.629425,-1.19254,4.83582,1.35398
901,-0.352555,-1.26238,4.44075,1.48594
1319,-0.86294,-0.87931,4.76162,1.133
209,-0.49284,-1.04807,4.5096,1.15057
1681,-1.04157,-0.597799,4.81154,1.12045
1311,-0.918389,-0.87321,4.66554,1.2652
1013,-0.958897,-0.680371,4.71748,1.18227
1192,-0.690196,-0.581169,4.7226,1.11254
1580,-0.740674,-0.653542,4.67915,1.17296
1365,-0.341141,-1.3581,4.35774,1.72519
968,-0.31548,-1.13368,3.67619,1.26128
245,-0.955487,-1.34893,5.00895,1.27272
243,-1.01682,-1.38298,5.24847,1.49621
311,-0.955638,-1.46113,4.95827,1.35665
162,-0.669227,-1.37934,4.9156,1.24455
1525,-0.737558,-1.2289,4.74641,1.21974
141,-0.970954,-1.56931,4.98129,1.25534
65,-0.772184,-1.62205,4.8284,1.55187
934,-0.555784,-1.42865,4.40668,1.43648
915,-0.889319,-0.656161,4.63727,1.25017
886,-0.239033,-1.38159,4.30878,1.43116
1382,-0.708125,-1.21417,4.78239,1.40355
1397,-0.772528,-1.06179,4.70242,1.33877
1075,-0.232315,-0.946781,3.97793,1.44694
551,-0.882786,-0.812482,4.45902,1.11262
1343,-0.876178,-1.03716,4.54382,1.2053
1795,-0.798862,-1.11258,4.34128,1.1747
1796,-0.858217,-0.980388,4.5825,1.18727
1393,-0.658197,-0.805886,3.6657,0.782218
184,0.124711,-1.25738,3.27695,1.45225
802,-0.434962,-1.24939,4.63016,1.39567
1654,-0.482929,-1.34466,4.65266,1.41247
1560,-0.731787,-1.04976,3.97492,0.653263
1048,-0.675547,-1.29219,4.07213,0.874886
1339,-0.18765,-1.42665,4.51561,1.35287
1789,-0.878759,-0.980694,4.25552,0.780376
1281,-0.43202,-1.28725,4.69794,1.38683
66,-0.469094,-1.53595,4.61773,1.51552
1120,-0.940955,-1.13952,4.77718,1.17345
589,-0.840695,-0.971697,4.89253,1.3476
585,-0.762686,-1.28515,4.77664,1.30046
1029,-0.330575,-1.57254,4.77792,1.09937
1458,-0.161196,-1.20326,3.81674,1.15961
152,0.0383009,-0.939792,2.9699,1.15045
317,-0.226389,-0.440142,1.09321,0.438019
1024,-0.827062,-1.14371,4.65591,1.23594
1476,-0.231221,-1.17247,4.13831,1.24561
1601,-0.411088,-1.00354,3.9205,0.959281
1455,-1.05015,-1.35809,4.70402,1.37202
961,-0.866844,-1.52607,4.84941,1.27929
291,-0.365952,-1.28894,3.79195,1.43873
529,-0.53963,-1.39424,4.37488,1.30922
1810,-0.285661,-1.36316,4.93596,1.57681
61,-0.361443,-0.853627,3.34386,0.929121
1581,-1.00332,-1.1986,4.50577,1.13431
1208,-0.912765,-1.18959,4.42473,1.24371
820,-0.505304,-0.967972,4.48861,1.07156
640,-0.367871,-1.29125,4.64312,1.21266
689,-0.585626,-1.42605,4.39439,1.34462
369,-0.975818,-1.37447,4.74873,1.32792
612,-0.687066,-1.63567,4.97172,1.56527
166,-0.260685,-0.935332,3.1421,0.928774
1081,-0.214553,-1.27713,3.94179,1.26882
1112,-0.414687,-1.14799,4.23546,0.99038
605,-0.366126,-1.21624,4.1486,1.27678
1361,-0.421978,-1.24246,4.63144,1.14704
586,-0.721624,-0.444192,3.98397,0.479484
1098,-0.472436,-1.30577,4.62629,1.19235
392,0.00113848,-1.08406,3.43831,1.06475
1799,-0.75079,-1.37341,4.62487,1.39896
524,-0.642746,-1.18569,4.68982,1.25053
1368,-0.774666,-1.3921,4.60983,1.30427
633,-0.647329,-1.19565,4.61437,1.25336
789,-0.634744,-1.29903,4.59469,1.12112
672,-0.668316,-1.3343,4.63303,1.15194
1551,-0.423168,-1.49959,4.42884,1.25428
741,-1.06212,-1.0745,4.37175,0.76466
1579,-0.567547,-1.02202,4.68662,1.38302
538,-0.41009,-0.824673,4.57093,1.32333
896,-0.45436,-1.4744,4.93781,1.71231
898,-0.0608807,-1.42945,4.40547,1.51731
897,-0.25439,-1.53382,5.018,1.6844
874,-0.337713,-1.54777,5.28312,1.76036
983,-0.108774,-1.23151,3.9407,1.37397
683,-0.635684,-1.26525,4.36624,1.31088
1749,-0.180791,-1.65931,4.99349,1.57328
834,-0.324284,-1.27869,4.12866,1.1334
1454,-0.508594,-1.10919,4.16862,0.951883
1453,-0.741223,-0.865439,3.97075,0.803133
1102,-0.59109,-1.22361,4.55069,1.20652
849,-0.371014,-1.02672,3.79826,1.20422
941,-0.279853,-1.53259,5.26398,1.47661
1069,-0.230102,-1.61576,5.04137,1.6467
1262,-0.421406,-0.957001,3.74775,0.980875
1338,-0.649253,-1.2122,4.46476,1.09121
869,-0.54533,-1.67436,4.31586,1.2789
573,-0.585502,-1.45205,4.57762,1.33704
550,-0.703585,-1.32102,4.7037,1.39242
153,-0.994798,-1.31896,5.02513,1.23194
1427,-0.849,-1.24471,4.56981,1.2701
218,-0.818855,-1.44311,4.75293,1.46475
1574,-0.908098,-1.4753,4.66447,1.43782
1288,-0.312484,-1.18686,4.22238,1.28772
1562,-0.333167,-1.06202,4.13131,1.22922
362,-0.449161,-1.16363,3.99308,1.18488
1138,-0.58944,-1.1656,4.39016,1.34099
271,-0.889608,-1.39498,4.81528,1.34039
657,-0.788618,-1.29873,4.69021,1.2258
764,-0.642066,-1.55033,4.62103,1.39995
1195,-0.567368,-1.17802,4.78343,1.32669
684,-0.578369,-0.855195,4.3404,1.33089
1312,-0.552188,-0.882948,4.34475,1.37471
1563,-0.714719,-0.897777,4.25766,0.837129
1061,-1.09066,-0.931445,3.43362,0.488276
649,-0.48151,-1.05855,3.58552,1.02228
611,-0.361994,-1.33496,4.82165,1.32997
1514,-0.61207,-1.05175,4.01534,0.902189
1423,-0.616503,-1.14036,4.56936,1.2171
1332,-0.357028,-1.4808,4.83762,1.57972
1625,-0.621864,-1.36449,4.45369,1.5163
1624,-0.661576,-1.43098,4.85743,1.42605
1658,-0.40741,-1.44038,3.99928,1.15625
1657,-0.599547,-1.01514,4.03525,0.844376
1395,-0.11475,-1.52363,4.87245,1.67027
1474,-0.0979058,-1.36576,4.9551,1.60545
1475,-0.0163697,-1.48055,5.13891,1.54768
456,-0.95032,-1.20654,4.94925,1.38191
1745,-0.932938,-1.25605,4.56082,1.23015
1058,-0.274581,-1.12123,4.38871,1.46704
1718,-0.905356,-0.886277,4.72532,1.27842
1660,-1.00906,-0.52198,3.63064,0.306149
155,-0.689528,-0.937496,3.55379,0.76906
1598,-0.160494,-1.19449,4.31739,1.43479
1117,-0.120092,-1.42225,5.06202,1.45092
1803,-0.412749,-1.06007,4.34522,1.08824
1597,-0.385124,-1.077,4.402,1.27497
1596,-0.584782,-1.07251,4.78281,1.151
1209,-0.823683,-1.00734,4.39319,1.22871
731,-0.263022,-1.44005,4.43696,1.45052
1070,-0.206528,-1.49368,4.74779,1.37786
424,-1.18918,-1.41949,4.75343,1.37828
1675,-0.749869,-1.37988,4.25487,1.43112
471,-0.736429,-1.44535,4.69281,1.44192
349,-0.81208,-1.31623,4.78998,1.39197
1495,-0.394926,-1.1967,3.60965,1.0765
1496,-0.566267,-1.05539,4.52506,1.00378
1743,-0.486947,-1.17091,4.64976,1.1008
945,-0.457274,-1.19393,4.52372,1.2341
466,-1.01793,-1.38433,4.59441,1.29839
843,-0.73354,-0.971607,4.14139,0.923129
1324,-0.17151,-1.43946,4.22169,1.53754
1671,-0.757697,-1.00938,4.40261,1.33553
1672,-1.04111,-0.859972,4.76041,1.29888
525,-0.13517,-1.44674,4.98181,1.55058
957,-0.42077,-1.26948,4.78163,1.20421
958,-0.248642,-1.45938,4.78988,1.37242
352,0.123527,-1.50881,4.2367,1.74122
602,-0.303509,-1.4621,4.5436,1.4563
487,-0.231927,-1.46825,4.86018,1.44153
1168,-0.539163,-1.03683,4.26771,1.47876
1490,-0.500635,-0.967574,4.42328,1.00438
1627,-0.485111,-1.15185,4.61636,1.08965
882,-0.354316,-1.21076,4.53146,1.07804
1353,-0.461061,-1.25799,4.74485,1.05528
752,-0.643699,-1.2751,4.42015,1.22184
801,-0.892765,-1.17925,4.25883,1.20236
1546,-0.254982,-1.55829,5.15954,1.39172
1547,-0.282648,-1.46543,4.99161,1.35683
705,-0.466291,-1.24324,4.13291,1.08312
1241,-0.588205,-1.35278,4.76476,1.5142
1731,-0.37543,-1.54754,4.91151,1.53651
765,-0.631696,-1.23944,4.58831,1.3308
147,-1.02899,-1.26079,4.9921,1.23329
796,-0.66112,-1.18986,4.34204,1.20553
1573,-0.753315,-1.37465,4.66385,1.23561
41,-0.140756,-1.05019,3.51608,1.09046
206,-0.149723,-1.27721,3.59786,1.49312
1467,-0.632037,-1.50439,4.9769,1.50637
229,-0.395193,-1.39233,4.12553,1.45932
1644,-0.57317,-1.10712,4.41054,1.10189
1204,-0.874,-1.21736,4.61001,1.08815
1033,-0.443831,-1.35683,4.85212,1.26138
653,-0.550358,-1.31299,4.34617,1.1039
298,-0.503719,-0.988075,4.59062,0.839289
239,-0.760747,-0.370067,3.84632,0.400656
238,-0.336466,-0.801317,3.88701,1.00844
1293,-0.602925,-1.27405,4.82323,1.22287
817,-0.727274,-1.29251,4.79427,1.14304
1181,-0.742307,-1.25618,4.84436,1.28301
435,-0.933215,-1.26563,4.81331,1.26536
148,-0.838336,-1.33934,5.04785,1.34607
959,-0.754934,-1.29939,4.71935,1.17408
270,-1.03703,-1.22622,4.70299,1.46258
257,-0.98787,-1.40794,4.86683,1.25686
1797,-0.83542,-1.30229,4.74866,1.26944
1171,-0.439149,-1.60058,5.32744,1.35802
940,-0.130793,-1.55974,5.14716,1.5361
1080,-0.35492,-1.63509,5.37274,1.50655
1170,-0.349797,-1.4713,5.08526,1.30669
986,-0.76473,-1.26857,4.74586,1.22456
1442,-0.402437,-1.02085,4.57427,1.02321
724,-0.738065,-1.3228,4.59251,1.31413
909,-0.202612,-1.17467,4.12594,1.231
595,-0.319021,-1.17015,3.25981,1.15404
1077,-0.862076,-0.893006,4.62574,1.15531
1344,-0.825792,-1.33696,4.68347,1.35111
415,-0.83712,-1.44187,4.79758,1.42378
1190,-1.03064,-1.29244,4.55945,1.09999
18,-0.470399,-1.07676,3.16701,0.798987
1750,-0.15937,-1.66221,5.06,1.57599
1340,-0.259447,-1.33209,4.8679,1.40695
1637,-0.268175,-1.28042,4.75408,1.39361
1218,-0.116362,-1.15298,4.23846,1.33961
509,-0.653414,-1.3224,4.35135,1.24271
994,-0.635402,-1.31158,4.84933,1.33287
482,-0.511052,-1.31429,4.50347,1.2057
1517,-0.462344,-1.22615,4.41058,1.20764
937,-0.693195,-1.19264,4.55689,0.993519
1513,-0.615415,-1.0588,4.41964,1.01448
743,-0.471426,-0.997271,4.45628,1.19829
1239,-0.646834,-0.987248,4.66188,1.13529
1243,-0.86776,-1.2104,4.65049,1.31116
94,-0.571574,-0.782929,3.89908,0.661947
1737,-0.881322,-0.81353,4.27856,0.820529
852,-0.792411,-0.635873,3.92397,0.750457
17,-0.104745,-0.921041,3.42653,1.30602
237,0.117625,-0.792523,2.57353,1.31544
582,-0.15986,-1.46862,5.00494,1.53557
1748,-0.201117,-1.6938,5.13432,1.62054
265,0.281528,-0.737869,2.14051,1.07824
306,-0.921846,-1.28408,4.85841,1.25035
1626,-0.333683,-1.11127,3.98771,0.992917
1377,-0.605899,-0.998432,4.64397,1.12214
1568,-0.484086,-1.31532,4.42521,1.35332
737,-0.501874,-1.71711,4.8156,1.13601
577,-0.708404,-1.50275,4.58247,1.03637
117,-0.673975,-1.30312,4.55945,1.24576
1143,-0.975618,-1.42586,4.61085,1.31446
1005,-0.801121,-0.763744,3.9282,0.831997
1173,-0.655824,-1.05814,4.26025,0.908211
1018,-0.769612,-0.891878,3.86087,0.656041
1197,-0.802516,-1.07902,4.64845,1.28079
1420,-0.689257,-1.2092,4.3005,1.17049
1421,-0.668394,-1.25883,4.15771,1.38671
40,-0.440956,-1.26431,4.05335,1.34454
1026,-0.483099,-1.26992,4.72066,1.3417
854,-0.78988,-0.942719,4.45371,1.0965
1246,-0.488265,-1.29246,4.25976,1.48807
1247,-0.320473,-1.19339,4.18204,1.49996
1031,-0.62451,-1.41363,4.75863,1.30806
1229,-0.348944,-1.23964,4.37285,1.30515
258,-1.07687,-1.23721,4.84032,1.29799
782,-0.457693,-1.17493,4.80186,1.23263
500,-0.401019,-1.13273,4.57722,1.17289
1200,-0.604205,-1.4884,4.39869,1.35073
1129,-0.68594,-1.10562,4.95236,1.12639
408,-0.144697,-1.30493,3.77214,1.59544
1064,-0.451651,-1.55679,5.06677,1.52565
785,-0.438044,-1.58381,4.85902,1.68941
1063,-0.415112,-1.53118,4.73405,1.47241
747,-0.548609,-1.09859,3.67977,1.19142
1271,-0.508356,-1.03576,3.81034,0.975545
1771,-0.562753,-1.13582,3.86752,1.05818
1772,-0.510428,-1.44761,4.66071,1.33351
1165,-0.356227,-1.34675,4.65153,1.47105
1154,-0.312108,-1.43693,4.60172,1.40634
1210,-0.391958,-1.18653,4.39164,1.27435
1793,-0.561269,-1.06179,4.37666,1.32435
736,-0.628789,-1.2228,4.96015,1.22574
1180,-0.656072,-1.2021,4.39407,1.26081
70,-0.685437,-1.3963,4.6394,1.43791
73,-0.230059,-1.32548,4.21881,1.61306
1087,-0.855122,-1.53261,4.81422,1.28926
1610,-0.455374,-1.31082,4.82925,1.28949
1096,-0.384532,-1.2826,4.65249,1.07881
255,-0.270359,-0.69139,2.21124,0.847712
1431,-0.267266,-1.3461,4.84706,1.51763
738,-0.576006,-1.42964,4.51689,1.38584
301,-0.790251,-1.30319,4.42843,1.3971
1515,-0.984703,-0.922346,3.91523,0.729435
1736,-0.884341,-0.775938,4.38079,0.836806
1503,-0.728432,-0.891165,4.61867,1.00511
629,-0.929196,-1.14681,3.89492,0.69778
1320,-0.973156,-0.725714,4.44562,1.14881
844,-0.407756,-1.23213,4.70676,1.10616
448,-0.233058,-1.36654,3.73507,0.886417
1599,-0.519948,-1.15687,4.48337,1.30736
902,-0.650245,-1.19941,4.84777,1.37108
1300,-0.358614,-1.28734,4.50438,1.38336
913,-0.492072,-0.969998,3.91663,0.981164
806,-0.607656,-0.816784,3.90372,0.751042
400,-0.743033,-0.810557,3.44815,0.672928
251,-0.180213,-1.03033,3.54593,1.0394
1106,-0.396801,-1.0722,3.63648,0.990242
833,-0.161305,-1.42202,4.73584,1.62221
75,-0.130383,-0.733635,3.08457,0.991676
723,-0.66632,-1.13542,4.79366,1.38562
1336,-0.392709,-1.30741,4.56775,1.4409
1463,-0.690702,-1.03345,4.02665,0.930378
463,0.110401,-1.09083,3.57366,1.48812
464,-0.0816968,-0.830352,3.23921,0.908242
675,-0.587958,-0.760646,3.54994,0.607795
511,-0.871191,-1.28006,4.34815,1.31787
1440,-0.665274,-0.745111,4.18223,0.704258
1742,-0.798018,-0.628591,3.84982,0.352025
1038,-0.459204,-1.26108,4.37188,1.18389
83,-0.908513,-1.26827,4.61087,1.36683
1764,-0.295945,-1.45665,4.89663,1.51768
1509,-0.299513,-1.51635,5.19074,1.59204
1727,-0.288569,-1.25258,4.42484,1.40351
1178,-0.72715,-1.29278,4.70666,1.34018
1321,-0.853461,-1.19191,4.73737,1.22886
517,-0.421546,-1.48889,4.95318,1.64124
588,-0.255749,-1.56181,5.02231,1.70849
1347,-0.797603,-1.34956,5.0894,1.41565
1680,-0.585512,-1.10261,4.3542,1.14425
1379,-0.523577,-1.42549,4.9207,1.30853
1471,-0.838682,-1.30005,4.14343,1.51192
459,-0.850429,-1.48522,4.52675,1.42485
560,-0.676437,-1.19535,4.76678,1.12908
20,-0.37786,-1.37835,3.72416,1.47693
113,-0.976851,-1.41643,4.80367,1.37182
1612,-0.665752,-0.893078,4.62499,1.05341
1613,-0.46379,-1.20157,4.51549,1.34413
1738,-0.685156,-1.06218,4.50553,1.08785
703,-0.795817,-1.25505,4.98934,1.04884
544,-0.536209,-0.976429,4.14527,0.809498
1557,-1.18692,-0.771618,3.65487,0.450121
1001,-0.462959,-1.0385,3.78318,1.08556
318,0.112894,-0.769346,2.36209,1.24029
1539,-0.359674,-1.19278,4.67844,1.24435
1462,-0.422283,-1.18286,4.53145,1.1799
956,-0.741264,-1.45219,4.61228,1.30999
944,-0.863647,-1.02027,4.00864,0.718979
613,-0.748666,-1.21788,4.23455,1.3032
824,-0.395633,-0.990789,4.18432,1.01607
1021,-0.712264,-1.09449,4.57724,1.25127
1022,-0.69725,-1.32794,4.82362,1.48921
1703,-0.730084,-1.2662,3.99432,0.854416
1553,-0.595672,-1.59826,4.55637,1.48356
1808,-0.47467,-1.04545,4.59457,1.05315
1679,-0.617385,-1.07229,4.08493,0.971717
1595,-0.657014,-1.47215,4.77437,1.18052
1486,-0.157577,-1.66438,4.81705,1.56181
1575,-0.402177,-1.75099,4.91959,1.65136
1762,-0.693833,-0.853263,4.38329,0.943165
81,-0.384691,-0.866463,3.44474,1.00061
1757,-0.787016,-1.06745,4.26988,0.840187
971,-0.498541,-1.35493,5.03067,1.54167
414,-0.530049,-1.39154,4.70944,1.19489
1394,-0.597585,-0.975303,3.69398,0.972822
1146,-0.604248,-1.22134,4.59138,1.27603
375,-0.45603,-1.02863,2.83645,0.768822
804,-0.277376,-1.06997,4.72844,1.35577
402,-0.453178,-1.34864,4.72873,1.62608
1147,-0.725162,-1.3382,4.26124,1.26613
1739,-0.63915,-1.06481,4.75579,1.25168
16,-0.476738,-0.642527,3.61214,0.888312
244,-0.415372,-0.803502,3.31871,0.802097
598,-0.297046,-1.31081,4.0185,1.25659
1694,-0.647567,-1.28439,4.04781,0.868858
950,-0.458639,-1.04067,4.163,1.06118
157,-0.114792,-0.74617,2.87279,1.09082
228,-0.168986,-1.61423,4.7075,1.57617
221,-0.146296,-0.86356,2.62674,1.10637
222,0.207563,-0.573483,1.91161,1.01084
807,-0.549071,-1.03522,4.00608,1.15715
1561,-0.677125,-1.15381,4.56116,1.15669
1079,-0.634195,-1.10107,4.12967,0.859359
924,-0.673605,-1.18634,3.95426,0.940785
447,-0.654411,-1.3856,5.01176,1.28658
1067,-0.585819,-1.40206,4.88616,1.33968
1706,-0.291557,-1.30078,4.65995,1.40283
1636,-0.231055,-1.28845,4.76055,1.47037
910,-0.262229,-1.0008,3.91012,1.14288
865,-0.655373,-1.39877,4.7668,1.31025
866,-0.552541,-1.28718,4.64092,1.41702
639,-0.212947,-1.49454,4.7757,1.56127
922,-0.328352,-1.12409,4.16694,1.17452
1251,-0.510066,-1.13775,4.19,1.13711
383,-0.358293,-0.973888,4.56689,1.02939
1622,-0.546215,-1.33149,4.57902,1.34237
1623,-0.464213,-1.51535,4.61478,1.34297
917,-0.815338,-0.654535,4.41611,1.23665
532,-0.448462,-1.21062,4.39889,1.3031
22,-0.194854,-1.27592,3.67043,1.62656
1396,-0.792034,-1.02311,4.60266,1.25359
523,-0.347919,-1.32014,4.34585,1.46149
715,-0.287587,-0.803588,2.82829,0.724421
1167,-0.539881,-1.25259,4.36916,1.30868
366,-0.391552,-1.40617,4.64338,1.33992
977,-0.813708,-1.15176,4.46137,1.2725
1792,-0.478051,-1.06226,4.35567,0.926574
1791,-0.669793,-0.952012,4.31486,0.861473
512,-0.802678,-1.41946,4.59426,1.12903
510,-0.844269,-1.19582,4.46158,1.11332
730,-0.253721,-1.14843,4.49113,1.13499
1148,-0.679337,-0.768464,3.62471,0.829795
553,-0.934068,-1.30571,4.76405,1.16391
1189,-0.304862,-1.35104,3.89926,1.28377
899,-0.52692,-1.08199,3.84038,1.15697
1633,-0.348962,-1.04941,4.01547,1.15526
1230,-0.998774,-1.11338,4.704,1.19998
992,-0.16481,-1.10856,4.17004,1.32626
1620,-0.85212,-1.13894,4.48811,1.21828
766,-0.358158,-1.53385,4.9229,1.60144
200,0.169524,-1.26537,4.07163,1.62459
760,-0.27951,-1.51053,4.9419,1.75764
1066,-0.445959,-1.63752,5.37215,1.53853
1618,-0.656442,-1.3052,4.65598,1.23993
504,-0.565684,-1.19339,4.57505,1.14774
1342,-0.571247,-0.987567,3.90672,1.08531
713,-0.661302,-1.4382,4.7071,1.36488
310,-0.868091,-1.22264,4.69516,1.38329
579,-0.70655,-1.24328,4.63507,1.19942
1678,-0.887962,-1.35307,4.85998,1.28239
701,-0.440782,-1.32722,4.55143,1.47388
5,-0.394624,-1.28351,3.78916,1.06942
74,-0.21635,-0.731381,3.37323,1.05211
1616,-0.79423,-1.29826,4.8757,1.34655
803,-0.627343,-1.11874,4.3724,1.28332
1255,-0.544805,-1.03172,4.52061,1.34589
1756,-0.649529,-0.99024,4.37584,1.09372
1760,-0.540633,-1.14625,4.48188,1.24219
1761,-0.572151,-1.2888,4.51099,1.30449
47,-0.666667,-0.724983,2.82957,0.490012
875,-0.737955,-1.22106,4.86118,1.26306
99,-0.821189,-1.25126,4.72518,1.56039
192,-1.04711,-1.24233,4.96077,1.34809
462,-0.876823,-1.26108,4.88713,1.43629
444,-0.756831,-1.4816,4.79932,1.32732
632,-0.408113,-1.17068,4.70063,1.20283
575,-0.539331,-1.35198,4.69007,1.41029
404,-1.01153,-1.31968,5.09653,1.34958
876,-0.927161,-1.20938,4.81511,1.06752
1134,-0.270176,-1.31612,5.03616,1.2968
727,-0.308613,-1.4714,5.00961,1.41373
272,-0.527943,-0.839739,4.6184,1.23521
1747,-0.448586,-1.33192,4.31522,1.29952
346,-0.902724,-1.40314,4.83305,1.4911
673,-0.789844,-1.14838,4.88092,1.18413
1511,-0.592132,-1.27247,4.6743,0.896479
1512,-0.58559,-1.18001,4.60596,0.979703
645,-1.03645,-1.05614,4.66783,1.18926
1249,-0.672415,-1.18227,4.23796,1.08519
1043,-0.512642,-1.15792,3.98667,1.17634
215,-0.713383,-0.823241,3.74738,0.584112
214,-0.364401,-0.949974,3.67105,0.854605
1428,-0.586641,-1.08511,4.01289,0.915013
108,-0.184103,-0.676714,2.28817,0.763613
390,-0.19575,-0.491855,2.12094,0.537043
391,-0.160015,-0.522501,2.07033,0.891646
811,-0.783704,-1.25524,4.56761,1.19948
455,-0.740426,-1.30651,4.67527,1.34236
1115,-0.587627,-1.49911,4.77833,1.53909
146,-0.901773,-1.28307,4.87273,1.5448
636,-0.672316,-1.0022,4.13044,0.991167
935,-0.725525,-1.36959,4.64103,1.4312
387,-0.743157,-1.33666,4.78209,1.45101
341,-0.718498,-1.42034,4.90315,1.23075
1662,-0.659099,-1.27038,4.27543,1.36785
566,-0.641723,-0.948735,3.64809,0.728232
313,-0.0841858,-0.672026,2.8284,0.903721
34,-0.245688,-0.728411,2.37288,0.876828
757,-0.185662,-1.30223,3.81041,1.41768
236,-0.528299,-0.63891,4.49841,0.659605
1683,-0.651982,-1.33144,4.58376,1.1747
1545,-0.615517,-1.20875,4.27354,1.37224
211,-0.209882,-1.0801,3.41867,1.12602
212,-0.0879072,-0.963867,2.98043,1.15788
210,-0.152477,-1.11902,3.29874,1.29179
912,-0.498506,-1.37044,4.21646,1.30285
578,-0.474596,-1.12886,3.9786,1.03913
1801,-0.297752,-1.12758,4.24711,0.949034
399,0.165411,-0.720581,2.45167,1.13367
398,-0.0422941,-1.12271,3.50831,1.11722
1388,-0.452305,-1.14119,4.68091,1.42769
1484,-0.507619,-0.845669,4.09264,0.934249
1653,-0.408378,-1.19578,4.66825,1.13908
28,0.0419078,-1.29072,3.53081,1.30946
27,-0.283362,-1.04183,3.50882,1.03051
25,-0.0966064,-0.981805,3.59306,1.22195
883,-0.351644,-1.33812,4.74961,1.32635
1436,-0.926287,-1.15583,4.85719,1.17231
1656,-0.817802,-1.22254,4.75278,0.78512
276,-0.440886,-0.699857,3.29975,0.951613
1655,-0.352515,-1.47762,4.76523,1.53757
648,-0.303549,-1.32751,4.92286,1.38493
1667,-0.470348,-1.20787,3.89871,1.07204
1410,-0.482396,-0.822073,3.80077,1.03969
1665,-0.38286,-1.39632,4.54142,1.22938
122,-0.0532248,-0.846294,2.95484,1.24056
855,-0.500258,-1.04928,3.84595,0.996455
231,-0.18492,-0.995469,3.45756,1.22379
196,-0.00463368,-1.12139,3.26228,0.995178
197,0.261866,-1.09721,3.03109,1.40406
386,-0.599652,-1.48017,4.61404,1.52072
302,-0.535768,-1.29861,4.00323,1.31252
495,-0.486543,-1.0547,4.16801,1.10314
809,-0.7492,-0.946016,4.57617,1.12118
642,-0.759528,-0.906323,4.5255,1.04184
353,-0.155666,-1.08844,3.48236,0.916429
1215,-0.460782,-1.38077,4.65891,1.48584
998,-0.347562,-1.40954,4.7888,1.47131
720,-0.313614,-1.43576,4.54007,1.30322
658,-0.451297,-1.53121,4.69202,1.27776
979,-0.448524,-1.51587,4.41564,1.08077
527,-0.438946,-1.43611,4.42411,1.34444
250,-0.325908,-1.06313,3.8933,0.928488
810,-0.969372,-1.19903,4.6233,1.27407
217,-0.158884,-1.17803,3.42895,1.18996
48,-0.418362,-0.933311,2.52681,0.686393
557,-0.67769,-1.17375,4.34342,1.36653
1359,-0.216571,-1.57775,5.0615,1.61683
450,-0.984568,-1.32877,4.7701,1.51499
189,-0.758481,-1.39555,4.726,1.40151
1220,-0.258428,-1.49222,4.51374,1.43277
1275,-0.23015,-1.09111,4.77422,1.18057
1555,-0.303594,-1.0647,5.03232,1.14552
1369,-0.571941,-1.35901,4.6426,1.35695
594,-0.778652,-1.16025,4.31917,1.23831
1508,-0.585845,-0.819939,4.50256,1.04689
1121,-0.345452,-1.26773,4.33017,1.09792
1501,-0.527664,-1.20784,4.69959,1.03312
761,-0.286258,-1.50436,5.06108,1.72795
1267,-0.70709,-0.868688,4.01502,0.744371
845,-0.535778,-1.28613,4.28349,1.4939
978,-0.934106,-1.20868,3.79184,0.799864
286,0.0324578,-1.13389,3.39657,1.57451
1333,-0.441299,-1.30464,4.51654,1.26606
918,-0.695417,-1.38181,4.44311,1.24332
1127,-0.655343,-1.39632,4.99242,1.13135
377,-0.0474929,-1.20356,3.38498,1.44972
923,-0.522581,-1.21981,4.75238,1.22206
1269,-0.802948,-1.15934,4.77622,1.13579
709,-0.668082,-1.46195,4.08686,1.36163
744,-0.460223,-1.32719,4.58865,1.33065
1435,-0.963372,-1.146,4.95079,1.22462
508,-0.759837,-1.44922,4.47681,1.3245
1107,-0.543901,-1.1689,4.52462,1.14821
1730,-0.573276,-0.831353,3.87467,0.766837
620,-0.479293,-1.25172,4.13735,1.21386
32,-0.161261,-0.937745,3.4152,0.865055
1044,-0.633971,-1.30624,4.41187,1.56892
791,-0.157186,-1.28425,3.87339,1.36908
428,0.181797,-1.51796,4.26347,1.63724
708,-0.315095,-1.33504,4.50065,1.55217
1318,-0.691596,-1.35372,4.37717,1.31618
1719,-0.636376,-0.762047,3.76552,0.593263
1809,-0.250421,-1.36813,4.86721,1.55733
938,-0.138905,-1.55372,4.91968,1.79026
1751,-0.421998,-1.33052,4.50228,1.36743
1534,-0.380203,-1.20214,4.21219,1.11133
1542,-0.121412,-1.39055,5.16642,1.45861
1109,-0.322345,-1.53273,4.89049,1.31679
1296,-0.300813,-1.43943,4.74165,1.21993
1470,-0.560879,-1.01881,4.54676,1.1697
1526,-0.612613,-1.35243,4.82462,1.28329
798,-0.587901,-1.05386,4.49308,1.03501
1042,-0.670205,-0.822516,3.78169,0.62418
263,-0.756304,-0.80577,3.74298,0.944207
1283,-0.768192,-0.972759,4.18398,0.709873
759,-0.817761,-0.988214,4.46713,1.02997
1766,-0.520996,-1.38406,4.17938,1.28283
1648,-0.486671,-1.09535,4.48916,1.08118
453,-0.220705,-0.88317,3.06017,1.01015
1078,-0.779884,-1.20412,4.61243,1.29796
1786,-0.792763,-1.24521,4.59409,1.36153
721,-0.350153,-1.2017,3.97703,1.44866
1092,-0.35688,-0.873918,4.13247,0.938804
733,-0.833774,-1.09153,4.61002,1.51298
1646,-0.739395,-1.04097,4.17527,0.830156
1155,-0.184395,-1.11718,3.94043,1.10657
261,-0.717313,-0.913441,3.9177,0.878624
546,-0.614752,-1.19201,4.29491,1.20456
262,-0.378822,-0.786132,3.21209,0.977575
607,-0.517446,-1.24425,4.26141,1.3963
71,-0.466093,-1.30962,4.20793,1.32807
507,-0.424728,-1.31416,4.23052,1.25299
1326,-0.66172,-1.21255,4.47912,1.1945
1091,-0.648597,-0.932124,4.0041,0.822684
691,-0.664249,-1.03486,4.60103,1.25085
989,-0.745147,-1.12042,4.74733,1.06999
988,-0.718745,-1.09379,4.72062,1.0438
1645,-0.438465,-1.19022,4.26675,1.0837
115,-0.283679,-0.989103,4.25153,1.00598
1028,-0.367533,-1.19576,3.90609,1.30963
376,-0.45762,-0.911707,3.18053,0.839657
253,-0.331313,-1.41149,3.85476,2.2128
461,-0.996868,-1.54506,4.83173,1.20467
939,-0.457379,-1.39925,4.86048,1.42174
1677,-0.650477,-1.42797,4.73606,1.41112
1673,-0.336265,-1.09383,4.15434,1.11114
335,-0.255335,-1.09643,3.7969,0.946014
888,-0.47234,-1.1357,4.66492,1.06014
921,-0.873546,-1.06474,4.53206,1.22666
954,-0.359761,-1.18571,4.57648,1.03762
1313,-0.825001,-1.45962,4.9731,1.38001
410,-0.5556,-1.12543,4.35043,1.23249
936,-0.611751,-1.16079,4.21752,1.35913
1202,-0.667564,-1.26656,4.49926,1.33352
1590,-0.210371,-1.3384,4.04122,1.45838
835,-0.440736,-1.13532,4.69796,1.10311
1232,-0.325203,-1.29521,4.82053,1.30077
681,-0.355305,-1.24972,4.26897,1.54837
384,-0.0758658,-1.03301,3.24458,1.29684
10,-0.0188607,-0.914981,2.66667,1.11149
630,-0.0283368,-1.19541,4.09699,1.62228
1516,-0.548195,-1.06239,4.63886,1.00193
1518,-0.755869,-0.993079,4.15358,0.69644
1004,-0.889881,-0.840384,3.45567,0.471004
637,-0.493969,-1.13577,4.125,1.18631
756,-0.627146,-1.2726,4.72865,1.19478
832,-0.435366,-1.45052,4.29721,1.50348
880,-0.520882,-1.20741,4.32916,0.914747
436,-0.958955,-1.3461,4.40825,1.07477
439,-0.876266,-1.30691,4.67773,1.26809
454,-0.336779,-0.838226,3.13532,0.739374
1735,-0.500483,-1.06788,4.11064,1.03131
795,-0.138349,-1.25193,4.78697,1.26539
825,-0.373767,-1.07978,4.02259,1.39595
1268,-0.600215,-1.21429,4.58514,1.16437
1108,-0.439497,-1.41895,4.68739,1.44107
1450,-0.516921,-1.099,4.47378,1.08378
1257,-0.455399,-0.848131,3.87798,0.877597
685,-0.377043,-0.947715,3.45261,1.09376
1649,-0.911964,-1.22457,4.47985,1.22814
1,-0.0534205,-0.988706,3.31328,1.17915
347,0.0895862,-0.828292,2.68331,1.102
746,-0.684572,-1.14996,4.18765,1.02546
1289,-0.314845,-1.1706,3.9573,1.18459
729,-0.410411,-1.16162,4.0217,1.2144
990,-1.00006,-1.20652,4.5261,1.29995
1559,-0.661726,-1.26664,4.51206,1.30267
739,-0.924982,-0.894594,3.70911,0.529885
118,-0.542315,-1.29337,3.83586,1.54725
929,-0.683499,-1.05246,4.45216,1.2006
1277,-0.606629,-1.26199,4.76914,1.15685
1372,-0.532285,-1.17956,4.81715,1.12583
1358,-0.0455465,-1.02812,3.67843,1.29815
947,-0.624219,-1.18833,4.52405,1.29461
1788,-0.429832,-0.950632,4.29155,1.04287
431,-0.339677,-1.55719,3.4852,0.998752
970,-0.543924,-1.41149,4.29162,1.45646
11,-0.376219,-1.15219,3.5517,0.955547
1523,-0.428399,-1.15433,4.38184,1.06661
1538,-0.323263,-1.25795,4.38175,1.3296
1362,-0.217925,-1.17506,4.45416,1.34467
1635,-0.298948,-1.32045,4.18422,1.35443
309,-0.71331,-1.31503,4.5653,1.42839
401,-0.794825,-1.41318,4.69279,1.37107
488,-0.704181,-1.36375,4.77519,1.2144
159,-1.13734,-1.35503,5.00345,1.26896
1314,-0.648649,-1.36374,4.36832,1.5072
322,-0.428508,-1.06512,3.98492,1.01738
1008,-0.346174,-1.20032,4.19357,1.09261
325,-0.158205,-1.42034,3.66507,1.73388
82,-0.519496,-1.35504,4.21055,1.24892
800,-0.637453,-1.07235,3.54007,0.521166
574,-0.627979,-1.19869,3.87179,1.08292
60,0.178107,-0.8198,2.81843,1.17316
46,0.0841723,-0.840799,3.15348,1.4357
19,0.0108852,-1.28028,3.45497,1.46965
1302,-0.591864,-1.49055,4.70118,1.50904
702,-0.570861,-1.22709,4.63165,1.38371
1702,-0.634527,-1.31914,4.6555,1.38808
621,-0.588084,-1.20084,4.68297,1.42583
516,-0.838833,-1.31374,4.2666,1.43631
434,-0.15835,-1.13077,3.74406,1.13898
1334,-0.617554,-1.19812,4.31227,0.986894
1530,-0.724302,-0.901504,4.29699,0.771392
1152,-0.712573,-1.17015,4.41412,1.14782
345,-0.606559,-1.35989,4.61595,1.41947
364,-0.616479,-1.16633,4.54263,1.1685
442,-0.0107324,-0.689898,2.1361,0.965423
617,-0.258753,-1.3208,4.35224,1.51358
1392,-0.598665,-1.0362,4.4097,1.04554
987,-0.595543,-0.667507,3.78574,0.635728
274,-0.156969,-1.18845,4.58855,1.13881
951,-0.296222,-1.24229,4.62087,1.0422
1472,-0.937509,-1.31088,4.92361,1.21282
1473,-0.808157,-1.30707,4.60368,1.08049
452,0.0616538,-1.53353,4.28458,1.66873
169,-0.224114,-0.863146,3.2485,1.39945
514,-0.619358,-1.47938,4.40457,1.41947
1705,-0.279199,-1.28579,4.54827,1.31903
233,-0.227093,-1.29803,4.10953,1.3938
1118,-0.423539,-1.41013,4.38703,1.45027
696,-0.258137,-0.992304,3.71425,0.939922
403,-0.693952,-1.46078,4.55437,1.46458
853,-0.312805,-1.47998,4.79097,1.39737
367,0.0401493,-1.55071,4.65604,1.76764
1577,-0.691673,-1.12168,4.68718,1.12297
1363,-0.211585,-1.34563,5.03641,1.48127
1543,-0.275513,-1.33104,5.1092,1.45492
409,-0.512878,-0.941333,4.3967,1.21877
900,-0.339987,-1.14031,3.72033,1.22883
669,-0.351892,-1.52194,4.6036,1.37816
1412,-0.620682,-1.17835,4.38508,1.30762
160,-0.343107,-0.793689,2.60599,1.01167
168,-0.0913458,-0.852686,3.15157,1.00904
967,-0.523173,-1.37547,4.33209,1.53363
1264,-0.644353,-1.37428,4.36304,1.03096
57,-0.569848,-1.36506,4.02202,0.867095
485,-0.571217,-1.065,4.08524,1.26111
1354,-0.592448,-1.20012,4.62954,1.20432
1481,-0.277505,-1.02456,3.78813,1.22072
1131,-0.650926,-1.49352,4.07114,0.924756
554,-0.670191,-1.18464,4.70693,0.986316
1184,-0.357853,-1.06296,4.30808,1.33875
224,0.129245,-1.2878,3.46345,1.42909
144,-0.238401,-1.54098,3.88182,1.49263
1124,-0.74123,-1.2637,4.37122,1.39249
1351,-0.487922,-1.32972,4.80948,1.42353
1254,-0.692772,-1.36957,4.99645,1.2109
1348,-0.766213,-1.34935,4.93134,1.18153
299,-0.600414,-1.19339,4.08666,1.42664
597,-0.493696,-0.968012,4.63491,0.961331
235,-0.400579,-1.0901,4.00948,1.40275
1389,-0.680835,-1.07058,4.67117,1.2044
1276,-0.366575,-1.1591,5.05594,1.24254
1224,-0.84402,-1.26952,4.46624,1.18609
1419,-0.475196,-1.28943,4.52472,1.26153
1485,-0.249939,-1.12058,3.95115,1.34103
1114,-0.43396,-1.42698,4.3688,1.18298
1039,-0.42866,-1.2175,4.08418,1.11457
1390,-0.737655,-1.15229,4.74956,1.47359
1330,-0.76085,-1.01055,4.26773,1.12877
754,-0.230803,-1.0958,3.85706,1.00449
340,-0.207196,-0.947184,4.31723,1.10813
1011,-0.245341,-1.4559,4.21509,1.12021
109,0.0994701,-0.872381,2.59326,1.0682
1104,-0.77562,-1.30633,4.78903,1.2822
207,-0.470836,-1.25687,4.20031,1.24287
388,-0.0572949,-1.30881,3.46878,1.85526
111,-0.57927,-1.21567,3.99022,1.23831
877,-0.153149,-1.41759,4.35962,1.39797
1685,-0.506329,-0.918663,3.81277,1.09733
542,-0.423706,-1.28877,4.55179,1.46385
519,-0.594093,-1.00988,4.22378,0.792059
815,-0.664188,-1.27005,4.20853,0.859828
201,-0.333003,-1.12762,3.67994,0.984405
202,-0.0804803,-0.948139,3.35763,1.00575
1003,-0.20843,-1.46057,4.50032,1.50025
863,-0.492125,-1.18654,4.8286,1.13369
80,-0.923955,-1.36276,4.77292,1.3447
1153,-0.527485,-0.904405,4.45794,0.919905
836,-0.258019,-1.25787,4.53461,1.38408
432,-0.0643127,-1.20364,3.92133,1.48466
1402,-0.52243,-1.47177,4.40167,1.45123
1055,-0.578866,-0.998821,3.9314,1.0463
1179,-0.508325,-1.25335,4.43449,1.40966
427,-0.409662,-1.26532,4.09281,1.6125
1676,-0.634189,-0.794248,3.82971,0.853065
285,-0.206815,-1.08366,3.52561,1.20822
288,-0.120953,-0.814373,2.63549,1.03508
416,-0.768322,-1.25315,3.88706,1.65613
808,-0.714112,-0.96402,3.70893,0.920619
1366,-0.453647,-1.27213,4.22696,1.59005
1193,-0.583368,-1.47075,4.45191,1.49797
1250,-0.155918,-1.25354,4.09826,1.43158
972,-0.548255,-1.39527,4.50465,1.48133
14,-0.323974,-1.33754,3.97675,1.51862
413,-0.217646,-1.33511,3.72677,1.46301
1572,-0.448421,-1.02798,4.04901,1.52248
1777,-0.286158,-1.14742,3.93164,1.09333
125,-0.0313871,-1.42713,4.57631,1.59677
355,-0.215717,-1.56585,4.08798,1.48795
1521,-0.682593,-1.33624,4.15873,1.23946
1191,-0.954354,-1.37343,4.66795,1.44031
394,-0.658248,-1.17289,4.27944,1.30154
1544,-0.266633,-1.39113,4.96842,1.52626
1274,-0.258453,-1.23138,4.94705,1.24904
373,0.15047,-0.617639,1.69407,1.19091
380,0.218969,-0.671175,2.03639,1.14853
440,0.199945,-0.958386,2.44226,1.36489
45,0.113237,-1.06633,3.20715,1.25922
43,-0.724746,-1.03339,4.33224,1.35315
260,0.0608265,-0.852013,3.08306,1.3637
266,-0.0527965,-1.25769,3.36847,1.34729
716,-0.774926,-0.904886,3.76282,0.564883
279,-0.488735,-0.810081,3.40708,0.857561
1111,-0.66859,-1.13355,4.55683,1.16016
129,-0.755175,-1.25501,4.55367,1.57359
1687,-0.664864,-1.25188,4.30699,1.46203
1532,-0.413712,-1.23355,4.27612,1.24093
666,-0.513434,-1.11238,4.24726,1.08786
797,-0.29782,-1.15419,3.83366,1.21903
154,-0.188536,-1.34957,4.65385,1.32772
700,-0.769865,-1.2014,4.10032,1.0525
783,-0.554145,-1.15488,4.44143,1.12758
35,-0.380257,-0.645694,3.47535,0.742469
562,-0.568851,-1.37001,4.23627,1.35134
164,0.0489677,-1.22741,4.25473,1.57718
62,-0.0778708,-0.647198,2.66671,1.01477
283,-0.0373155,-0.882933,2.53609,0.955185
1349,-0.805153,-1.30835,4.8652,1.40081
1569,-1.0601,-0.976358,4.22117,0.599411
1258,-0.348723,-1.07563,3.94646,1.31592
193,0.000251111,-0.718845,2.62938,0.895437
1550,-0.173411,-1.22818,3.90078,1.30445
281,-0.521489,-1.12296,3.77617,0.779538
1554,-0.408632,-1.19099,4.79762,1.22539
1273,-0.290483,-1.40913,4.95769,1.00601
92,0.0660957,-1.11169,2.93512,1.28335
851,-0.508631,-0.974963,3.79114,0.741625
515,-0.811669,-1.29816,4.58947,1.30633
868,-0.347516,-1.09293,4.02548,1.26802
1447,-0.265512,-1.25517,4.31253,1.32146
290,-0.412312,-0.917056,3.31998,0.937556
158,-0.280262,-1.04968,3.01421,0.971758
522,-0.567317,-0.88289,4.4009,1.12059
143,-0.229975,-1.14256,4.03604,1.48203
769,-0.253755,-1.25231,3.78348,1.63084
650,-0.547765,-1.41008,4.70424,1.26314
1242,-0.908578,-1.13502,4.75593,1.33263
1244,-0.767725,-1.07934,4.70229,1.26877
1437,-0.472195,-1.22236,4.64902,1.29457
21,-0.273646,-1.09046,2.72074,0.899811
13,-0.314888,-0.852329,3.27632,1.14572
933,-0.549035,-1.33013,4.26698,1.48429
513,-0.245551,-1.06453,4.3486,1.20299
1123,-0.407998,-1.16288,3.94198,1.204
1110,-0.491025,-1.14757,4.58406,1.28711
1519,-0.783199,-1.04648,3.60208,0.671081
457,-0.733419,-1.23135,3.31099,0.635395
618,-0.148294,-1.14727,3.85844,1.52582
722,-0.737957,-1.25191,4.69601,1.21636
558,-0.562708,-1.46216,4.3253,1.33248
1175,-0.626123,-1.07422,4.17255,1.07477
1270,-0.61065,-0.908704,4.12777,1.02235
1407,-0.752667,-0.915161,3.8411,0.640745
278,-0.198767,-1.42827,4.2851,1.6845
477,-0.755226,-2.27761,7.18965,1.79585
469,-1.00263,-2.6659,8.22636,1.85321
580,-0.478808,-1.25493,4.06482,1.14773
407,-0.973598,-1.44961,4.97255,1.44174
1592,-0.480367,-0.938694,3.70951,0.917645
614,0.0201466,-1.61286,4.84808,1.57522
537,-0.46562,-1.17494,3.79724,1.15119
1537,-0.614362,-1.026,3.88326,0.837025
119,-0.598148,-1.13128,4.25419,1.39973
581,0.187187,-1.28182,3.52203,1.62231
1176,-0.46112,-1.1581,3.94434,1.63674
1101,-0.342773,-1.08699,3.85528,1.20597
563,-0.447351,-1.07526,3.86433,1.11127
1452,-0.296068,-1.05406,3.94381,1.29908
1661,-0.614419,-1.46019,4.42576,1.48896
120,-0.212602,-1.44729,4.2726,1.59296
149,-0.486529,-1.29639,4.36254,1.4086
763,-0.681271,-1.17659,4.64671,1.14236
1341,-0.392582,-1.06634,3.70337,1.2263
483,-0.825532,-1.39046,4.26905,1.31501
8,0.0491664,-0.892611,3.14003,1.32962
1728,-0.482586,-1.12779,4.38541,1.07718
104,-0.0859332,-0.794652,2.41129,1.32747
1065,-0.331948,-1.14452,4.17358,1.0365
1002,-0.250607,-1.3058,4.04705,1.51073
187,0.0248856,-0.975348,3.22739,1.2146
1040,-0.382962,-1.34435,4.38401,1.2762
667,-0.774271,-1.09165,4.81795,1.22513
668,-0.450308,-1.1823,4.41471,1.32331
879,-0.495738,-1.08569,4.30924,1.15322
1556,-0.408748,-1.08338,4.65121,1.16639
49,-0.364603,-1.05058,3.48272,1.04053
1133,-0.331398,-1.26849,4.11132,1.07091
38,-0.458845,-0.893541,3.7958,1.04578
204,-0.254601,-0.920003,3.26783,0.882887
142,-0.321648,-1.05775,3.86424,1.20232
1424,-0.534304,-1.0118,4.10952,1.08259
4,-0.436501,-1.13997,4.11751,1.41058
1507,-0.333232,-1.1429,4.36457,1.30186
234,-0.1556,-1.11164,3.62714,1.33318
331,-0.10804,-1.15504,3.11392,1.21171
188,-0.488309,-1.1213,3.70986,1.48839
1297,-0.566742,-1.30577,4.31165,1.14384
319,0.0470304,-1.0479,3.36079,1.59974
1248,-0.180072,-1.30859,4.14361,1.37326
952,-0.378338,-1.234,4.50695,1.21756
91,0.161146,-0.63814,1.81312,1.0044
1790,-0.415984,-1.02769,4.03865,1.09663
420,0.00656961,-0.71217,3.39579,1.25375
421,0.0597702,-0.783307,2.50936,0.999082
59,0.263548,-0.669412,2.65992,1.61876
1295,-0.32105,-0.926926,3.71527,1.00947
707,-0.414328,-1.22362,3.86392,1.02793
132,-0.439193,-1.36069,3.53586,1.13504
1564,-0.321755,-1.04525,3.86729,1.15019
9,0.368768,-0.682688,1.9071,1.17294
330,-0.374867,-1.30372,3.81398,1.19055
850,-0.508384,-1.00509,4.04504,1.07006
693,-0.27924,-1.33562,3.95697,1.3469
1223,-0.878697,-1.14982,4.27581,1.35227
1015,-0.600675,-1.15475,4.06643,1.14389
665,-0.564398,-1.10824,3.82857,1.07384
103,0.114377,-0.907151,3.17033,1.51815
186,0.0116167,-0.779426,2.85189,1.09382
329,-0.310548,-1.09569,3.23994,0.995369
1172,-0.387365,-1.05418,4.30605,1.14903
1174,-0.510488,-1.07696,4.03909,1.26411
1619,-0.513035,-1.24899,4.45653,1.26201
955,-0.263014,-1.28148,4.17997,1.3341
768,-0.523896,-1.18643,3.77986,1.28089
1429,-0.553278,-1.00848,4.16251,1.27722
55,0.0587089,-0.63789,2.55228,1.28853
379,0.194698,-1.01073,2.66137,1.29013
717,-0.819886,-0.990573,3.91731,0.778034
232,-0.426049,-1.35249,4.14675,1.75529
740,-0.528965,-1.18547,4.37544,1.3234
225,-0.303222,-1.29388,4.1795,1.53783
1113,-0.62239,-0.851653,4.39071,1.38703
584,-0.593547,-1.00262,4.16047,1.00609
1221,-0.503653,-0.952895,3.73987,0.815901
1650,-0.699279,-1.29499,4.76407,1.42462
356,-0.221106,-1.26938,3.93857,1.82192
130,-0.293834,-1.27668,3.8506,1.6894
378,-0.745629,-1.30755,4.00651,1.25248
1083,-0.577679,-1.31513,4.11776,1.35254
1571,-0.493592,-1.40291,4.45545,1.2787
609,-0.817291,-1.40716,4.49755,1.27514
203,-0.244604,-1.28952,3.80859,1.52299
296,-0.428329,-1.39796,3.79451,1.53935
412,-0.320757,-0.93097,2.75759,0.903431
1185,-0.523657,-1.19511,3.85153,1.43761
30,0.00789216,-1.14233,3.57146,1.14743
332,-0.179398,-0.780102,2.52062,0.699567
343,-0.680925,-1.4175,4.83287,1.22749
1812,-0.323942,-1.03888,3.65491,0.980366
430,-0.0793526,-1.43495,4.17638,1.6033
1245,-0.461045,-1.12728,4.02076,1.22749
1050,-0.798768,-1.06203,3.89492,0.959983
248,-0.541905,-1.2201,4.03719,1.1432
699,-0.346062,-1.01817,3.91362,1.04561
889,-0.501098,-1.16659,4.15481,1.03135
1651,-0.626291,-1.23941,4.16997,1.60303
583,-0.246312,-1.10142,3.72693,1.15016
395,-0.239874,-0.944741,3.15968,0.88494
688,-0.575346,-1.39857,4.30086,1.4487
1696,-0.490243,-1.00881,4.0882,1.08021
396,-0.506871,-0.349942,2.57187,0.710808
289,-0.313824,-1.184,4.20559,1.34955
1759,-0.650827,-1.44079,4.58339,1.04487
161,-0.0600489,-1.12443,3.52358,1.17328
486,-0.463137,-1.21325,3.92881,1.36862
194,-0.245409,-1.18428,4.09725,1.23094
324,0.0862484,-0.691329,2.30741,1.30636
1252,-0.27862,-1.30586,4.15429,1.38894
478,-0.750678,-2.05738,7.24286,1.82527
470,-1.26543,-2.29709,8.54058,1.8484
1199,-0.402515,-1.00267,4.0219,1.11246
964,-0.656078,-1.0149,3.81364,1.1277
174,-0.0932126,-1.20965,4.18739,1.33875
467,-0.124289,-1.02219,3.41881,1.04394
268,-0.157898,-0.925863,3.65505,0.895468
110,-0.157898,-0.866856,3.07088,0.929318
321,0.0854825,-0.771923,2.57622,1.30685
307,0.0430174,-1.26407,3.98908,1.48448
72,0.089503,-0.712473,2.40238,1.3288
177,-0.861775,-1.15203,4.17954,1.29082
230,-0.246334,-1.18325,3.97148,1.08197
1256,-0.450163,-1.09305,3.86545,1.0529
42,-0.738281,-1.1159,3.84203,1.48724
726,-0.579762,-0.991346,4.05588,0.984291
336,-0.459695,-0.764449,3.62784,1.33423
292,-0.140963,-0.894056,2.93788,0.896248
249,-0.376884,-0.990685,4.46317,1.35476
31,0.0791873,-0.998484,3.42737,1.36497
170,0.0939019,-0.816505,2.63174,0.97895
275,0.0188487,-0.721145,2.57641,1.22387
180,0.25896,-0.585161,1.811,0.786704
1253,-0.306562,-1.22215,3.91142,1.16905
134,0.121372,-0.811591,2.25174,1.04392
885,-0.548635,-0.996422,3.92529,0.802948
312,-0.164873,-0.597387,2.92552,0.849766
1721,-0.408908,-1.1857,4.05039,1.29755
358,-0.543865,-1.16802,3.86145,1.3101
437,-0.402572,-1.57261,4.35224,1.37801
287,0.0750619,-0.762025,2.51165,1.43039
1621,-0.381872,-1.41976,4.25178,0.961364
1614,-0.626922,-1.04146,4.16889,1.01331
1214,-0.336851,-1.38665,4.61072,1.38731
359,-0.276742,-1.09423,4.40184,1.37358
179,0.0739414,-0.665353,1.94207,0.954846
185,-0.174986,-1.04871,3.33408,1.11682
90,0.189418,-0.933691,2.19285,1.09908
655,-0.590491,-1.17024,4.09413,1.03574
259,-0.139047,-0.946899,3.70583,1.15799
116,-0.246903,-0.750135,2.91299,0.844421
12,-0.582827,-0.776776,3.06601,0.782484
385,-0.115773,-0.951815,3.07299,1.56512
601,-0.553213,-1.32153,4.55596,1.07192
616,-0.63296,-1.2647,4.41401,1.26047
7,-0.240978,-0.906035,3.40496,1.09876
56,-0.429333,-0.963434,2.9406,1.20118
78,-0.347011,-1.07969,3.64013,1.18398
139,-0.00252633,-0.931153,3.00222,1.41143
63,-0.731847,-1.30924,3.94423,1.61812
1430,-0.261791,-1.24141,4.11293,1.27079
284,-0.699587,-0.814592,3.9856,0.97383
181,0.183588,-0.665521,1.86343,0.967183
95,0.24494,-0.712459,1.95111,1.55544
15,-0.103718,-1.29162,3.70927,1.33633
88,0.148865,-0.897339,2.88851,1.44748
79,-0.423324,-0.860793,3.37457,0.959621
1491,-0.429687,-1.06471,4.18513,1.09919
418,0.0392811,-0.886199,2.03812,1.46805
29,-0.276405,-1.22269,4.03964,1.22224
102,-0.0999008,-0.902304,3.13162,1.38592
417,-0.152224,-1.21716,3.34954,1.26896
76,-0.00219831,-0.874054,2.96358,1.04002
37,-0.0670327,-1.16066,2.97964,1.11852
465,-0.102445,-1.0009,3.39895,1.14198
131,-0.301984,-0.641748,2.47963,0.627056
182,0.0263908,-0.891918,2.94499,1.04487
51,-0.520209,-1.47329,3.90053,1.45596
280,-0.0700712,-0.902977,3.11086,1.19213
1405,-0.63875,-0.99977,4.04202,1.15419
33,-0.216168,-1.0698,3.48466,1.14724
53,0.305289,-0.915005,2.42749,1.60927
267,0.133256,-0.912249,2.72981,1.13378
6,-0.199557,-0.826549,3.32268,1.30716
97,-0.407695,-1.49926,4.25274,1.52253
499,-0.298699,-1.15459,3.26048,1.32103
98,-0.111477,-0.626875,1.96583,0.623035
44,-0.162874,-0.75043,2.77414,1.00006
429,0.0303849,-0.600084,2.65087,0.950376
393,-0.437393,-0.646339,3.20871,1.13144
151,0.221113,-0.757102,2.79204,1.49641
23,0.126968,-0.7713,2.33563,1.1626
792,-0.410784,-1.0598,4.24246,1.01062
1144,-0.696372,-1.0333,3.86463,1.05136
175,0.06261,-0.693605,2.568,0.988774
205,-0.0273593,-0.670858,2.32338,0.823982
126,-0.121621,-1.35691,3.62454,0.977842
2,-0.0480401,-0.877597,2.96177,0.990371
441,0.133969,-0.70305,2.33021,1.26303
93,0.0910834,-0.710229,1.83013,1.22429
105,-0.588976,-0.825537,3.60828,0.650724
156,-0.234815,-0.746927,2.59586,0.900034
195,0.0682386,-0.712107,2.69715,1.07344
361,-0.635693,-1.1832,3.7493,0.830999
254,-0.0371628,-1.18752,3.67451,1.4502
199,-0.150692,-0.979796,3.49708,1.30142
96,-0.587214,-1.02881,3.48739,0.830894
223,-0.0933777,-0.690671,2.7436,0.897876
252,-0.391941,-1.19652,3.79527,1.50375
198,-0.482196,-1.17149,4.33097,1.3023
397,-0.18022,-0.579912,2.3728,0.895693
468,0.394209,-0.998418,2.65929,1.68174
67,0.0171619,-0.812569,2.80578,1.42594
411,-0.149527,-0.822559,2.67875,0.78851
316,-0.171974,-0.792219,3.04393,0.955156
183,-0.242185,-0.9007,3.39157,1.15521
89,0.0823822,-0.389728,1.51327,0.595515
133,-0.0176378,-0.782431,2.43048,0.939764
293,0.121909,-0.550788,1.75465,0.823015

