1523,0.74987,3.68623,-1.98313,-0.0652312
1497,0.686579,3.32766,-1.82872,-0.0355202
1495,0.71635,3.78747,-2.07258,-0.0387916
1494,0.838176,4.10204,-2.21076,-0.065159
1466,0.765794,3.78468,-2.05081,-0.0751518
1442,0.635143,3.27704,-1.76883,-0.0478436
1403,0.770243,4.02191,-2.2,-0.0626667
1399,0.889109,4.60562,-2.45242,-0.0860048
1393,0.881189,4.39466,-2.44273,-0.0532135
1389,0.930916,4.77926,-2.58632,-0.0488738
1337,0.987152,4.86715,-2.57575,-0.0552817
1334,0.922242,4.91469,-2.66008,-0.0747684
1277,0.89911,4.65101,-2.49053,-0.0704766
1200,0.897418,4.75159,-2.52476,-0.0696105
1155,0.962936,5.06183,-2.71129,-0.0763281
1065,1.0388,4.97469,-2.73934,-0.0497479
962,1.01658,4.98444,-2.71593,-0.112008
901,0.994006,4.87567,-2.8451,-0.0427248
849,1.01163,5.00079,-2.73632,-0.0423328
846,1.09681,5.22806,-2.92119,-0.0643804
776,1.09046,5.34176,-3.01078,-0.224264
721,3.86902,19.2899,-10.6189,-0.805957
779,0.584711,2.98358,-1.66926,-0.0666711
645,0.665062,2.88742,-1.69273,-0.0443108
513,1.8803,9.00844,-5.20278,-0.253183
510,1.83585,8.94857,-5.16481,-0.27344
508,1.68988,8.06548,-4.67258,-0.192137
507,1.66144,8.19186,-4.76342,-0.236888
483,1.48878,7.04539,-4.13953,-0.160409
479,1.57023,7.58676,-4.31302,-0.225066
413,1.51691,7.19169,-4.14582,-0.242134
410,1.36102,6.10951,-3.51364,-0.0966774
354,1.29124,5.85609,-3.3604,-0.129896
296,1.26364,6.05078,-3.35111,-0.222105
243,1.14464,5.27356,-2.94904,-0.259334
187,1.10527,4.96264,-2.77992,-0.0447282
128,1.34939,5.77521,-3.24543,-0.045355
124,1.34847,6.13561,-3.38716,-0.183662
71,1.47288,6.54007,-3.72753,-0.132656
68,1.54574,7.18223,-4.06849,-0.117889
65,1.51589,7.96891,-4.57906,0.00291346
62,1.5043,8.08432,-4.61406,0.00729371
59,1.57948,8.87812,-4.99096,0.00357433
43,1.66057,9.54586,-5.30267,-0.00858639
41,1.79853,11.6391,-6.40431,-0.00739458
39,3.35194,21.2422,-11.5803,-0.193535
1195,0.938453,4.91838,-2.63651,-0.0394634
1192,0.937021,4.73882,-2.55304,-0.0892307
1104,0.864391,4.42193,-2.42462,-0.0711188
1100,0.862531,4.52738,-2.41852,-0.0792529
1004,0.950869,4.75826,-2.55285,-0.03997
897,0.991104,5.1509,-2.75264,-0.0749969
774,1.05522,5.35668,-2.87681,-0.0933089
642,1.03907,5.24877,-2.79138,-0.0566694
503,0.874996,4.59095,-2.48321,-0.0263168
500,1.01149,5.05049,-2.7108,-0.0702722
434,0.90574,4.69886,-2.50299,-0.048285
392,0.949473,4.85684,-2.60042,-0.0327249
340,0.943115,4.62661,-2.48953,-0.0289542
281,0.859763,4.42428,-2.43643,-0.00349584
228,0.862465,5.06429,-2.8004,0.015107
175,1.13819,5.48256,-3.21852,-0.0403258
171,1.15945,5.37904,-3.08853,0.0486239
119,1.19745,5.67997,-3.19444,0.026622
1551,0.705458,3.45786,-1.84637,-0.0479732
1526,0.653714,3.11043,-1.7437,-0.0521272
1435,0.84305,4.25868,-2.32238,-0.0953398
1402,0.827401,4.34919,-2.30957,-0.0604065
1360,0.869261,4.44755,-2.38878,-0.0804644
1311,0.762229,3.99097,-2.2134,-0.015438
1249,0.699726,3.67844,-2.00792,-0.0355124
1170,0.889563,4.61784,-2.46035,-0.084924
1082,0.831294,4.41912,-2.33179,-0.0416296
985,0.719263,3.71593,-1.95133,-0.0960033
982,0.871317,4.42793,-2.37259,-0.0791566
874,0.664048,3.44863,-1.84905,-0.0328608
870,0.875396,4.53464,-2.4092,-0.106905
744,0.873722,4.47386,-2.37841,-0.0830099
595,0.947354,4.49258,-2.35072,-0.0727732
457,0.938917,4.69442,-2.49207,-0.0848341
364,0.964359,4.77211,-2.51524,-0.124546
311,1.03381,4.94168,-2.49677,-0.158368
258,1.05003,5.06462,-2.67072,-0.162033
201,1.17089,5.496,-2.86677,-0.15808
142,1.18966,5.74222,-2.95053,-0.203799
83,1.19951,5.93207,-3.00724,-0.323824
28,2.03945,9.66576,-4.91065,-0.512452
26,1.97425,9.97633,-5.11011,-0.494703
24,2.16532,11.1377,-5.77456,-0.542947
22,3.85574,22.2327,-11.7818,-1.08726
1476,0.975167,5.11419,-2.72336,-0.0571953
1445,0.952052,5.06296,-2.71644,-0.0469058
1417,0.909789,4.86029,-2.65927,-0.139177
1378,0.946592,4.84482,-2.58343,-0.0769803
1332,1.00241,4.94284,-2.66123,-0.0695577
1328,0.98198,4.97768,-2.70478,-0.0725371
1264,0.914917,4.59688,-2.47662,-0.0754117
1189,0.860068,4.4453,-2.49408,-0.210832
1106,0.93146,5.04818,-2.7686,-0.215978
1007,0.876743,4.5456,-2.50907,-0.0362223
895,0.962581,4.84242,-2.62535,-0.0885897
773,1.10591,5.69175,-3.18255,-0.133985
641,1.01606,5.27717,-2.77788,-0.0702766
504,0.861407,4.44269,-2.36441,-0.0877528
432,0.908894,4.60973,-2.54517,-0.0626539
390,0.930847,4.80944,-2.54412,-0.045082
387,0.759476,4.52303,-2.49051,0.0569946
333,0.961811,4.78552,-2.62905,0.165134
331,0.959391,4.74958,-2.47283,0.007732
330,0.962822,4.90936,-2.63852,0.0494296
274,0.868837,5.0912,-2.80246,0.0278883
222,1.0524,5.12239,-2.8284,0.117447
221,1.05284,5.35549,-2.90472,-0.0717151
169,0.953897,5.30926,-2.92945,-0.0383166
116,1.27864,5.78971,-3.25801,0.0231082
44,2.28106,10.7965,-5.92839,-0.0239686
42,2.60133,12.3381,-6.73726,-0.0162691
40,4.06267,22.4878,-12.0203,0.195198
140,1.03597,4.98327,-2.55106,-0.270206
84,1.26897,5.83736,-3.02796,-0.00667509
1062,0.641138,3.15902,-1.71567,-0.0427827
960,0.581989,2.93444,-1.74755,-0.0349094
844,0.68611,3.33512,-1.98678,-0.0626794
841,0.7651,3.47587,-2.04666,-0.125672
716,0.701869,3.29202,-1.91569,-0.0554631
590,0.725151,3.2881,-1.8704,-0.0604307
448,0.88787,4.38924,-2.30826,0.0296318
447,0.964356,4.93867,-2.57637,-0.0169385
446,1.11684,5.72892,-2.91396,0.0913689
445,1.24402,6.45438,-3.26259,0.103695
444,1.34764,7.2073,-3.73066,0.143798
443,1.53422,8.03131,-4.0881,0.183686
442,1.56856,8.91049,-4.55969,0.136105
441,3.91324,21.7511,-11.2041,0.274959
824,0.528499,2.01592,-1.25126,-0.0789008
693,0.58446,2.68085,-1.486,-0.0608621
561,1.55152,6.28902,-3.47131,-0.385464
558,1.56935,6.62579,-3.6709,-0.356448
556,1.53847,6.264,-3.43447,-0.300593
553,1.6074,6.64667,-3.66567,-0.333071
549,1.64936,7.11723,-4.02565,-0.425489
547,1.60047,7.15152,-4.03929,-0.363852
543,1.83975,8.30096,-4.59259,-0.469903
541,1.66807,7.64783,-4.22679,-0.439646
540,1.88099,8.37053,-4.68861,-0.435268
538,1.69176,7.71513,-4.35731,-0.3992
535,1.71625,7.96858,-4.52128,-0.433182
531,1.98538,9.55755,-5.49225,-0.502324
528,1.8698,9.21315,-5.24615,-0.390591
526,1.80227,8.75007,-5.09699,-0.346047
523,1.93317,8.65763,-4.92753,-0.329789
520,1.7656,8.50059,-4.81498,-0.27326
516,1.88384,9.07947,-5.20489,-0.320032
514,1.71484,8.54394,-4.90385,-0.213848
482,1.47819,6.99381,-4.05686,-0.194287
417,1.33186,6.68811,-3.76317,-0.179666
411,1.46264,6.56468,-3.79097,-0.0926104
355,1.25067,5.81927,-3.26495,-0.190156
295,1.47666,6.43563,-3.76914,-0.100988
236,1.44719,6.1399,-3.41504,-0.0740534
233,1.32456,5.89045,-3.25744,-0.120324
181,1.26829,5.80699,-3.31602,-0.00394094
178,1.27855,5.77181,-3.21254,-0.139411
1577,0.787823,3.97873,-2.13345,-0.0775157
1549,0.796656,3.90597,-2.15904,-0.0306521
1521,0.820583,4.18222,-2.27094,-0.0256383
1496,0.819757,4.05327,-2.20612,-0.0539732
1493,0.792994,4.16414,-2.22088,-0.0606865
1468,0.76946,4.02671,-2.17342,-0.0784522
1440,0.791648,4.13698,-2.21627,-0.0426353
1407,0.641846,3.31186,-1.77759,-0.0623419
1364,0.806763,4.15727,-2.24752,-0.0447757
1309,0.797344,4.29928,-2.26841,-0.0661223
1248,0.775726,4.13792,-2.24019,-0.108296
1172,0.798473,4.26358,-2.29114,-0.0757365
1081,0.903768,4.70136,-2.52564,-0.0673895
1078,0.915345,4.92694,-2.62357,-0.0398353
1075,0.935166,4.98549,-2.66271,-0.0437191
975,0.956085,5.03728,-2.71923,-0.0453333
866,0.900272,4.86434,-2.59444,-0.0761148
739,0.949771,5.1468,-2.69696,-0.066779
736,1.03813,5.43788,-2.90817,-0.0834166
606,0.934198,5.04693,-2.70667,-0.0726296
468,0.971084,5.17929,-2.77957,-0.0566609
371,1.02228,5.26139,-2.80575,-0.0637331
315,0.970538,5.20529,-2.78171,-0.11156
259,0.966124,5.32858,-2.87661,-0.134052
203,1.00049,5.30956,-2.89727,-0.210071
200,1.07275,5.43356,-2.90204,-0.132835
144,0.89214,5.48534,-3.03947,-0.187911
88,0.994078,5.46941,-2.98167,-0.184076
49,1.08593,5.68334,-3.08432,-0.268458
4,1.64131,9.79631,-5.43396,-0.519684
3,1.69548,10.4487,-5.73641,-0.438322
2,1.99087,12.0831,-6.63211,-0.469145
1,3.61951,23.1172,-12.6682,-0.811625
719,0.713785,3.54788,-1.94278,-0.0443076
449,2.57836,13.2544,-7.40861,-0.367796
1186,0.817952,4.2197,-2.37611,-0.0396173
1101,0.859698,4.61305,-2.50415,-0.0774364
891,0.953178,4.89516,-2.61071,-0.0694683
889,0.878219,4.60557,-2.4674,-0.0504391
770,1.02988,5.44901,-2.90733,-0.0635954
639,0.960067,5.0863,-2.69865,-0.0836874
435,1.03812,4.80948,-2.60439,-0.0205113
386,0.90483,4.5729,-2.46218,0.0490012
334,0.9312,4.84762,-2.68111,0.00977202
278,0.921349,4.65299,-2.6089,0.138146
162,1.16514,5.91737,-3.22649,0.11583
107,1.23043,6.31565,-3.47765,0.129781
106,1.34715,6.65816,-3.62744,0.172931
1206,0.648429,3.19804,-1.70438,-0.0594604
1124,0.649181,3.5552,-1.86256,-0.0556791
1027,0.745317,3.49978,-1.90358,-0.0562709
921,0.785724,3.69881,-2.001,-0.0826747
798,0.82794,3.86416,-2.14037,-0.155901
797,0.886045,3.99244,-2.31554,-0.137772
670,0.851805,3.85572,-2.18879,-0.202176
525,1.79741,8.63165,-4.95068,-0.347744
519,1.81788,9.12869,-5.26089,-0.378663
517,1.81294,8.5044,-4.96115,-0.27068
511,1.73056,8.25216,-4.85387,-0.176817
408,1.32849,6.58477,-3.72215,-0.188179
240,1.30525,5.65,-3.17495,-0.108436
66,2.26296,9.77184,-5.43871,-0.0767897
63,2.44991,10.4767,-5.75825,-0.0751169
60,2.37204,10.6289,-5.83568,-0.02768
1452,0.915479,4.68492,-2.61254,-0.0566317
1426,0.846689,4.55755,-2.41707,-0.0634889
1383,0.954519,5.11929,-2.7403,-0.0982201
1338,0.880137,4.58959,-2.46978,-0.0832613
1335,0.908921,4.78341,-2.60304,-0.0626514
1267,0.892219,4.65851,-2.47887,-0.0617357
1197,0.953577,4.75727,-2.52132,-0.082573
1113,0.93692,4.97215,-2.58493,-0.065478
1109,0.969481,5.06574,-2.72733,-0.0635918
1012,0.98291,5.11929,-2.71244,-0.0621746
965,1.02389,4.92447,-2.70411,-0.144491
856,0.96454,5.07861,-2.70158,-0.0812215
853,1.02677,5.35365,-2.82415,-0.0837677
850,0.934165,4.68836,-2.60467,-0.0825459
729,0.985776,5.20914,-2.76609,-0.0910527
610,1.02928,5.50336,-2.93438,-0.0760353
607,1.02612,5.14522,-2.75849,-0.0606235
470,1.01264,5.33421,-2.86487,-0.0861545
378,1.03977,5.32115,-2.82149,-0.128123
325,0.928438,4.65851,-2.51152,-0.0651459
322,1.01596,4.9893,-2.65594,-0.0732946
269,0.876491,4.48657,-2.38125,-0.0627945
210,1.11018,4.78429,-2.52101,-0.151387
207,1.13533,5.1366,-2.67693,-0.147924
152,1.17581,4.91397,-2.5551,-0.0527059
99,0.956856,4.41167,-2.28729,-0.117853
34,1.60757,7.12149,-3.60266,-0.381949
32,1.69789,8.26044,-4.21808,-0.424829
30,1.9395,9.06715,-4.61397,-0.450587
562,1.29081,5.57939,-3.08397,-0.316567
555,1.66944,6.98255,-3.86839,-0.427852
552,1.80235,7.47944,-4.13365,-0.484089
480,1.51354,7.27891,-4.19362,-0.155819
407,1.4354,6.92354,-3.95312,-0.185927
183,1.24041,5.8897,-3.39497,-0.0359613
72,1.88988,8.0135,-4.43825,-0.105223
69,2.07358,9.33745,-5.04324,-0.327197
1166,0.936454,4.83426,-2.62727,-0.0434232
1163,0.936721,4.9156,-2.65245,-0.0402251
860,0.980992,5.15858,-2.79827,-0.0517336
733,1.02476,5.33621,-2.88209,-0.087857
730,1.02486,5.50336,-2.91434,-0.0785666
727,1.04414,5.45483,-2.93525,-0.062296
619,0.967069,4.89238,-2.65731,-0.0271858
618,1.08622,5.6975,-3.04769,-0.0449099
615,1.0514,5.60543,-2.99164,-0.0801119
471,1.03139,5.50832,-2.92767,-0.0812574
374,0.956254,5.07112,-2.71993,-0.103163
368,0.919735,4.8912,-2.62554,-0.0937597
309,0.925826,4.82252,-2.60684,-0.0864526
250,0.926962,4.96587,-2.81644,-0.15675
194,0.849113,5.28018,-2.89987,-0.198363
135,1.04291,5.95915,-3.20113,-0.287619
79,1.07967,6.71172,-3.70593,-0.174626
46,1.13725,7.03143,-3.88229,-0.222411
1305,0.889354,4.70286,-2.49103,-0.0740012
1243,0.923785,4.38591,-2.4219,-0.0258883
1086,0.759518,3.76325,-2.02171,-0.112374
983,0.890705,4.53811,-2.39068,-0.0685523
867,0.919709,4.87871,-2.57381,-0.0758893
865,0.986112,4.9385,-2.59887,-0.0646219
743,0.817557,4.48719,-2.41989,-0.0941269
601,0.971999,5.04465,-2.68515,-0.0812168
463,1.01942,5.06423,-2.62436,-0.0984534
461,0.94471,4.80426,-2.53353,-0.062506
455,0.908921,4.58853,-2.358,-0.0778903
454,0.837649,4.54557,-2.36895,-0.0825712
452,0.842858,4.37609,-2.33509,-0.0732545
451,0.893968,4.46216,-2.31852,-0.0674847
358,0.894473,4.59579,-2.34896,-0.173192
302,0.901249,4.82262,-2.49958,-0.202067
249,1.13998,5.21692,-2.62647,-0.0752715
190,1.07428,5.48488,-2.76512,-0.246125
136,1.09845,5.96637,-3.0529,-0.338864
81,1.33719,6.14415,-3.07087,-0.276355
80,1.41863,6.39484,-3.24313,0.016138
609,0.990005,5.21836,-2.79896,-0.0573164
465,0.982424,5.15829,-2.73757,-0.0572783
462,0.95907,5.16291,-2.75001,-0.108857
253,0.975749,4.86589,-2.62618,-0.130511
197,0.806782,5.10153,-2.82643,-0.161731
191,1.03765,5.43742,-2.88121,-0.125264
82,1.03057,6.15228,-3.418,-0.195686
47,1.0364,6.16481,-3.40401,-0.226908
1034,0.741068,3.16258,-1.84573,-0.0212812
927,0.778793,3.35655,-1.93854,-0.101326
804,0.641828,3.3457,-1.97059,-0.15656
801,0.817163,3.60376,-2.05088,-0.1699
800,0.920621,3.7913,-2.29187,-0.152838
669,0.985599,4.12445,-2.34235,-0.153417
534,1.82951,8.64481,-4.92086,-0.446491
532,1.84621,8.27027,-4.72101,-0.489251
529,1.54166,6.96493,-3.94138,-0.314874
522,1.76488,8.64702,-4.97208,-0.304883
414,1.54526,7.00852,-4.06344,-0.0973895
348,1.27764,5.9662,-3.41026,-0.101091
292,1.41272,6.08861,-3.50801,-0.0810199
290,1.1263,5.54404,-3.12689,-0.112312
287,0.997016,5.13731,-2.83265,-0.0553401
283,1.01706,4.87302,-2.68187,-0.106124
225,0.88347,4.99766,-2.79978,-0.0072122
112,1.23007,5.8761,-3.21444,0.0967384
109,1.00831,6.39983,-3.51,0.0615256
596,0.844859,4.36087,-2.31807,-0.0583653
360,0.987458,4.92335,-2.55883,-0.0837051
357,0.989534,4.86448,-2.55739,-0.0852228
301,1.00217,4.91308,-2.51751,-0.091653
248,1.16708,5.1917,-2.653,-0.0217121
195,1.07154,5.3694,-2.7851,-0.115137
193,1.09843,5.49374,-2.81913,-0.23262
139,1.26769,5.63114,-2.87469,-0.217636
38,1.04153,4.62927,-2.36826,-0.156494
36,1.34781,5.97499,-3.15955,-0.209906
246,1.00572,5.10753,-2.61135,-0.208911
189,1.2994,5.8021,-2.90409,-0.0177259
133,1.35381,5.91245,-2.99301,-0.0571798
77,1.54415,6.88256,-3.5038,-0.0243165
242,1.1611,5.35729,-3.00448,-0.14171
186,1.08609,5.06588,-2.88147,-0.113098
1071,0.912619,4.77232,-2.5274,-0.0784004
967,1.04625,5.06561,-2.7568,-0.0383673
859,0.921254,5.05565,-2.68854,-0.0744162
855,0.957573,5.02414,-2.65939,-0.0512683
735,0.961779,4.87624,-2.61405,-0.0645427
604,1.03142,5.24637,-2.73313,-0.0887072
460,0.985064,5.01995,-2.64897,-0.0744567
370,1.09085,5.05985,-2.62362,-0.0763849
317,0.985448,4.96598,-2.5907,-0.101829
316,1.06711,5.05656,-2.70671,-0.0921832
263,1.17189,5.22337,-2.67744,-0.0503075
211,0.953501,4.61925,-2.46404,-0.0693948
151,1.11558,5.11325,-2.628,-0.167053
148,1.19627,5.62239,-2.81253,-0.202031
95,1.26586,5.38683,-2.79871,-0.205653
33,1.65686,7.21082,-3.72937,-0.154765
31,1.94266,8.20572,-4.18478,-0.142734
29,2.01764,8.65598,-4.45239,-0.0864256
27,2.00064,8.92373,-4.61723,-0.0762563
25,2.14968,9.36775,-4.86499,-0.122243
23,2.33209,10.7315,-5.50001,-0.0929823
21,4.61317,22.0578,-11.4161,-0.107109
321,1.02531,5.33476,-2.83291,-0.0934434
268,1.02998,5.13861,-2.79653,-0.11475
212,1.01066,5.19314,-2.78902,-0.115373
156,0.931874,4.86683,-2.57486,-0.109392
103,0.853423,4.56722,-2.47962,-0.177817
100,0.934788,4.90806,-2.63426,-0.152459
97,1.01648,5.23261,-2.82002,-0.225066
52,0.908482,5.00047,-2.74708,-0.237118
7,1.44524,7.6734,-4.15161,-0.455468
6,1.50205,8.56491,-4.70444,-0.504801
5,1.54725,9.28793,-5.08051,-0.46902
1513,0.800567,4.24747,-2.2575,-0.0462872
1482,0.905941,4.50083,-2.39408,-0.0345453
1479,0.906242,4.77291,-2.52563,-0.0542133
1449,1.00032,5.09859,-2.72102,-0.0582667
1421,1.01745,5.05558,-2.71158,-0.0611549
1380,0.978293,5.15962,-2.73999,-0.090405
1273,0.947334,4.83683,-2.59569,-0.107416
1198,0.937147,4.783,-2.52437,-0.0784832
1222,0.644997,2.39833,-1.32458,-0.0746325
1140,0.499849,2.24063,-1.25743,-0.00774778
1043,0.543254,2.76654,-1.54741,0.00756422
1040,0.545667,2.71251,-1.50894,-0.0113021
1037,0.657723,2.9337,-1.59156,-0.0887607
1033,0.707931,3.29198,-1.85436,-0.123
928,0.708848,3.42116,-1.89787,-0.12127
803,0.869186,3.74451,-2.08523,-0.145007
675,0.827175,3.50959,-1.91404,-0.138614
537,1.98547,8.58752,-4.94375,-0.48144
404,1.26234,6.0974,-3.48901,-0.103057
352,1.45805,6.32525,-3.58566,-0.0939213
351,1.42098,6.59369,-3.74853,-0.125523
239,1.39267,6.0265,-3.45497,-0.143681
131,1.12991,4.9217,-2.75758,-0.0903913
127,1.2997,5.88389,-3.26652,-0.119377
533,1.96837,8.73032,-4.75957,-0.395562
530,2.02724,8.99636,-4.84038,-0.402713
527,2.12922,9.3415,-4.89621,-0.433258
524,2.14168,9.52389,-4.99172,-0.33296
521,2.21359,9.70159,-5.12229,-0.384664
518,2.24076,9.72342,-5.24137,-0.395948
515,2.19663,9.79606,-5.14492,-0.318267
512,2.10654,9.58968,-5.07654,-0.337493
509,2.04948,8.86433,-4.64099,-0.343341
481,1.91722,8.24995,-4.33808,-0.300511
415,1.88885,8.03484,-4.19665,-0.284814
409,1.67213,7.65186,-3.89066,-0.289974
350,1.4906,6.95692,-3.53738,-0.25806
297,1.47374,6.96404,-3.5371,-0.290805
294,1.49387,7.08037,-3.69474,-0.17957
241,1.41179,6.72751,-3.46353,-0.152085
185,1.38635,6.64162,-3.3632,-0.187954
129,1.34637,6.68785,-3.32447,-0.182487
126,1.4064,7.13531,-3.60038,-0.1957
70,1.46966,7.23127,-3.5752,-0.158052
18,1.93427,9.62032,-4.80334,-0.205322
17,2.10211,10.5327,-5.20061,-0.296905
16,2.07178,10.7752,-5.37225,-0.234034
15,2.06659,11.0064,-5.42049,-0.243726
14,2.0217,11.013,-5.49245,-0.152415
13,1.92925,11.0815,-5.60784,-0.143035
12,2.28088,12.609,-6.34259,-0.0984122
11,3.41162,21.7351,-11.3937,-0.277795
1463,0.811594,4.31017,-2.30831,-0.0562476
1438,0.821139,4.0976,-2.19844,-0.0368012
1363,0.81225,4.27279,-2.266,-0.0673288
1244,0.844211,4.46367,-2.37322,-0.0377842
1164,0.964868,4.9978,-2.66031,-0.0689544
1079,0.935989,4.80691,-2.5219,-0.0665648
976,0.953658,5.10975,-2.70822,-0.0689852
861,0.933411,4.88729,-2.58943,-0.0787278
608,0.985538,5.13723,-2.73243,-0.09104
376,1.0513,5.30297,-2.82837,-0.0777462
257,1.20433,5.29577,-2.80663,-0.153919
205,1.22289,5.25126,-2.70509,-0.0920456
89,1.31628,5.9495,-2.99323,-0.330489
320,1.07342,5.23468,-2.72757,-0.116121
319,1.08955,5.35476,-2.82384,-0.121409
267,0.988956,4.7951,-2.53391,-0.0890499
98,1.04792,4.65304,-2.43395,-0.116519
35,1.28093,5.86467,-2.97912,-0.216054
1099,0.927388,4.69848,-2.47927,-0.0309639
999,0.86215,4.56417,-2.41804,-0.0765258
996,0.855106,4.28688,-2.32522,-0.0596928
993,0.889912,4.13922,-2.18988,-0.0799947
881,0.817832,3.7955,-2.02641,-0.127086
763,0.874637,4.42134,-2.37191,-0.0421815
637,0.936945,4.82729,-2.53175,-0.0875645
496,0.897178,4.668,-2.49738,-0.0455766
493,0.897352,4.5686,-2.38798,-0.0587744
430,1.00028,4.89586,-2.52691,-0.0832718
397,0.947745,4.91914,-2.488,-0.0801047
338,0.930663,5.00255,-2.50706,-0.0999275
285,1.13825,5.35192,-2.67409,-0.140713
232,1.21592,6.47864,-3.22759,-0.17705
173,1.27355,6.51621,-3.2614,-0.133175
120,1.51918,7.29676,-3.68067,-0.2151
61,1.36239,7.33358,-3.69793,-0.141712
688,0.68336,2.89712,-1.62099,-0.15281
546,1.86252,7.86375,-4.3765,-0.504821
420,1.06708,5.00667,-2.90192,-0.176943
405,1.28138,5.91303,-3.37148,-0.187325
346,1.04359,5.20561,-2.92055,-0.0276876
286,1.06774,5.13167,-2.78373,-0.0782571
177,1.30978,5.91982,-3.26491,-0.0679615
1261,0.791496,4.06257,-2.19233,-0.0282925
1188,0.897643,4.3913,-2.35181,-0.0872522
1006,0.924338,5.00057,-2.65187,-0.0742778
894,1.01049,5.05633,-2.71963,-0.0500492
389,0.983481,4.79248,-2.6863,-0.0336407
219,0.827881,5.18298,-2.87264,-0.063367
165,1.14469,5.6779,-3.09067,0.131792
163,0.901636,5.63829,-3.12559,0.0351508
755,0.719554,3.39712,-1.83588,-0.0232173
624,0.671247,3.43401,-1.91925,-0.0158164
488,0.879567,4.0321,-2.24034,-0.0406912
423,0.854189,4.03523,-2.26255,-0.0311614
419,1.07549,5.14317,-2.97258,-0.110503
234,1.20356,5.70523,-3.23637,-0.0895319
180,1.32535,6.04134,-3.42548,-0.0459081
401,1.11459,5.10222,-2.80494,-0.0839491
349,1.25933,5.77656,-3.25376,-0.194969
567,1.2139,5.32998,-2.91068,-0.244007
565,1.04461,4.57675,-2.48971,-0.215316
559,1.36257,5.8535,-3.16314,-0.326424
550,1.68788,7.15897,-3.95471,-0.428282
544,1.61735,7.5061,-4.27782,-0.421076
289,1.2161,5.58557,-3.15763,-0.0792746
230,1.16807,5.47946,-3.08923,-0.057455
577,0.984804,4.65626,-2.50984,-0.112996
574,1.10727,4.74231,-2.6201,-0.218719
573,1.16433,5.24698,-2.85243,-0.185862
571,1.1029,4.9182,-2.66038,-0.264274
570,1.27028,5.71641,-3.09712,-0.302631
298,1.2071,5.77496,-3.29285,-0.155319
439,0.83211,4.23909,-2.212,-0.04497
275,0.818678,4.8218,-2.71031,0.0333215
1401,0.903848,4.58492,-2.49648,-0.0730143
1358,0.88407,4.53802,-2.45422,-0.0745402
1306,0.919463,4.74602,-2.4811,-0.0555756
1242,0.897933,4.75419,-2.53984,-0.0301976
972,0.99986,5.27357,-2.81105,-0.0790751
857,1.03605,5.38439,-2.85284,-0.0639866
474,1.08803,5.63111,-2.99072,-0.0624365
383,0.987095,5.29621,-2.81082,-0.0904075
324,1.00058,5.29457,-2.82326,-0.0677162
209,0.961639,5.25165,-2.82962,-0.0888895
150,1.05101,5.48823,-2.95672,-0.158272
51,1.1378,5.36658,-2.91905,-0.255682
760,0.79127,3.98938,-2.15069,-0.0722633
757,0.775457,3.66189,-1.99555,-0.067289
625,0.835614,3.56962,-1.94257,-0.150238
484,1.76471,7.49587,-3.89016,-0.308614
418,1.69463,7.47597,-3.86502,-0.311399
406,1.42361,6.44447,-3.34373,-0.179251
347,1.2901,6.16115,-3.1572,-0.201795
291,1.43793,6.74169,-3.37029,-0.188482
235,1.51686,7.08473,-3.5889,-0.154013
176,1.37275,7.1147,-3.51336,-0.194567
1556,0.890379,4.89032,-2.60843,-0.0656988
1528,0.903222,4.95948,-2.62288,-0.0493794
1503,0.965213,5.09808,-2.70724,-0.0742629
1475,1.03236,5.38301,-2.84969,-0.0454729
1447,1.04752,5.47132,-2.93903,-0.043128
1444,1.01449,5.43826,-2.8919,-0.0897626
1413,0.827351,4.46104,-2.37268,-0.0792001
1398,0.727641,3.84179,-2.08533,-0.0572287
1351,0.698548,3.4769,-1.85513,-0.0215966
1348,0.757571,3.87307,-2.08677,-0.0496197
1287,0.830801,3.87762,-2.1844,-0.0862348
1284,0.855024,4.06677,-2.1571,-0.0766621
1208,0.775783,3.9001,-2.0812,-0.0546814
1205,0.710332,3.61218,-1.89195,-0.0832758
1181,0.78497,4.10682,-2.20866,-0.0557691
1096,0.808808,4.43635,-2.37499,-0.0470511
887,0.900496,4.63286,-2.48073,-0.0305423
499,0.974577,4.86117,-2.55639,-0.0708702
394,0.957084,5.00176,-2.50908,-0.0830971
335,0.982646,5.07445,-2.53518,-0.0430729
276,1.06543,5.7203,-2.8181,-0.092468
273,1.09293,5.87359,-3.00458,-0.0403188
220,1.15295,6.26761,-3.0554,-0.0176285
167,1.25373,6.1085,-3.05983,-0.0392972
164,1.17532,6.8269,-3.36429,-0.114995
108,1.29759,7.16176,-3.56822,-0.0599045
57,1.24966,7.00433,-3.52305,-0.0922048
898,1.00904,5.06777,-2.87488,-0.137432
431,0.922116,4.79964,-2.57352,-0.0387526
393,0.957344,4.58003,-2.51013,-0.0425637
569,0.527921,2.96625,-1.57275,0.0993617
566,0.46129,2.29532,-1.08294,0.143106
1283,0.644451,3.19691,-1.74398,-0.0663066
1207,0.644343,3.15919,-1.76383,-0.087731
1119,0.651784,3.1876,-1.72657,-0.0460076
1022,0.67332,3.32445,-1.95222,-0.077358
910,0.70871,3.16158,-1.92685,-0.0636999
907,0.719861,3.3117,-1.91663,-0.167519
904,0.533059,2.69135,-1.59323,-0.0651832
780,0.592376,2.6794,-1.53792,-0.0510242
651,0.837984,3.5527,-2.05775,-0.112376
227,1.04848,5.22991,-2.84515,-0.00597558
664,0.870021,4.14154,-2.39257,-0.079015
130,1.09206,5.04541,-2.79499,-0.0617184
1126,0.799248,3.79134,-2.02394,-0.10947
1123,0.802747,3.78834,-2.08644,-0.0853498
1026,0.859236,3.79324,-2.08772,-0.148087
920,0.928976,3.86392,-2.06928,-0.143424
917,0.888438,3.77852,-2.04815,-0.160671
799,0.924521,3.85114,-2.11628,-0.142857
665,1.11162,4.45279,-2.39272,-0.210653
412,1.57325,7.08713,-3.72241,-0.238627
356,1.45696,6.59941,-3.40717,-0.227001
188,1.16524,5.52822,-2.85652,-0.151704
182,1.4742,6.96056,-3.48979,-0.171213
73,1.40207,6.56121,-3.33243,-0.176563
20,1.22473,5.86645,-3.0055,-0.20292
19,1.67928,8.08301,-4.06477,-0.190022
339,1.0179,4.62347,-2.51489,-0.0644468
337,0.880571,4.53986,-2.45945,-0.011636
277,0.982384,4.99312,-2.7231,0.0200559
218,1.04667,5.45896,-2.93916,0.134273
110,1.01261,6.15382,-3.4203,0.00498038
945,0.565002,2.71898,-1.49447,-0.109274
940,0.552222,2.41329,-1.33332,-0.12292
819,0.661373,2.54912,-1.57451,-0.151478
685,0.761301,3.08034,-1.75087,-0.0949784
299,1.21082,5.3992,-3.11536,-0.161691
790,0.973155,4.02243,-2.10655,-0.155988
659,0.97586,4.06447,-2.19754,-0.2168
353,1.53465,7.2295,-3.64038,-0.288315
244,1.24977,5.78161,-2.98209,-0.188789
132,1.23931,5.3703,-2.70585,-0.179956
76,1.13737,5.41658,-2.66184,-0.0858036
979,0.934715,4.90821,-2.62452,-0.0755351
747,0.857067,4.27769,-2.2838,-0.0785228
599,0.886842,4.52446,-2.37968,-0.0612148
363,1.00242,4.81899,-2.55279,-0.108059
304,1.12143,5.07877,-2.55099,-0.10531
251,1.07055,4.91152,-2.54933,-0.0940474
192,1.25286,5.48287,-2.73116,-0.0879857
78,1.20391,6.2765,-3.14279,-0.371009
1257,0.829914,4.36494,-2.31881,-0.074323
1254,0.755609,3.78958,-1.97812,-0.0502369
1178,0.678586,3.56322,-1.9093,-0.0720157
1093,0.762354,3.9465,-2.11713,-0.0433755
884,0.931258,4.29023,-2.26747,-0.126848
766,0.893293,4.64321,-2.47798,-0.0701576
427,0.900289,4.52455,-2.39194,-0.0436904
403,1.13412,5.4778,-2.89273,-0.107147
400,1.0189,4.91004,-2.46251,-0.0559862
179,1.50599,7.26251,-3.68868,-0.204161
67,1.45488,7.502,-3.68545,-0.195362
1018,0.682947,3.33636,-1.94702,-0.0670576
1016,0.614598,2.84099,-1.60906,-0.0745628
903,0.615224,3.11085,-1.71748,-0.0532468
877,0.601921,2.93639,-1.63153,-0.0385284
753,0.583123,2.74149,-1.61368,-0.0317102
646,0.672159,2.99459,-1.77312,-0.0730993
184,1.33312,5.94037,-3.28386,-0.145101
121,1.25345,6.19173,-3.55532,-0.0400294
1548,0.731961,3.77678,-2.01659,-0.0467384
1519,0.819668,4.12527,-2.19802,-0.061125
1469,0.644671,3.29271,-1.78809,-0.0544399
1441,0.633877,3.2663,-1.73461,-0.0722586
1439,0.707263,3.71185,-2.00657,-0.0311608
1362,0.800614,4.1186,-2.15045,-0.0725395
1310,0.821095,4.14088,-2.21471,-0.0302351
1173,0.756505,3.79386,-2.0319,-0.0944814
602,0.982423,4.92714,-2.61898,-0.0824141
458,0.911067,4.7402,-2.45161,-0.0853587
367,1.05818,4.95022,-2.55076,0.0246678
313,1.19089,5.33878,-2.73454,-0.0752435
254,1.08411,5.20356,-2.70669,-0.144088
252,1.02007,4.91147,-2.53563,-0.25558
1322,0.803546,4.16465,-2.24599,-0.0494597
1258,0.848615,4.05251,-2.18289,-0.0639068
1185,0.804199,4.13803,-2.20797,-0.0670384
1097,0.854345,4.45718,-2.35355,-0.0651497
1001,0.84557,4.48459,-2.3955,-0.0487263
771,1.03038,5.13739,-2.80974,-0.0542905
438,0.851177,4.39804,-2.37664,-0.0713125
336,0.933886,4.75511,-2.5028,-0.0126521
104,0.759886,3.76862,-2.05477,-0.0999002
54,0.753979,3.7789,-1.9742,-0.12588
9,1.06357,5.3901,-2.93064,-0.291534
8,1.25379,6.69519,-3.66239,-0.345886
1274,0.845231,4.62823,-2.42698,-0.0368179
1067,0.969614,5.17215,-2.78698,-0.127321
968,1.02032,5.18121,-2.75712,-0.0659345
858,1.02887,5.20553,-2.75527,-0.0379573
734,0.987594,5.03726,-2.70018,-0.0818073
467,1.00714,5.22262,-2.78932,-0.089368
372,1.05911,5.2522,-2.77478,-0.112563
1307,0.779393,4.16622,-2.21782,-0.0827459
1304,0.809007,4.36334,-2.2837,-0.0531647
1241,0.893634,4.43709,-2.41464,-0.0271437
1167,0.880049,4.64022,-2.49122,-0.0474509
1083,0.841513,4.38111,-2.35031,-0.0596053
980,0.928577,4.76716,-2.56841,-0.0654696
977,0.931706,4.85953,-2.64486,-0.0875673
366,1.05527,5.0536,-2.6607,-0.0900637
308,0.965604,4.89716,-2.57613,-0.0808054
305,1.01328,5.02564,-2.60689,-0.0879129
196,1.14291,5.15522,-2.60774,-0.157351
74,1.1273,5.24426,-2.99578,-0.0793321
1232,0.569289,2.85115,-1.54032,-0.056182
1229,0.553701,2.51619,-1.49165,-0.0566639
1147,0.496959,2.3027,-1.33512,-0.0601279
1059,0.66793,3.36357,-1.84505,-0.0420571
953,0.669274,3.23802,-1.81519,-0.0561121
835,0.70995,3.46883,-1.8706,-0.019924
832,0.646801,3.26068,-1.70336,-0.0301975
707,0.651654,3.58811,-1.81241,0.0645005
581,0.706528,3.61277,-1.86866,0.0716057
900,1.09818,5.19791,-2.87551,-0.176726
728,1.03506,5.34968,-2.84439,-0.0823055
614,1.06315,5.49122,-2.9542,-0.0480213
473,1.01937,5.44242,-2.91467,-0.0705955
469,1.08139,5.58162,-2.9389,-0.072146
373,1.0998,5.23885,-2.76786,-0.0427796
310,1.06834,4.86064,-2.52991,-0.0231434
307,0.964585,4.75379,-2.46134,-0.0931738
255,1.06816,5.18543,-2.56744,-0.145522
199,1.11695,5.24806,-2.69194,-0.116985
146,1.15545,5.11525,-2.63177,-0.189325
87,1.24129,5.35517,-2.69016,-0.126665
1692,0.614153,2.95587,-1.60438,-0.0748971
1661,0.681159,3.13448,-1.75373,-0.0144299
1633,0.709783,3.43224,-1.89212,-0.0588318
1602,0.69128,3.5504,-1.93751,-0.0496074
1552,0.768253,4.04377,-2.12364,-0.0573236
1465,0.807872,4.19156,-2.2974,-0.00732279
1434,0.908341,4.56227,-2.45177,-0.0533116
1394,0.907586,4.69363,-2.52886,-0.0678533
1361,0.881166,4.3827,-2.41063,-0.066424
1245,0.849347,4.31655,-2.40363,-0.0348327
1087,0.621807,3.27619,-1.74707,-0.0851796
984,0.806502,4.0331,-2.17302,-0.0572731
869,0.910378,4.54002,-2.48443,-0.0342703
863,0.949258,5.11208,-2.71906,-0.0206911
742,0.925389,4.90701,-2.60982,-0.0734202
377,1.00223,5.41401,-2.86179,-0.0796054
262,1.00599,5.29169,-2.79691,-0.0718491
206,1.00823,5.26445,-2.79411,-0.0950498
147,1.03245,5.47693,-2.97023,-0.184199
587,0.716721,3.78128,-1.97266,-0.013518
1600,0.779064,3.84974,-2.11926,-0.0890365
1597,0.693006,3.57298,-1.88319,-0.0731761
1569,0.735377,3.77367,-2.01896,-0.0572387
1542,0.798421,3.98024,-2.15555,-0.0684777
1541,0.786927,4.16076,-2.20264,-0.0452609
1516,0.879378,4.40457,-2.33254,-0.0625858
1491,0.785177,4.08673,-2.17625,-0.0652874
1489,0.792095,4.14522,-2.23588,-0.0490776
1488,0.869991,4.47051,-2.36123,-0.0422535
1464,0.865743,4.01964,-2.13984,-0.0608482
1461,0.809857,4.17095,-2.20229,-0.0654565
1458,0.828336,4.32863,-2.40961,-0.0326281
1432,0.860196,4.42951,-2.37361,-0.0554252
1429,0.888429,4.50595,-2.41379,-0.083493
1427,0.869798,4.58955,-2.44346,-0.0820289
1424,0.946909,4.83825,-2.58969,-0.0496826
1271,0.921195,4.91077,-2.62997,-0.053179
1194,0.910063,4.77227,-2.53581,-0.0532897
1064,0.997167,5.12646,-2.76509,-0.0790728
847,0.974107,5.0964,-2.81979,-0.290927
725,1.08358,5.56644,-3.04334,-0.0321641
326,0.856209,4.40531,-2.36066,-0.0401716
157,0.829077,3.73139,-1.97631,-0.056193
154,1.05358,4.6535,-2.44822,-0.0922045
102,0.834302,3.75251,-1.99309,-0.126548
1693,0.469116,2.04079,-1.09598,-0.0767171
1662,0.61834,3.02365,-1.64279,-0.0786866
1635,0.691501,3.34123,-1.79097,-0.0672184
1610,0.596316,2.61186,-1.46015,-0.0532607
1607,0.679838,3.35675,-1.84721,-0.00712034
1604,0.684488,3.31891,-1.80737,-0.0297453
1601,0.698861,3.5055,-1.89089,-0.0650184
1570,0.697389,3.32642,-1.87825,-0.0411107
1538,0.82928,4.16837,-2.27146,-0.0624029
1514,0.82461,4.22021,-2.24447,-0.0756386
1511,0.781281,4.02262,-2.18989,-0.0801713
1508,0.855864,4.22674,-2.2593,-0.0303486
1505,0.918094,4.67692,-2.51759,-0.0735628
1501,0.963181,4.96558,-2.66772,-0.0748077
1477,0.885221,4.83537,-2.52671,-0.0460525
1474,0.963977,4.89303,-2.62736,-0.0736942
1381,0.999256,5.0506,-2.71128,-0.0404274
1107,0.930569,4.83701,-2.60272,-0.0640424
722,3.53902,18.5591,-10.4569,-0.300464
1525,0.651753,3.20973,-1.7963,-0.0599221
1470,0.625779,3.14333,-1.72101,-0.0315238
1405,0.70138,3.42438,-1.84739,-0.0877942
1308,0.906451,4.43393,-2.39216,-0.0814929
1247,0.815258,4.17966,-2.23167,-0.0591861
1171,0.866003,4.42937,-2.36002,-0.0830922
868,0.905404,4.59079,-2.43786,-0.0776508
592,0.800759,4.17951,-2.23723,-0.0959866
361,0.975426,4.89723,-2.57591,-0.096812
245,1.20378,5.25942,-2.64351,-0.08918
634,0.933521,4.58161,-2.45758,-0.0726945
490,0.896161,4.33166,-2.31319,-0.110254
424,0.937683,4.43472,-2.37742,-0.149146
282,1.00806,5.1489,-2.54101,-0.0540824
229,1.23139,5.86309,-2.96053,-0.069841
123,1.63624,7.39856,-3.70725,-0.176365
117,1.32324,7.05653,-3.44134,-0.0960195
256,0.909638,4.97259,-2.69035,-0.122964
141,1.00069,5.55643,-2.9757,-0.13387
138,0.95113,5.75524,-3.21339,-0.214667
1265,0.886042,4.65242,-2.47235,-0.0470129
1110,0.93956,4.79339,-2.60602,-0.0343048
611,1.00472,5.20324,-2.77184,-0.0975986
261,1.12964,5.23707,-2.74112,-0.099871
260,1.1925,5.45693,-2.8575,-0.127069
198,1.16888,5.30625,-2.69095,-0.226935
1729,0.378842,1.84758,-0.999584,-0.0668826
1714,0.541092,2.62498,-1.45208,-0.028275
1711,0.594792,2.60032,-1.43454,-0.0781453
1686,0.702457,3.20423,-1.78265,-0.0584745
1683,0.623216,3.31121,-1.78055,-0.0453961
1658,0.645085,3.18145,-1.73201,-0.00196881
1627,0.696862,3.47217,-1.87839,-0.0485065
1596,0.809512,4.16901,-2.23349,-0.0489766
1565,0.839065,4.45438,-2.33165,-0.0306611
1562,0.818469,4.1751,-2.24888,-0.0512219
1534,0.836671,4.36,-2.36219,-0.0520717
1509,0.916343,4.76943,-2.50471,-0.0750871
1506,0.918008,4.85606,-2.61486,-0.03366
1478,0.987377,5.05233,-2.69975,-0.0508798
1472,1.02265,5.53116,-2.98257,-0.0432958
1410,0.860876,4.73985,-2.54367,-0.0429957
1355,0.564253,2.60196,-1.43292,-0.0932471
1293,0.570124,2.71278,-1.47184,-0.0392143
1223,0.687386,2.70395,-1.59119,-0.0803049
1135,0.702771,3.19399,-1.7616,-0.103075
1041,0.756565,3.21125,-1.74133,-0.0839647
1038,0.667675,3.16862,-1.72848,-0.126216
926,0.812662,3.54192,-1.94912,-0.132133
802,0.9164,3.93291,-2.16118,-0.147366
50,1.13501,5.56765,-3.01932,-0.245467
293,1.36825,6.02215,-3.38854,-0.0885362
237,1.33263,6.13666,-3.42937,-0.172583
829,0.541538,2.64881,-1.36801,-0.0188696
704,0.57392,3.37633,-1.66655,0.0958992
701,0.511272,2.89093,-1.41587,0.0668366
575,0.665321,3.55455,-1.81033,0.0918355
1727,0.647979,2.30842,-1.34083,-0.0762265
1708,0.566438,2.78645,-1.50985,-0.029949
1677,0.600065,2.93307,-1.58019,-0.00234959
1674,0.635865,2.99445,-1.64413,-0.0110345
1646,0.686221,3.43706,-1.86322,-0.0508232
1615,0.847846,4.24028,-2.36656,-0.0286549
1584,0.849614,4.39721,-2.40219,-0.0456516
1559,0.891842,4.59316,-2.49288,-0.0969661
1531,0.950523,4.9575,-2.64502,-0.0789082
1416,0.976892,5.13786,-2.71937,-0.048306
1373,0.904805,4.7448,-2.5324,-0.0742763
1324,0.954052,4.94439,-2.5948,-0.0560068
1260,0.928219,4.71059,-2.53842,-0.064624
1184,0.88806,4.62001,-2.53543,-0.0596022
1090,0.65494,3.32412,-1.76897,-0.0585614
1017,0.624246,3.26609,-1.74814,-0.0283609
990,0.629066,3.10342,-1.64222,-0.0871161
908,0.864662,3.85464,-2.02702,-0.197153
787,0.930813,3.9358,-2.14063,-0.176096
784,0.859213,3.58441,-1.9326,-0.189824
781,0.668055,3.03596,-1.62129,-0.0724713
647,0.638352,2.92657,-1.50042,-0.0674392
114,1.17572,6.45511,-3.24925,-0.0960716
111,1.25122,6.73928,-3.34306,-0.0270307
58,1.29228,7.1391,-3.54402,-0.0477624
1020,0.823346,3.89146,-2.03148,-0.125701
914,0.982431,4.05899,-2.16531,-0.214327
911,0.844478,3.85353,-2.08778,-0.0772613
793,0.951796,3.88596,-2.09438,-0.208754
656,1.01679,4.25561,-2.21937,-0.127105
238,1.45407,7.05033,-3.52648,-0.262438
64,1.37396,7.48028,-3.74371,-0.102122
1430,0.886336,4.45455,-2.44352,-0.0942599
1387,0.945515,4.81092,-2.60468,-0.057472
1103,0.939847,4.63106,-2.4687,-0.0813423
1003,0.937653,4.81159,-2.52969,-0.0614837
777,1.08639,5.50064,-3.14577,-0.0659406
638,1.01054,5.13362,-2.74112,-0.0607963
635,0.894374,4.72882,-2.54073,-0.121877
497,0.934559,4.77302,-2.57386,-0.0626275
495,0.815732,4.39244,-2.34653,-0.120377
491,0.841011,4.41077,-2.34558,-0.0427571
422,0.766319,3.92996,-2.10477,-0.0691807
402,1.04194,4.8765,-2.82829,-0.116442
118,1.3446,6.06614,-3.43427,-0.0965831
1481,0.870285,4.6488,-2.51263,-0.0477254
1453,0.913542,4.65658,-2.49513,-0.0565888
1422,0.975143,5.13921,-2.72051,-0.0722806
1379,1.01065,5.23247,-2.82259,-0.0230621
1327,1.02175,5.21197,-2.80212,-0.0482971
1263,0.953512,5.07067,-2.70033,-0.0575237
1190,0.990371,5.17865,-2.73823,-0.0681549
1108,0.964842,4.9042,-2.59667,-0.0627595
1014,1.00662,5.27695,-2.82463,-0.0583906
902,0.983782,5.10975,-2.70357,-0.0645829
899,0.991792,5.17119,-2.74134,-0.0710456
775,0.927538,4.88647,-2.57705,-0.052364
644,1.04459,5.47952,-2.90571,-0.0563974
506,0.970344,4.84968,-2.49866,-0.0549988
505,1.0247,5.32575,-2.799,-0.0778449
437,1.01771,5.01269,-2.56695,-0.0478337
388,1.01045,5.06976,-2.64093,-0.0198354
329,1.05859,5.41427,-2.81776,-0.0399112
217,1.22559,6.46462,-3.1809,-0.0695217
161,1.24931,6.92511,-3.41177,-0.063182
105,1.30409,7.4362,-3.80757,-0.0580975
55,1.37538,7.90239,-3.96965,-0.0218591
345,1.141,5.30791,-2.98983,-0.0812904
284,0.826508,4.68815,-2.63043,-0.0218964
280,1.05914,4.72752,-2.71283,-0.0157964
578,0.724254,3.82633,-1.96487,0.0602167
761,0.889807,4.40475,-2.42128,-0.0440624
629,0.867095,4.35526,-2.38481,-0.0486239
494,0.936768,4.58931,-2.46994,-0.0402304
426,0.859156,4.33637,-2.35645,-0.0374006
398,0.915178,4.62517,-2.52693,-0.02305
395,0.958053,4.69948,-2.56433,-0.039046
343,0.808354,4.70136,-2.58623,-0.136781
231,1.21939,5.30068,-2.95565,-0.00370326
113,1.03036,5.72637,-3.25602,0.0455101
1320,0.796902,4.0206,-2.28094,-0.140638
1259,0.760888,4.08026,-2.16793,-0.0536726
1256,0.741878,3.44821,-1.89713,-0.101604
1179,0.616108,3.23565,-1.70833,-0.0420771
1095,0.743122,3.72184,-2.01037,-0.044406
1092,0.708025,3.57188,-1.94541,-0.0573911
1088,0.638694,3.07251,-1.7562,-0.0480438
1019,0.550376,2.69654,-1.5073,-0.0370303
906,0.657596,3.20117,-1.78384,-0.0417555
786,0.685753,3.24951,-1.8795,-0.0825329
785,0.682844,3.20823,-1.91725,-0.138779
782,0.704939,3.29411,-1.97514,-0.0588384
648,0.735273,3.34052,-1.85239,-0.0896309
166,0.880295,5.42473,-3.01656,0.0623799
1571,0.783216,3.93435,-2.10028,-0.054237
1546,0.837319,3.9957,-2.18912,-0.0632071
1515,0.908195,4.22179,-2.36405,-0.0663838
1484,0.856223,4.44777,-2.38884,-0.0692078
1425,0.974006,4.94386,-2.65768,-0.0617191
1382,0.966103,5.04932,-2.69597,-0.0562653
1333,1.0048,5.17703,-2.76883,-0.0559621
1330,1.0002,5.25568,-2.83078,-0.0378467
1272,1.02005,5.26337,-2.78682,-0.0739685
1202,1.02018,5.18793,-2.78781,-0.0545553
1199,0.966144,5.01485,-2.7074,-0.0463008
1157,0.985448,5.18483,-2.71792,-0.0519306
1069,0.99036,5.11767,-2.742,-0.0561701
966,1.0301,5.48707,-2.91332,-0.0489717
963,0.97235,5.1965,-2.70774,-0.0971832
778,0.997424,5.12673,-2.6948,-0.0300122
723,1.10369,5.6181,-2.88829,-0.0268259
643,1.04804,5.27762,-2.74527,-0.0479543
385,1.01237,5.16178,-2.56728,-0.0083624
223,1.11514,5.65346,-2.79628,-0.0428159
812,0.708371,2.97752,-1.65166,-0.100223
682,0.768542,3.33686,-1.97629,-0.173637
681,0.780919,3.44941,-1.91836,-0.187518
172,0.881921,5.33062,-3.01129,-0.0218945
1374,0.941038,4.78053,-2.57081,-0.0779944
1325,0.919006,4.72082,-2.56677,-0.138552
1009,0.962293,4.91817,-2.64612,-0.0667399
1000,0.907998,4.52962,-2.43367,-0.0758293
1201,0.875321,4.62159,-2.49791,-0.0733233
1159,0.984492,5.11941,-2.77671,-0.161165
1068,0.903354,4.81648,-2.57115,-0.107739
737,0.950503,5.13776,-2.71176,-0.0655467
464,1.02006,5.13484,-2.76077,-0.0962678
168,1.12956,5.32978,-2.88525,0.0861542
288,1.19517,5.89941,-2.972,-0.107685
226,1.15846,5.73595,-2.82657,-0.0775986
1084,0.763041,4.22693,-2.25557,-0.0672942
981,0.887107,4.67079,-2.49648,-0.0643862
872,0.82215,4.02979,-2.20418,-0.076391
748,0.913276,4.34581,-2.31976,-0.0416469
600,0.882346,4.68365,-2.54256,-0.0953386
597,0.84029,4.22631,-2.37941,-0.0491174
456,0.864705,4.62645,-2.51408,-0.141109
365,0.894345,4.75416,-2.57137,-0.133539
362,0.881119,4.72372,-2.54475,-0.10258
359,0.882786,4.76746,-2.57443,-0.202562
306,0.877606,4.84828,-2.66026,-0.163791
247,0.965212,5.01995,-2.73132,-0.140034
1085,0.717679,3.71824,-1.94048,-0.0664011
986,0.679177,3.51781,-1.86801,-0.0490159
749,0.680851,3.46299,-1.85259,-0.0657096
137,1.27912,5.71901,-2.91526,0.00766055
134,1.16552,5.34152,-2.6323,-0.0449013
616,0.991747,5.21104,-2.7554,-0.0698647
476,0.976341,4.65998,-2.61142,-0.0820992
270,0.843081,4.27091,-2.28492,-0.0563666
213,0.915782,4.39402,-2.36092,-0.111366
155,1.04195,4.7697,-2.4901,-0.0973642
1539,0.825603,4.09327,-2.18887,-0.0765543
1480,0.899031,4.45688,-2.46259,-0.0116592
1340,0.910734,4.70291,-2.51343,-0.0509286
1302,0.868171,4.52528,-2.40464,-0.0762087
1238,0.934716,4.70783,-2.50321,-0.0534219
1165,0.896373,4.72794,-2.50174,-0.0760391
1073,0.988787,5.01726,-2.65982,-0.0767964
740,0.957078,4.93961,-2.62893,-0.0694415
593,0.792115,3.96529,-2.0799,-0.0558856
840,0.663965,3.25559,-1.75969,-0.0271729
714,0.714629,3.51625,-1.95891,-0.0691403
582,0.961956,4.64934,-2.52459,-0.09534
580,0.907028,4.4929,-2.42301,-0.0785316
576,1.09425,5.0163,-2.68429,-0.224772
568,1.20238,5.13879,-2.81553,-0.236756
564,1.12408,4.9973,-2.7643,-0.244187
991,0.673928,3.35078,-1.85435,-0.0517101
879,0.789267,3.70914,-2.00583,-0.0384508
876,0.617987,2.80427,-1.64808,-0.0881979
756,0.677331,3.37056,-1.83845,-0.0506112
623,0.768224,3.49102,-1.92728,-0.0618539
342,0.993342,4.71139,-2.62392,-0.149253
115,1.03799,5.71642,-3.26705,0.0111277
1237,0.864485,4.558,-2.52384,-0.179138
1074,0.926443,4.60727,-2.48564,-0.0590772
970,0.98284,5.13644,-2.76711,-0.0569133
613,1.11102,5.74128,-3.04255,-0.0570723
466,1.03839,5.29227,-2.78752,-0.0656081
264,0.971774,4.8745,-2.58868,-0.123101
204,1.21205,5.40096,-2.82795,-0.149795
1473,1.01081,5.09457,-2.73418,-0.0319283
1446,0.931223,4.83537,-2.58699,-0.0522318
1270,0.925122,4.79896,-2.54028,-0.0459433
501,0.949582,4.78014,-2.55047,-0.0627346
428,0.878935,4.58057,-2.47406,-0.0891951
1161,0.913039,4.96981,-2.74868,-0.230901
1070,0.967799,5.03265,-2.69708,-0.0482054
605,0.951038,4.81147,-2.58314,-0.0620002
314,1.09334,5.13122,-2.62266,-0.0819974
202,1.16463,5.22889,-2.68543,-0.162022
145,1.25201,5.68623,-2.88037,-0.203537
92,1.30638,5.75309,-2.94791,-0.258333
90,1.29773,5.49203,-2.82946,-0.19348
1236,0.933341,4.80414,-2.59246,-0.0506281
1160,0.943011,4.95416,-2.62953,-0.079193
1072,0.951116,5.14261,-2.72782,-0.0733085
745,0.8485,4.31003,-2.32605,-0.0431435
594,0.825944,4.15919,-2.33496,-0.104961
453,0.871667,4.44544,-2.42456,-0.115935
584,0.753566,3.81098,-1.99251,0.0317417
1357,0.869988,4.39102,-2.36236,-0.0643878
1077,0.91169,4.74123,-2.53463,-0.0564294
973,0.946849,4.98002,-2.69542,-0.0487944
732,0.930906,5.00359,-2.69851,-0.0975392
369,1.11708,5.02129,-2.62123,-0.0448271
208,1.17756,5.10993,-2.63612,-0.0722878
86,1.16303,5.84546,-2.85516,-0.25583
796,1.05092,4.16247,-2.26296,-0.221897
959,0.635827,3.32923,-1.97752,-0.0282326
956,0.676238,3.50438,-1.9385,-0.0318598
950,0.577912,2.99767,-1.58584,-0.0681089
947,0.607553,2.71209,-1.50384,-0.0517628
122,1.39659,5.94685,-3.34791,-0.0785472
1315,0.618363,3.26908,-1.81095,-0.043303
1169,0.952408,4.66275,-2.58644,-0.0541592
978,0.923877,4.82775,-2.56962,-0.0249386
603,0.953211,4.98781,-2.68635,-0.0621156
918,0.810961,3.78866,-2.18385,-0.0840812
794,0.791768,3.71825,-2.09588,-0.191698
667,0.884948,3.9272,-2.28585,-0.198198
56,1.42728,7.44816,-3.72926,-0.0816729
1623,0.646385,3.08188,-1.62717,-0.0909093
1598,0.644365,3.43501,-1.81386,-0.0474009
1545,0.782403,3.94896,-2.07685,-0.0525929
1485,0.857792,4.40972,-2.34155,-0.071234
1455,0.901846,4.4429,-2.40704,-0.0975722
1246,0.815028,4.10196,-2.17722,-0.0851564
864,0.996329,5.03201,-2.68438,-0.0499551
143,1.10978,5.05208,-2.58172,-0.0631019
764,0.827952,4.48295,-2.4183,-0.0695049
632,0.88026,4.61315,-2.53616,-0.0395525
631,0.945032,4.44598,-2.35642,-0.139241
421,1.20176,5.56161,-2.94467,-0.186522
1299,0.533175,2.7791,-1.57462,-0.0389745
1138,0.549813,2.69723,-1.50085,-0.0405636
1044,0.576192,2.89167,-1.59936,-0.0943131
935,0.716493,3.27575,-1.82115,-0.0743481
932,0.773105,3.44882,-1.89772,-0.116591
808,0.851308,3.4258,-1.86666,-0.103792
677,0.876203,3.87434,-2.11532,-0.159571
542,1.63431,7.18796,-3.84576,-0.319969
539,1.75887,7.66586,-4.14204,-0.375738
536,1.92111,8.27063,-4.47708,-0.411596
1143,0.333014,1.70689,-0.971268,-0.0635397
1049,0.40551,2.13642,-1.28831,-0.0385205
828,0.560039,2.55187,-1.44913,-0.0306362
821,0.627141,2.44482,-1.49735,-0.164389
691,0.65378,2.57689,-1.4315,-0.136102
416,1.45762,6.88906,-3.96349,-0.137245
938,0.616786,3.07541,-1.62372,-0.0542883
817,0.689255,3.10541,-1.70551,-0.162992
814,0.743868,3.2664,-1.82915,-0.0611192
686,0.685584,3.05492,-1.6479,-0.0847323
551,1.21451,5.20346,-2.85948,-0.316581
548,1.41258,5.55879,-3.06657,-0.328749
545,1.53899,6.61252,-3.54368,-0.263964
344,1.08607,5.33626,-2.73336,-0.100406
1418,0.916075,4.77684,-2.53653,-0.0676317
1415,0.863803,4.4276,-2.32979,-0.0659614
1411,0.722101,3.51219,-1.86944,-0.0699823
1396,0.62914,3.28587,-1.74795,-0.0706397
1350,0.530708,2.43952,-1.3942,-0.0254113
1347,0.616172,2.92698,-1.56596,-0.01281
1286,0.632347,3.24065,-1.7592,-0.0778319
1210,0.727995,3.27206,-1.8241,-0.0767892
1209,0.664748,3.62171,-1.93849,-0.0451845
1125,0.681531,3.30531,-1.92542,-0.0728476
1028,0.780481,3.58285,-2.03408,-0.0796061
1025,0.774722,3.51499,-1.98678,-0.13475
1024,0.760354,3.67583,-2.06186,-0.0948407
913,0.632468,3.09986,-1.7694,-0.0926943
788,0.790577,3.43388,-2.03923,-0.125387
655,0.782664,3.83374,-2.25139,-0.104184
654,0.849122,3.92277,-2.17573,-0.0702657
915,0.823381,3.79431,-2.1407,-0.141633
795,0.802515,3.71452,-2.12667,-0.140433
224,0.849281,5.07515,-2.8764,0.0615053
1423,0.951228,4.97214,-2.67053,-0.0557893
1386,0.983985,5.08892,-2.72926,-0.0829978
1013,0.97479,4.82774,-2.64577,-0.087974
1215,0.595143,2.82466,-1.58781,-0.101358
1134,0.622052,2.90663,-1.57893,-0.114645
931,0.670694,3.14319,-1.79487,-0.100341
807,0.705355,3.29316,-1.81775,-0.101554
806,0.795113,3.53193,-2.01334,-0.144627
673,0.894666,3.52952,-1.9774,-0.191271
969,0.985519,5.12881,-2.80806,-0.0934239
851,1.02392,5.27926,-2.78923,-0.0722273
477,1.05179,5.51929,-2.9765,-0.0536335
318,0.980552,5.42545,-2.92019,-0.0784463
91,0.932502,5.61713,-3.10202,-0.244615
48,1.00288,5.93963,-3.30022,-0.215719
45,1.29545,7.42622,-4.04257,-0.241589
1029,0.779268,3.65337,-1.90644,-0.0841905
923,0.836271,3.86548,-2.02858,-0.124664
662,1.06978,4.27204,-2.28601,-0.198887
936,0.471105,2.0966,-1.19241,-0.18152
818,0.600354,2.51097,-1.42164,-0.126848
684,0.718817,2.94036,-1.65639,-0.161311
1568,0.816122,4.20608,-2.24956,-0.0579521
1543,0.833953,4.15239,-2.24598,-0.0588146
1540,0.855823,4.30757,-2.31127,-0.065287
1428,0.905379,4.73846,-2.53586,-0.0411909
1391,0.977118,4.92913,-2.65516,-0.0487465
1339,0.929115,4.84919,-2.60492,-0.0689658
1336,0.985696,5.05401,-2.74479,-0.0984587
1278,0.960766,5.06461,-2.70021,-0.0600836
1239,0.924942,4.86362,-2.6049,-0.0391627
85,0.969073,5.83776,-3.23149,-0.195193
303,0.901279,4.82633,-2.60757,-0.147068
768,0.950485,4.8336,-2.53798,-0.0617638
1005,0.951013,5.02583,-2.63923,-0.0396279
893,0.90776,4.82963,-2.5715,-0.0428758
332,1.07697,5.37708,-2.80145,-0.0694886
871,0.808806,4.19583,-2.22212,-0.0560348
472,1.02656,5.35871,-2.84825,-0.100847
379,1.02477,5.18668,-2.7266,-0.0856599
214,0.892156,4.08843,-2.20228,-0.114225
1050,0.480851,2.20237,-1.21088,-0.0819684
572,0.768675,3.64284,-1.90003,0.124778
215,0.882952,4.72521,-2.52175,-0.0830449
160,0.772018,4.03882,-2.11742,-0.0924917
159,0.928018,4.69878,-2.53433,-0.154372
300,1.30242,6.19105,-3.22293,-0.164998
1375,0.921403,4.72976,-2.51324,-0.0903414
1235,0.89715,4.68155,-2.50191,-0.100969
1156,0.983585,4.94332,-2.61873,-0.0716194
149,1.14235,5.33428,-2.73663,-0.162596
1655,0.795157,3.60243,-1.95841,0.00361962
1630,0.761758,3.71932,-2.03002,-0.05384
1605,0.738647,3.7563,-2.05271,-0.0455844
1462,0.884831,4.51406,-2.5308,-0.0495609
1303,0.943932,4.90321,-2.62347,-0.0584281
1066,1.0213,5.32598,-2.87502,-0.0883405
854,0.987733,5.32763,-2.85697,-0.0923018
1313,0.714227,3.65722,-2.0097,-0.0507327
1080,0.824624,4.44467,-2.42535,-0.0134431
862,0.924873,4.77817,-2.57678,-0.0212908
598,0.910268,4.63783,-2.44821,-0.133725
724,1.04366,5.33806,-2.7516,-0.0549716
478,0.954103,4.71567,-2.51047,-0.0672218
384,0.954237,4.68021,-2.51687,-0.0860992
265,0.990834,5.28043,-2.83947,-0.0440293
153,1.01934,5.22836,-2.80409,-0.15119
53,0.857623,4.36735,-2.39836,-0.166194
10,0.911448,4.466,-2.40512,-0.179661
279,1.02334,5.44275,-2.7317,-0.0298309
170,1.155,6.19313,-3.09755,-0.0689223
380,1.03991,5.44554,-2.89172,-0.0797549
1550,0.731659,3.51444,-1.96793,-0.058242
1522,0.77059,3.84209,-2.04335,-0.0261661
1400,0.843768,4.44943,-2.35257,-0.057893
1240,0.857517,4.68797,-2.55025,-0.181836
971,0.924163,5.03994,-2.68013,-0.0570073
731,1.05319,5.21208,-2.82888,-0.0685828
93,1.13622,4.9774,-2.61117,-0.114105
1183,0.777761,3.75676,-2.15616,-0.0448585
1098,0.844046,4.11891,-2.17688,-0.0432807
997,0.818077,4.1306,-2.21452,-0.0610292
994,0.767155,3.91151,-2.09864,-0.0133738
882,0.788249,3.88984,-2.21717,-0.0226215
636,0.9285,4.73557,-2.58177,-0.0399237
498,0.936342,4.65273,-2.49706,-0.0503946
1314,0.669171,3.4114,-1.81116,-0.0587725
1250,0.74122,3.67876,-1.94604,-0.0566769
1174,0.732718,3.40089,-1.85745,-0.0367757
746,0.852759,4.29172,-2.20599,-0.0907234
1268,0.965464,4.92104,-2.62733,-0.0482896
1149,0.520277,2.46315,-1.53589,-0.081176
1058,0.579805,2.73771,-1.56392,-0.0751107
955,0.627676,3.0017,-1.5484,-0.0858622
842,0.645697,2.83988,-1.62204,-0.078446
711,0.649069,3.03358,-1.72224,-0.0568565
583,0.92445,4.25482,-2.32223,-0.112173
1352,0.397963,1.50038,-0.853255,-0.019554
1295,0.404828,1.68732,-0.990223,-0.0393378
1218,0.5565,2.63116,-1.47121,-0.0233326
1137,0.659767,2.64987,-1.52281,-0.0878663
1039,0.738915,3.19445,-1.8712,-0.145114
930,0.715127,3.25519,-1.81729,-0.181631
1392,0.924325,4.72398,-2.53463,-0.0671181
1359,0.856837,4.20007,-2.30557,-0.0649419
672,0.785771,3.73791,-2.10835,-0.145569
1436,0.792616,4.12484,-2.18892,-0.071226
1168,0.86946,4.54743,-2.43523,-0.0304286
1076,0.961828,4.93879,-2.63217,-0.0472902
974,1.01732,5.0719,-2.79322,-0.0303355
1599,0.6949,3.53644,-1.97263,-0.057042
1537,0.817577,4.32626,-2.33025,-0.0352265
1512,0.851911,4.35241,-2.35724,-0.0518901
1459,0.827363,4.55369,-2.41806,-0.0223379
1111,0.998701,5.23936,-2.80911,-0.0716418
1011,0.994111,5.10528,-2.77377,-0.0449873
848,1.01595,5.2351,-2.79244,-0.0732923
502,1.00799,5.28358,-2.69002,-0.115629
436,0.94895,4.92659,-2.48695,-0.0641117
433,0.945121,4.87417,-2.54368,-0.0745334
1490,0.86645,4.14898,-2.35163,-0.0479632
1431,0.855904,4.46256,-2.40735,-0.0362161
767,0.897826,4.72964,-2.60281,-0.067576
762,0.788215,4.13973,-2.22166,-0.0484682
492,0.881515,4.16294,-2.26246,-0.042531
429,0.893699,4.40234,-2.38443,-0.0686406
943,0.591639,2.09254,-1.21306,-0.145401
694,0.555028,2.18188,-1.31405,-0.124128
75,1.27326,5.46749,-3.03663,-0.138812
94,1.03661,5.32902,-2.9613,-0.300992
741,0.986916,4.67726,-2.54608,-0.0705084
1448,1.03602,5.31114,-2.85339,-0.0860619
1331,0.948646,5.04508,-2.68304,-0.064466
475,0.956158,4.98604,-2.63622,-0.0773659
382,0.917472,4.58122,-2.41927,-0.0914291
375,1.03992,5.42449,-2.89628,-0.0768252
323,0.96098,4.95413,-2.58985,-0.10005
266,1.005,4.91189,-2.59587,-0.0900611
158,0.869419,4.03323,-2.12601,-0.1046
101,0.942124,4.23051,-2.22224,-0.0969964
1122,0.771853,3.3745,-1.97433,-0.0810999
1118,0.695894,3.23857,-1.8284,-0.0864578
660,0.831773,3.67236,-2.12162,-0.18191
657,0.842933,3.73718,-2.09849,-0.108789
174,1.22676,5.69052,-3.30475,0.0146609
1673,0.640852,2.91787,-1.61626,-0.0760438
1648,0.591544,2.85756,-1.63923,-0.052792
1622,0.683494,3.48275,-1.87594,-0.0204087
1572,0.749983,3.90086,-2.07126,-0.0270743
1547,0.736946,3.83252,-2.05174,-0.0815737
1544,0.858283,4.20207,-2.24009,-0.0437156
1492,0.823228,4.10492,-2.16183,-0.057955
1390,0.924153,4.69541,-2.49366,-0.0266524
1356,0.84682,4.49103,-2.4581,-0.0678946
1228,0.427296,1.92195,-1.18278,0.0198031
1055,0.683815,2.76787,-1.6048,-0.0330645
949,0.548651,2.90941,-1.56461,-0.113104
836,0.645148,3.06064,-1.69027,-0.0846613
708,0.753596,3.23602,-1.80845,-0.103873
579,1.05808,4.81571,-2.62262,-0.152468
650,0.846843,3.47325,-1.78811,-0.117226
1385,0.95131,4.62017,-2.55577,-0.0928471
1196,0.988124,5.03768,-2.7021,-0.0750632
327,0.977263,5.08683,-2.73126,-0.093944
272,0.851605,4.19191,-2.28393,-0.0511135
1578,0.670805,3.43361,-1.93879,0.00377928
1553,0.633174,3.10643,-1.67144,-0.0907579
1276,0.881443,4.54077,-2.47477,-0.100751
989,0.627059,3.07762,-1.76424,-0.0624662
883,0.76433,3.81576,-2.14698,-0.0607071
765,0.874363,4.60495,-2.42688,-0.0522221
633,0.883707,4.55708,-2.44823,-0.0575762
1517,0.753674,3.86394,-2.05551,-0.0805724
1162,0.916388,4.68377,-2.52827,-0.0657217
658,0.849455,3.75719,-2.26075,-0.161909
1094,0.696013,3.7622,-2.01673,-0.0222827
995,0.759268,3.88744,-2.13647,-0.0401878
888,0.858225,4.48313,-2.41504,-0.0482416
1660,0.576965,2.63451,-1.518,-0.105509
1657,0.542992,2.74881,-1.56048,-0.046842
1628,0.633132,3.21048,-1.76084,-0.0579511
1567,0.731153,3.64493,-1.97391,-0.0676952
1510,0.811881,4.24384,-2.22371,-0.0288884
1158,0.94689,5.11291,-2.70523,-0.0854438
1010,0.932433,4.79416,-2.67724,-0.191892
1388,0.894287,4.62126,-2.48058,-0.0412601
1342,0.944658,4.88053,-2.65517,-0.062897
1289,0.659926,2.94582,-1.67425,0.00254997
1212,0.664826,3.25039,-1.80842,-0.0718117
1121,0.699228,3.39396,-1.87848,-0.0841306
880,0.703516,3.39537,-1.84664,-0.0439784
759,0.832063,3.91861,-2.0887,-0.0258154
815,0.583834,2.50204,-1.43938,-0.143002
810,0.766401,3.242,-1.89951,-0.144904
809,0.725418,3.18701,-1.8443,-0.150611
676,0.812298,3.40632,-2.00374,-0.165752
1591,0.721531,3.80264,-2.00935,-0.0801428
1560,0.828329,4.03445,-2.14604,-0.0365709
1557,0.773644,4.15813,-2.21903,-0.0114886
1533,0.825671,4.2779,-2.29972,-0.0292183
1530,0.900522,4.47083,-2.37642,-0.0548546
1529,0.89807,4.55326,-2.46496,-0.0444513
1414,0.855709,4.53963,-2.4489,-0.0697186
1089,0.616277,2.94673,-1.61073,-0.0411641
649,0.712023,3.12745,-1.83909,-0.0688289
1312,0.867941,4.30672,-2.37722,-0.0753033
459,0.889564,4.68461,-2.52104,-0.0575047
1148,0.525819,2.29954,-1.4053,-0.000129598
948,0.599628,2.67607,-1.47872,-0.131162
833,0.596613,3.01574,-1.75602,-0.095723
831,0.643056,2.74149,-1.57407,-0.0584391
96,1.16291,5.15933,-2.69376,-0.159891
1376,0.977537,5.25557,-2.79729,-0.070083
1269,0.984929,5.11054,-2.73246,-0.0648517
961,1.01748,5.19553,-2.79544,-0.0684696
399,0.941783,4.6035,-2.46245,-0.0192735
1002,0.941107,4.94411,-2.67345,-0.0510421
896,0.957822,5.07373,-2.6816,-0.0658821
328,0.881644,4.20806,-2.34129,-0.0422181
271,0.890977,4.77026,-2.56971,-0.0936351
1518,0.803857,4.03934,-2.24961,-0.058953
312,0.894576,4.88606,-2.65415,-0.132602
125,1.4249,5.90531,-3.34373,-0.0903095
621,0.615943,2.79957,-1.61413,-0.0703569
666,0.88801,4.06399,-2.36324,-0.160905
1323,0.775507,4.15709,-2.22054,-0.0708932
1377,0.937407,4.88746,-2.58009,-0.0669858
1112,0.954141,4.99172,-2.68308,-0.0863266
710,0.742405,3.70557,-1.91839,0.0341659
1520,0.775178,3.97018,-2.17208,-0.0341518
1467,0.72045,3.80024,-2.04501,-0.0312868
1450,0.949629,4.85832,-2.65426,-0.0598797
1575,0.728853,3.63747,-1.98207,-0.0532474
1486,0.868205,4.2731,-2.33043,-0.0671257
1454,0.890172,4.72939,-2.51331,-0.08633
1326,0.910998,4.53099,-2.46343,-0.0316741
1136,0.593539,2.79366,-1.53027,-0.0702169
925,0.683606,3.4398,-1.89205,-0.103096
1643,0.742567,3.74726,-2.01337,-0.0302185
1612,0.833261,4.2785,-2.32305,-0.0726946
1500,1.03451,5.3997,-2.88849,-0.0424186
1370,0.807347,4.10504,-2.23222,-0.0169487
1345,0.727388,3.81392,-2.02005,-0.0159598
1214,0.703064,3.75994,-2.03533,-0.030394
1129,0.792149,3.648,-1.96014,-0.124839
1032,0.827616,3.65754,-1.96125,-0.12661
668,1.08282,4.17291,-2.28571,-0.202721
1234,0.898569,4.85051,-2.65232,-0.0206902
852,1.02542,5.32925,-2.81919,-0.0709255
620,0.648216,2.93277,-1.64759,-0.0642499
837,0.702024,3.19255,-1.75253,-0.0991911
712,0.700203,3.26191,-1.7619,-0.0684785
709,0.63825,3.09401,-1.77647,-0.140041
341,1.017,5.01905,-2.60326,-0.0732102
1626,0.660674,3.11831,-1.728,-0.0354597
1625,0.655655,3.20881,-1.74065,-0.0765812
1372,0.778505,3.98448,-2.12807,-0.0527391
1319,0.79405,4.19831,-2.21615,-0.0242349
1316,0.653665,3.54731,-1.92064,-0.0593622
1279,0.688124,3.03708,-1.82398,-0.0707769
1203,0.557829,2.68137,-1.50779,-0.0350658
1116,0.593342,2.87955,-1.55005,-0.0723722
1204,0.538742,2.65787,-1.38462,-0.0857594
1177,0.52498,2.77983,-1.5368,-0.0286318
726,1.06514,5.5185,-2.96223,-0.0504472
674,0.922869,3.88776,-2.11749,-0.181126
1419,1.0417,5.48003,-2.92961,-0.0556474
1008,1.00179,5.0842,-2.69817,-0.0713875
772,0.952359,4.99357,-2.60824,-0.0739029
391,0.937172,4.88946,-2.47426,-0.0350427
1670,0.572938,2.49335,-1.41134,-0.0908645
1669,0.491152,2.5494,-1.42353,-0.0310445
1644,0.665838,3.12375,-1.66741,-0.0718344
1642,0.648836,3.255,-1.74291,-0.0438568
1613,0.761769,3.91409,-2.03416,-0.0594667
1588,0.799514,4.09811,-2.20481,-0.0314721
1585,0.818084,4.26226,-2.24591,-0.0751661
1558,0.769436,3.93258,-2.07438,-0.0477112
1532,0.913507,4.40341,-2.41359,-0.0084748
1504,0.943554,4.91326,-2.61157,-0.0600555
738,0.919656,4.85366,-2.63699,-0.0665939
1182,0.728714,3.84902,-2.17459,-0.0495943
892,0.871392,4.55618,-2.47928,-0.0804638
886,0.860482,4.39162,-2.35379,-0.0352189
396,0.928703,4.56774,-2.51624,-0.091574
1297,0.369111,1.48547,-0.802839,-0.0739703
1227,0.457559,2.06929,-1.16752,-0.0725603
1224,0.330451,1.84923,-1.14309,-0.0686175
1139,0.494751,2.39416,-1.3217,-0.0833005
933,0.678068,2.95867,-1.69388,-0.167911
1154,0.596808,2.8776,-1.55025,-0.0522967
1063,0.556108,2.86195,-1.57515,-0.0377604
1594,0.693586,3.46006,-1.83414,-0.046714
1564,0.755441,3.6299,-1.96646,-0.052108
1561,0.852921,4.1721,-2.30545,-0.025549
1535,0.830985,4.16265,-2.27022,-0.0420343
1507,0.830345,4.39517,-2.32035,-0.0654418
1408,0.715183,3.61336,-1.98535,-0.0151196
1369,0.705353,3.55631,-1.95154,-0.0516091
1343,0.60253,3.0004,-1.57994,-0.0626163
1255,0.722632,3.57021,-1.93148,-0.0532108
1180,0.679717,3.27211,-1.77157,-0.076109
1091,0.774652,3.73607,-2.01245,-0.0381216
627,0.714992,3.54043,-1.9559,-0.0454255
485,0.806958,3.66905,-2.14233,-0.0766667
813,0.629877,2.72089,-1.58601,-0.0870195
811,0.757777,3.38889,-1.81961,-0.145079
680,0.862955,3.58872,-1.98274,-0.143166
1366,0.644056,3.09816,-1.68051,-0.0470086
758,0.79009,3.93137,-2.07212,-0.0277168
626,0.753611,3.73081,-2.02861,-0.0521742
486,0.761954,3.55184,-1.99912,-0.0731306
992,0.706589,3.53759,-1.86463,-0.0351534
1645,0.626688,3.07058,-1.71947,-0.012506
1617,0.782032,3.706,-2.02009,-0.0716282
1592,0.79135,3.52893,-1.92885,-0.0607127
1589,0.785967,4.0726,-2.17978,-0.046533
1420,1.00113,5.21265,-2.78512,-0.0703418
1329,0.927775,4.78579,-2.51683,-0.0420549
1595,0.629394,3.11174,-1.74127,-0.0622409
1457,0.867385,4.57231,-2.43935,-0.0778728
1563,0.788413,3.74571,-2.06684,-0.0697053
1301,0.889744,4.5467,-2.44933,-0.0231465
1620,0.669267,3.37553,-1.89823,-0.0653767
1616,0.779804,3.85812,-2.12513,-0.0130233
381,0.910302,4.63422,-2.49808,-0.0802908
1706,0.426172,1.71966,-0.99792,-0.124727
1675,0.524678,2.42922,-1.32273,-0.0155754
1262,0.813277,4.19197,-2.35064,-0.171074
1499,0.670562,3.22568,-1.77066,-0.065728
1471,0.678709,3.44409,-1.84381,-0.0492988
1582,0.584359,2.90715,-1.58711,-0.0759488
1579,0.67491,3.48515,-1.87747,-0.0165296
1133,0.664975,2.92131,-1.64505,-0.0917765
924,0.770278,3.39261,-1.8437,-0.102615
1715,0.466015,1.52243,-0.970604,0.110741
1691,0.451787,2.23629,-1.27741,0.00836183
1637,0.580737,2.67786,-1.54143,-0.0292215
1634,0.691746,3.38925,-1.80699,-0.0473946
1631,0.689627,3.53877,-1.98186,-0.0554126
1629,0.649802,3.12781,-1.82532,-0.0600501
1266,0.972628,5.11964,-2.74741,-0.0643216
1193,0.975058,5.20659,-2.80442,-0.038581
1102,0.987729,5.1163,-2.72265,-0.0764433
640,0.943199,4.8858,-2.61103,-0.065701
1437,0.833838,4.37745,-2.38294,-0.0422911
1710,0.36351,1.25482,-0.88228,-0.0974814
1709,0.408399,2.07549,-1.16816,-0.0255317
1707,0.408244,1.85564,-0.958612,-0.0509266
1703,0.505777,2.08092,-1.31857,-0.00690732
1676,0.480882,2.37729,-1.26494,-0.0507246
1651,0.574377,2.6209,-1.46234,-0.0812415
1536,0.828486,4.12359,-2.23705,-0.0428357
878,0.730657,3.09458,-1.73127,-0.0273713
754,0.720155,3.26448,-1.70937,0.000239486
622,0.685683,2.93991,-1.58044,-0.135378
1321,0.864758,4.62425,-2.47753,-0.0791656
1187,0.950102,5.03505,-2.66573,-0.0656662
1105,1.00133,5.1036,-2.7141,-0.067718
890,0.929278,4.79623,-2.58672,-0.0626166
769,0.906993,4.75134,-2.53575,-0.0928268
1684,0.497592,2.27509,-1.32012,-0.117772
1654,0.660743,2.85337,-1.67545,0.0250551
1650,0.583126,3.01908,-1.60178,-0.0333294
1233,0.57675,2.52562,-1.42032,-0.00708078
1153,0.621545,3.02172,-1.61559,-0.0746736
1150,0.562761,2.87562,-1.60427,-0.0555995
713,0.790545,3.73812,-2.00531,0.00484231
827,0.506932,2.49691,-1.34763,-0.0552283
697,0.563133,2.05583,-1.2351,-0.162968
679,0.756732,3.2774,-1.84251,-0.130517
1698,0.453202,1.87208,-1.11624,-0.0811702
1641,0.691285,3.42134,-1.84598,-0.032391
1614,0.78892,3.79977,-2.09619,-0.0367709
1586,0.777696,3.98787,-2.16769,-0.0553598
1281,0.689068,3.59223,-1.94442,-0.0500079
1120,0.740018,3.71161,-1.99262,-0.0597145
1023,0.958774,4.08361,-2.20125,-0.102275
653,0.93842,3.94717,-2.07953,-0.189424
1653,0.672396,3.36097,-1.86347,-0.0466294
1280,0.612998,2.88933,-1.54847,-0.0324886
554,1.05049,4.63053,-2.56694,-0.16452
1211,0.762272,3.73404,-2.04525,-0.0654379
1035,0.709363,3.48151,-1.90911,-0.0302837
929,0.71966,3.34431,-1.84053,-0.105121
752,0.615822,2.79706,-1.64536,-0.0642187
988,0.606255,3.05888,-1.72936,-0.0788016
450,0.767431,3.59941,-2.01997,-0.0751558
750,0.684283,3.44798,-1.83856,-0.0614344
954,0.684825,3.47579,-1.87637,-0.0652224
951,0.725166,3.33111,-1.83645,-0.107289
1114,1.02463,5.24369,-2.8114,-0.0830965
440,0.978865,4.87921,-2.52607,-0.0456974
1220,0.640891,3.23024,-1.80354,-0.084365
805,0.833409,3.66953,-1.97725,-0.152495
1699,0.507725,2.61343,-1.44499,-0.0315413
1696,0.686052,2.9789,-1.52361,-0.0551928
1668,0.651796,3.30873,-1.84276,-0.000331388
1640,0.77441,3.90036,-2.1787,0.00635108
1587,0.838438,4.32979,-2.3299,-0.0422275
720,0.558785,2.8304,-1.49077,-0.0507344
591,0.636126,3.09249,-1.62882,-0.00200525
964,1.03463,5.27132,-2.84931,-0.0448132
1731,0.475549,1.87423,-1.06898,0.00934614
1175,0.65578,3.27991,-1.80951,-0.0362891
1624,0.767902,3.81352,-2.06194,-0.06391
1456,0.8396,4.4428,-2.39293,-0.0431504
1606,0.618945,3.31454,-1.76963,-0.0507604
1576,0.74726,3.65966,-2.0456,-0.0420995
1498,0.661447,3.00037,-1.65794,-0.0263495
37,1.03704,4.30768,-2.25147,-0.128787
1146,0.572652,2.21434,-1.22998,-0.122342
839,0.670768,3.33936,-1.82979,-0.0379789
1317,0.69786,3.31855,-1.75196,-0.040294
1021,0.718133,3.52432,-1.99414,-0.107439
628,0.854777,3.77072,-2.15104,-0.136826
487,0.912836,3.84959,-1.98927,-0.152905
937,0.654477,2.45643,-1.49659,-0.136254
687,0.737912,3.05245,-1.7324,-0.10711
1527,0.658916,3.28793,-1.79155,-0.0491407
1524,0.765123,3.85911,-2.11914,-0.0750091
612,1.0441,5.62377,-2.99947,-0.0763184
1253,0.637502,2.96646,-1.63146,-0.0509638
671,0.946721,3.86968,-2.20176,-0.143922
905,0.738747,3.12729,-1.72906,-0.153359
1132,0.713035,3.49395,-1.95837,-0.093046
1015,0.5901,2.88139,-1.64038,-0.080805
1573,0.725826,3.73612,-1.99585,-0.0959247
1460,0.862398,4.47326,-2.37417,-0.0484999
617,0.953261,5.02764,-2.6858,-0.0508949
589,0.716537,3.29025,-1.94267,-0.0749233
588,0.680279,3.2323,-1.93413,-0.107579
585,0.993975,4.43356,-2.52093,-0.13121
957,0.485912,2.38793,-1.38188,-0.0801204
843,0.575328,2.53741,-1.38281,-0.0789689
718,0.583265,2.84547,-1.53183,-0.0803123
586,0.818602,3.96625,-2.15192,-0.0282386
998,0.85007,4.29101,-2.35623,-0.0454674
698,0.426074,2.07876,-1.11436,0.0454874
1298,0.349418,1.38867,-0.780688,-0.0726475
1130,0.684987,3.2112,-1.91429,-0.149666
1031,0.651895,3.23565,-1.76043,-0.0586153
663,0.881896,4.02437,-2.34324,-0.21495
820,0.605702,2.62603,-1.44656,-0.100451
952,0.69468,2.82403,-1.65225,-0.0259446
715,0.675843,3.08442,-1.71019,-0.0407061
1365,0.744451,3.48836,-1.90938,-0.0714526
791,0.856009,3.76127,-2.17026,-0.119419
1483,0.828623,4.4423,-2.35876,-0.0462486
1433,0.85905,4.23116,-2.31138,-0.0497237
695,0.651063,2.67973,-1.45002,-0.128362
560,0.799476,3.75427,-2.02011,-0.0961859
557,0.910875,4.28747,-2.28485,-0.131128
1397,0.809701,4.27462,-2.31275,-0.0839208
939,0.601313,2.48597,-1.46926,-0.14225
1666,0.473429,2.20132,-1.27498,-0.10354
1603,0.640251,3.27124,-1.82561,-0.0380756
1052,0.575788,2.67629,-1.56568,-0.04272
1046,0.534813,2.42474,-1.43315,-0.0635275
1042,0.6312,2.9249,-1.64454,-0.110445
934,0.60884,2.7456,-1.55687,-0.0971043
630,0.881834,4.20016,-2.36715,-0.0426211
1621,0.79843,3.91145,-2.17532,-0.0845784
1618,0.735562,3.59753,-1.91602,-0.0373716
1300,0.461881,2.34581,-1.31499,0.0108259
845,0.53372,2.87452,-1.5863,-0.0351409
1649,0.744548,3.49777,-2.04994,-0.011217
1282,0.641688,3.33952,-1.82104,0.0148049
751,0.682627,3.44903,-1.9121,-0.0382382
1144,0.504834,2.0484,-1.17139,-0.0291851
1141,0.665882,2.90898,-1.71643,-0.108359
1047,0.649075,3.06071,-1.68721,-0.0752328
941,0.653367,3.00845,-1.6373,-0.0698061
823,0.602505,2.61271,-1.52548,-0.0442051
692,0.613011,2.75368,-1.54936,-0.0693761
825,0.423046,1.88062,-1.07282,-0.07826
1566,0.705545,3.58365,-2.00362,-0.0296548
1451,0.950905,4.80942,-2.54663,-0.0442506
1217,0.659858,3.29602,-1.78764,-0.0162081
1213,0.674835,3.3644,-1.87613,-0.0235709
1664,0.668043,3.31566,-1.73894,-0.0756329
1636,0.707359,3.28154,-1.81868,-0.0316739
1580,0.727803,3.62289,-1.95874,-0.0537362
1555,0.715928,3.27238,-1.85083,-0.0580141
1652,0.703378,3.3694,-1.80781,-0.0544335
1590,0.787774,4.00875,-2.12641,-0.0737939
1672,0.557189,2.71729,-1.48087,-0.0399561
916,0.81391,3.52173,-2.02167,-0.136447
792,0.68564,3.2604,-1.88829,-0.103256
789,0.723941,3.28001,-1.9634,-0.0597141
652,0.737459,3.20405,-1.84374,-0.0577023
1718,0.40639,1.96069,-1.07226,0.0153792
1694,0.500797,2.11067,-1.19847,-0.137219
1665,0.558972,2.42571,-1.41905,-0.0378561
1554,0.665801,3.17261,-1.7255,-0.0782765
1036,0.645996,3.24439,-1.71269,-0.0238636
1367,0.669819,3.41878,-1.81436,-0.0614602
1705,0.555229,2.57678,-1.51762,-0.0518869
1632,0.67423,3.43001,-1.83757,-0.033979
1689,0.674043,3.17641,-1.78283,-0.0875911
1593,0.801789,4.1428,-2.23608,-0.0358987
1191,0.897724,4.56944,-2.49507,-0.089277
1688,0.370554,1.88906,-1.02786,-0.0633309
1294,0.372934,1.76655,-0.987124,-0.0950762
1409,0.726664,3.38417,-1.83266,-0.0722699
912,0.778235,3.40736,-1.92543,-0.103155
1288,0.566725,2.73026,-1.52517,0.0137143
1219,0.607702,2.68944,-1.51937,-0.0800765
1131,0.651003,2.97253,-1.65739,-0.106222
661,0.795115,3.8904,-2.25818,-0.19531
1384,0.962316,4.92773,-2.60239,-0.0752701
1318,0.745974,3.97305,-2.11864,-0.0339199
1275,0.976738,5.05997,-2.71425,-0.0704317
1730,0.381706,1.56079,-0.825309,-0.02152
1728,0.551784,1.8077,-1.06039,0.0354774
1659,0.618479,2.91479,-1.61635,-0.0723099
1583,0.701313,3.17738,-1.76148,-0.0206019
875,0.701354,3.58104,-1.96976,-0.0184928
1053,0.574323,2.72835,-1.48572,-0.00866102
838,0.728403,3.49861,-1.99366,-0.0750316
1721,0.304564,1.51608,-0.927715,0.0423163
1690,0.546009,2.91876,-1.51731,-0.0636573
1487,0.827793,4.14913,-2.27313,-0.0368383
425,0.83315,4.33863,-2.34198,-0.0909046
1048,0.368313,1.59086,-0.967082,-0.147666
816,0.739916,2.67915,-1.62785,-0.188891
885,0.853903,4.39456,-2.34804,-0.0575862
1701,0.350449,1.71643,-1.06077,-0.15292
1697,0.496062,2.31216,-1.27118,-0.033405
922,0.792023,3.54534,-2.07006,-0.180676
1115,0.58416,2.79477,-1.61936,-0.0497553
909,0.744587,3.23377,-1.84511,-0.146125
1056,0.586633,2.92791,-1.55155,-0.0840364
1502,0.884611,4.40817,-2.47383,-0.0597615
1412,0.619705,2.8973,-1.57316,-0.0870838
1371,0.797136,4.18914,-2.25761,-0.0827874
1663,0.633108,3.09715,-1.67523,-0.0312971
1609,0.57781,2.69496,-1.44789,-0.000191698
1226,0.597815,2.49403,-1.36585,-0.0555139
683,0.760125,3.31994,-1.85491,-0.128681
1292,0.534088,2.5194,-1.39457,-0.0227538
822,0.660186,2.5636,-1.53015,-0.137735
690,0.642271,2.64332,-1.51223,-0.117501
1341,0.874263,4.58852,-2.44765,-0.0509897
834,0.541679,2.80503,-1.46535,-0.0536085
1619,0.684778,3.31279,-1.79607,-0.0682351
1216,0.585707,2.86741,-1.58302,-0.0616894
1030,0.793224,3.64342,-2.10053,-0.169812
919,0.823145,3.70214,-2.08147,-0.115988
1117,0.723839,3.49753,-1.86323,-0.0333605
1732,0.455659,1.99479,-1.17156,-0.00554432
1717,0.559281,2.73915,-1.47131,-0.00267224
1723,0.415174,1.8516,-1.01866,-0.015844
1695,0.471171,2.33438,-1.3327,-0.00759555
1639,0.581297,3.02643,-1.6059,-0.0395964
1608,0.660823,3.41157,-1.86084,-0.0512455
700,0.543435,2.45902,-1.28596,-0.0669936
696,0.547725,1.97641,-1.16741,-0.139396
1051,0.636167,2.65004,-1.60384,-0.056018
1346,0.648881,2.97214,-1.5959,-0.0544156
1680,0.597613,3.0431,-1.72437,-0.0240145
1145,0.517323,2.30301,-1.29836,-0.0760948
783,0.522879,2.80596,-1.64052,-0.134486
1720,0.630807,2.66908,-1.50861,-0.0399199
1667,0.590474,2.65776,-1.46637,-0.0286778
1685,0.481734,2.22334,-1.30689,-0.0224425
1368,0.691634,3.30627,-1.84334,-0.0691955
1285,0.597286,3.02298,-1.58113,-0.0499185
678,0.742493,3.52659,-2.0048,-0.142497
1349,0.468754,2.54247,-1.44843,-0.0102273
1291,0.498693,2.3847,-1.35352,-0.105771
702,0.63091,2.82649,-1.57551,-0.138736
489,0.798699,3.75611,-2.11545,-0.0408658
1128,0.721102,3.26282,-1.89107,-0.0828968
1443,0.65164,3.13232,-1.69937,-0.0456751
1404,0.80113,4.10287,-2.24209,-0.0539307
1151,0.449188,2.21216,-1.36954,-0.024479
1060,0.6389,2.72492,-1.56356,-0.0986773
1713,0.416282,1.58998,-0.896722,-0.110931
1682,0.463135,2.13654,-1.21336,-0.038133
987,0.641814,3.22476,-1.76733,-0.043065
1656,0.636378,3.06364,-1.72905,-0.0502163
1152,0.442292,2.31854,-1.2921,-0.0124729
958,0.528596,2.60126,-1.426,-0.0806427
705,0.665262,2.90628,-1.62468,-0.0578453
1687,0.551247,2.58044,-1.37422,-0.0547998
216,0.786958,4.1266,-2.16869,-0.0697051
1611,0.597587,2.87407,-1.62463,-0.0936744
1700,0.457139,1.80616,-1.16008,0.0382018
1127,0.758671,3.50704,-1.93706,-0.103723
1647,0.599007,2.95065,-1.53186,-0.0421602
1719,0.353115,1.58947,-0.884348,-0.0697325
1733,0.315118,1.46524,-0.835914,-0.143697
1574,0.762222,3.93173,-2.1064,-0.0447928
1225,0.372641,1.5777,-0.898212,-0.120688
689,0.653539,2.92909,-1.58082,-0.054091
1712,0.376699,1.77132,-0.914207,-0.0765395
1681,0.546432,2.64584,-1.47662,-0.0123605
1045,0.537184,2.18161,-1.25932,-0.0299596
699,0.578105,2.49188,-1.37878,-0.135043
1722,0.347796,1.17579,-0.691577,-0.0580453
1406,0.631457,3.07556,-1.6964,-0.0144833
1057,0.619597,2.93206,-1.57934,-0.0560605
1344,0.648049,3.08912,-1.64174,-0.0952719
1671,0.596659,3.16932,-1.70482,-0.0456567
873,0.684606,3.43454,-1.80313,-0.0458967
1221,0.556204,2.29331,-1.30283,-0.123778
1353,0.41516,1.73024,-0.9413,-0.141059
703,0.628719,2.66373,-1.44017,-0.0905162
1290,0.706987,3.59034,-1.95189,-0.0295153
1251,0.731098,3.68092,-2.01874,-0.0396109
1231,0.422292,1.67577,-1.02049,-0.0532716
1054,0.589849,2.72847,-1.49255,-0.103526
1716,0.322107,1.46732,-0.744244,-0.0329852
1678,0.556828,2.52684,-1.5307,-0.0741328
826,0.419413,2.03922,-1.00285,0.107974
563,0.54587,2.81108,-1.51849,-0.0654402
1230,0.48274,2.0727,-1.17415,0.0148559
706,0.630416,2.75877,-1.52052,-0.140145
1142,0.360794,1.77332,-0.999258,-0.0827968
717,0.606599,2.86873,-1.68407,-0.0577462
1726,0.220058,1.52452,-0.823943,-0.00839763
1702,0.525902,2.66504,-1.49626,-0.0162405
1638,0.561674,2.58463,-1.47896,-0.047769
1296,0.559128,2.42474,-1.38304,-0.0935922
1395,0.685117,3.35299,-1.77886,-0.0834153
1176,0.558507,2.5178,-1.44037,-0.0261069
1679,0.421848,1.52958,-0.857605,-0.0406142
946,0.487144,2.10843,-1.15125,-0.066439
830,0.638502,2.77947,-1.51663,-0.0853498
1061,0.53905,2.43229,-1.35437,-0.0629915
1704,0.342616,1.37775,-0.880179,-0.137333
1724,0.485741,1.94049,-1.1633,0.00941299
1354,0.541803,2.71872,-1.45362,-0.0578266
1581,0.627277,2.90071,-1.55531,-0.0908092
1725,0.447337,1.9912,-1.13222,-0.0938038
1252,0.588868,2.67322,-1.48941,-0.00887139
942,0.536381,2.10867,-1.07043,-0.112841
944,0.47124,1.91143,-1.09159,0.183709

