668,2.04393,1.28179,4.86118,-3.16925
653,2.48601,1.60517,5.67867,-3.66463
2,2.59074,1.90264,6.72208,-4.1289
1488,2.01917,1.42709,4.95287,-2.96228
1489,2.06168,1.41338,5.23747,-3.17725
1448,2.23673,1.59587,5.77508,-3.41999
1485,2.06715,1.46659,5.3355,-3.1281
1360,2.0989,1.39359,5.32826,-3.27394
1196,2.13593,1.54222,5.2757,-3.1561
1557,2.03935,1.59005,5.19116,-3.27899
645,2.17307,1.31097,5.20971,-3.49444
646,2.12066,1.36744,5.1247,-3.44774
617,2.44754,1.46671,5.75438,-3.82986
663,2.24493,1.51184,5.3082,-3.48043
662,2.23587,1.48321,5.42652,-3.53013
1548,1.91429,1.41782,5.01077,-3.25318
1511,2.1878,1.54206,5.64855,-3.57329
1562,1.85825,1.44377,4.94764,-3.2552
1517,1.8647,1.15985,4.62346,-2.97213
1,2.88076,1.64236,6.73106,-4.25144
707,2.28222,1.23836,5.18227,-3.42277
1428,2.03623,1.3058,5.26499,-3.10883
545,2.00332,1.1098,4.59086,-2.88349
11,3.25516,1.89788,7.65769,-4.81677
156,2.16151,1.29993,4.78475,-3.15743
334,2.08998,1.15629,4.83707,-3.06614
113,2.13663,1.16272,4.82441,-2.986
477,2.07291,1.20513,4.90161,-3.01752
108,2.23954,1.17777,5.02658,-3.14129
319,2.16558,1.20491,4.8753,-3.18215
1050,2.23351,1.29003,5.3615,-3.20353
1049,2.07964,1.33627,5.06477,-3.11001
1040,2.59837,1.606,6.4698,-3.90491
1087,2.27809,1.44579,5.31419,-3.06916
1086,2.10413,1.25997,5.22155,-3.22892
1043,2.19791,1.24108,5.39038,-3.19594
1041,2.50082,1.69414,6.23629,-3.69085
1855,2.10324,1.23156,5.08092,-3.02254
1854,2.1455,1.28092,4.94583,-3.02601
857,2.17145,1.15197,4.93607,-3.18252
853,2.49735,1.41107,5.52747,-3.66594
832,2.42132,1.38096,5.58317,-3.58788
1182,2.08494,1.41381,5.30977,-3.19048
1183,2.17858,1.34843,5.19457,-3.03297
1147,2.38532,1.58343,6.01655,-3.46406
1445,2.24608,1.60315,5.72296,-3.27894
1330,2.29299,1.58266,6.04408,-3.64456
1463,2.32508,1.55029,6.05096,-3.68621
1492,2.00519,1.34209,5.35734,-3.27327
1493,2.10967,1.44308,5.51965,-3.29054
1263,2.23345,1.52166,5.58328,-3.38932
1231,2.36805,1.56643,6.01801,-3.48977
1266,2.12195,1.4735,5.41613,-3.21621
1267,2.07884,1.38726,5.51093,-3.28763
1160,2.40383,1.74155,6.28323,-3.67563
1239,2.46114,1.5749,6.09752,-3.65522
3,2.12692,1.47699,5.41156,-3.20155
342,2.1045,1.21663,4.78753,-3.04192
289,2.11072,1.13299,4.90479,-3.00225
134,2.06336,1.20394,4.81056,-3.04418
43,2.18371,1.10664,4.96516,-3.18822
373,2.15736,1.24384,4.81016,-3.0609
1470,1.88992,1.18549,5.25384,-3.13722
1469,1.99869,1.19383,5.10559,-3.16618
1468,2.32665,1.5674,5.73122,-3.41842
1497,2.07661,1.45486,5.36771,-3.20122
1472,2.23485,1.57682,5.4284,-3.28677
1505,2.10099,1.40262,5.31977,-3.16673
1504,1.98095,1.46645,5.12494,-3.02936
1274,1.92943,1.38257,5.1497,-2.99407
1275,2.04629,1.38814,5.227,-3.1691
852,2.14381,1.2572,5.14545,-3.17496
610,2.32795,1.47307,5.38702,-3.61832
608,2.31112,1.44753,5.40178,-3.64682
616,2.1577,1.58281,5.36221,-3.48291
599,2.62601,1.45871,6.21769,-4.01459
752,2.18296,1.20665,5.05682,-3.3224
751,2.15774,1.19251,5.0605,-3.27372
748,2.45291,1.40842,5.89726,-3.8151
644,2.19974,1.46536,5.29664,-3.59714
643,2.19369,1.39579,5.20469,-3.56199
640,2.33219,1.37342,5.52163,-3.69482
648,2.29292,1.40924,5.59288,-3.60778
1587,2.23173,1.20796,5.04338,-3.33511
269,2.0047,1.12282,4.91309,-2.96767
708,2.17581,1.34917,5.07566,-3.39201
709,2.28439,1.26726,5.14065,-3.4309
1828,2.04084,1.61855,5.5132,-3.55593
1827,2.06527,1.46205,5.30433,-3.39924
1532,2.74275,2.12313,7.267,-4.55849
1645,2.06308,1.5442,5.45905,-3.49503
1647,2.3338,1.59795,6.03186,-3.885
10,2.81119,1.60745,6.32509,-4.16479
504,2.07829,1.10988,4.52998,-3.0132
1446,2.08175,1.25154,4.94812,-2.98194
470,1.84304,1.01571,4.47599,-2.81504
455,2.15493,1.22084,4.83869,-3.02142
1451,2.32561,1.52295,5.82971,-3.52492
5,2.30354,1.58589,6.28947,-3.59022
1499,2.19324,1.61401,5.51208,-3.25942
1025,2.38886,1.26878,5.25885,-3.25644
933,3.111,1.45099,6.87443,-4.247
946,2.30626,1.20946,4.9801,-3.11247
485,2.15303,1.05042,5.03435,-3.22428
600,2.15234,1.31675,4.95324,-3.20399
216,2.1599,1.22979,4.94169,-3.10867
44,2.14725,1.13995,4.90256,-3.04781
467,2.11386,1.10496,4.84022,-3.1511
228,2.15893,1.21065,4.95983,-3.12693
400,2.12142,1.11012,4.95565,-3.1744
172,2.04465,1.05636,4.94438,-3.04015
871,2.08686,1.13686,4.87311,-3.14256
1268,2.08954,1.33704,5.2455,-3.06643
1241,2.11105,1.34128,5.1065,-3.15926
1236,2.57499,1.65434,6.32437,-3.65504
1270,2.05566,1.41359,5.32516,-3.15498
1279,2.09519,1.5615,5.44128,-3.22453
1421,2.07335,1.47503,5.3738,-3.09266
1737,2.24649,1.61035,5.50711,-3.50099
1717,2.40262,1.70697,6.25557,-4.08181
1733,2.21773,1.75254,5.7109,-3.57604
1662,2.04513,1.50217,5.30555,-3.34461
1663,2.10014,1.63133,5.64768,-3.6341
1657,2.38235,1.91328,6.40595,-4.03049
1583,2.39466,1.60689,5.95931,-3.93913
1585,2.19064,1.2889,5.17605,-3.38806
413,2.17784,1.12427,4.90348,-3.13229
1447,2.12809,1.33903,5.47115,-3.13488
1455,2.23948,1.59482,5.87923,-3.45524
1313,2.19493,1.54881,5.96797,-3.55551
1324,2.01654,1.3434,5.20764,-3.00339
1306,2.21807,1.54396,5.79482,-3.33399
1343,2.1077,1.55401,5.34821,-3.21061
1317,2.25623,1.53812,5.99912,-3.46873
1244,2.37704,1.58152,6.07914,-3.54422
1403,2.33093,1.59681,6.11041,-3.56392
1471,2.20109,1.42859,5.21625,-3.19777
1467,2.09039,1.37932,5.30007,-3.12904
1466,2.05455,1.3829,5.21796,-3.12027
30,2.18866,1.14631,4.95489,-3.16048
513,2.06134,1.12178,4.89168,-3.26657
36,1.96128,1.14877,4.91634,-2.93489
54,2.04317,1.10191,4.71873,-2.91436
204,2.08293,1.08586,4.7983,-3.02354
1708,2.06274,1.19436,4.82539,-3.30348
20,2.0649,1.13688,4.71546,-3.24908
555,1.92931,1.19039,4.39702,-3.06837
254,2.038,1.11341,4.9355,-3.10918
1222,2.03113,1.34534,5.18037,-3.08016
1221,2.42857,1.62141,6.1043,-3.68505
1526,2.32908,1.41923,5.60656,-3.43294
1829,2.30109,1.43788,5.47189,-3.42866
584,2.10998,1.28949,4.92074,-3.17986
181,2.05109,1.04438,4.72527,-3.0407
816,2.11905,1.33362,5.11333,-3.36345
1759,2.12643,1.46433,5.43223,-3.5714
1758,2.37614,1.70439,6.01267,-3.87002
652,2.29259,1.51248,5.60652,-3.71451
1090,2.34259,1.35084,5.27833,-3.16949
1091,2.341,1.32291,5.36662,-3.33459
1044,2.94303,1.64322,6.70128,-4.0127
1052,2.38582,1.19932,5.35373,-3.19958
632,2.08188,1.2147,4.88942,-3.1704
439,2.02424,1.04023,4.63748,-3.0512
167,2.08692,1.08096,4.85182,-3.05839
132,1.91772,1.01008,4.52305,-2.78959
298,2.1214,1.08084,4.82461,-3.11676
330,2.23426,1.15453,5.11784,-3.18755
63,2.10653,1.08773,4.83037,-3.02216
557,2.08685,1.25084,4.66945,-3.21438
844,2.06024,1.19809,4.95614,-3.13006
845,2.01871,1.25902,5.13169,-3.16108
961,2.3596,1.36207,5.32766,-3.3025
1019,2.36862,1.24508,5.20117,-3.29256
1018,2.23096,1.36395,5.2511,-3.31656
1015,2.61727,1.50642,5.90448,-3.60957
1016,2.24713,1.36066,5.29564,-3.32847
1036,2.16612,1.22522,4.96695,-3.10631
1037,2.41603,1.35869,5.16567,-3.31009
879,2.84277,1.66163,6.35831,-3.94103
963,2.34228,1.21099,5.41327,-3.4075
962,2.33887,1.19281,5.41592,-3.37888
939,2.39858,1.18577,5.32094,-3.33966
938,2.40973,1.2378,5.20635,-3.31982
954,2.32457,1.29853,5.28536,-3.31101
955,2.38057,1.30159,5.31308,-3.3718
417,2.08622,1.13977,4.84353,-2.99909
34,2.13032,1.17969,4.97329,-3.1383
127,2.12208,1.0745,5.01488,-3.15779
1233,2.11732,1.3564,5.22341,-3.02689
1232,2.08301,1.39625,5.07537,-3.08708
1376,1.97995,1.45829,5.34703,-3.27789
1377,2.11052,1.46426,5.5062,-3.33358
1250,2.15683,1.36007,5.45085,-3.10548
1249,2.19639,1.42204,5.24536,-3.04618
1271,2.18825,1.42865,5.43681,-3.20378
577,2.34616,1.42569,5.41322,-3.53804
578,2.33338,1.43154,5.57162,-3.61727
1688,2.11401,1.5831,5.55973,-3.57493
1686,2.40089,1.83812,6.13567,-3.93471
1702,2.0863,1.64317,5.7446,-3.64144
1707,2.26498,1.70589,6.08876,-3.91143
1061,2.41464,1.37,5.49394,-3.23704
1060,2.27079,1.26182,5.28608,-3.22014
1069,2.43959,1.22928,5.37706,-3.26797
459,1.97357,1.09956,4.76826,-2.97433
800,2.32205,1.30181,4.97382,-3.25994
796,2.40694,1.46222,5.79583,-3.76216
701,2.54306,1.65032,6.07151,-4.0497
798,2.26292,1.2527,5.07816,-3.35878
820,2.20674,1.41443,5.14778,-3.44797
596,2.14943,1.41556,5.25485,-3.41526
559,2.60177,1.57958,6.12004,-3.98624
691,2.29118,1.45246,5.5498,-3.5381
687,2.37941,1.5236,5.7395,-3.67997
700,2.22868,1.58834,5.46008,-3.50367
1818,2.06029,1.61332,5.5817,-3.60964
1753,2.29481,1.67017,6.07825,-3.83832
1801,2.09181,1.26862,5.04054,-3.39719
1800,2.13418,1.2846,4.8471,-3.14832
604,2.20477,1.32198,5.1787,-3.34452
605,2.27593,1.36918,5.26411,-3.41893
570,2.45646,1.60005,5.77508,-3.70493
1030,2.20351,1.34115,5.15659,-3.28427
1687,1.98182,1.5511,5.31584,-3.38383
1519,1.753,1.26702,4.48955,-2.93797
1520,1.8483,1.33411,4.66297,-3.06651
1516,2.01862,1.36049,5.12506,-3.30896
1506,2.21298,1.67136,5.79911,-3.72137
1524,1.93922,1.21268,4.71692,-3.04617
1525,2.00346,1.33341,4.97249,-3.11877
1029,2.21866,1.12406,5.24938,-3.2315
959,2.27517,1.19378,5.35933,-3.32941
985,2.3408,1.20164,5.06764,-3.13226
218,2.14822,1.14829,4.79131,-3.07145
426,2.1849,1.18778,4.86497,-3.13073
461,2.10479,1.03381,4.5307,-2.87194
1622,2.1697,1.2586,4.75464,-3.17331
1586,2.08849,1.14521,4.72388,-3.16565
1541,2.41762,1.73643,5.83758,-3.80133
1531,2.33279,1.83254,6.01135,-3.88004
16,2.16684,1.24743,4.75649,-3.23777
1623,2.18117,1.28494,5.10737,-3.43862
1617,2.10904,1.37889,5.02191,-3.25669
1616,2.22337,1.32685,5.01461,-3.41593
1298,1.96236,1.26641,5.08567,-2.98981
1292,2.25691,1.41469,5.66551,-3.43099
1303,2.22364,1.5563,5.23279,-3.26465
1199,2.36635,1.52493,5.8172,-3.40251
1518,2.01914,1.31393,4.73061,-3.06303
1841,2.12069,1.50323,5.25844,-3.34796
1839,2.19884,1.50647,5.18085,-3.33642
1842,2.17851,1.59288,5.42799,-3.43943
784,2.23015,1.35074,5.14916,-3.36833
783,2.10358,1.2711,4.98099,-3.19134
9,2.4162,1.5925,5.67983,-3.70975
778,2.24681,1.32338,5.25792,-3.35872
761,2.18547,1.25307,5.15446,-3.44702
782,2.12417,1.42456,5.26067,-3.49909
764,2.39467,1.56812,5.78533,-3.55771
1215,2.1315,1.42137,5.26873,-3.17896
1198,2.51798,1.62768,6.14154,-3.65602
1214,2.00506,1.28616,5.12707,-3.18422
1081,2.42885,1.34071,5.54423,-3.27191
1099,2.3387,1.23984,5.51235,-3.18096
1053,2.81942,1.59509,6.50301,-3.73501
1093,2.21662,1.43643,5.54169,-3.38665
1347,1.97315,1.32123,5.3288,-3.17444
1311,2.0712,1.37392,5.30755,-3.087
556,2.10527,1.13329,4.72744,-3.19731
77,2.11501,1.20158,5.03449,-3.16985
546,2.01196,1.10812,4.56966,-2.90586
281,2.11021,1.16898,4.99327,-3.19978
732,2.25607,1.25041,5.20697,-3.32109
91,2.13718,1.12301,4.92798,-3.0979
312,2.12914,1.14741,4.87098,-3.13329
33,2.204,1.26446,5.18685,-3.07726
1404,1.98487,1.36628,5.05269,-3.05974
1405,2.11113,1.4628,5.39374,-3.12097
486,2.20204,1.16556,4.90542,-3.123
182,2.12269,1.16977,4.9544,-3.02064
502,2.0749,1.11717,4.78197,-3.04358
194,2.10968,1.11225,4.76299,-3.08335
1310,2.26476,1.46154,5.89099,-3.49193
1351,2.09667,1.46421,5.31835,-3.13182
965,2.50239,1.22119,5.48776,-3.47336
964,2.37219,1.11718,5.43848,-3.47128
972,2.33997,1.28376,5.52926,-3.32601
976,2.23721,1.09465,5.14415,-3.17484
994,2.33383,1.24977,5.22068,-3.2835
212,2.08116,1.19602,4.92919,-2.97195
804,2.28578,1.32452,5.05669,-3.47025
803,1.96209,1.22336,4.94508,-3.23436
1789,2.07885,1.58383,5.32135,-3.46744
1549,1.99683,1.54381,5.10824,-3.43362
1546,2.18515,1.68319,5.79645,-3.8853
723,2.17798,1.44931,5.28579,-3.43833
753,2.28896,1.30064,5.12297,-3.43014
757,2.28236,1.47871,5.3633,-3.49369
1667,1.9937,1.55206,5.30967,-3.56824
1666,2.14058,1.54219,5.35923,-3.56353
1692,2.01584,1.59557,5.42671,-3.53822
889,1.97733,1.31127,4.95448,-3.08595
352,2.08388,0.975995,4.6785,-3.02882
112,2.10441,1.08539,4.84558,-3.00232
647,2.23411,1.43077,5.39354,-3.48467
581,2.66606,1.66062,6.13671,-4.01913
622,2.23254,1.36299,5.0501,-3.34318
1094,2.26648,1.33155,5.27496,-3.23974
1095,2.3797,1.33901,5.4652,-3.38653
1067,2.37723,1.29095,5.47897,-3.22802
1876,1.33726,0.946406,3.84116,-2.14226
1307,2.36898,1.58186,6.27811,-3.58237
6,2.37365,1.59591,6.14847,-3.57143
1439,2.07179,1.53585,5.50028,-3.19457
1422,2.32522,1.60765,5.90003,-3.47964
1295,2.24142,1.48757,5.72801,-3.32098
1624,2.43501,1.66489,6.10165,-4.09847
1637,2.12626,1.64211,5.49203,-3.60057
1636,2.4541,1.78055,6.15373,-4.03932
1628,2.10818,1.49305,5.38202,-3.44635
1627,2.07647,1.45576,5.35477,-3.32987
1631,2.33569,1.79079,6.15056,-4.03742
1542,2.13157,1.53472,5.21676,-3.33121
1543,2.11327,1.50021,5.41516,-3.53054
1745,2.0944,1.29684,5.12876,-3.37561
398,1.98438,1.09253,4.60439,-2.98997
283,2.0885,1.09518,4.79186,-2.97771
1573,2.20313,1.12076,4.9936,-3.18422
1514,2.12662,1.2913,4.79528,-3.20842
263,2.11454,1.11818,4.73315,-2.95455
65,2.10486,1.07247,4.80488,-2.9755
138,2.12772,1.18952,4.86712,-3.06793
1771,2.0722,1.43777,4.94985,-3.30492
1769,2.34344,1.87174,6.02365,-3.9521
1809,2.0972,1.4658,5.36693,-3.41643
1362,1.99774,1.35084,4.95129,-2.96774
1322,2.45697,1.57246,6.1411,-3.7246
1277,2.14597,1.30317,5.50446,-3.24513
1191,2.12677,1.38795,5.35536,-3.20404
343,1.97617,1.19285,4.7257,-3.01089
35,2.19261,1.26501,5.04485,-3.28205
314,2.03985,1.08404,4.92886,-3.00708
46,2.0622,1.16483,4.87517,-3.00439
26,2.15569,1.11084,4.81914,-3.06809
1512,2.17131,1.2977,5.01032,-3.33788
1513,1.94414,1.24446,4.69611,-3.13582
1561,1.89572,1.29094,4.77716,-3.19435
1550,1.77019,1.36299,5.04289,-3.21337
1534,2.12692,1.49614,5.46638,-3.53194
819,2.03005,1.37146,5.04226,-3.22295
814,2.34562,1.48273,5.79647,-3.73722
840,2.08994,1.20435,5.05401,-3.411
839,2.22141,1.42573,4.95392,-3.25814
699,2.10071,1.41049,5.18719,-3.28706
562,2.51596,1.57595,6.10579,-3.95383
713,2.13232,1.32256,5.03158,-3.3245
712,2.23059,1.29501,5.01399,-3.35506
575,2.16554,1.24482,5.07445,-3.3417
574,2.03894,1.20355,5.01743,-3.32491
809,2.18524,1.31323,5.16238,-3.33458
807,2.53842,1.71035,5.90103,-3.7311
822,2.13697,1.24039,4.94389,-3.25162
826,2.17856,1.33402,4.92807,-3.17981
827,2.30249,1.3225,5.07972,-3.40423
354,2.04688,1.12405,4.85698,-3.02992
385,2.07636,1.08846,4.96981,-3.04615
183,2.04045,1.10886,4.7471,-2.9918
310,2.11285,1.11579,4.86286,-3.01333
517,2.00548,1.26037,4.66114,-3.25934
1873,1.59533,1.08916,3.92747,-2.3684
4,2.37163,1.48512,5.5112,-3.42028
1843,2.13045,1.44519,5.22438,-3.19743
1834,2.41795,1.55087,5.77597,-3.5165
1836,2.02173,1.30103,5.03263,-3.04122
1870,2.22535,1.48197,5.50315,-3.29961
654,2.50715,1.39734,5.8532,-3.56522
1121,2.1829,1.12351,4.8699,-3.20329
1120,2.04187,1.1574,4.9055,-3.20213
1411,2.30525,1.51531,5.96752,-3.44089
1419,2.10299,1.43377,5.45556,-3.16929
1408,2.33028,1.56266,5.82804,-3.40165
1418,2.08803,1.42376,5.48665,-3.15917
1540,2.09354,1.50503,5.43607,-3.4782
1535,2.0608,1.47659,5.34951,-3.32702
1611,2.1768,1.60832,5.4563,-3.55874
1610,2.04099,1.56218,5.39611,-3.33176
7,2.39751,1.60171,6.03076,-3.49587
1282,2.27052,1.44504,5.89543,-3.27093
1746,2.39829,1.78594,6.28054,-3.93524
1756,2.03708,1.5106,5.51977,-3.56377
1699,2.08713,1.56336,5.52674,-3.51935
1700,2.17118,1.4453,5.40769,-3.59976
1668,2.02684,1.60266,5.41003,-3.55054
1325,2.42095,1.62419,6.12604,-3.6208
1354,2.10065,1.43913,5.42625,-3.20873
1355,2.04579,1.42722,5.29054,-3.33873
1335,2.1071,1.35856,5.07109,-3.17693
1496,2.04498,1.36705,5.3247,-3.18438
1630,2.12339,1.67573,5.51411,-3.5416
1547,1.99854,1.52479,5.18789,-3.35395
1640,2.05674,1.49626,5.35606,-3.46027
1639,2.13627,1.56595,5.34713,-3.56574
1638,2.07549,1.5895,5.38709,-3.50688
1706,2.09651,1.64099,5.6901,-3.54747
1705,2.09101,1.60538,5.58712,-3.4583
1599,2.05604,1.64045,5.45462,-3.51406
1701,2.14056,1.62626,5.55153,-3.45084
1749,2.04813,1.44615,5.35856,-3.40214
1389,2.11757,1.49168,5.40974,-3.21577
1381,2.29969,1.50858,6.01608,-3.48644
1393,2.02068,1.23398,5.04011,-3.0949
51,2.13691,1.08656,4.82863,-3.072
625,2.21174,1.30255,5.33308,-3.44746
1537,1.92428,1.50235,5.26732,-3.47437
1350,1.88526,1.33261,5.13265,-3.07669
576,2.11514,1.48824,5.16318,-3.49425
579,2.31216,1.62552,5.62017,-3.79303
580,2.14849,1.5074,5.4318,-3.55799
1635,1.9666,1.43619,5.18992,-3.43426
1634,2.06384,1.44122,5.39872,-3.44074
1315,2.07729,1.24589,5.25614,-3.12535
1316,2.06465,1.43059,5.29401,-3.06204
1780,1.98755,1.57192,5.30918,-3.39086
1675,2.26385,1.68114,5.61666,-3.63887
1031,2.45327,1.23463,5.24553,-3.23983
923,2.4673,1.54626,5.68218,-3.62483
958,2.25622,1.17256,5.15771,-3.16579
947,2.23437,1.18232,5.03828,-3.18502
823,2.16888,1.27639,5.14194,-3.3566
410,2.20562,1.1026,4.87799,-3.02976
187,2.09204,1.06114,4.98137,-3.14833
500,2.19054,1.29854,4.97403,-3.07447
523,2.0393,1.27356,4.70069,-3.14892
1378,2.17334,1.49092,5.76547,-3.45107
1368,2.12955,1.49192,5.73879,-3.24332
1370,2.15468,1.27384,5.18448,-3.05309
288,2.03749,1.14391,4.66499,-2.92051
177,1.99841,1.07746,4.63832,-2.85204
162,1.93659,1.10118,4.70789,-2.9773
93,2.05691,1.11208,4.86609,-3.0861
518,2.2069,1.20382,4.87894,-3.19925
1297,2.00348,1.21214,5.1139,-3.02225
1296,2.00626,1.20902,5.21887,-2.98016
1570,2.09027,1.28178,5.23931,-3.21758
1410,1.9895,1.4083,5.37335,-3.09839
1409,2.01459,1.34418,5.26401,-3.02079
1417,2.05655,1.39029,5.28805,-3.19426
1397,2.22253,1.583,5.94459,-3.3833
1392,2.21465,1.63093,5.95561,-3.45387
1287,2.10354,1.47553,5.50309,-3.28261
1299,2.09769,1.3143,5.22966,-3.20077
917,2.44442,1.33955,5.28506,-3.46933
1155,2.52843,1.63624,6.20026,-3.68663
1152,2.51586,1.68901,6.25059,-3.69105
1159,2.13462,1.31419,5.32001,-3.22246
1024,2.16287,1.26788,5.16257,-3.24755
1034,2.3231,1.39778,5.14227,-3.26461
1625,2.05943,1.61039,5.49938,-3.61815
1176,2.20979,1.47634,5.54098,-3.31332
1177,2.17631,1.5448,5.43024,-3.15324
1633,2.11566,1.61442,5.19244,-3.44554
1632,2.00745,1.5038,5.37069,-3.44655
1442,2.06777,1.3789,5.42617,-3.0802
1444,2.15669,1.47395,5.54066,-3.35555
1443,2.09305,1.35505,5.43704,-3.22139
1430,2.30083,1.59821,6.00805,-3.53649
1432,1.98569,1.44375,5.34314,-3.08719
1431,2.10332,1.43128,5.41606,-3.10532
550,2.15173,1.15562,4.8964,-3.07
376,2.08552,1.03702,4.73361,-2.99144
133,2.19873,1.07556,4.86622,-3.21459
1649,2.15115,1.28847,5.038,-3.4106
1648,2.26884,1.26,5.02163,-3.32959
92,2.10345,1.11608,4.78341,-2.99578
1189,2.18626,1.45263,5.44913,-3.33237
1158,2.16459,1.35818,5.32164,-3.1001
1276,2.12246,1.32275,5.46495,-3.30649
1695,2.1264,1.52313,5.39411,-3.44464
1782,2.02661,1.52167,5.26805,-3.39041
1765,1.94812,1.50283,5.25981,-3.37574
1766,2.01122,1.59626,5.58728,-3.60876
1815,2.09264,1.53603,5.26733,-3.45532
1712,2.43086,1.56039,6.0159,-3.95606
759,2.14435,1.30803,5.15874,-3.44374
758,2.29598,1.418,5.28463,-3.50376
755,2.33906,1.48809,5.50951,-3.59515
763,2.3896,1.46267,5.48019,-3.50222
760,2.22046,1.31996,5.32123,-3.41158
750,2.20096,1.35571,4.91045,-3.19967
1130,1.90584,1.30912,4.96295,-3.11162
8,2.49777,1.35884,5.85142,-3.53116
1114,2.08111,1.22216,4.98456,-3.03428
202,2.06641,1.12572,4.82718,-3.03897
68,2.05724,1.21997,5.03987,-3.08994
549,2.02174,1.18742,4.79809,-3.04424
197,2.08554,1.14089,4.7303,-2.98047
174,1.96372,1.08376,4.49125,-2.84374
429,2.21131,1.22211,5.06136,-3.08667
215,2.05402,1.09453,4.8902,-3.13632
669,1.98281,1.15873,4.74629,-3.24917
667,2.1252,1.2628,5.1233,-3.29007
671,2.1443,1.43084,4.96526,-3.30586
670,2.02968,1.41547,4.77716,-3.13179
1229,2.20245,1.41515,5.4385,-3.247
797,2.04753,1.10412,4.99981,-3.14706
325,2.06893,1.16631,4.72049,-2.982
48,2.1114,1.13797,4.94757,-3.08859
110,2.0854,1.066,4.72312,-2.97677
81,2.1086,1.26931,4.87939,-3.17117
69,2.09813,1.07655,4.8447,-3.06017
252,2.04364,1.12801,4.95384,-3.09701
39,2.14958,1.11415,4.87356,-3.12512
1234,2.06134,1.21768,5.11806,-3.09814
1235,2.11894,1.47143,5.34148,-3.12728
1224,2.34697,1.57216,5.88358,-3.53516
1230,2.10822,1.28425,5.37803,-3.26806
1228,2.09458,1.29587,4.97655,-3.06666
558,2.42334,1.55839,5.72463,-3.67348
674,2.54969,1.60986,6.11141,-3.80591
1652,2.40556,1.6071,5.99002,-3.82807
1671,2.23171,1.49601,5.4683,-3.54376
1670,2.21809,1.47112,5.49549,-3.51402
1661,2.13417,1.61232,5.46814,-3.64765
1673,1.98259,1.63282,5.53978,-3.46803
1672,2.00146,1.51596,5.5409,-3.49126
1406,2.00439,1.44677,5.38259,-3.1122
1379,2.03118,1.25657,5.04444,-2.94932
1113,2.21039,1.24604,5.18356,-3.21735
1226,2.08023,1.31246,5.26715,-3.11051
1225,2.07122,1.32968,5.40829,-3.2596
1137,2.4371,1.65253,6.13368,-3.67702
1172,2.0909,1.43764,5.30425,-3.3444
1136,2.38771,1.56736,5.98495,-3.53274
1141,2.16383,1.36816,5.42387,-3.06994
727,2.26368,1.45591,5.48022,-3.41969
1605,2.56342,1.6748,5.99843,-3.91148
1698,2.1283,1.62083,5.39026,-3.34382
1697,2.10706,1.5466,5.41905,-3.43268
1600,2.47986,1.76811,5.91421,-3.9486
1256,1.98521,1.36229,5.27806,-3.17619
1220,2.29195,1.46515,5.88407,-3.4566
1257,2.1336,1.5094,5.41069,-3.15544
1223,2.22774,1.35197,5.35457,-3.17914
1143,2.47073,1.79297,6.23735,-3.53036
1145,2.16087,1.34386,5.42162,-3.22227
1592,2.07637,1.31643,4.70395,-3.21046
1588,2.47565,1.63016,6.0513,-3.92058
1195,2.19295,1.57662,5.61625,-3.33879
930,2.47977,1.57886,5.74975,-3.72154
1007,2.14011,1.40201,5.04226,-3.35939
1597,2.12495,1.73898,5.54018,-3.61089
1596,2.07538,1.53906,5.50337,-3.59155
1576,1.9899,1.51201,5.46557,-3.44059
1641,2.05502,1.48783,5.56839,-3.54244
1721,2.19639,1.72772,5.76043,-3.5057
1787,2.05096,1.55887,5.47689,-3.52271
1786,2.18521,1.6103,5.46774,-3.51544
1727,2.14205,1.49565,5.29184,-3.55799
909,2.19744,1.30156,5.2006,-3.37888
910,2.16597,1.42337,5.07437,-3.21105
887,2.50258,1.42886,5.86854,-3.81172
686,2.23641,1.35616,5.18893,-3.33355
738,2.06849,1.38983,5.15462,-3.31934
730,2.45562,1.42297,5.86592,-3.73899
731,2.17761,1.24513,5.10299,-3.25388
733,2.07269,1.16984,4.86817,-3.12307
734,2.18071,1.22183,4.96646,-3.20045
603,2.16407,1.267,5.18524,-3.36172
602,2.24301,1.36118,5.12181,-3.38747
676,2.12553,1.20408,5.13648,-3.30664
675,2.12875,1.36468,5.07642,-3.34335
1246,2.09559,1.43656,5.36287,-3.08206
529,2.03183,0.954423,4.52661,-2.86938
464,2.02821,1.07587,4.71771,-2.99733
223,2.18372,1.22245,5.02092,-3.18199
506,2.16464,1.20483,4.73949,-3.14364
350,2.115,1.12205,4.8856,-3.1271
378,2.05844,1.13061,4.71005,-2.99215
186,2.12847,1.1551,4.79021,-3.0833
211,2.05658,1.06865,4.72428,-3.03921
454,2.18406,1.09734,4.97583,-3.09295
392,2.10264,1.15448,4.85186,-3.08538
256,2.07043,1.10546,4.83434,-2.97508
137,2.10579,1.15945,4.91003,-3.03666
74,2.05016,1.21679,5.09355,-3.04711
191,2.15723,1.2014,5.01367,-3.19991
267,2.06705,1.18111,4.95817,-3.05215
779,2.15352,1.31693,5.02751,-3.35873
780,2.17842,1.18116,5.17727,-3.47129
775,2.15,1.28683,5.17949,-3.48067
1685,2.02711,1.14904,5.02933,-3.32849
1153,2.26431,1.42579,5.48967,-3.02857
1614,2.02695,1.51603,5.32162,-3.41729
1677,2.03602,1.58963,5.48183,-3.67901
1659,2.15665,1.58373,5.64854,-3.58427
1658,2.05941,1.5614,5.52268,-3.50593
1813,2.10455,1.48153,5.404,-3.47706
1724,2.08316,1.5843,5.38376,-3.47255
1725,2.04383,1.53587,5.37651,-3.49598
1140,2.37408,1.70805,6.00885,-3.54688
1194,2.06405,1.4213,5.27354,-3.15639
1366,2.03419,1.46414,5.23183,-3.1698
1367,2.06898,1.51648,5.42956,-3.21009
1593,2.55182,1.77228,6.05798,-4.05406
1665,2.18851,1.5548,5.40045,-3.50494
527,2.02636,1.05391,4.57318,-3.15772
164,2.06677,1.10548,4.81508,-3.012
136,2.06303,1.16369,4.83967,-3.06076
278,1.97623,1.15926,4.60547,-2.95248
453,2.07006,1.02164,4.84633,-3.04949
203,2.11572,1.03384,4.76756,-3.05569
114,2.08304,1.23547,4.59479,-2.99082
702,2.16261,1.26635,4.93158,-3.33237
122,2.18982,1.17198,4.91562,-3.07486
291,2.04796,1.12019,4.81443,-3.00798
561,2.20894,1.40342,5.0724,-3.28814
697,2.3505,1.56505,5.53386,-3.53885
729,2.15064,1.24173,5.10806,-3.29789
359,2.16962,1.03522,5.01094,-3.09913
107,2.21998,1.14037,4.91457,-3.08458
149,2.13095,1.11104,4.87325,-3.16612
347,2.06847,1.07481,4.74831,-2.93481
703,2.18809,1.39886,5.13027,-3.52284
846,1.96925,1.23714,4.75069,-3.0988
305,2.16888,1.07057,4.84723,-3.12323
1530,2.02495,1.25553,5.03361,-3.13911
395,2.09041,1.19523,4.68712,-3.00261
273,2.10965,1.09812,4.90856,-3.11436
1385,2.11443,1.41841,5.35847,-3.19152
1391,2.02526,1.42131,5.40913,-3.2329
1382,2.08629,1.29299,5.13342,-3.10488
1375,2.03526,1.30883,5.31541,-3.09144
1374,1.97505,1.34204,5.05624,-2.95895
499,2.18686,1.09501,4.93797,-3.14369
154,2.20374,1.13294,4.98897,-3.17059
1286,2.28684,1.4829,5.59296,-3.14896
672,2.07321,1.21224,4.85932,-3.2366
1217,2.02491,1.3487,5.14005,-3.10608
1515,1.9942,1.26487,4.77526,-3.14134
685,2.19378,1.27937,4.94134,-3.25292
613,2.27005,1.45243,5.38641,-3.53791
568,2.23445,1.55751,5.52378,-3.6656
565,1.98499,1.3944,4.9755,-3.26035
567,2.1935,1.47002,5.37929,-3.40926
566,2.06495,1.41167,5.09656,-3.37938
585,2.14806,1.24175,4.97334,-3.31709
593,2.22585,1.39185,5.44798,-3.51455
594,2.16616,1.47683,5.41127,-3.54612
569,2.10315,1.48144,5.19737,-3.41192
1390,2.00394,1.45809,5.43288,-3.01548
1373,2.19171,1.49796,5.77304,-3.31648
1709,2.06375,1.36385,4.9862,-3.51155
1729,2.12827,1.50536,5.50275,-3.55763
1654,2.03176,1.21943,4.89392,-3.3417
1703,2.07289,1.49398,5.2389,-3.29602
1691,2.00447,1.52169,5.34975,-3.38751
614,2.27583,1.52081,5.24518,-3.42262
1301,1.98451,1.42433,5.34306,-3.06012
1291,2.20707,1.49676,5.31056,-3.24101
1714,2.20033,1.19917,4.95225,-3.28408
606,2.15915,1.32866,5.19667,-3.25783
432,2.11727,1.08196,4.80468,-3.06037
116,2.16938,1.10504,4.85928,-3.0695
967,2.39942,1.0428,5.14622,-3.13897
966,2.36953,1.21035,5.07256,-3.26646
1014,2.26386,1.42028,5.13239,-3.20259
1013,2.19984,1.42984,5.18752,-3.21486
1436,1.98814,1.38163,5.45307,-3.21337
1427,2.32086,1.69621,5.81126,-3.49347
1539,2.12754,1.50322,5.29829,-3.38335
1521,2.44187,1.62854,5.6953,-3.50533
1523,2.04147,1.38322,5.14316,-3.20749
627,2.20194,1.32102,5.0551,-3.39478
1252,2.20482,1.43174,5.49313,-3.32723
1251,2.06943,1.41451,5.36082,-3.13875
1243,2.28626,1.54368,5.31995,-3.18424
1248,2.12618,1.4505,5.29123,-3.03886
1819,2.18157,1.68165,5.67329,-3.57164
1820,2.18436,1.60208,5.56098,-3.62385
1774,2.39222,1.67845,6.09276,-3.89596
1755,2.15325,1.59059,5.43986,-3.52613
1754,2.02901,1.53267,5.51083,-3.50905
1689,2.04626,1.62553,5.38985,-3.47593
1690,2.12936,1.64674,5.59441,-3.60238
1748,2.06455,1.57108,5.61907,-3.57429
1300,1.8991,1.33323,5.15825,-3.03208
1824,2.08693,1.57985,5.50422,-3.53341
1720,2.23477,1.63671,5.59371,-3.40419
1719,2.11258,1.61632,5.63893,-3.53561
1723,2.13243,1.62069,5.66535,-3.59796
911,2.18056,1.39743,5.03043,-3.4386
912,2.20312,1.3669,5.08632,-3.35753
1626,2.1335,1.69878,5.63779,-3.60048
1135,2.10592,1.2624,4.86851,-3.22625
902,2.35011,1.2614,5.08035,-3.40961
888,2.35482,1.42151,5.42329,-3.57712
1482,2.00086,1.4408,5.24824,-3.19917
1402,2.26462,1.62655,5.8858,-3.43268
1407,2.09038,1.535,5.55329,-3.17911
749,2.05002,1.18311,4.96185,-3.22664
776,2.18504,1.30262,5.19015,-3.51138
913,2.18641,1.37385,5.27624,-3.43624
1730,2.22004,1.50641,5.5225,-3.57315
677,2.0832,1.14996,4.99139,-3.21053
1560,1.92998,1.37574,4.83595,-3.16877
1821,2.22043,1.61016,5.44589,-3.5587
1808,2.3645,1.78869,6.30156,-4.085
1757,2.0236,1.5651,5.45156,-3.56083
1595,2.2682,1.59502,5.49538,-3.62099
633,2.19016,1.22573,5.03734,-3.3084
739,2.24537,1.41263,5.38537,-3.51693
745,2.16204,1.30469,5.41949,-3.46411
737,2.37481,1.39146,5.73386,-3.65474
742,2.24818,1.43853,5.45821,-3.516
740,2.38933,1.46887,5.50948,-3.4105
696,2.28297,1.45287,5.31073,-3.38387
286,2.02824,1.08947,4.53206,-2.84426
547,1.98851,1.06106,4.71237,-2.90995
1181,2.17136,1.51115,5.47835,-3.16595
1763,2.05941,1.65162,5.43971,-3.4928
1764,2.21381,1.65325,5.6487,-3.62964
1078,2.13545,1.38252,5.23786,-3.12908
1134,2.06539,1.20961,4.95534,-3.27751
1132,2.03733,1.25036,4.95995,-3.05753
1179,2.17818,1.5443,5.47906,-3.29463
1175,2.13035,1.44553,5.38381,-3.21333
1170,2.11755,1.3443,5.26395,-3.06276
1139,2.07751,1.343,5.504,-3.19393
1237,2.13581,1.35789,5.31394,-3.18242
1227,2.3349,1.52572,6.10169,-3.5387
1258,2.16092,1.55133,5.41095,-3.18763
1416,1.9557,1.36228,5.08964,-3.18487
929,2.27621,1.30862,5.30583,-3.47572
1590,2.18336,1.23187,4.9623,-3.31903
821,2.4648,1.34704,5.60801,-3.78375
829,2.22285,1.5112,5.24108,-3.38514
806,2.24902,1.28505,4.99936,-3.40232
756,2.16612,1.37346,5.01088,-3.26006
1262,2.1535,1.4839,5.37393,-3.1424
1154,2.10847,1.42151,5.42456,-3.08323
1187,2.10669,1.44859,5.41882,-3.22853
1793,2.15824,1.50293,5.52077,-3.52314
1792,2.1055,1.62243,5.52619,-3.5578
1613,2.01667,1.654,5.56713,-3.70654
1612,1.8971,1.56737,5.44465,-3.55115
1810,2.16804,1.64315,5.49381,-3.56185
1674,2.09739,1.654,5.49735,-3.43097
571,2.72682,1.76149,6.19263,-4.06654
1294,1.94464,1.2865,5.10546,-3.03169
1293,1.98404,1.25497,5.0242,-3.03713
509,2.03971,1.15076,4.6456,-3.11146
512,1.95791,1.20507,4.53695,-3.04781
1553,2.01302,1.63425,5.29013,-3.4047
883,2.1342,1.46186,5.12083,-3.23462
1651,2.20913,1.2446,5.06942,-3.24448
1650,2.12229,1.26875,5.10611,-3.37323
1785,2.15225,1.55973,5.5433,-3.58494
1435,1.97195,1.41237,5.25448,-3.1012
1434,2.18322,1.54088,5.31763,-3.17391
1433,2.13758,1.45935,5.3311,-3.14627
1425,2.0042,1.43797,5.25825,-3.17782
1426,2.01134,1.41595,5.37124,-3.27511
360,2.09526,1.09231,4.78168,-2.97959
465,1.98845,1.07297,4.6023,-2.89025
217,2.18535,1.16201,4.83636,-3.16574
416,2.12508,1.10264,4.97486,-3.09946
521,1.92226,1.05946,4.47459,-3.03509
873,2.78291,1.53163,6.04074,-4.00102
901,2.30765,1.2798,5.06668,-3.28333
867,2.43573,1.3911,5.62728,-3.60296
860,2.34362,1.44351,5.36473,-3.533
1165,2.16459,1.33945,5.19827,-3.05994
1166,2.15865,1.37609,5.29806,-3.05585
1185,2.2213,1.51743,5.4927,-3.28319
1190,2.04455,1.29496,5.21851,-3.14975
689,2.23812,1.44075,5.39953,-3.53849
688,2.06379,1.24923,5.2215,-3.28488
682,2.15591,1.25507,5.26646,-3.37213
790,2.12427,1.21625,5.08508,-3.24991
793,2.12805,1.55513,5.27475,-3.38378
785,2.45096,1.3987,5.80071,-3.76547
1718,2.04282,1.55913,5.45449,-3.51372
1794,2.16237,1.54406,5.48781,-3.44744
1735,2.0998,1.64624,5.64524,-3.58285
1734,1.94763,1.4781,5.37654,-3.31342
524,2.12604,1.03955,4.70935,-3.11787
1289,2.13229,1.27709,5.23481,-3.13768
56,2.1685,1.14905,4.92963,-3.08884
1384,2.07985,1.36584,5.40638,-3.10138
1574,2.0058,1.31329,4.95468,-3.22973
377,2.0421,1.16509,4.69124,-2.94966
140,2.14673,1.03118,4.76685,-3.03977
621,2.21877,1.31003,5.10243,-3.45478
718,2.20633,1.37593,5.50619,-3.51508
719,2.38163,1.41553,5.55318,-3.6217
714,2.27909,1.56832,5.72284,-3.61058
716,2.18747,1.5045,5.41881,-3.47885
1853,2.07744,1.34034,5.36868,-3.26749
1844,2.5446,1.55301,5.97077,-3.5813
1865,2.25715,1.4771,5.57635,-3.38057
1866,2.20644,1.37272,5.45552,-3.22182
1168,2.13725,1.36533,5.22991,-3.15851
1167,2.12255,1.29844,5.35273,-3.12812
1192,2.06668,1.44217,5.41388,-3.21658
1193,2.11227,1.49824,5.55097,-3.30158
666,2.11373,1.25215,4.93155,-3.22633
673,2.16381,1.40934,5.08344,-3.33451
1814,2.13387,1.64304,5.54864,-3.64959
534,2.10003,1.1249,4.78787,-3.01085
303,2.01277,1.05634,4.60699,-2.87563
1679,2.11445,1.2946,4.91473,-3.41188
1604,2.20879,1.504,5.52035,-3.60397
1603,2.32339,1.49155,5.409,-3.62212
1660,2.07039,1.58715,5.33772,-3.46247
1423,2.17589,1.3114,5.34756,-3.25183
1305,2.13012,1.34895,5.42458,-3.11005
848,2.43207,1.42574,5.56401,-3.52633
862,2.1583,1.14633,5.08856,-3.39812
861,2.12515,1.36805,4.92025,-3.08616
865,2.01313,1.27995,4.99333,-3.12425
866,2.19672,1.31448,5.18652,-3.17314
813,2.20389,1.28603,5.15233,-3.36433
1206,2.01599,1.27801,4.87231,-2.96951
1207,2.10751,1.34749,5.06616,-3.0467
1205,2.06762,1.07488,5.11266,-3.12934
57,2.034,1.04682,4.72432,-2.98785
184,2.23118,1.27673,5.14201,-3.27129
179,2.09614,1.22265,4.93405,-3.03764
160,2.02295,1.03712,4.56255,-2.94271
246,2.1819,1.1497,4.81053,-3.00447
472,2.0083,1.14195,4.79879,-3.09721
150,2.08279,1.06992,4.917,-2.98407
928,2.20768,1.36299,5.2809,-3.39382
924,2.23681,1.30633,4.85862,-3.0527
1022,2.25874,1.39244,5.18196,-3.29279
1032,2.11583,1.42206,5.26923,-3.28648
1033,2.27866,1.23765,5.21261,-3.23732
990,2.32892,1.18604,5.11516,-3.18367
991,2.29873,1.21029,5.18487,-3.17458
272,2.09772,1.19047,4.87295,-2.94497
479,2.07341,1.16088,4.86522,-3.05437
921,2.42505,1.25433,5.22689,-3.41553
265,2.06799,1.09869,4.69714,-2.90598
418,2.16462,1.17255,4.8673,-3.07591
1097,2.35336,1.46116,5.77638,-3.46704
1107,2.33828,1.43185,5.50779,-3.16149
1035,2.31128,1.3288,5.09476,-3.19863
881,2.32469,1.3117,5.16341,-3.2891
876,2.50866,1.3892,5.52252,-3.64582
878,2.30832,1.32157,5.21102,-3.30546
1850,2.29383,1.37821,5.27929,-3.23895
1851,2.40702,1.1923,5.36498,-3.40091
1480,1.92911,1.42591,5.31488,-3.12294
1479,2.1259,1.3532,5.23609,-3.30124
573,2.16856,1.2473,5.16326,-3.31941
607,2.1544,1.3145,5.08394,-3.42533
754,2.26136,1.24802,5.27289,-3.50397
781,2.02454,1.40613,5.01516,-3.38659
598,2.30507,1.46174,5.63228,-3.52416
591,2.26602,1.51116,5.33932,-3.50297
592,2.30384,1.61196,5.56933,-3.54158
694,2.25045,1.54838,5.25495,-3.4231
693,2.2898,1.44568,5.42749,-3.54096
690,2.33193,1.57419,5.62337,-3.66273
695,2.25661,1.40486,5.27383,-3.40538
1424,2.23225,1.32231,5.46563,-3.32535
1858,2.07932,1.30327,5.10298,-3.07975
1859,2.22819,1.3292,5.3508,-3.1575
1669,2.05587,1.47658,5.39495,-3.49638
1387,2.05722,1.45378,5.245,-3.17715
612,2.1544,1.36007,5.14841,-3.37483
705,2.28108,1.28923,5.21043,-3.40105
704,2.13309,1.2296,5.24205,-3.24918
638,2.3438,1.5254,5.52749,-3.59621
650,2.34242,1.40421,5.49122,-3.65028
649,2.21773,1.44635,5.43147,-3.55326
1845,2.13739,1.16224,4.84819,-3.07813
115,1.95797,1.03116,4.48135,-2.7805
52,2.00907,1.12923,4.55647,-2.89667
296,2.01135,1.0968,4.57806,-2.92163
125,2.13445,1.15277,4.87671,-3.07639
106,2.02877,1.16045,4.6341,-2.93691
249,2.05296,1.07753,4.85915,-3.03356
1803,2.16533,1.24028,5.15176,-3.34232
1336,2.04151,1.3525,5.241,-3.14339
346,2.1063,1.21054,4.72004,-3.03712
564,2.10433,1.33043,4.87458,-3.24587
1012,2.27721,1.38565,5.20863,-3.2087
1438,2.13554,1.50525,5.45439,-3.2408
1783,2.12248,1.70839,5.81805,-3.77726
1779,2.44927,1.9034,6.30933,-4.13823
1005,2.11599,1.3577,5.26424,-3.25655
1847,2.02514,1.32738,5.03517,-3.04138
1848,2.11834,1.34015,5.10075,-3.06796
1852,2.16731,1.32517,5.47287,-3.37901
180,2.06033,1.08173,4.79203,-3.02838
1204,2.05001,1.25163,5.01378,-3.09041
1202,2.07199,1.16701,5.03864,-2.98167
772,2.13401,1.4625,5.18079,-3.22526
451,2.1258,1.10669,4.79072,-2.99842
805,2.22059,1.31621,5.03679,-3.34458
799,2.20472,1.18099,5.06376,-3.27892
884,2.32936,1.26281,5.36432,-3.45864
1440,1.99277,1.41911,5.3559,-3.16042
1261,2.07091,1.54394,5.51774,-3.24244
169,1.9628,1.03927,4.54676,-2.93527
1776,2.20492,1.39288,5.14648,-3.47718
1656,2.08195,1.28932,5.01773,-3.43643
1119,2.18834,1.17283,5.0988,-3.20728
1118,2.22483,1.30249,5.22063,-3.28527
1115,2.23041,1.1912,4.91788,-3.08601
1832,1.98944,1.29272,4.90306,-3.25733
1833,2.03341,1.40551,5.08657,-3.03828
1186,2.14012,1.34953,5.3583,-3.0998
1173,2.31804,1.4115,5.65665,-3.40956
1822,2.24845,1.68196,5.49535,-3.53711
1598,1.9542,1.54453,5.31973,-3.49135
1545,2.01657,1.44628,5.24375,-3.31481
1494,1.94655,1.48398,5.28695,-3.20213
859,2.07046,1.25389,5.15678,-3.2438
843,2.23522,1.358,5.53625,-3.4305
854,2.1368,1.19752,4.90431,-3.30064
1805,2.14301,1.29767,5.06581,-3.39261
1804,2.23638,1.28627,4.99184,-3.31401
773,2.00187,1.18032,5.01598,-3.06048
1209,2.10924,1.25106,5.15147,-3.25988
1208,2.03024,1.17357,4.99314,-3.13707
1398,2.05417,1.37096,5.09975,-3.006
1399,2.13927,1.34224,5.33441,-3.10441
1308,2.06311,1.31221,5.1349,-3.15098
1309,2.0007,1.4254,5.35601,-3.14469
641,2.35799,1.41988,5.48843,-3.52909
588,2.16149,1.27805,4.97754,-3.15687
589,2.21284,1.24071,5.0982,-3.44533
635,2.04826,1.35319,5.19841,-3.39484
634,2.35562,1.56574,5.69982,-3.77267
636,2.19652,1.48717,5.37609,-3.5666
665,2.14689,1.25199,4.97322,-3.32926
664,2.06534,1.29775,4.98538,-3.19215
251,2.1402,1.10262,4.93909,-3.1561
548,2.12511,1.14484,4.93074,-3.04526
146,2.12629,1.12089,4.91733,-3.08667
789,2.14748,1.26279,5.08006,-3.26074
788,2.22713,1.35247,4.92552,-3.24242
131,2.00756,1.11778,4.66115,-2.95248
67,2.19854,1.2715,4.85413,-3.09547
1825,2.01115,1.49379,5.3659,-3.46734
1736,2.10107,1.47501,5.37122,-3.35368
415,2.05227,1.09304,4.79969,-3.06702
375,2.07768,1.02939,4.78699,-3.05842
380,2.11772,1.13872,4.94951,-3.08868
188,2.25029,1.11205,4.9296,-3.12102
531,2.17069,1.00008,4.91549,-3.01496
1201,1.99646,1.35059,5.08732,-3.04798
196,2.0878,1.16408,4.74135,-2.97005
940,2.36857,1.20803,5.2663,-3.27432
811,2.19288,1.25574,5.16473,-3.51209
830,2.13417,1.36981,5.01015,-3.19082
831,2.09765,1.36566,5.11261,-3.29002
728,2.05863,1.23338,4.88838,-3.17048
834,2.21497,1.28247,4.93512,-3.36258
890,2.08441,1.40404,5.17598,-3.32741
919,2.43712,1.29642,5.18457,-3.46083
381,2.14199,1.1003,4.96818,-3.15412
975,2.29299,1.13973,5.18657,-3.26977
971,2.15257,1.0969,4.82817,-2.98103
970,2.33836,1.08724,5.07637,-3.20269
357,1.97862,1.09028,4.88365,-2.99138
49,2.16226,1.2604,4.94393,-3.04256
1415,2.2326,1.34582,5.41512,-3.16556
1414,2.18662,1.52081,5.43481,-3.15299
1536,2.11353,1.53456,5.44535,-3.40041
1743,2.1445,1.2818,5.19939,-3.42833
1742,2.09665,1.19771,4.94673,-3.28932
1644,2.07157,1.63135,5.39327,-3.50203
1799,2.16861,1.53011,5.7789,-3.70788
619,2.20011,1.27617,5.17249,-3.43729
642,2.28943,1.41582,5.40812,-3.51499
1174,2.08485,1.55171,5.4717,-3.26048
590,2.27004,1.54409,5.78905,-3.71847
1128,2.13729,1.28317,5.04471,-3.21871
1008,2.23412,1.34561,5.11463,-3.2037
987,2.46571,1.3576,5.45013,-3.33676
944,2.36745,1.27008,5.0795,-3.24607
945,2.39501,1.15022,5.25942,-3.36746
977,2.256,1.15124,5.21307,-3.22737
1020,2.07322,1.40068,5.11648,-3.30831
812,2.14419,1.35327,5.27173,-3.29322
792,2.20267,1.37675,5.22559,-3.41996
698,2.34286,1.49496,5.47989,-3.55742
692,2.2993,1.46804,5.5639,-3.65452
847,2.11854,1.30956,4.99456,-3.23006
882,2.10959,1.44621,5.12163,-3.2063
898,2.24839,1.20134,5.24918,-3.39681
897,2.33054,1.21117,5.3244,-3.4218
870,2.49492,1.43545,5.51143,-3.54518
957,2.38192,1.22182,5.27259,-3.36832
956,2.48787,1.2322,5.27756,-3.29688
1278,2.18478,1.47717,5.45462,-3.26723
1768,2.25351,1.6813,5.60655,-3.55245
1761,2.067,1.61589,5.4347,-3.59511
1572,2.08557,1.38242,5.21027,-3.40537
1412,2.01631,1.34289,5.14804,-3.03537
1875,1.52096,1.10878,4.25137,-2.45964
1352,2.10756,1.4513,5.34625,-3.13446
1349,2.08026,1.48025,5.48786,-3.38529
1348,2.01426,1.3697,5.20362,-3.08819
1646,2.10553,1.66442,5.6291,-3.52729
1581,2.13813,1.54413,5.39435,-3.41231
1580,2.14175,1.58506,5.44429,-3.53884
1080,2.20583,1.33113,5.44135,-3.2623
1831,2.10546,1.15894,5.01796,-3.13006
1835,2.02453,1.20196,4.80544,-2.99049
1003,2.1076,1.51256,5.03979,-3.24249
996,2.37006,1.53374,5.54074,-3.6531
999,2.26267,1.39598,5.28686,-3.4048
1000,2.14242,1.42147,5.14043,-3.40781
925,2.30964,1.1893,5.41947,-3.42596
927,2.08845,1.28587,5.03812,-3.2352
1363,1.99676,1.35108,5.34309,-3.17315
825,2.28078,1.23518,5.06791,-3.39809
1265,2.10447,1.43341,5.35021,-3.18336
1395,2.07136,1.40208,5.36212,-3.13489
1396,2.03684,1.42966,5.39524,-3.17685
908,2.0964,1.32837,5.09238,-3.3243
1290,1.98027,1.39209,5.35015,-3.0707
1816,2.14772,1.63518,5.51517,-3.53091
1747,1.9998,1.57496,5.45199,-3.48094
1273,1.97418,1.43612,5.18837,-3.0584
1339,2.07401,1.28447,5.08373,-3.08332
1340,2.04668,1.38442,5.23051,-3.18968
326,1.99548,1.01721,4.42779,-2.82305
235,2.21132,1.16151,4.91166,-3.05756
401,2.01335,1.03735,4.52341,-2.92863
344,2.06546,1.05469,4.65886,-2.95402
447,2.09859,1.05331,4.9158,-3.07289
1388,2.03568,1.43305,5.33115,-3.17255
626,2.05731,1.11051,4.73463,-3.21271
609,2.106,1.40026,5.089,-3.39951
1726,2.07934,1.46353,5.30397,-3.51482
1791,2.19386,1.55064,5.53738,-3.63808
770,2.13828,1.28433,4.99168,-3.06045
768,2.13499,1.18321,4.92526,-3.15056
767,2.05852,1.31447,4.8884,-3.02295
1254,2.08749,1.29596,5.32716,-3.05327
1240,2.05151,1.32433,4.98429,-2.98648
304,2.1181,1.12511,5.04452,-3.03568
98,2.23071,1.18541,4.95743,-3.15085
587,2.21512,1.16926,5.03355,-3.26178
333,2.18924,1.12418,4.87509,-3.00997
1017,2.35186,1.39271,5.30819,-3.29551
1740,2.12761,1.22253,4.87733,-3.32588
232,2.03853,1.02435,4.73514,-2.936
318,2.16773,1.1977,5.0496,-3.18398
655,2.15265,1.12538,4.84433,-3.14595
656,2.13162,1.17096,4.94833,-3.17426
433,2.12462,1.14275,4.88735,-3.01022
445,2.11805,1.13923,4.81431,-2.99463
233,2.23195,1.24437,5.09313,-3.26419
382,2.1367,1.0798,4.69634,-2.96652
364,2.07066,1.12647,4.72269,-2.9432
1569,1.98028,1.36842,5.12907,-3.10613
651,2.10912,1.43504,5.16483,-3.32738
886,2.04356,1.16143,4.90388,-3.08608
391,2.00923,1.21232,4.81418,-2.95788
55,2.1724,1.16337,5.20796,-3.20187
526,2.02844,1.18478,4.66848,-2.99591
41,2.21097,1.27035,4.89797,-2.94929
1529,1.98341,1.22273,4.78794,-3.01459
1009,2.1656,1.34875,5.12242,-3.21706
1010,2.3275,1.28348,5.22354,-3.24004
1092,2.14877,1.26145,5.20562,-3.13953
1063,2.48621,1.32604,5.43344,-3.16776
1830,2.12057,1.2166,4.88529,-3.0881
660,2.18682,1.3564,5.21815,-3.26288
661,2.19343,1.39168,5.32738,-3.33852
237,2.08508,1.04901,4.93276,-3.10697
297,2.08367,1.26987,4.74653,-3.07913
1394,2.10204,1.44418,5.3014,-3.08136
1023,2.50283,1.38608,5.40715,-3.3736
984,2.41331,1.25572,5.2949,-3.22326
943,2.3739,1.1347,5.3467,-3.30453
981,2.47997,1.23397,5.39321,-3.29517
980,2.42778,1.24615,5.32352,-3.28868
1242,2.21166,1.50222,5.20128,-3.1267
1269,2.12178,1.49412,5.62097,-3.16169
842,2.1093,1.24041,5.0853,-3.32904
841,2.06406,1.29341,5.0514,-3.27365
926,2.1231,1.10219,4.91553,-3.18062
1006,2.22639,1.41765,5.26251,-3.33071
1211,2.10642,1.44264,5.25701,-3.1341
145,2.02383,1.15519,4.67704,-2.9523
1498,2.0601,1.4812,5.40349,-3.24655
979,2.34205,1.21116,5.17715,-3.24128
978,2.44234,1.31076,5.34359,-3.30803
942,2.27345,1.30755,5.25374,-3.24411
953,2.36599,1.21828,5.30098,-3.41255
952,2.36395,1.16719,5.21088,-3.2474
1798,2.01859,1.60873,5.38493,-3.40303
1797,2.27812,1.59174,5.75093,-3.64544
1538,2.0919,1.65174,5.39135,-3.56362
1372,1.99299,1.48335,5.31385,-3.1481
1371,1.98699,1.4361,5.16223,-2.98411
1106,2.32731,1.42964,5.55153,-3.24183
1064,2.36097,1.30556,5.35204,-3.1799
1065,2.39675,1.40632,5.67075,-3.28358
306,1.88945,1.00078,4.31545,-2.76199
105,2.06388,1.1631,4.87979,-3.02262
487,2.02186,1.2323,4.75977,-2.96501
491,2.05372,1.16251,4.72971,-2.88705
1116,2.07245,1.25532,4.78644,-2.93786
1112,2.26542,1.36624,5.2749,-3.24656
1117,2.23109,1.32323,4.87805,-3.08208
1465,2.18146,1.43415,5.61612,-3.3461
1083,2.24185,1.48375,5.40592,-3.20925
1082,2.04301,1.38134,5.33804,-3.26422
1048,2.31771,1.24865,5.43316,-3.21114
1096,2.14568,1.39767,5.47489,-3.31067
818,2.16522,1.1921,5.09081,-3.28848
484,2.06298,1.0638,4.89365,-2.98201
904,2.43795,1.26084,5.08276,-3.44874
777,2.21266,1.36354,5.22071,-3.35237
706,2.14384,1.33114,4.83176,-3.23409
1027,2.37553,1.32562,5.22286,-3.16884
1026,2.24691,1.35641,5.18959,-3.37831
791,2.16405,1.29848,5.07814,-3.29597
786,2.09004,1.21155,5.08526,-3.28364
419,2.13353,1.10422,4.78477,-3.05838
1127,2.25597,1.3014,5.11432,-3.33745
1126,2.15948,1.11657,5.02973,-3.22314
1133,2.23184,1.24579,5.0579,-3.20809
1564,2.01918,1.38704,5.15758,-3.29509
639,2.25117,1.40497,5.43891,-3.46678
1039,2.3504,1.35771,5.36058,-3.36421
941,2.40555,1.18214,5.43546,-3.33832
474,2.05627,1.11084,4.91567,-2.99683
460,2.08843,1.11147,4.90823,-3.03207
1694,2.08106,1.57022,5.30839,-3.32199
1693,2.10501,1.46026,5.30296,-3.43261
369,2.2043,1.20552,4.97693,-3.05687
266,2.16806,1.19114,4.89271,-3.06571
22,2.18628,1.21886,4.97596,-3.37144
38,2.14926,1.24983,5.05899,-3.1491
817,2.11921,1.14656,4.91239,-3.10608
356,2.11786,1.16125,4.91814,-3.09476
83,1.99604,1.09447,4.69219,-2.88602
1752,2.15249,1.65604,5.65642,-3.76397
1760,2.17814,1.55061,5.61894,-3.55918
1796,2.12902,1.37504,5.36535,-3.39344
1643,2.02257,1.57713,5.2048,-3.38009
1795,2.23501,1.69659,5.54378,-3.60791
1058,2.25465,1.19681,5.27067,-3.17973
72,2.12011,1.29646,4.84777,-3.11125
1332,2.12316,1.32618,5.15315,-3.13395
1331,2.07978,1.17897,5.06729,-3.06903
1684,2.07525,1.15272,4.89026,-3.20651
1619,2.03576,1.41504,5.13835,-3.28578
877,2.22171,1.20876,4.99313,-3.24178
151,2.03819,1.07484,4.73346,-2.90429
1826,2.00547,1.56624,5.40985,-3.48582
1778,2.1455,1.37056,5.37853,-3.58175
1777,2.34647,1.2943,5.12463,-3.56625
1142,2.15281,1.29251,5.20866,-3.11511
1283,2.16499,1.25756,5.08531,-3.17423
766,2.16178,1.31197,5.09507,-3.22531
28,2.16949,1.00538,4.94969,-3.13478
1320,2.0616,1.24595,5.12072,-3.321
808,2.27632,1.28585,5.09787,-3.37827
393,2.11538,1.21036,5.00282,-3.09201
238,2.10437,1.18993,4.79932,-2.98688
358,2.16635,1.14345,4.80233,-3.0612
974,2.40297,1.15271,5.41187,-3.34017
1454,1.98093,1.35492,5.11581,-3.09653
1453,2.17026,1.39458,5.42483,-3.32744
1449,1.99657,1.24077,5.15194,-2.99834
1203,2.19907,1.31919,5.24519,-3.16399
762,2.22399,1.41333,5.29378,-3.32026
1459,1.88684,1.39464,5.09874,-2.95034
1458,1.94487,1.36785,4.93066,-3.0683
1566,2.09121,1.40746,5.2405,-3.2465
1490,2.06539,1.43897,5.28609,-3.13639
1486,2.0451,1.47123,5.47411,-3.25716
1460,2.42314,1.62864,6.28732,-3.71117
1474,2.12707,1.31255,5.41661,-3.22243
1473,2.0474,1.4694,5.15778,-3.03759
1476,2.10545,1.36354,5.53585,-3.31871
858,2.05943,1.23773,5.07964,-3.20781
899,2.4803,1.28461,5.31305,-3.51196
1681,2.21157,1.38671,5.22921,-3.49448
17,2.07146,1.15008,4.7732,-3.12716
552,1.9448,1.203,4.51725,-2.92325
1683,2.14111,1.35824,4.98819,-3.32621
1682,2.17837,1.32454,4.9829,-3.34439
1079,2.18134,1.43227,5.52571,-3.30995
1868,2.14879,1.43747,5.4241,-3.29802
355,2.02758,1.19913,4.81102,-2.96084
79,2.0133,1.17259,4.66147,-2.8634
515,2.00034,1.14954,4.66666,-3.13524
275,2.02085,1.13254,4.63468,-2.94502
101,2.19298,1.08741,4.89047,-3.07874
520,2.1134,1.16839,4.78682,-2.99938
199,2.15022,1.17849,4.90123,-3.03149
170,2.03017,1.07935,4.81882,-3.15475
533,2.06366,1.1406,4.76877,-3.13089
341,2.08294,1.05114,4.75689,-2.88443
875,2.11633,1.16791,5.00707,-3.13097
874,2.09455,1.20617,4.74669,-3.06582
1715,2.28991,1.15494,5.06693,-3.29106
1716,2.1874,1.33427,5.05423,-3.45639
1171,1.96865,1.40035,5.09573,-3.10587
409,1.9989,1.15658,4.538,-2.91735
185,2.16064,1.16999,4.83852,-3.02977
255,2.02925,1.14948,4.67292,-2.8962
386,1.97884,1.07426,4.75072,-2.95353
322,1.99849,1.13826,4.67352,-2.95564
316,2.21789,1.20027,5.0404,-3.20662
1584,2.30092,1.24187,5.19107,-3.45805
1047,2.32425,1.25302,5.4294,-3.23496
1051,2.27328,1.32963,5.42419,-3.27628
1812,2.13391,1.59393,5.57412,-3.50405
1555,2.06783,1.53231,5.4816,-3.48276
1288,2.1051,1.20358,5.00148,-3.02347
537,2.10577,1.04849,4.92885,-3.02624
338,2.13402,1.21686,4.85251,-3.04279
339,2.12231,1.18541,5.03088,-3.15083
129,2.01795,1.09046,4.74271,-2.968
769,2.05431,1.16538,4.95322,-3.01081
1100,2.19516,1.34596,5.13785,-3.08997
1101,2.32709,1.4404,5.39772,-3.25164
95,2.07614,1.04757,4.74576,-3.06722
586,2.16746,1.21415,4.92388,-3.23067
1790,2.24763,1.77961,5.73858,-3.74155
1011,2.22497,1.55085,5.20381,-3.26433
1879,1.60038,1.03837,3.85751,-2.52964
916,2.41613,1.28495,5.13212,-3.37076
658,2.10676,1.29362,5.04496,-3.29929
1565,1.91682,1.26069,5.198,-3.31063
244,2.21097,1.1651,5.0283,-3.1654
144,2.02408,1.04959,4.6742,-2.88592
1071,2.35574,1.31587,5.35919,-3.13502
1728,2.10338,1.47113,5.33753,-3.45981
1609,2.19874,1.71417,5.47353,-3.62903
1589,2.24266,1.28502,4.9197,-3.28945
988,2.44281,1.21152,5.25883,-3.2452
1328,2.16683,1.36909,5.20628,-3.09552
1337,1.9815,1.14041,5.02896,-3.04388
1338,2.03207,1.33026,5.23918,-3.13986
657,2.08531,1.24024,4.94809,-3.14024
86,2.08694,1.17841,4.65929,-2.99391
494,2.00762,1.07199,4.77831,-2.99454
332,1.94681,1.04263,4.57377,-2.86851
1326,2.17345,1.2959,5.19617,-3.12674
1327,2.0173,1.36423,5.36512,-3.14069
1554,2.04738,1.68657,5.49385,-3.51659
1817,1.99597,1.61569,5.40272,-3.52262
61,2.10182,1.1589,4.85829,-3.01019
554,2.03255,1.15161,4.68058,-3.09246
810,2.13828,1.16629,4.99819,-3.29134
466,2.06203,1.07173,4.9279,-3.13982
407,2.0336,1.13953,4.6275,-2.91171
425,2.11804,1.07301,4.86619,-3.03525
295,2.06863,1.17261,4.6875,-2.94123
280,2.15107,1.30004,4.90476,-3.12945
1157,2.15325,1.33667,5.49011,-3.21479
1653,2.07811,1.0684,4.76515,-3.2074
1156,1.97936,1.30971,5.16233,-3.12046
678,2.1944,1.25838,4.96295,-3.17254
1162,2.06638,1.31542,5.27459,-3.19038
1281,2.18318,1.41902,5.69768,-3.2633
1280,2.0991,1.45446,5.53598,-3.11246
1169,2.13776,1.35609,5.12725,-3.00316
452,2.20142,1.22414,4.89979,-3.11118
973,2.39411,1.25545,5.31878,-3.30729
1253,1.97156,1.22857,5.10834,-2.93629
989,2.38055,1.18399,5.05862,-3.13389
969,2.41499,1.17801,5.211,-3.23039
142,2.19491,1.17991,4.82237,-3.08465
560,2.16097,1.28995,5.13376,-3.23324
1615,2.15011,1.61414,5.67527,-3.6107
795,2.1312,1.37399,5.21216,-3.35723
787,2.09886,1.23208,5.19225,-3.37186
936,2.24135,1.14254,5.07633,-3.20006
937,2.47174,1.228,5.30237,-3.24036
1401,2.02554,1.46714,5.42501,-3.11579
1088,2.30795,1.29907,5.21155,-3.14709
1074,2.26261,1.19485,5.08148,-3.06467
1075,2.60777,1.44553,5.59858,-3.21566
1188,2.05834,1.44868,5.325,-3.21989
1487,2.16313,1.47953,5.60611,-3.3574
1085,2.36158,1.42702,5.3866,-3.20508
1084,2.03296,1.26815,5.09374,-3.11815
1304,1.95939,1.41551,5.30217,-3.08242
262,2.058,1.15138,4.86456,-3.07004
152,2.21041,1.2551,4.87145,-3.14969
192,2.10296,1.07507,4.89574,-3.08626
1247,2.13393,1.39113,5.26762,-3.11725
960,2.36516,1.1962,5.25679,-3.28798
121,2.10107,1.04177,4.7616,-3.02896
1125,2.25444,1.30666,4.86889,-3.14679
1846,2.15967,1.29017,5.00293,-3.06853
1383,2.14496,1.38269,5.27367,-3.13525
1386,1.96616,1.46558,5.34381,-3.11074
468,2.06484,1.18676,4.82525,-3.09394
435,2.04438,1.12137,4.79956,-3.00941
90,2.09239,1.22093,4.83168,-2.86715
366,2.15925,1.20308,4.91382,-3.06232
1744,2.17426,1.27607,5.06599,-3.42858
1621,2.16623,1.32775,5.10352,-3.3315
1664,2.20135,1.66052,5.57459,-3.62347
1556,1.98166,1.57659,5.59959,-3.62567
1533,1.96914,1.50344,5.39119,-3.46413
1502,2.12911,1.57771,5.40953,-3.25171
1503,2.1359,1.51794,5.53529,-3.27356
1475,2.1062,1.28092,5.31544,-3.21382
1495,2.136,1.50651,5.61457,-3.39063
388,2.12936,1.16916,4.86977,-3.06085
1508,2.13323,1.30897,5.07632,-3.30726
1507,2.0945,1.22992,4.88704,-3.18814
1773,2.10649,1.31471,5.02993,-3.3173
920,2.32554,1.23407,5.21634,-3.43559
1066,2.35051,1.24747,5.26433,-3.1104
1478,2.02327,1.2693,5.16096,-3.01772
1477,1.88671,1.23203,4.97441,-2.87707
284,2.07536,1.05353,4.54473,-2.83674
536,2.12023,1.13901,4.79948,-3.07478
449,2.20008,1.26919,5.06263,-3.08181
317,1.96622,1.1121,4.56206,-2.93516
362,2.02045,1.02837,4.66616,-2.85779
294,2.12181,1.10098,4.76344,-3.02108
1272,2.02554,1.46334,5.06885,-2.92251
1346,2.13984,1.39054,5.49991,-3.33659
1563,2.00841,1.43266,4.9988,-3.23168
900,2.31459,1.30754,5.11252,-3.42963
1484,2.10713,1.4366,5.44468,-3.30967
743,2.26783,1.43574,5.31239,-3.45915
1161,2.06726,1.19548,5.2088,-3.25385
259,2.13048,1.09078,5.05571,-3.10684
87,2.05056,1.08723,4.63475,-2.96757
408,2.13217,1.07532,5.02505,-3.07591
1038,2.31095,1.3993,5.23603,-3.24122
1696,2.0867,1.57344,5.35332,-3.50937
1856,2.15784,1.31071,5.01655,-3.02042
1857,2.21277,1.38584,5.19302,-3.08907
1245,2.07462,1.24016,5.12644,-3.2094
1629,2.12132,1.63373,5.29206,-3.43911
824,2.17114,1.23615,4.98171,-3.32133
828,2.07363,1.48397,5.22136,-3.35003
15,2.15482,1.09442,4.82951,-3.24406
922,2.32608,1.22781,5.04728,-3.3097
1284,2.07765,1.3127,5.33245,-2.99303
349,2.10002,1.16803,4.94222,-3.07671
213,2.24145,1.18735,4.9866,-3.1586
302,2.12664,1.0615,4.78066,-2.9789
1582,2.071,1.58281,5.40017,-3.544
1704,2.07451,1.67147,5.52556,-3.61712
746,2.09937,1.22046,4.81081,-3.16914
158,2.01484,1.08724,4.77401,-3.06088
118,2.08649,1.05538,4.84963,-3.02631
200,2.1624,1.15223,4.86707,-3.06815
471,1.99669,1.04936,4.55382,-2.85363
102,2.05147,1.20767,4.66077,-2.91157
21,2.10086,1.17884,4.66596,-3.05439
1863,2.14302,1.36755,5.1676,-3.17584
1864,2.24911,1.45451,5.43409,-3.35107
1862,2.3851,1.47469,5.74817,-3.55176
1867,2.17084,1.39621,5.48579,-3.40269
794,2.14507,1.3348,5.07955,-3.28896
1123,2.24825,1.25946,5.01575,-3.21826
76,2.14891,1.08636,4.74464,-3.02927
475,2.17978,1.06685,5.06167,-3.10105
833,2.20355,1.20933,5.06745,-3.36401
1437,2.09082,1.63782,5.49466,-3.30433
1264,2.01515,1.4432,5.09454,-3.02424
993,2.32818,1.03305,5.22095,-3.2754
992,2.33662,1.0522,5.25338,-3.2437
396,2.11124,1.16905,4.85453,-3.022
1806,2.14043,1.26655,4.77308,-3.18219
1807,2.21871,1.2967,5.02668,-3.36311
236,2.14152,1.18695,4.87106,-3.08593
27,2.20639,1.15043,4.84289,-3.06764
161,1.98493,1.05087,4.62198,-2.86161
493,1.93388,1.10516,4.45953,-2.88897
147,2.0798,1.12716,4.91505,-2.97976
135,2.03953,1.11409,4.72809,-3.05516
528,2.10377,1.14769,4.81525,-3.03764
285,2.14711,1.18448,4.82283,-3.17621
1197,2.17345,1.6094,5.52718,-3.28336
1369,2.05307,1.2318,4.89221,-3.16838
157,2.12221,1.22292,4.8219,-3.12297
1751,2.19771,1.70208,5.61507,-3.58564
896,2.16599,1.26164,5.0703,-3.21678
895,2.27537,1.20683,5.01148,-3.26118
12,2.10163,1.24208,4.76925,-3.05627
1131,2.13335,1.39451,5.12948,-3.2813
1319,2.32038,1.50892,5.45932,-3.33123
1318,2.16679,1.31623,5.39643,-3.1748
864,2.26549,1.40641,5.09962,-3.40654
863,2.13037,1.22546,5.03077,-3.13573
290,2.12247,1.20746,4.68939,-2.94661
1462,2.15619,1.4453,5.34396,-3.17767
1361,2.06342,1.41147,5.44559,-3.18844
207,2.18874,1.1603,5.11646,-3.14775
481,2.13019,1.11606,4.84692,-3.05686
631,2.28037,1.46802,5.09226,-3.39797
1149,2.13441,1.24813,5.34991,-3.18441
1334,2.02071,1.36888,5.1896,-3.0307
948,2.36211,1.28926,5.29857,-3.35331
1345,2.12624,1.33804,5.44967,-3.34058
1312,2.06405,1.30437,5.20259,-3.10633
402,2.03376,1.15763,4.77493,-3.09644
279,2.12234,1.17997,4.93438,-3.12591
1642,2.11357,1.53185,5.64013,-3.57854
1059,2.29182,1.33529,5.42146,-3.23042
1062,2.428,1.29093,5.29868,-3.11618
1109,2.24068,1.47162,5.33817,-3.18684
1103,2.46599,1.41834,5.57501,-3.28816
595,2.16781,1.3561,5.30598,-3.43552
615,2.07199,1.39514,5.06246,-3.34044
1213,2.06764,1.32661,5.09851,-3.11082
1713,2.10361,1.19909,4.79168,-3.22433
717,2.25989,1.45688,5.62395,-3.56993
1811,1.9965,1.6307,5.22234,-3.35709
1364,1.95291,1.37467,5.20769,-3.08613
1365,2.07681,1.5136,5.38651,-3.15432
178,2.24527,1.13468,4.97653,-3.05147
563,2.01948,1.20426,4.92341,-3.25143
85,2.10317,1.18617,4.89527,-3.0086
23,2.06168,1.11508,4.60306,-3.13687
109,2.09825,1.10456,4.70613,-2.97123
1068,2.30865,1.17638,5.20992,-3.18021
1255,1.98751,1.29265,5.27269,-3.2588
1420,2.05542,1.37763,5.46575,-3.24068
126,2.1897,1.1424,4.96828,-3.10872
97,2.20897,1.09353,4.81519,-3.13757
1356,1.91344,1.43614,5.19185,-3.20214
1357,2.01275,1.43169,5.44252,-3.19228
1344,2.07099,1.33241,5.48064,-3.25951
327,2.08043,1.21247,4.85769,-3.03857
241,2.11863,1.13077,5.00052,-3.25681
1321,2.12538,1.38153,5.25955,-3.06534
245,2.19187,1.25664,5.01039,-3.1126
1323,2.04342,1.40461,5.19479,-2.97794
243,2.04032,1.00053,4.69558,-2.90059
50,2.26839,1.2585,5.0153,-3.10554
414,2.19213,1.13789,4.94192,-3.16563
1057,2.50616,1.29531,5.41662,-3.18297
1054,2.41285,1.37425,5.34458,-3.11437
995,2.39268,1.23656,5.20712,-3.25776
492,2.15272,1.24399,4.87073,-3.01861
171,2.07927,1.09899,4.95042,-3.06809
1741,2.04186,1.37591,4.92024,-3.38116
1219,2.11288,1.41884,5.32817,-3.0892
242,2.04522,1.07007,4.60548,-2.85094
1342,1.94203,1.35076,5.28449,-2.99676
66,2.10471,1.1457,4.78731,-3.01958
313,2.0042,1.14991,4.72334,-2.93847
82,2.10479,1.1548,4.80632,-3.03904
482,2.06827,1.09559,4.73723,-3.02114
1608,2.12183,1.54783,5.4104,-3.64491
1164,2.16921,1.38896,5.27553,-3.12588
1238,2.00759,1.40699,5.37055,-3.02975
431,2.10903,1.0879,4.78583,-2.96405
404,2.04496,1.25467,4.60491,-3.02657
1678,2.17764,1.27331,4.87995,-3.19257
765,2.11953,1.32634,4.97363,-3.20887
1450,2.05208,1.31311,5.26895,-3.11197
139,2.04443,1.14438,4.69068,-2.93619
201,2.14933,1.12815,5.01905,-3.20609
323,1.99934,1.07378,4.72667,-3.02633
234,2.14168,1.12164,4.6997,-3.04623
260,2.12193,1.09136,4.98006,-3.12989
496,1.99833,1.13227,4.73513,-3.00191
353,2.04709,1.11928,4.67567,-2.91617
497,2.0355,1.12447,4.74039,-2.92532
1456,2.11827,1.33658,5.31046,-3.2398
836,2.1955,1.27443,5.04491,-3.33992
437,2.19247,1.07776,4.9836,-3.14206
1770,2.09103,1.29071,4.95396,-3.34811
1314,2.04351,1.25558,5.01549,-2.99357
801,2.2475,1.28564,5.05894,-3.46687
802,2.27056,1.49268,5.18623,-3.57647
190,2.03514,0.994219,4.79749,-3.03613
934,2.32065,1.32425,4.99372,-3.20913
935,2.44504,1.2697,5.22555,-3.36645
1150,2.0243,1.32593,5.22096,-3.0925
771,2.03675,1.4686,5.03952,-3.19437
1500,2.07969,1.50592,5.34421,-3.24323
1180,2.10671,1.49998,5.39272,-3.14682
872,2.12454,1.2572,4.97321,-3.13364
522,1.95531,1.04641,4.43469,-2.94846
1601,2.16642,1.48046,5.41812,-3.70097
1620,2.30082,1.17909,4.90574,-3.34065
539,2.07258,1.04125,4.76503,-3.11982
165,2.18025,1.2942,4.91983,-3.14693
735,2.13074,1.26947,5.0802,-3.30774
47,2.04996,1.05014,4.86634,-3.00745
1528,2.0113,1.41445,5.05363,-3.06232
440,2.06767,1.16135,4.70208,-2.95262
446,1.98083,1.03635,4.45365,-2.87903
351,1.97838,1.11686,4.59924,-2.85056
166,1.97597,1.03632,4.72622,-2.99439
458,2.17563,1.13754,4.79368,-3.07088
1124,2.09988,0.994695,4.82599,-3.11417
1802,2.12454,1.19761,4.73402,-3.18428
104,2.01543,1.17406,4.79632,-2.90601
229,2.02479,1.17948,4.73113,-3.07612
1001,2.12504,1.34719,5.05498,-3.36166
1002,2.04718,1.43725,4.85581,-3.16168
88,2.11457,1.16836,4.8118,-3.0782
1710,2.18902,1.18887,5.12438,-3.31718
501,2.1171,0.996337,4.84586,-3.13141
411,1.94752,1.0276,4.48416,-2.80864
315,2.17679,1.18985,4.77157,-3.08003
1108,2.26463,1.2793,5.29858,-3.27066
774,2.13808,1.37694,5.1119,-3.22829
869,2.09724,1.32958,4.95193,-3.12551
741,2.27335,1.37944,5.41776,-3.41957
582,2.20286,1.25855,5.11826,-3.30672
348,2.05781,1.08763,4.89199,-3.17418
1045,2.2717,1.20417,5.25985,-3.11742
1869,2.07164,1.43207,5.30521,-3.20687
1184,2.14901,1.39843,5.43013,-3.22869
885,1.98198,1.20178,4.70159,-2.94627
195,2.04793,1.0959,4.79528,-3.08712
1138,2.07253,1.22368,5.19858,-3.09065
880,2.22531,1.24212,5.15623,-3.35138
495,2.12294,1.01865,4.79021,-3.07422
736,2.21895,1.3562,5.17554,-3.30313
224,2.16021,1.14078,4.8075,-3.06204
1163,2.02252,1.26421,5.20055,-3.14059
1861,2.12854,1.28342,5.25903,-3.07427
1762,2.13351,1.45154,5.48645,-3.5307
611,2.25835,1.43768,5.43803,-3.56687
1607,2.15538,1.53086,5.42712,-3.54567
838,2.19016,1.25787,5.21629,-3.44582
628,2.13196,1.21393,5.04663,-3.27154
1731,2.19305,1.47714,5.4618,-3.4992
601,2.24729,1.28905,5.07275,-3.33078
1781,2.11326,1.61692,5.54946,-3.58529
1501,2.13152,1.52381,5.44265,-3.21562
1461,2.13387,1.42621,5.24607,-3.13722
837,2.25047,1.25888,5.16394,-3.39272
1021,2.31689,1.27345,5.25864,-3.21764
583,2.22588,1.34753,5.10663,-3.3937
221,2.202,1.17536,4.97801,-3.15168
71,2.05449,1.11305,4.84183,-3.07209
450,2.09724,1.18657,4.84402,-2.96619
503,2.1476,1.12149,4.99089,-3.11228
535,2.15095,1.20112,4.96922,-3.10795
59,2.18502,1.1673,4.95846,-3.05903
96,2.17375,1.12003,4.96752,-3.13222
907,2.35167,1.4505,5.2234,-3.43038
849,2.08203,1.20897,4.91722,-3.26557
850,1.97642,1.1888,4.84551,-3.10098
1146,2.16134,1.36011,5.43499,-3.20322
931,2.16981,1.23822,5.05819,-3.20853
1129,2.15988,1.38718,5.06075,-3.17431
893,2.33732,1.33642,5.26716,-3.49111
250,2.15155,1.11602,4.94195,-2.99566
744,2.0659,1.28581,5.12702,-3.32055
905,2.27674,1.26159,5.18647,-3.31572
894,2.25552,1.25745,5.19966,-3.29935
1591,2.14426,1.24509,4.79593,-3.20679
18,2.11519,1.12444,4.71896,-3.16639
53,2.07478,1.16446,4.74715,-3.05309
80,1.9796,1.07655,4.48237,-2.83561
31,2.17721,1.19602,4.84185,-3.08771
914,2.09407,1.30265,5.34134,-3.49078
710,2.25734,1.40301,4.88211,-3.19757
711,2.29641,1.41632,5.17343,-3.35871
1551,2.02495,1.49906,5.47616,-3.4909
1552,2.02885,1.67365,5.54356,-3.53154
443,2.13754,1.08079,4.71813,-2.94993
1429,2.13395,1.44937,5.34837,-3.12966
684,2.26688,1.29595,5.15253,-3.28444
835,2.16683,1.27815,4.94127,-3.21262
1178,2.06428,1.43362,5.24256,-3.26555
637,2.31498,1.53014,5.61574,-3.57013
490,2.1889,1.1876,4.95522,-3.16354
423,2.17551,1.11567,5.11079,-3.20645
541,2.14816,1.17383,4.94526,-3.15644
405,2.07492,1.19362,4.76554,-2.94039
463,2.0117,1.04636,4.63389,-2.87869
331,2.19613,1.16679,4.82845,-3.0987
1089,2.30211,1.23059,5.3591,-3.15659
1076,2.28804,1.26317,5.17766,-3.20412
1077,2.44671,1.24344,5.41607,-3.31352
220,1.98002,1.2237,4.70346,-2.89399
271,2.09497,1.12858,4.9117,-3.00809
239,2.16055,1.14036,4.92804,-3.12606
1680,2.10692,1.28508,4.97883,-3.36903
1655,2.10049,1.27018,5.0091,-3.25177
1775,2.07457,1.18318,4.83464,-3.26334
13,2.07355,1.24736,4.66707,-3.18488
1441,2.04786,1.35476,5.09948,-2.99994
986,2.43657,1.21905,5.28222,-3.2866
300,2.04333,1.10855,4.75875,-2.93972
516,1.9583,1.13677,4.65676,-3.00989
473,2.03581,1.05537,4.71301,-2.97047
422,2.06963,1.11615,4.7853,-3.04091
248,2.08802,1.19256,4.90612,-3.24811
1558,2.11612,1.67381,5.5406,-3.56663
128,1.91284,1.15338,4.6793,-2.87475
227,1.94752,1.0273,4.59123,-2.90096
1042,2.12225,1.21203,5.08759,-3.05985
1860,2.12731,1.29887,5.0571,-3.18135
1333,2.10368,1.15277,5.32834,-3.17993
124,2.24689,1.17551,4.97623,-3.16135
94,2.07579,1.05669,4.7785,-3.10855
1594,2.02176,1.4788,5.43314,-3.39048
1606,2.10655,1.50457,5.45728,-3.56617
505,2.06832,1.1654,4.8811,-3.17676
1732,2.0697,1.55399,5.36833,-3.33404
1055,2.5316,1.35258,5.48614,-3.22711
1110,2.2741,1.35643,5.2705,-3.12688
1070,2.35475,1.34764,5.24582,-3.07907
397,1.99623,1.11825,4.71558,-2.97726
64,2.07665,1.19971,4.64617,-2.90446
1285,2.17193,1.40724,5.40294,-3.271
906,2.27722,1.34289,5.13487,-3.41621
247,2.05757,1.13705,4.71419,-2.93864
420,2.05101,1.11637,4.8122,-3.05058
514,1.96933,1.12179,4.65555,-3.03513
444,2.06933,1.13638,4.75421,-2.94349
308,2.04301,1.17233,4.85182,-3.03943
726,2.16019,1.41882,5.14349,-3.33833
1522,1.95188,1.21183,4.88287,-3.13764
1510,2.13057,1.1771,4.91325,-3.22707
1509,2.15134,1.10554,4.92148,-3.22693
618,2.15259,1.28712,5.1241,-3.27316
258,2.1101,1.18816,4.89696,-3.09937
311,2.13464,1.11479,4.82258,-3.00366
1046,2.29262,1.25423,5.38595,-3.1946
1056,2.33328,1.32966,5.27018,-3.1535
1676,2.08994,1.57773,5.34961,-3.4351
320,2.18102,1.13009,4.91866,-3.10399
1579,2.10414,1.66636,5.49558,-3.47011
231,2.15298,1.11776,5.0742,-3.16867
153,2.13373,1.13127,4.8489,-3.0015
597,2.17689,1.46349,5.38578,-3.39658
680,2.18649,1.32893,5.25461,-3.33945
679,2.12085,1.28361,5.01762,-3.1796
209,2.12056,1.18787,4.81203,-3.04587
1151,2.06801,1.36131,5.30461,-3.09609
1380,2.07225,1.33552,5.37348,-3.01454
120,2.14431,1.10625,4.83213,-3.08119
198,2.04469,1.14341,4.64166,-2.86518
368,2.13569,1.13989,4.99215,-3.15154
1452,2.00426,1.19236,5.15986,-3.13031
25,2.19231,1.21518,4.78534,-3.10095
855,2.26817,1.26707,5.10613,-3.36514
1567,2.05725,1.45835,5.26326,-3.179
1784,2.08755,1.47173,5.2277,-3.22721
1111,2.43825,1.48974,5.60845,-3.34904
1200,2.03117,1.32711,4.98887,-2.9641
277,2.04165,1.03801,4.75039,-3.03291
1072,2.37272,1.16691,5.33165,-3.09701
1073,2.44242,1.33248,5.41985,-3.18382
1218,2.06322,1.32565,5.15464,-3.11535
1358,2.02435,1.41365,5.29513,-3.19961
1359,2.04215,1.39998,5.34992,-3.18527
309,1.91584,1.16209,4.59836,-2.83367
1840,2.13372,1.40765,5.04718,-3.21935
189,2.13109,1.23384,5.0439,-2.97806
915,2.42516,1.30548,5.19728,-3.50764
168,2.06544,1.13723,4.75753,-3.10258
720,2.30852,1.39797,5.46986,-3.62344
725,2.31436,1.48723,5.44581,-3.44319
620,2.24965,1.2236,5.22587,-3.39793
403,1.99191,0.994443,4.71758,-3.03985
1568,2.03879,1.45524,5.27418,-3.20076
1400,1.93367,1.39491,5.03624,-3.09096
507,2.09087,1.21026,4.81189,-3.20648
856,2.15098,1.20866,4.99977,-3.20237
1837,2.02563,1.2503,4.92935,-3.02935
424,2.09797,1.13069,4.7721,-3.01238
383,2.01139,1.0045,4.54583,-2.87396
1578,2.00371,1.62941,5.46986,-3.49272
1577,2.08233,1.57463,5.47546,-3.51753
175,2.01421,1.1968,4.8465,-3.01087
715,2.10537,1.45064,5.10029,-3.35499
1483,2.10924,1.39773,5.22008,-3.24202
287,2.08228,1.10321,4.84167,-3.07987
1575,2.03899,1.52021,5.57926,-3.52855
623,2.34915,1.37781,5.29285,-3.43293
851,2.05644,1.2219,4.8779,-3.08079
722,2.30073,1.3916,5.36403,-3.50965
1767,2.00092,1.47776,5.26014,-3.36077
982,2.55311,1.25129,5.52544,-3.39316
983,2.43671,1.22733,5.31429,-3.22622
1711,2.02004,1.3921,4.96628,-3.3187
1210,2.11752,1.38742,5.08647,-3.0384
1871,1.45808,1.04956,3.88187,-2.24376
29,2.09464,1.09681,4.84405,-2.93132
511,2.09114,1.25243,4.76406,-3.15821
99,2.20737,1.12982,4.89084,-3.05899
225,2.13993,1.27809,4.90326,-2.99648
721,2.14431,1.36489,5.23181,-3.49837
442,2.13143,1.16749,4.79436,-3.04199
390,2.22626,1.13936,5.02191,-3.15618
14,2.15727,1.11254,4.63176,-3.07836
394,2.07477,1.07888,4.67028,-2.96296
299,2.0746,1.05111,4.58106,-2.89391
389,2.1938,1.15747,4.93599,-3.0991
1739,2.18293,1.31739,5.09177,-3.34405
891,2.34888,1.33183,5.1888,-3.35885
892,2.27344,1.16753,5.02102,-3.28598
1122,2.20394,1.31071,4.8524,-3.07417
1341,1.94219,1.37568,5.11831,-3.06421
141,1.93778,1.06965,4.37999,-2.81811
257,2.01519,1.04532,4.6243,-2.87401
1491,2.09807,1.44853,5.30214,-3.25304
19,2.1255,1.16284,4.82919,-3.25681
219,2.10956,1.1898,4.75418,-2.9957
24,2.16623,1.116,5.07051,-3.23411
747,2.15996,1.26425,5.04777,-3.26906
683,2.05674,1.19521,4.95811,-3.09674
1144,1.99995,1.20514,5.05121,-3.03449
1874,1.67937,1.00727,3.72137,-2.31907
1212,1.96734,1.35297,4.95727,-3.07449
328,2.05605,1.04413,4.74831,-3.04075
37,1.93067,1.00986,4.42088,-2.75757
205,2.15369,1.18076,4.97379,-3.01556
268,2.19837,1.16341,5.29786,-3.2158
932,2.16678,1.26069,5.04887,-3.22613
1148,2.10381,1.35104,5.06294,-2.97212
903,2.29766,1.32917,5.06991,-3.29857
1571,2.02857,1.30421,5.07269,-3.30453
340,2.21139,1.2297,4.85397,-3.07343
148,2.19046,1.13524,4.91009,-3.11099
815,2.14391,1.32395,5.13909,-3.4074
1738,2.14793,1.22229,4.83638,-3.2579
1105,2.38498,1.34484,5.46047,-3.1824
949,2.60853,1.42616,5.36926,-3.39096
73,2.10869,1.1258,4.84161,-2.99865
159,2.15029,1.1487,4.95076,-3.10392
367,2.12365,1.17561,4.91066,-2.98563
321,2.09893,1.10018,4.7751,-2.96376
1028,2.26833,1.46748,5.32457,-3.29586
372,2.05325,1.14527,4.70735,-2.94757
274,2.10881,1.0339,4.79488,-3.01776
111,2.02402,1.09045,4.54774,-2.81932
1464,2.08272,1.33059,5.30463,-3.21579
1849,2.22205,1.30645,5.21149,-3.22887
58,2.03986,1.07918,4.70456,-2.93126
624,2.20417,1.23445,5.17689,-3.33136
374,2.03064,1.12506,4.6593,-2.98106
553,1.94968,1.01374,4.5008,-3.10499
329,2.1045,1.25606,4.85789,-3.08682
78,2.1449,1.22525,4.98296,-3.19797
538,2.27623,1.29757,5.1342,-3.3449
240,2.17024,1.15109,5.00604,-3.06645
103,2.06218,1.21499,4.86543,-3.12676
1481,1.97676,1.43829,5.1681,-3.09295
163,2.0131,1.04775,4.60193,-2.95092
1788,2.10336,1.60572,5.36347,-3.44867
176,2.03738,1.00892,4.6316,-2.85045
525,1.98743,1.23092,4.68957,-3.2269
488,2.02073,1.05315,4.79418,-3.00231
489,2.03489,1.07336,4.65951,-2.93869
226,2.1732,1.17904,4.91576,-3.1296
968,2.3588,1.28918,5.29347,-3.24524
210,2.12162,1.10674,4.95373,-3.05201
32,2.10876,1.12118,4.87298,-2.98122
681,2.14256,1.25361,5.08795,-3.3295
951,2.38132,1.2943,5.29376,-3.25041
1260,2.23858,1.4963,5.61171,-3.26008
462,2.06905,1.15683,4.77106,-2.96525
100,2.11671,1.22503,4.75869,-3.05204
868,1.94624,1.30255,4.84167,-3.11081
427,2.07349,1.19906,4.90334,-3.05127
438,2.17202,1.2323,5.0879,-3.24326
1353,2.11273,1.44367,5.36313,-3.18107
264,2.11408,1.13727,4.98137,-3.02986
324,2.03464,1.12492,4.73324,-2.93773
1004,2.12213,1.50586,5.13208,-3.21889
123,2.0587,1.06242,4.61241,-2.86008
270,2.02625,0.959821,4.67965,-2.97546
45,2.14018,1.16046,4.81597,-2.98315
630,2.26505,1.34431,4.9153,-3.32045
1838,2.02025,1.24885,5.04748,-3.03126
155,2.07136,1.15701,4.83482,-2.98413
1602,2.10677,1.37278,5.20553,-3.5239
478,2.09759,1.03762,4.68375,-2.94338
1722,2.03485,1.63874,5.43902,-3.48529
345,2.14426,1.18088,4.85456,-3.06002
532,2.0048,1.10273,4.54194,-2.91901
336,2.14528,1.19594,4.81373,-3.05889
530,2.02699,1.0826,4.63802,-2.90856
1559,1.85059,1.38582,4.82156,-3.16294
1457,2.07735,1.35146,5.3328,-3.20167
307,2.16447,1.10658,4.92407,-3.09438
282,2.08491,1.18437,4.94152,-3.10051
230,2.02237,1.10888,4.75772,-2.95364
42,2.17818,1.1384,4.95139,-3.04222
997,2.17215,1.51872,5.21281,-3.47388
998,2.12165,1.54171,5.07558,-3.27128
75,2.10494,1.13962,4.74261,-2.96461
117,2.15638,1.22432,4.98639,-3.09338
1872,1.4914,1.0218,3.85229,-2.44533
1527,1.90986,1.23871,4.80231,-3.00171
276,1.9908,1.14755,4.7634,-2.94312
434,2.03632,1.15328,4.81388,-2.99447
370,2.05641,1.16093,4.79761,-3.01816
1750,2.0872,1.72108,5.5375,-3.59549
1544,2.11207,1.56714,5.29012,-3.34347
950,2.22069,1.17959,5.08906,-3.16033
1878,1.60408,1.07163,3.85752,-2.32168
457,1.90577,1.00551,4.62473,-2.87581
1102,2.24378,1.34373,5.24282,-3.25833
119,2.148,1.21778,4.8093,-3.10671
441,2.14168,1.22297,4.73203,-3.07825
371,2.13082,1.24786,4.98936,-3.17119
918,2.33239,1.35494,5.13234,-3.38239
301,2.15115,1.26735,4.9546,-3.10416
1413,2.04684,1.39627,5.10978,-3.00277
70,2.1412,1.16433,4.86348,-3.03423
261,2.09312,1.14375,4.79126,-3.07612
1618,2.1314,1.3563,4.95921,-3.28459
1098,2.22649,1.35186,5.29391,-3.14407
1216,1.95211,1.30068,4.91847,-3.0337
480,2.11152,1.17339,4.83857,-3.13262
540,2.17642,1.24111,4.78287,-3.05219
629,2.30765,1.29512,5.23808,-3.38981
89,2.00573,1.2104,4.68205,-2.9135
206,2.14483,1.02927,4.91767,-3.04999
1302,2.14456,1.35554,5.4518,-3.26497
469,2.07538,1.02275,4.75916,-2.96479
551,2.05122,1.20538,4.86517,-3.04157
384,2.03776,1.08897,4.69813,-2.98096
361,2.03814,1.09923,4.68095,-2.97918
724,2.2693,1.4039,5.43325,-3.51759
572,2.12117,1.18929,5.14572,-3.26772
363,2.07338,1.08076,4.88271,-3.09059
510,2.06347,1.137,4.77256,-3.15069
214,2.19006,1.25058,5.10398,-3.24626
399,2.03821,1.20227,4.83752,-3.09143
379,2.12839,1.14942,5.04271,-3.21575
1104,2.15246,1.28994,5.26361,-3.09297
1259,2.24907,1.39404,5.41711,-3.23688
483,2.04437,1.11179,4.72057,-3.05158
1772,2.12186,1.16207,4.87836,-3.16451
62,2.08955,1.09803,4.80236,-2.92515
1329,2.115,1.42235,5.2593,-3.0419
421,2.0273,1.20759,4.79281,-3.00117
173,2.04532,1.06004,4.7928,-3.04724
253,2.19715,1.18491,5.18139,-3.19145
519,2.09719,1.17425,4.75766,-3.09558
543,2.04268,1.01545,4.64452,-2.96461
60,2.09156,1.13254,4.96235,-3.13165
1823,1.97347,1.41402,5.18715,-3.29839
292,2.03977,1.06692,4.67876,-2.97471
542,2.05624,1.13466,4.70551,-2.90453
335,2.14266,1.16039,4.9378,-3.11958
430,2.07155,1.15134,4.79299,-3.08554
365,2.17514,1.29719,5.03808,-3.17933
659,2.07726,1.35367,4.96054,-3.3355
193,2.0637,1.19225,4.80127,-2.9143
293,2.01193,1.16523,4.65897,-2.97689
387,2.00768,1.27185,4.92641,-3.18456
428,2.09528,1.03366,4.70205,-3.01536
130,2.08557,1.13923,4.93178,-3.03351
456,2.13287,1.10705,4.95209,-3.08272
508,1.94501,1.01927,4.50107,-2.93976
208,2.06929,1.03011,4.78432,-2.99668
412,2.07968,1.10365,4.8053,-3.04014
544,2.08854,1.2224,4.9534,-3.15166
40,2.10483,1.09514,4.83627,-3.1207
84,2.11827,1.17366,5.04096,-3.18027
448,2.12646,1.10467,4.69706,-3.04139
406,2.06134,1.12859,4.87381,-2.96945
143,2.16013,1.19828,4.92364,-3.0875
498,2.07431,1.05309,4.90576,-3.04764
1877,1.43009,0.977903,3.66943,-2.30366
222,2.19642,1.2288,5.05071,-3.15522
337,2.04664,1.06591,4.84615,-2.99473
436,1.95068,1.25261,4.80326,-3.0718
476,2.1534,1.13959,4.83783,-3.09674

