1768,-0.712668,0.284513,2.99205,-3.39298
1704,-0.847046,0.358046,3.55326,-4.02847
1712,-0.826518,0.339944,3.44484,-4.00724
1711,-0.836168,0.294537,3.67824,-4.16164
1647,-0.969145,0.42845,4.01172,-4.68487
1775,-0.693404,0.262864,3.06202,-3.44059
1767,-0.693504,0.286754,3.11747,-3.47335
1766,-0.68348,0.51979,2.99564,-3.4696
1765,-0.587652,0.500872,2.91354,-3.63686
1774,-0.665012,0.196499,3.00422,-3.3788
1782,-0.736281,0.218054,3.13997,-3.45192
1718,-0.848871,0.294773,3.56265,-4.04636
1726,-0.822032,0.351757,3.45784,-4.0425
1662,-0.95503,0.413634,3.90172,-4.59203
1663,-0.959891,0.399927,3.92152,-4.59727
1664,-0.904486,0.475674,3.917,-4.57306
1656,-0.885163,0.39257,3.79423,-4.44562
1727,-0.84743,0.27532,3.57113,-4.13259
1655,-0.955609,0.43125,3.93035,-4.61945
1648,-0.944902,0.409756,3.90638,-4.57638
1584,-0.968073,0.406734,4.00659,-4.70527
1520,-1.01437,0.267225,4.12984,-4.84187
1456,-1.03967,0.179325,4.12836,-4.83079
1455,-1.05917,0.145572,4.10231,-4.85042
1391,-1.00871,0.0459849,4.01862,-4.74471
1383,-0.964771,0.0937914,4.09286,-4.62366
1375,-0.947915,0.137946,4.25893,-4.62897
1376,-0.934047,0.226948,4.11134,-4.57446
1440,-0.957728,0.279258,4.11314,-4.73811
1432,-0.950986,0.356314,4.28413,-4.65838
1424,-0.937769,0.350651,4.39191,-4.67937
1423,-0.978261,0.357876,4.62149,-4.90383
1488,-0.99744,0.434269,4.28431,-4.87682
1487,-0.974488,0.408938,4.3065,-4.84185
1486,-0.960048,0.451506,4.23763,-4.76934
1479,-0.946359,0.419647,4.25509,-4.75044
1478,-0.984922,0.460946,4.23515,-4.83937
1477,-0.959644,0.45974,4.31357,-4.8375
1541,-0.990691,0.454887,4.2497,-4.88562
1542,-0.984385,0.420634,4.03831,-4.75821
1550,-1.01966,0.430657,4.15181,-4.87411
1558,-0.977047,0.489834,4.14768,-4.85424
1551,-0.993033,0.486199,4.19995,-4.90384
1543,-0.976296,0.427192,4.20464,-4.81479
1559,-1.00126,0.44051,4.11006,-4.79231
1560,-1.01592,0.434981,4.15135,-4.82013
1496,-0.97614,0.405925,4.26502,-4.86218
1504,-1.02539,0.415149,4.239,-4.92429
1512,-1.00526,0.386076,4.20534,-4.92568
1448,-0.959579,0.211294,4.15968,-4.7555
1384,-0.896167,0.105787,3.97854,-4.54644
1447,-0.978507,0.179563,4.19031,-4.74604
1439,-0.982911,0.257915,4.13185,-4.67622
406,-1.27824,0.106531,4.27772,-4.74721
414,-1.36626,0.180777,4.15967,-4.9323
413,-1.32179,0.238278,3.91201,-4.80838
412,-1.25862,0.207249,4.05148,-4.80243
342,-1.46084,0.254536,4.54328,-4.96697
350,-1.51168,0.235345,4.35605,-5.19864
349,-1.25989,0.257222,4.17522,-4.8901
470,-1.39715,0.0199149,4.28693,-4.98795
478,-1.32324,0.140424,4.00865,-5.11698
542,-1.26132,0.13343,3.87789,-4.98201
486,-1.44048,0.240835,4.15305,-5.42727
485,-1.38855,0.211976,4.08521,-5.35384
549,-1.36765,0.131397,4.06995,-5.35403
548,-1.19892,0.111371,4.18306,-5.31909
550,-1.51339,0.303996,4.03318,-5.42023
551,-1.33347,0.230475,3.841,-5.25271
487,-1.46578,0.302866,3.98578,-5.34036
488,-1.30724,0.357818,3.89852,-5.27849
552,-1.2629,0.218267,3.78892,-5.20943
560,-1.26919,0.430268,4.07472,-5.63003
544,-1.27137,0.248104,3.67349,-4.93534
543,-1.20542,0.135704,3.79201,-4.89171
479,-1.26972,0.16113,3.79075,-4.86499
480,-1.25559,0.247605,3.6169,-4.76974
416,-1.28961,0.250513,3.84088,-4.75263
541,-1.24996,0.0875746,3.97181,-4.92698
608,-0.975559,0.0966397,3.54184,-4.59313
607,-1.06606,0.00671432,3.80056,-4.76509
600,-0.994115,0.0432497,3.49051,-4.27056
664,-0.847,0.0106643,3.82115,-4.64465
672,-0.743318,0.178755,3.39179,-4.4803
671,-0.872865,0.0800519,3.64253,-4.7655
680,-0.88559,0.227186,3.65289,-5.10896
133,-1.29778,0.580625,5.09641,-5.14846
69,-1.31235,0.790116,4.90586,-5.16613
70,-1.20446,0.649286,4.89409,-5.13098
78,-1.24289,0.753734,5.03219,-5.16015
79,-1.20463,0.715743,4.88264,-5.11034
87,-1.32086,0.649635,4.75953,-5.11405
143,-1.30148,0.56955,5.17351,-5.17624
15,-1.12965,0.762273,4.26414,-4.78336
1,-1.59889,0.924874,5.63145,-6.2539
72,-1.18864,0.65809,4.53136,-4.83501
71,-1.1995,0.629218,4.85071,-4.92398
80,-1.21057,0.686426,4.85038,-5.16372
144,-1.22949,0.534584,4.85317,-4.95989
134,-1.32978,0.668375,5.24156,-5.24945
14,-1.1591,0.853472,4.22033,-4.67731
19,-1.11013,0.711552,4.12081,-4.70918
7,-1.15573,0.737908,4.20233,-4.67035
30,-1.21215,0.780209,4.2735,-4.74241
102,-1.39521,0.624255,4.58873,-5.09641
103,-1.29489,0.636211,4.59848,-5.03926
104,-1.21509,0.747993,4.48226,-4.93462
168,-1.43296,0.617856,4.42194,-4.99442
167,-1.51429,0.575876,4.74734,-5.18317
94,-1.40258,0.675089,4.60988,-5.01302
86,-1.20594,0.667205,4.77864,-4.99625
85,-1.23461,0.753874,4.66361,-5.00747
93,-1.29713,0.743805,4.53127,-5.03939
92,-1.23131,0.737425,4.47456,-5.07632
28,-1.09739,0.698793,4.0609,-4.56741
132,-1.24629,0.627415,4.6638,-4.81392
140,-1.23462,0.514471,4.47654,-4.74197
141,-1.27992,0.62321,4.8727,-5.05044
205,-1.44624,0.41424,5.00573,-5.02874
206,-1.47607,0.479471,5.23837,-5.17287
270,-1.49208,0.341459,5.18956,-5.40058
334,-1.47849,0.160494,4.91526,-5.26454
398,-1.48453,0.111037,4.81594,-5.2041
390,-1.39585,0.0454844,4.93181,-5.25019
389,-1.44729,0.0719333,4.90563,-5.27511
453,-1.41091,0.00343496,4.85595,-5.27392
452,-1.42671,-0.0351722,4.88735,-5.29696
516,-1.31091,-0.129297,4.96813,-5.3853
351,-1.38339,0.241553,4.35724,-4.9365
287,-1.4915,0.281101,4.696,-5.21194
295,-1.43195,0.352406,4.34147,-4.98431
343,-1.34593,0.185629,4.59676,-4.9027
352,-1.32334,0.267198,4.36766,-4.88526
288,-1.37591,0.362234,4.50453,-4.94218
280,-1.37346,0.350576,4.79719,-5.11192
296,-1.27325,0.368838,4.05795,-4.77116
360,-1.2906,0.294584,3.97432,-4.69342
359,-1.4693,0.25692,4.19796,-4.88664
358,-1.5441,0.300128,4.25847,-5.30585
422,-1.42954,0.223449,4.23528,-5.30338
367,-1.46911,0.397309,4.0866,-5.12958
303,-1.45223,0.365224,4.32165,-5.21944
304,-1.50728,0.451456,4.28255,-5.23018
240,-1.56831,0.538967,4.44204,-5.33087
248,-1.61828,0.525293,4.45412,-5.50743
176,-1.50621,0.612483,4.54929,-5.2206
312,-1.5414,0.525719,4.50881,-5.52935
302,-1.4936,0.442868,4.37672,-5.2439
238,-1.6355,0.51907,4.72051,-5.55175
174,-1.6356,0.698814,4.61854,-5.3257
166,-1.57303,0.625216,4.68223,-5.2473
101,-1.38542,0.706454,4.47005,-5.1095
100,-1.32623,0.784278,4.49421,-5.10649
156,-1.30852,0.602489,4.32638,-4.90176
164,-1.43383,0.691089,4.57652,-5.40865
163,-1.43799,0.795098,4.4152,-5.23561
99,-1.34182,0.75061,4.58953,-5.38006
107,-1.45556,0.913276,4.59524,-5.5007
106,-1.38584,0.994436,4.53255,-5.45403
114,-1.31947,1.05154,4.57068,-5.35908
115,-1.29158,0.88337,4.33788,-5.35066
123,-1.30286,0.951596,4.28552,-5.28179
187,-1.3981,0.903947,4.32797,-5.43626
179,-1.52722,0.812923,4.57625,-5.63957
171,-1.4261,0.77376,4.46746,-5.46802
59,-1.13071,0.713932,4.1576,-4.53209
44,-1.15074,0.665815,4.21782,-4.74866
157,-1.33801,0.566521,4.53169,-4.8551
586,-1.10735,-0.196685,4.82875,-5.42607
587,-1.19634,-0.181941,4.62594,-5.15157
588,-1.12948,-0.158965,4.64906,-5.19434
524,-1.32277,-0.0794159,4.63479,-5.20134
515,-1.34917,-0.219035,4.79342,-5.26352
579,-1.09257,-0.154907,4.68475,-5.03128
523,-1.34099,-0.140681,4.74458,-5.19907
459,-1.37313,-0.100873,4.72872,-5.23682
451,-1.34562,-0.0462715,4.62304,-5.14814
450,-1.41577,-0.0132257,4.70793,-5.22335
386,-1.51643,3.29133e-05,4.87431,-5.40016
387,-1.50049,0.0198979,4.76723,-5.15727
395,-1.50595,0.136134,4.80672,-5.28707
394,-1.51287,0.067116,4.77547,-5.54955
396,-1.49333,0.0907462,4.93446,-5.43226
388,-1.4833,0.0488256,4.84937,-5.25095
595,-1.04066,-0.0710222,4.46514,-5.19241
594,-1.05951,-0.0929265,4.70945,-5.49403
530,-1.29368,-0.10651,4.69599,-5.55999
466,-1.4837,0.0405296,4.74868,-5.65562
458,-1.48608,-0.0595543,4.92078,-5.51875
465,-1.38771,0.0726187,4.43684,-5.26843
457,-1.44732,-0.0396592,4.76672,-5.33216
449,-1.35423,-0.0707944,4.54895,-5.10733
385,-1.46284,-0.0498908,4.81702,-5.31766
321,-1.49349,0.0361556,4.77154,-5.31303
322,-1.61293,0.185532,4.93936,-5.39382
258,-1.54098,0.202611,4.85463,-5.2112
257,-1.46779,0.214063,4.59859,-5.00655
193,-1.40004,0.542511,4.46698,-4.78396
129,-1.30894,0.571643,4.43754,-4.86419
130,-1.3982,0.625269,4.56334,-4.90749
66,-1.39812,0.793651,4.60189,-5.01961
2,-1.17472,0.773339,4.15316,-4.71505
1555,-0.98828,0.479902,4.14429,-4.84621
1556,-1.00165,0.480117,4.14939,-4.87465
1554,-1.0285,0.497477,4.23141,-4.92584
1618,-0.959463,0.373981,4.01056,-4.66727
1491,-1.00211,0.506234,4.28237,-4.94566
1490,-1.05229,0.488044,4.32836,-5.02563
1492,-0.995329,0.481123,4.23924,-4.86959
1426,-0.906099,0.753945,4.4482,-4.97069
1362,-0.904536,0.765951,4.47142,-4.96353
1482,-0.997166,0.585655,4.38091,-5.04249
1474,-0.968035,0.576615,4.26429,-4.87408
1483,-0.927902,0.613939,4.27109,-4.74978
1484,-0.978838,0.503377,4.27297,-4.87352
1548,-1.04928,0.440889,4.24987,-5.01877
1485,-0.993473,0.466823,4.21257,-4.82763
1476,-0.983152,0.524805,4.20585,-4.86042
1540,-0.998532,0.459251,4.13671,-4.8462
1547,-1.00845,0.436847,4.14014,-4.86275
1475,-0.998872,0.485831,4.25597,-4.89696
1546,-0.981118,0.497077,4.1771,-4.86595
1610,-0.928204,0.367089,3.9677,-4.59607
1682,-0.844571,0.340548,3.58021,-4.17301
1619,-0.968004,0.404056,3.94469,-4.65862
1539,-0.966237,0.447,4.12187,-4.80141
1427,-0.965638,0.67583,4.35256,-4.76692
1419,-0.92643,0.721132,4.52912,-5.03905
1355,-0.904124,0.861921,4.85202,-5.24188
1418,-0.994147,0.724698,4.6299,-5.22621
1417,-0.95526,0.78678,4.48651,-5.02575
1354,-0.951175,0.884522,4.84175,-5.31095
1353,-0.912269,0.954649,4.74465,-5.33976
1489,-0.988667,0.440186,4.12112,-4.79775
1553,-1.01236,0.466513,4.14216,-4.84431
1617,-0.939499,0.400569,3.96293,-4.62301
1092,-0.805159,0.787019,4.91857,-5.29682
1093,-0.772583,0.700547,4.75362,-5.06786
1029,-0.73006,0.575703,4.83793,-5.15841
1030,-0.707028,0.530449,4.85439,-5.08624
965,-0.673118,0.52604,4.66324,-4.99288
964,-0.692802,0.561572,4.4155,-4.7988
972,-0.575892,0.604848,4.58188,-5.12731
973,-0.588595,0.593572,4.55047,-5.04497
974,-0.620856,0.557128,4.61764,-5.03769
909,-0.499537,0.405896,4.53553,-4.88228
901,-0.528274,0.365753,4.37525,-4.73665
1037,-0.669885,0.639258,4.60977,-5.08832
1045,-0.591689,0.553648,4.30807,-4.87989
1044,-0.651801,0.728922,4.472,-5.13527
980,-0.546652,0.618185,4.52274,-5.32061
1036,-0.739971,0.748262,4.65726,-5.15144
971,-0.562514,0.666687,4.63572,-5.22092
963,-0.644745,0.666891,4.74253,-5.07454
1027,-0.723803,0.834542,4.79833,-5.03065
1035,-0.666122,0.822376,4.83497,-5.38865
1034,-0.603983,0.854874,4.80077,-5.32875
970,-0.634623,0.726824,4.73032,-5.20223
906,-0.519964,0.500217,4.56186,-5.07747
898,-0.674509,0.353133,4.91851,-5.19986
899,-0.55336,0.453367,4.5888,-4.87173
962,-0.583812,0.709059,4.77384,-5.07787
900,-0.629878,0.476139,4.43376,-4.83897
907,-0.494659,0.513279,4.56609,-5.07167
979,-0.572627,0.789632,4.64572,-5.31375
987,-0.68285,0.821922,4.55251,-5.50794
923,-0.56757,0.523861,4.55846,-5.5943
1051,-0.651164,0.817172,4.37728,-5.1666
1050,-0.694016,0.866821,4.3792,-5.20951
1042,-0.709005,0.850364,4.6371,-5.24072
978,-0.513745,0.692821,4.56555,-5.25791
915,-0.527552,0.482022,4.58497,-5.29729
914,-0.526308,0.433476,4.45966,-5.20645
924,-0.564277,0.55331,4.57998,-5.56848
916,-0.477005,0.481369,4.66646,-5.34005
852,-0.535963,0.261209,4.61114,-5.23888
853,-0.600152,0.275678,4.60168,-5.27481
854,-0.601297,0.372895,4.24642,-4.97528
861,-0.533551,0.400775,4.40752,-5.27801
862,-0.550306,0.374376,4.19216,-5.14209
798,-0.662644,0.221519,3.95285,-5.02699
790,-0.656706,0.133584,4.07721,-4.76991
806,-0.655764,0.307499,4.1743,-5.48055
324,-1.38834,0.0734508,4.59537,-4.87567
260,-1.39836,0.236769,4.73969,-4.97556
196,-1.29646,0.49724,4.75256,-4.86549
131,-1.31517,0.572793,4.4307,-4.73443
67,-1.32759,0.706744,4.56148,-4.85118
68,-1.20568,0.700865,4.61126,-4.9534
4,-1.1458,0.807547,4.3338,-4.77368
111,-1.37813,0.617596,4.51593,-5.17952
175,-1.69077,0.629211,4.68342,-5.56627
239,-1.68432,0.482784,4.7123,-5.61182
231,-1.55612,0.478482,4.57046,-5.27698
230,-1.61323,0.520115,4.70507,-5.43274
229,-1.58137,0.572329,4.67551,-5.30551
228,-1.56288,0.644627,4.5395,-5.33223
227,-1.5718,0.691629,4.4739,-5.20326
226,-1.42014,0.625189,4.48581,-5.40479
234,-1.3887,0.734242,4.41912,-5.46686
233,-1.33905,0.636948,4.13836,-5.06233
241,-1.41146,0.587992,4.08683,-5.16651
177,-1.29656,0.726121,4.19966,-5.23421
185,-1.18923,0.81405,4.15582,-5.12717
249,-1.27919,0.643989,4.01203,-4.98252
313,-1.37223,0.543633,4.1167,-5.25495
314,-1.40238,0.704583,4.07484,-5.22712
315,-1.41152,0.631554,4.15709,-5.31153
316,-1.57459,0.721366,4.24659,-5.38549
380,-1.50722,0.591219,4.34686,-5.47704
381,-1.5186,0.542613,4.33811,-5.64576
373,-1.50638,0.435571,4.10185,-5.31101
437,-1.48682,0.421997,4.23266,-5.61191
501,-1.52212,0.340082,4.23874,-5.77929
429,-1.3291,0.392942,3.99185,-5.26964
493,-1.46502,0.266653,4.118,-5.57609
484,-1.36506,0.174578,4.04003,-5.14274
420,-1.30039,0.243658,4.03037,-4.93393
421,-1.35983,0.286904,4.0192,-4.99363
357,-1.37998,0.314059,4.14748,-4.91724
294,-1.60286,0.348717,4.49837,-5.20602
311,-1.5947,0.438057,4.62744,-5.64168
376,-1.53487,0.519175,4.3569,-5.82711
375,-1.61165,0.563777,4.43011,-5.65091
383,-1.63417,0.590441,4.51765,-5.7661
754,-0.924467,0.246134,4.17307,-5.64612
755,-1.00444,0.165589,4.30593,-5.77709
756,-1.06067,0.0778724,4.32549,-5.83336
764,-1.07142,0.109274,4.18782,-5.74269
765,-1.06875,0.308591,4.18236,-5.76344
757,-1.01478,0.24622,4.25213,-5.71707
691,-1.18909,0.0949975,4.2338,-5.65519
683,-1.06915,0.00827435,4.29144,-5.58145
619,-1.10513,0.0315183,4.15137,-5.39344
620,-1.30767,0.171621,4.11728,-5.53648
611,-1.09024,0.0937008,4.2232,-5.27196
610,-1.25455,0.0020996,4.55571,-5.58039
618,-1.17427,0.0179691,4.30611,-5.34426
626,-1.26911,0.110504,4.22483,-5.36351
634,-1.16799,0.189775,4.00444,-5.24638
627,-1.26068,0.0911385,4.20524,-5.55792
690,-1.06007,0.115196,4.28382,-5.59686
682,-1.05216,0.0110902,4.25765,-5.48049
681,-0.956634,0.108415,4.04512,-5.18634
745,-0.895809,0.0949228,4.08331,-5.28645
737,-0.898226,0.122294,4.3084,-5.46684
738,-1.0362,-0.0806777,4.43829,-5.62634
739,-0.973326,-0.0569875,4.28414,-5.49288
731,-0.798273,-0.0854536,4.47247,-5.42572
667,-0.978558,-0.0448476,4.31169,-5.28517
675,-0.995337,-0.08247,4.33929,-5.48326
603,-1.02779,-0.113574,4.22397,-5.13197
602,-1.14212,-0.104842,4.53481,-5.50438
538,-1.3427,-0.068518,4.47791,-5.54574
537,-1.31144,-0.0685704,4.37995,-5.36279
473,-1.35973,0.0800809,4.26308,-5.19878
474,-1.41298,0.0576897,4.42401,-5.31333
546,-1.22247,0.0140985,4.36394,-5.46969
545,-1.27863,0.00796243,4.28913,-5.38071
609,-1.24185,-0.0607345,4.26958,-5.32249
553,-1.27883,0.0963383,4.08795,-5.19169
617,-1.06033,0.0413897,4.03366,-5.22552
489,-1.2704,0.0614063,4.22547,-5.29956
490,-1.50374,0.177853,4.33743,-5.5863
554,-1.3664,0.141738,4.42696,-5.53234
562,-1.43665,0.192856,4.29525,-5.55689
674,-1.11463,-0.0610096,4.41135,-5.61704
673,-0.991165,0.0176255,4.1944,-5.20168
463,-1.40886,0.0733735,4.85149,-5.17436
455,-1.412,0.0200169,4.99662,-5.32884
471,-1.37302,0.0498539,4.0844,-4.72781
469,-1.32138,-0.0527108,4.35751,-5.01729
405,-1.42458,0.0861032,4.34981,-4.93249
404,-1.38892,0.18898,4.50752,-4.94581
403,-1.40944,0.131555,4.47915,-4.98546
402,-1.44435,0.119232,4.61934,-5.29567
482,-1.4159,0.0643829,4.28068,-5.42103
393,-1.48142,-0.00773555,4.62771,-5.30483
411,-1.34949,0.157963,4.21519,-4.96402
475,-1.3188,0.0343671,4.16894,-4.98349
467,-1.3206,-0.0377538,4.54926,-5.13927
521,-1.28973,-0.146448,4.64063,-5.20073
522,-1.31405,-0.147498,4.76676,-5.36687
580,-1.18351,-0.159841,4.94339,-5.2625
644,-0.967362,-0.0772591,4.63455,-4.9847
652,-0.971958,-0.0280869,4.5051,-5.00054
660,-0.789059,-0.0293834,4.21276,-4.90898
668,-0.968121,-0.0141902,4.19553,-5.35011
604,-1.07483,0.045006,3.98208,-5.05285
605,-1.12483,-0.0727907,3.94692,-4.80835
540,-1.23179,0.0293927,3.96314,-4.84398
477,-1.3496,0.0786608,3.99626,-4.93957
534,-1.2681,-0.0350219,4.0069,-4.69805
533,-1.2491,-0.0628698,4.16658,-4.97532
532,-1.27103,-0.0534302,4.24502,-4.95504
200,-1.26639,0.349639,4.83392,-4.82617
199,-1.45947,0.465866,5.32744,-5.25501
198,-1.5002,0.454789,5.36146,-5.29508
142,-1.28808,0.606141,5.13749,-5.21376
76,-1.26111,0.820456,4.67631,-4.98024
75,-1.27133,0.708366,4.44857,-4.79697
74,-1.31896,0.774911,4.59938,-5.03488
10,-1.18957,0.741555,4.3829,-4.83362
31,-1.24141,0.79663,4.32258,-4.78566
88,-1.25925,0.721847,4.6175,-4.99356
24,-1.20827,0.768988,4.30686,-4.88338
8,-1.18352,0.791696,4.12961,-4.77469
136,-1.19743,0.595319,4.81524,-4.91543
135,-1.28523,0.62914,5.0839,-5.07844
151,-1.35757,0.597983,4.98407,-5.11251
53,-1.1486,0.727125,4.06383,-4.68339
22,-1.15016,0.743853,4.26161,-4.6462
109,-1.39254,0.744734,4.55282,-5.37074
173,-1.46309,0.741212,4.50857,-5.45033
110,-1.50277,0.695531,4.39726,-5.07989
45,-1.12711,0.648998,3.93421,-4.49586
97,-1.37904,0.698191,4.40487,-5.19137
105,-1.36209,0.874817,4.47052,-5.30839
1019,-0.887044,0.736669,4.12673,-5.41647
1020,-0.903125,0.764079,4.08738,-5.3147
1012,-0.868813,0.808934,4.31775,-5.65875
1076,-0.987586,0.831213,4.3549,-5.71971
1068,-0.841363,0.843805,4.28369,-5.65874
1004,-0.751097,0.802476,4.23796,-5.59937
1005,-0.641617,0.585729,3.98164,-5.39416
997,-0.603996,0.628942,4.16073,-5.08077
996,-0.6008,0.743265,4.27879,-5.32463
995,-0.663703,0.807622,4.52869,-5.53628
1003,-0.792331,0.8255,4.4037,-5.74823
1002,-0.821106,0.826026,4.44257,-5.79269
1001,-0.784288,0.773505,4.24278,-5.54783
937,-0.840421,0.484661,4.35527,-5.74667
945,-0.940789,0.543172,4.18469,-5.61264
953,-0.878131,0.626232,3.90943,-5.28089
1009,-0.88249,0.835801,4.3853,-5.58478
1065,-0.859563,0.896509,4.32246,-5.5485
1057,-0.666933,0.79939,4.40297,-5.17083
1121,-0.784074,0.816172,4.30608,-5.28854
1113,-0.794865,0.825956,4.47052,-5.3618
1105,-0.783763,0.82814,4.42417,-5.01763
1106,-0.875552,0.803629,4.62724,-5.30679
1043,-0.678715,0.750127,4.59131,-5.14413
1115,-0.864979,0.696739,4.22882,-4.97827
1116,-0.815246,0.656662,4.13556,-4.9062
1114,-0.748507,0.993364,4.42438,-5.18379
1107,-0.868909,0.664404,4.36794,-5.06036
1170,-0.932945,0.923963,4.71064,-5.46706
1171,-0.861328,0.811477,4.41503,-5.07334
1172,-0.766631,0.686778,4.36487,-4.84268
1108,-0.721921,0.69211,4.32212,-4.79437
1100,-0.792321,0.795007,4.9275,-5.24006
1101,-0.626539,0.654802,4.74206,-5.17936
1164,-0.861706,0.775061,5.00022,-5.29297
1165,-0.835024,0.660018,4.83221,-5.05216
1420,-0.977543,0.663833,4.66399,-4.99806
1356,-0.962589,0.70932,4.79285,-5.01346
1347,-0.922795,0.765171,4.70712,-5.04287
1346,-0.968898,0.882617,4.87082,-5.36462
1345,-0.949633,0.801312,4.57861,-5.09995
1289,-0.895698,0.982835,4.85946,-5.35067
1281,-0.803203,0.992149,4.68547,-5.19073
1409,-0.915722,0.633929,4.35232,-4.91622
1411,-0.962334,0.672034,4.40632,-4.94267
1412,-0.963584,0.550194,4.48129,-4.92939
1348,-0.895109,0.592006,4.74596,-4.86402
1284,-0.859034,0.560392,4.5831,-4.81302
1500,-1.02377,0.460825,4.2076,-4.90813
1501,-1.00666,0.464885,4.25955,-4.95226
1502,-1.06392,0.365104,4.26501,-4.95242
1503,-1.06679,0.298802,4.28146,-4.98751
1438,-0.983071,0.347248,4.19758,-4.75219
1312,-0.910732,0.236192,4.44606,-4.72471
1368,-0.904183,0.219332,4.50106,-4.72297
1367,-0.987646,0.263692,4.6713,-4.83589
1359,-0.967448,0.344752,4.9243,-5.01947
1358,-1.00015,0.388924,4.73201,-5.01922
1366,-0.93296,0.371613,4.61476,-4.84191
1614,-0.938328,0.496084,3.9356,-4.68314
1615,-0.971611,0.422658,3.97234,-4.66279
1623,-0.994029,0.319376,3.99909,-4.6227
1607,-0.948642,0.397618,3.98942,-4.64123
1606,-0.95638,0.432233,3.95343,-4.66676
1608,-0.905024,0.393386,3.78268,-4.3767
1624,-0.966469,0.353854,3.95476,-4.55058
1552,-1.014,0.425017,4.14425,-4.86235
1544,-0.94289,0.415273,3.99671,-4.566
1480,-0.956506,0.380002,4.1352,-4.65321
1416,-0.908679,0.314381,4.20955,-4.60888
1415,-0.925997,0.372971,4.33985,-4.67591
1495,-0.976445,0.38901,4.26393,-4.79496
1494,-0.958252,0.431921,4.19986,-4.81898
1437,-0.930778,0.49699,4.19666,-4.72585
1436,-0.99388,0.574232,4.18969,-4.89947
1565,-1.01922,0.479464,4.25047,-5.01357
1629,-0.923196,0.391879,3.89314,-4.58757
1630,-0.966975,0.408684,3.90603,-4.61339
1637,-0.936561,0.431865,3.94577,-4.66191
1628,-0.932473,0.46928,3.98217,-4.68952
1636,-0.930532,0.42594,3.86715,-4.61781
1627,-0.943436,0.415932,3.98859,-4.6618
1563,-1.01766,0.422317,4.18196,-4.9162
1562,-0.999095,0.435409,4.05434,-4.76135
1561,-1.01013,0.480761,4.14887,-4.86021
1625,-0.921945,0.383224,3.80421,-4.4782
1626,-0.953541,0.427643,3.98191,-4.6721
1634,-0.980612,0.41891,3.99385,-4.67314
1633,-0.934348,0.406677,3.83751,-4.50395
1569,-0.987354,0.406516,4.07483,-4.81146
1497,-1.0007,0.524256,4.22213,-4.94114
1433,-0.971742,0.588092,4.17143,-4.84156
1441,-0.967223,0.593834,4.19028,-4.9658
1377,-0.988894,0.664523,4.25123,-4.99687
1505,-1.01624,0.445239,4.24433,-4.96821
1641,-0.916253,0.412869,3.82188,-4.47552
1705,-0.787386,0.385309,3.45293,-3.90956
1706,-0.809197,0.283409,3.52186,-4.13781
1707,-0.830723,0.32784,3.43724,-4.04551
1086,-0.81257,0.488626,3.87755,-5.23384
1022,-0.802238,0.530251,3.92523,-5.32376
1014,-0.721734,0.55455,4.06205,-5.34993
1006,-0.677725,0.51896,4.19272,-5.54355
1070,-0.613495,0.529152,3.88392,-5.02968
1062,-0.607929,0.409959,3.88818,-4.88385
1063,-0.638962,0.316784,4.11609,-5.09511
1071,-0.68751,0.273152,4.05947,-5.21796
999,-0.607438,0.413654,4.19322,-5.44207
991,-0.546861,0.453101,4.5536,-5.27615
1055,-0.532955,0.381154,4.25547,-4.97059
983,-0.522713,0.472854,4.44831,-5.07802
975,-0.572604,0.492131,4.54693,-5.0776
1039,-0.603044,0.478618,4.73018,-4.97015
1031,-0.743887,0.511226,4.8027,-5.08486
1032,-0.770661,0.421285,4.42194,-4.7926
968,-0.742043,0.417543,4.49917,-4.87055
1040,-0.583833,0.40005,4.49677,-4.76657
1103,-0.751247,0.395197,4.79785,-4.94981
1095,-0.740734,0.428235,4.8983,-4.98968
967,-0.638989,0.533671,4.82927,-5.21038
904,-0.719828,0.457139,4.35508,-4.88232
912,-0.668567,0.405507,4.40847,-4.96094
920,-0.624918,0.425627,4.33867,-4.98307
919,-0.521766,0.383392,4.42351,-5.24948
855,-0.621131,0.316691,4.25575,-5.17277
791,-0.698342,0.17952,4.07266,-4.81389
782,-0.663678,0.187089,4.27294,-4.90551
783,-0.690498,0.248084,4.33289,-4.94868
775,-0.702931,0.155986,4.16782,-4.70929
774,-0.6984,0.206866,4.18343,-4.76625
711,-0.915021,-0.0706627,4.369,-4.8131
719,-0.858911,-0.0438552,4.141,-4.63791
727,-0.689444,-0.0267307,3.94403,-4.69954
728,-0.659862,0.0705277,3.69944,-4.60569
736,-0.658213,0.172172,3.508,-4.55527
744,-0.777414,0.300872,3.81928,-5.01848
808,-0.673438,0.289835,4.01753,-5.32295
872,-0.598253,0.311179,3.85925,-5.13799
880,-0.737073,0.353521,4.08138,-5.43289
879,-0.730224,0.336966,4.19787,-5.52004
887,-0.784247,0.383214,4.22507,-5.64031
517,-1.28335,-0.021617,4.98084,-5.32288
518,-1.33056,-0.00971705,4.92044,-5.22975
519,-1.30923,0.062207,4.86165,-5.13066
527,-1.24374,-0.0389524,4.40238,-4.96159
528,-1.20817,0.0198808,4.19407,-4.64778
592,-1.05063,0.0644965,3.88902,-4.46514
591,-1.16887,-0.120173,4.20714,-4.68319
656,-0.807109,-0.0168132,3.9169,-4.49178
464,-1.22957,0.0997165,4.62399,-4.92844
400,-1.46925,0.230411,4.84493,-5.11098
472,-1.35987,0.0756215,3.88861,-4.53791
415,-1.33943,0.167038,3.95221,-4.70579
368,-1.319,0.454838,3.94814,-5.11688
319,-1.64756,0.556261,4.61278,-5.73249
320,-1.55604,0.519156,4.40586,-5.48809
256,-1.57527,0.645983,4.46827,-5.42236
384,-1.49273,0.527859,4.39472,-5.62669
448,-1.46822,0.534381,4.15865,-5.61346
512,-1.43341,0.635399,4.24522,-5.77261
576,-1.38949,0.650991,4.31356,-6.07621
640,-1.16243,0.516709,4.07403,-5.63679
632,-1.16315,0.501613,3.9095,-5.54228
696,-1.1015,0.523422,4.24906,-5.8958
695,-1.19177,0.571463,4.18492,-5.8827
703,-1.22274,0.457338,4.14296,-5.85828
704,-1.11593,0.445745,4.05181,-5.7561
687,-1.11923,0.311363,4.05912,-5.72511
623,-1.21141,0.348188,3.96268,-5.65427
622,-1.30101,0.332207,4.07712,-5.56683
630,-1.37765,0.435924,4.22083,-5.86953
631,-1.24913,0.566111,4.14286,-5.86936
760,-1.07011,0.503226,4.23249,-5.95816
752,-0.923441,0.426672,3.97662,-5.62589
816,-0.771013,0.400914,4.16224,-5.6868
807,-0.740918,0.301159,4.16164,-5.58403
871,-0.605162,0.317237,4.18765,-5.39641
1265,-1.06595,0.93665,4.61846,-5.76986
1329,-1.06127,0.834882,4.28921,-5.3844
1321,-1.01746,0.742895,4.29383,-5.28835
1385,-1.03636,0.669074,4.27787,-5.19285
1386,-1.07958,0.722312,4.48606,-5.39178
1322,-1.01905,0.80039,4.31397,-5.27212
1258,-1.0363,0.869168,4.49814,-5.56167
1330,-1.01428,0.787133,4.26883,-5.2876
1338,-1.03388,0.735912,4.25055,-5.2479
1337,-0.977825,0.709953,4.14489,-5.08461
1274,-1.08325,0.846557,4.38659,-5.57553
1210,-1.09608,0.887575,4.53598,-5.81398
1146,-0.960332,0.874174,4.25741,-5.53582
1275,-1.08991,0.767848,4.22811,-5.39422
1402,-1.01027,0.557175,4.27843,-5.16045
1401,-1.00045,0.576497,4.05103,-4.86813
1273,-1.01592,0.819917,4.23855,-5.32113
1209,-1.03618,0.877084,4.38789,-5.54294
1145,-0.947992,0.783972,4.12826,-5.25671
1081,-0.88189,0.736357,4.03018,-5.13462
1073,-0.94049,0.905945,4.31455,-5.50835
1017,-0.93447,0.675409,4.12092,-5.3815
954,-0.893541,0.473814,3.95699,-5.30941
938,-0.698209,0.617456,4.26981,-5.65037
873,-0.712306,0.404851,4.13992,-5.43959
865,-0.555249,0.411195,4.23543,-5.39955
857,-0.572018,0.389704,4.46843,-5.38133
866,-0.643893,0.498855,4.47395,-5.54981
874,-0.665212,0.477,4.02216,-5.33267
882,-0.858821,0.471291,4.01209,-5.42232
883,-0.840151,0.432174,3.84497,-5.24377
884,-0.817292,0.49894,3.95329,-5.46179
885,-0.818098,0.351982,4.12696,-5.6905
893,-0.888626,0.448316,4.16518,-5.54683
894,-0.770192,0.353662,4.04679,-5.43312
958,-0.748975,0.426225,3.98485,-5.29156
1023,-0.739635,0.385797,4.02964,-5.47054
1087,-0.793196,0.379056,4.0203,-5.33823
1151,-0.83707,0.412391,3.78616,-5.01303
1215,-0.909258,0.208176,3.79137,-5.07472
1279,-1.03211,0.127518,3.66304,-4.78958
1278,-1.02723,0.354448,3.77205,-4.97763
1303,-0.955004,0.279612,4.93801,-5.02853
1295,-1.02495,0.352952,5.16363,-5.19235
1296,-1.00041,0.288217,4.9461,-5.17711
1294,-0.941911,0.46885,5.04529,-5.08538
1431,-0.945923,0.316637,4.40056,-4.72828
1446,-0.95086,0.304166,4.07742,-4.62797
1319,-0.821406,0.054721,3.95082,-4.35602
1327,-0.915028,-0.0488574,3.75282,-4.48852
1320,-0.904112,0.100398,4.12077,-4.6077
1311,-0.853873,0.17454,4.32216,-4.73231
1310,-0.888157,0.263005,4.0533,-4.49955
1374,-0.910513,0.3165,4.15645,-4.53576
1302,-0.929131,0.411174,4.73045,-4.81314
1238,-0.859819,0.387364,4.72766,-4.777
1230,-0.958603,0.349379,5.24102,-5.22922
1229,-0.814511,0.519206,4.7916,-4.86232
1237,-0.748658,0.449166,4.35139,-4.48133
1239,-0.908349,0.271147,4.86545,-4.92558
1247,-0.812736,0.150762,4.48223,-4.70821
1255,-0.678542,0.0162609,4.01762,-4.29085
1399,-1.08686,-0.0165718,4.10419,-4.98346
1463,-1.07004,0.214224,4.13225,-4.91848
1471,-1.07996,0.232602,4.05129,-4.8855
1472,-1.08782,0.218083,4.02611,-4.83491
1464,-1.09287,0.0840369,4.11609,-4.90098
1470,-1.04465,0.41284,4.08364,-4.96353
1535,-1.05355,0.329708,4.22643,-5.00382
1536,-1.04483,0.332654,4.11201,-4.86319
1600,-1.01322,0.48053,4.17005,-4.84328
1528,-1.04214,0.276986,4.11015,-4.84428
1407,-1.13867,0.144396,4.13265,-5.00783
1343,-1.10767,0.0756338,3.91268,-4.95305
1344,-1.04451,0.0132471,3.86865,-4.90063
1280,-1.06901,0.0860088,3.80507,-4.91554
1754,-0.678832,0.313543,3.14678,-3.21945
1755,-0.673211,0.365639,3.02754,-3.31309
1763,-0.658775,0.373171,2.75452,-3.29849
1764,-0.651897,0.408082,2.90849,-3.58525
1829,-1.75607,1.13933,6.6866,-8.20774
509,-1.45115,0.413685,4.19623,-5.6864
510,-1.45979,0.4456,4.23594,-5.81457
511,-1.50016,0.544451,4.31861,-5.99868
447,-1.539,0.514344,4.35158,-5.66654
446,-1.54155,0.501853,4.37605,-5.80735
382,-1.50579,0.551539,4.47608,-5.83014
318,-1.67637,0.621526,4.50803,-5.8012
192,-1.55984,0.644459,4.55824,-5.34538
191,-1.60453,0.678877,4.64098,-5.62236
127,-1.52663,0.739118,4.49085,-5.39378
119,-1.47085,0.667872,4.57323,-5.3358
126,-1.46814,0.731113,4.37624,-5.31659
118,-1.46706,0.751517,4.603,-5.35623
117,-1.36656,0.796067,4.53668,-5.26191
108,-1.35698,0.854026,4.50444,-5.27597
51,-1.21195,0.790451,4.05725,-4.74976
60,-1.1643,0.7296,4.01816,-4.4878
91,-1.30767,0.798058,4.50797,-5.07192
112,-1.35511,0.712175,4.36081,-4.94494
46,-1.13118,0.651236,4.0746,-4.59758
83,-1.22333,0.766315,4.50055,-4.87553
1640,-0.936386,0.374266,3.80092,-4.44799
1639,-0.933194,0.386741,3.89843,-4.51387
1576,-1.01832,0.40924,4.14901,-4.82936
1511,-1.00825,0.344285,4.16516,-4.8734
1510,-1.02579,0.322453,4.19707,-4.88159
1574,-1.00645,0.460762,4.14383,-4.89024
1573,-1.02518,0.460791,4.30512,-5.0165
1572,-1.06051,0.465337,4.24365,-5.00533
1571,-1.00677,0.448492,4.15108,-4.92215
1435,-0.961984,0.584383,4.25834,-4.92815
1445,-0.958546,0.459972,4.07064,-4.77082
1381,-0.861322,0.380276,3.68242,-4.35174
1453,-0.979597,0.427647,4.02315,-4.78325
1461,-1.02731,0.463458,4.127,-4.99927
1469,-1.00092,0.485772,4.08908,-4.91348
1534,-1.08295,0.372351,4.22111,-5.03528
1526,-1.0947,0.37495,4.30849,-5.08073
1462,-1.00078,0.465994,4.05584,-4.86548
1397,-0.967517,0.488356,3.80857,-4.74808
1398,-1.00828,0.186758,3.71732,-4.66638
1334,-0.914192,0.439386,3.48187,-4.61385
1270,-0.915613,0.390631,3.56662,-4.72269
1271,-0.936934,0.125795,3.61997,-4.69682
1207,-0.807481,0.130441,3.77144,-4.87004
1206,-0.829887,0.452558,3.56641,-4.85576
1143,-0.724866,0.339407,3.91024,-5.15358
1144,-0.779002,0.222058,3.97988,-5.24847
1136,-0.592775,0.210844,3.74356,-4.70549
1128,-0.634112,0.171727,4.07585,-4.697
1127,-0.619032,0.264586,3.84087,-4.77326
1119,-0.661513,0.252085,4.249,-4.82977
1208,-0.832181,0.148953,4.01434,-5.02753
1080,-0.76695,0.268866,4.03703,-5.28786
1016,-0.7868,0.331154,4.25827,-5.69953
1024,-0.738501,0.380649,3.95448,-5.27207
960,-0.823044,0.336578,4.16201,-5.43586
1021,-0.822532,0.667339,3.96894,-5.14478
1085,-0.921394,0.696658,3.95346,-5.34149
1013,-0.831784,0.732618,4.04372,-5.44403
957,-0.790385,0.561698,3.96547,-5.32068
956,-0.826839,0.59693,3.91934,-5.30347
959,-0.717331,0.384626,4.0354,-5.34061
895,-0.788083,0.407717,3.964,-5.359
1088,-0.731085,0.306747,3.85706,-5.10842
1152,-0.741732,0.220165,3.84835,-5.17817
952,-0.729892,0.348108,4.23159,-5.60351
888,-0.686203,0.377529,4.21407,-5.72575
824,-0.959355,0.489116,4.28465,-5.92652
832,-0.988781,0.502851,4.23476,-5.81305
768,-1.06894,0.525135,4.15817,-5.87982
767,-1.01343,0.44368,4.03009,-5.66099
831,-0.878551,0.389687,4.0033,-5.43469
823,-0.895246,0.452693,4.17164,-5.7314
815,-0.735211,0.290098,4.20434,-5.65573
751,-1.04495,0.402094,4.04171,-5.7212
1390,-0.971888,0.133993,3.7005,-4.38751
1392,-1.0562,0.0758717,4.08411,-4.85324
1408,-1.13316,0.0597046,4.02333,-5.04329
1661,-0.978233,0.401892,3.99063,-4.71842
1653,-0.94235,0.434315,3.95097,-4.66039
1717,-0.816491,0.336816,3.48969,-4.02865
1716,-0.821093,0.38761,3.58306,-4.182
1724,-0.775392,0.418753,3.59117,-4.22313
1660,-0.851691,0.446651,3.88833,-4.60847
1596,-0.948821,0.45864,4.06526,-4.82969
1595,-0.967557,0.457462,4.08278,-4.84208
1587,-1.03014,0.421186,4.15905,-4.92031
1531,-1.02936,0.467402,4.19458,-4.91662
1523,-1.01537,0.457553,4.23973,-5.00293
1515,-1.02879,0.458518,4.25247,-4.99805
1579,-0.993314,0.41706,4.20201,-4.9215
1570,-0.992222,0.434277,4.10739,-4.85904
1507,-1.03102,0.483687,4.22894,-4.98463
1506,-1.03595,0.467972,4.29245,-5.07982
1498,-1.00685,0.532924,4.25069,-4.93923
1499,-0.994694,0.453562,4.2039,-4.86959
1084,-0.947795,0.814009,4.14616,-5.47549
1083,-1.01611,0.824282,4.2353,-5.47576
1082,-0.966082,0.878164,4.24987,-5.56893
1018,-0.947792,0.749461,4.28625,-5.64505
1010,-0.924594,0.780298,4.34249,-5.85936
946,-0.857281,0.63486,4.1825,-5.653
947,-0.857459,0.597426,4.22518,-5.6333
886,-0.752789,0.431628,4.15756,-5.50785
896,-0.73773,0.376526,4.19212,-5.6567
1149,-0.966647,0.746299,4.12753,-5.52895
829,-0.919062,0.36034,4.03495,-5.47727
828,-0.87652,0.241931,4.0015,-5.4662
820,-0.917236,0.307317,4.10121,-5.57456
892,-0.853093,0.479644,4.04042,-5.49813
876,-0.671972,0.472021,4.02532,-5.33889
877,-0.731385,0.44326,4.11812,-5.50313
869,-0.682078,0.44234,4.24928,-5.44033
933,-0.618373,0.495098,4.07132,-5.32234
934,-0.564678,0.424552,4.4448,-5.47563
870,-0.621198,0.343623,4.18066,-5.37048
330,-1.62933,0.136825,4.88483,-5.46131
340,-1.30897,0.194408,4.47003,-4.85556
341,-1.40495,0.254084,4.55571,-4.93478
366,-1.59214,0.393327,4.10696,-5.32941
430,-1.51606,0.356126,4.20958,-5.46165
494,-1.41895,0.323934,4.18116,-5.52638
502,-1.47616,0.455429,4.35719,-5.90908
503,-1.44703,0.563736,4.30601,-5.84993
438,-1.52854,0.519194,4.33619,-5.83434
309,-1.54099,0.630958,4.46004,-5.40276
301,-1.54866,0.510089,4.3158,-5.26316
293,-1.48256,0.322633,4.44917,-5.12657
285,-1.42459,0.333091,4.47762,-4.9645
286,-1.503,0.335538,4.76594,-5.27511
278,-1.42955,0.327799,4.86988,-5.16587
207,-1.45103,0.454617,5.3226,-5.3768
215,-1.3732,0.401849,4.92312,-5.15695
16,-1.16727,0.777351,4.3473,-4.74833
1198,-0.672803,0.464983,3.29638,-4.26797
1190,-0.627371,0.289577,3.58805,-4.09084
1189,-0.63514,0.697223,3.83502,-4.69014
1191,-0.718809,0.2461,3.91242,-4.58313
1183,-0.793884,0.242932,4.40101,-4.75108
1126,-0.627801,0.469619,3.61616,-4.48757
1134,-0.540484,0.485295,3.53067,-4.64929
1142,-0.691146,0.516196,3.74177,-5.01407
1150,-0.822929,0.553678,3.7422,-5.16528
1216,-0.919464,0.223017,3.98867,-5.16684
1400,-1.16117,-0.0170418,4.13998,-5.14695
1389,-0.951906,0.478185,3.70288,-4.55668
1382,-0.912688,0.133691,3.88563,-4.45156
1318,-0.774236,0.148809,3.53324,-4.04245
1317,-0.769819,0.445105,3.47878,-4.10671
1309,-0.754194,0.438615,3.92395,-4.20899
1373,-0.840845,0.37763,4.01932,-4.47554
1365,-0.840909,0.487708,4.44624,-4.74269
1357,-0.926894,0.601293,4.7372,-4.9077
1350,-0.970995,0.468655,4.79329,-4.98553
1351,-0.926579,0.399988,4.68226,-4.85694
1352,-0.899546,0.360162,4.34087,-4.58854
1288,-0.940363,0.283062,4.57134,-4.75644
1287,-0.946186,0.445271,4.8978,-4.90589
1223,-0.936585,0.362169,5.12102,-5.11822
1224,-0.920501,0.369251,4.85557,-4.98363
1159,-0.916968,0.469465,4.88367,-5.1298
1160,-0.869479,0.418841,4.56668,-4.71152
1168,-0.88906,0.282361,4.62021,-4.83836
1167,-0.994534,0.359645,4.94776,-5.1033
1231,-0.959174,0.303324,5.19056,-5.23723
1286,-1.00456,0.492165,4.96992,-5.09726
1414,-0.949139,0.446438,4.4043,-4.74892
1708,-0.84545,0.281936,3.47501,-4.05254
1644,-0.943046,0.366059,3.82413,-4.51015
1645,-0.970168,0.395001,3.88635,-4.62174
1581,-1.04437,0.4978,4.27554,-5.04068
1580,-1.02079,0.447202,4.20229,-4.98692
1635,-0.962879,0.420175,3.92931,-4.69772
1509,-1.04354,0.463069,4.26482,-5.00594
1517,-1.00721,0.515301,4.18798,-4.95525
1589,-1.02265,0.42368,4.26205,-5.01691
1597,-1.03818,0.41336,4.22522,-4.97418
1599,-1.04316,0.374464,4.25065,-4.97518
1592,-1.01217,0.363385,4.10143,-4.77796
1454,-0.999531,0.334218,4.01792,-4.75027
1518,-1.03515,0.360722,4.21864,-4.9635
1519,-1.00527,0.277559,4.13723,-4.82283
1527,-1.05902,0.343095,4.31122,-5.04723
1525,-1.02705,0.4803,4.22342,-5.01606
1709,-0.821403,0.227684,3.45422,-4.04677
1646,-0.94624,0.384461,3.86813,-4.56401
1773,-0.556943,0.189453,2.80543,-3.36868
1248,-0.877648,0.167239,4.67462,-4.88816
1240,-0.904821,0.143375,4.87215,-5.05689
1304,-0.979517,0.234843,4.84484,-5.03365
1568,-1.01048,0.403867,4.1933,-4.89266
1632,-0.988397,0.35799,3.93744,-4.62377
1696,-0.8738,0.3279,3.46692,-4.03876
1695,-0.846564,0.401141,3.61439,-4.06488
1694,-0.881602,0.428808,3.53827,-4.20615
1758,-0.661419,0.410022,2.96533,-3.26987
1750,-0.645329,0.38655,2.8576,-3.40913
1686,-0.849673,0.392485,3.57079,-4.20099
1631,-0.952571,0.425592,3.99466,-4.68911
1702,-0.865823,0.397764,3.57425,-4.27751
1693,-0.908496,0.379145,3.6069,-4.30007
1692,-0.834714,0.436099,3.59296,-4.25026
1684,-0.830929,0.392106,3.55283,-4.18521
1685,-0.846306,0.382923,3.54319,-4.15264
1621,-0.96371,0.419179,3.9181,-4.66454
1620,-0.944497,0.454,4.0005,-4.7021
1683,-0.888888,0.35554,3.63161,-4.24502
1675,-0.821431,0.35422,3.61079,-4.30627
1691,-0.859568,0.379839,3.77987,-4.17242
1699,-0.8504,0.342369,3.42523,-4.02743
1827,-1.79766,0.289328,6.35813,-7.51698
232,-1.38627,0.446819,4.33136,-4.97444
54,-1.25699,0.71912,4.02376,-4.52762
291,-1.53792,0.446669,4.31915,-5.21309
299,-1.45348,0.571986,4.29507,-5.40337
307,-1.51569,0.555669,4.32489,-5.57913
308,-1.5263,0.572689,4.33674,-5.44335
244,-1.56875,0.640798,4.41554,-5.68487
243,-1.44144,0.765985,4.48886,-5.67415
235,-1.51367,0.679033,4.53087,-5.6727
178,-1.3721,0.815767,4.47628,-5.61504
50,-1.13119,0.824822,4.12002,-4.6253
52,-1.13609,0.714299,4.02325,-4.44496
77,-1.25349,0.718085,4.91255,-5.12788
40,-1.19499,0.801796,4.37698,-4.8337
182,-1.63632,0.645439,4.64047,-5.61834
246,-1.73911,0.531807,4.6565,-5.7491
424,-1.32325,0.322826,3.95099,-4.92342
310,-1.61311,0.486058,4.54196,-5.60549
254,-1.58623,0.676602,4.60908,-5.75911
253,-1.66149,0.710481,4.61963,-5.78122
255,-1.62431,0.61383,4.51257,-5.58327
190,-1.60945,0.703651,4.57553,-5.71207
128,-1.36499,0.59357,4.31373,-5.21061
440,-1.3849,0.559701,4.35345,-5.84886
574,-1.49704,0.554115,4.36451,-6.07074
575,-1.38102,0.634795,4.37181,-6.06239
247,-1.6354,0.611235,4.59868,-5.63328
224,-1.30179,0.358272,4.44842,-4.83165
216,-1.41847,0.389395,4.80554,-4.9771
152,-1.22758,0.442544,4.70472,-4.9189
29,-1.16508,0.753461,4.20177,-4.81519
47,-1.20226,0.623005,4.07027,-4.62877
1328,-0.961426,0.0120472,3.91371,-4.59235
1256,-0.821614,0.0816086,4.51043,-4.80066
1192,-0.76809,0.159409,4.33423,-4.86651
1064,-0.593019,0.298559,3.92966,-4.85653
1120,-0.67405,0.253855,4.29188,-4.73894
1112,-0.67078,0.369905,4.25693,-4.74238
1111,-0.64355,0.358155,4.68863,-4.95401
1110,-0.677618,0.424569,4.51616,-4.8176
1174,-0.764929,0.518386,4.59748,-4.82823
1166,-0.880382,0.461832,5.1065,-5.08854
1222,-0.898817,0.388105,5.21036,-5.12456
1158,-0.883298,0.534796,5.22456,-5.21094
1096,-0.760763,0.374599,4.47595,-4.70207
1176,-0.818542,0.25628,4.65206,-4.90616
1175,-0.788734,0.294323,4.82534,-5.0066
1430,-0.919614,0.428619,4.37281,-4.73151
1429,-0.909912,0.500866,4.2545,-4.62514
1493,-0.990167,0.441255,4.22586,-4.87308
1564,-0.966624,0.48163,4.20045,-4.94083
12,-1.11241,0.798264,4.17348,-4.52603
23,-1.23589,0.750981,4.23844,-4.7537
18,-1.2375,0.724697,4.31471,-4.76434
34,-1.10629,0.720528,4.22719,-4.7708
26,-1.12887,0.739732,4.24841,-4.66688
63,-1.21917,0.78607,4.33924,-4.79341
13,-1.09737,0.696874,4.29327,-4.59269
37,-1.13967,0.790005,4.03731,-4.60157
520,-1.16867,0.0272128,4.38061,-4.67497
536,-1.19732,0.124591,3.61022,-4.56571
1803,-1.69748,1.11678,6.7999,-8.31247
426,-1.50382,0.228054,4.41162,-5.58924
425,-1.43892,0.257852,4.20626,-5.3611
433,-1.32851,0.348185,4.33552,-5.43655
434,-1.48564,0.299293,4.37616,-5.61789
418,-1.54221,0.142449,4.42326,-5.4137
419,-1.36167,0.251759,4.0751,-5.08153
410,-1.52672,0.204406,4.45335,-5.37156
323,-1.54127,0.17887,4.73766,-5.06288
325,-1.37253,0.163422,4.82848,-5.08237
261,-1.48647,0.216599,5.05246,-5.19911
326,-1.37683,0.14395,5.04085,-5.2764
332,-1.42253,0.134664,4.70419,-5.01999
460,-1.39752,0.031398,4.82328,-5.15521
716,-0.805383,-0.073613,4.72446,-5.21411
724,-0.81124,-0.0711947,4.42506,-5.19014
725,-0.848851,-0.0343535,4.08091,-5.06071
733,-0.821672,-0.0104093,4.01015,-5.06496
669,-0.979027,-0.139465,4.12754,-5.02724
717,-0.891743,-0.0967572,4.47339,-5.12498
718,-0.783905,-0.0528133,4.16153,-4.70997
781,-0.597929,0.13084,4.52288,-4.92507
773,-0.55112,0.228949,4.50617,-4.94616
772,-0.697007,0.0671369,4.75957,-5.11642
776,-0.709282,0.143543,3.98616,-4.45252
840,-0.697613,0.333581,4.10118,-4.68187
839,-0.66012,0.27327,4.26095,-4.78892
712,-0.82447,0.0780502,3.98759,-4.53139
648,-0.904082,0.0502676,4.14424,-4.64839
584,-1.12853,0.0137116,4.24169,-4.62959
1459,-1.02991,0.572401,4.2076,-5.02852
1451,-1.01942,0.499345,4.29762,-5.07872
1443,-0.971543,0.497124,4.17104,-4.92735
1444,-1.0041,0.516679,4.15755,-4.9065
1380,-0.913307,0.623065,3.97283,-4.77054
1428,-0.934571,0.710883,4.53893,-4.9346
1292,-0.876709,0.747388,4.89316,-5.09186
1293,-0.910347,0.530639,4.81556,-4.90274
1228,-0.873939,0.821382,4.93208,-5.14418
1227,-0.914794,0.861655,5.00368,-5.4861
1291,-0.866998,0.930671,4.9861,-5.35039
1283,-0.876187,0.85292,4.91115,-5.21559
1413,-0.954623,0.520106,4.35957,-4.8368
1421,-0.915751,0.500542,4.29283,-4.66144
1549,-1.01594,0.461726,4.18065,-4.89032
1622,-0.960233,0.410409,3.91525,-4.62264
966,-0.6749,0.529416,4.78822,-4.99428
902,-0.593657,0.509542,4.44303,-4.7712
903,-0.607856,0.501115,4.64309,-5.00806
837,-0.583431,0.336001,4.44362,-4.84454
838,-0.68674,0.346671,4.31056,-4.7244
847,-0.62483,0.317981,4.37417,-4.9535
911,-0.557752,0.497142,4.67364,-5.1431
976,-0.575033,0.440121,4.36134,-4.67579
910,-0.593995,0.44063,4.56446,-5.08647
1104,-0.706845,0.342947,4.54861,-4.71853
1671,-0.778916,0.400002,3.38154,-3.95174
1672,-0.885384,0.229905,3.28515,-3.92888
1616,-0.968685,0.372899,3.89511,-4.5766
1670,-0.826141,0.326683,3.44958,-4.0346
1605,-0.94551,0.422511,3.92502,-4.65713
1604,-0.96962,0.398378,4.0389,-4.71894
1613,-0.947793,0.45768,3.90617,-4.67009
1677,-0.830289,0.399757,3.51484,-4.15593
1678,-0.816967,0.457616,3.53007,-4.17174
1687,-0.882363,0.367207,3.5758,-4.17824
1751,-0.656174,0.320195,2.8075,-3.25787
1752,-0.784696,0.154678,2.91395,-3.31959
1759,-0.753759,0.304026,3.09843,-3.37917
1760,-0.829018,0.183117,2.83475,-3.33056
1824,-2.05169,0.325256,7.03767,-8.20759
391,-1.47238,0.150512,5.05163,-5.2691
327,-1.40745,0.155103,5.09153,-5.41957
328,-1.41207,0.207488,4.91746,-5.09119
336,-1.42224,0.23213,5.02467,-5.25538
392,-1.30648,0.186314,4.74998,-5.14712
456,-1.26158,0.149643,4.55613,-4.95833
583,-1.21811,-0.0345603,4.64486,-4.89891
647,-0.956137,-0.150187,4.55337,-4.94572
646,-0.971457,-0.130569,4.70945,-5.08578
710,-0.829407,-0.080417,4.2609,-4.82712
845,-0.528489,0.357269,4.54214,-5.02901
846,-0.580678,0.317458,4.30756,-4.92552
844,-0.610287,0.227278,4.64252,-5.15865
908,-0.562792,0.378797,4.58442,-5.08631
917,-0.474803,0.414708,4.71149,-5.30121
851,-0.538963,0.31818,4.68131,-5.32309
988,-0.571194,0.670029,4.42245,-5.39053
931,-0.582422,0.606481,4.51401,-5.70575
1052,-0.719834,0.743283,4.349,-5.19397
1060,-0.764752,0.79776,4.29827,-5.41169
222,-1.52826,0.47323,4.81828,-5.19888
348,-1.24736,0.28721,4.18843,-4.89447
476,-1.29099,0.178436,4.01253,-4.97922
613,-1.1777,-0.0286864,4.08963,-5.31244
606,-1.07532,0.00472636,3.98297,-4.96868
614,-1.16711,0.0833953,3.98133,-5.28982
621,-1.26163,0.0855793,4.12416,-5.52499
628,-1.3753,0.222801,4.25324,-5.71209
684,-1.1103,0.0208668,4.27061,-5.70731
685,-0.96543,0.0860732,4.23179,-5.63222
677,-0.954703,-0.00564824,4.15069,-5.36526
670,-0.965376,-0.07219,3.92634,-4.89851
734,-0.688818,0.0694713,3.77168,-4.8495
735,-0.707849,0.112153,3.74755,-4.79536
743,-0.792641,0.209966,3.79425,-5.24539
742,-0.944349,0.160578,4.01352,-5.31848
750,-0.971831,0.325849,4.0832,-5.61248
814,-0.822388,0.268594,4.12041,-5.60526
1410,-0.909639,0.676993,4.51238,-5.0037
1290,-0.908216,1.05933,5.09022,-5.58042
1700,-0.862276,0.404122,3.55571,-4.24975
1828,-1.83972,1.36805,6.76187,-8.84431
237,-1.66584,0.599602,4.68238,-5.56571
165,-1.41705,0.718126,4.58035,-5.16873
219,-1.4091,0.521234,4.31129,-5.10069
211,-1.38048,0.43567,4.2174,-4.81101
275,-1.34433,0.378487,4.3666,-4.95279
339,-1.44694,0.252584,4.39579,-5.006
468,-1.33207,-0.0429918,4.47781,-4.93338
612,-1.14638,0.121679,4.1577,-5.26086
676,-0.937962,0.0720775,4.25594,-5.58656
746,-0.911352,0.124494,4.27541,-5.5488
740,-0.95096,0.0479009,4.20105,-5.44091
804,-0.833547,0.148922,4.03835,-5.28138
868,-0.57643,0.448985,4.29221,-5.46248
932,-0.587752,0.603342,4.41354,-5.50413
867,-0.640406,0.336445,4.26441,-5.35528
859,-0.548477,0.277748,4.41787,-5.40567
795,-0.617532,0.07773,4.32657,-5.21739
794,-0.634064,0.0640791,4.52719,-5.43995
730,-0.821071,0.000280925,4.55008,-5.47482
793,-0.635192,0.186879,4.28969,-5.17238
803,-0.659522,0.111655,4.14176,-5.20374
811,-0.810805,0.192734,4.09583,-5.33994
819,-0.877772,0.244645,4.10509,-5.55833
827,-0.907569,0.207818,4.10907,-5.51642
875,-0.665752,0.436211,3.97414,-5.13535
891,-0.881294,0.428865,3.89707,-5.37329
948,-0.803385,0.610403,4.19156,-5.57428
940,-0.635129,0.701128,4.33653,-5.6985
826,-0.910963,0.293894,4.14865,-5.55173
890,-0.848999,0.481447,4.04467,-5.45765
889,-0.805669,0.4653,3.94134,-5.32774
881,-0.800312,0.425493,4.09833,-5.47845
1137,-1.02482,0.950759,4.39047,-5.69778
1201,-1.08898,0.957693,4.62829,-5.81847
1266,-1.09082,0.928471,4.59442,-5.7738
1257,-1.00471,0.764587,4.42386,-5.38359
1267,-1.07218,0.794615,4.37268,-5.56982
1249,-0.978946,0.718762,4.40703,-5.24421
1313,-0.985573,0.734327,4.39728,-5.23816
1314,-1.00196,0.903685,4.50141,-5.32078
1250,-1.06183,0.854168,4.71301,-5.6144
1242,-0.952492,0.959796,4.72811,-5.58089
1241,-0.881836,0.84616,4.38352,-5.08856
1177,-0.874896,0.999447,4.43325,-5.3027
1315,-0.958093,0.662701,4.16437,-4.91892
1379,-0.953648,0.629968,4.27128,-4.97497
1387,-1.0218,0.737357,4.22412,-5.14173
1395,-1.02853,0.581427,4.21951,-5.07483
1403,-1.00377,0.501529,4.18346,-4.96921
1404,-1.01054,0.469208,4.02353,-4.83704
1340,-0.967044,0.680353,3.85266,-4.94436
1276,-1.03592,0.651935,4.00432,-5.15837
1339,-1.07582,0.657072,4.16678,-5.18419
1331,-1.02605,0.692921,4.18092,-5.21707
1212,-0.970635,0.784769,4.15531,-5.47315
1148,-1.04888,0.781957,4.30137,-5.59401
1011,-0.948018,0.830181,4.39337,-5.75353
1067,-0.868913,0.935087,4.48991,-5.82717
1066,-0.859216,0.942853,4.5085,-5.93464
1130,-0.964294,1.06701,4.5396,-5.8459
1122,-1.00139,0.989015,4.4911,-5.64115
1185,-0.929965,0.925066,4.30524,-5.32891
1193,-1.09249,0.917169,4.51968,-5.63247
1720,-0.822978,0.318974,3.45287,-4.02082
1719,-0.879768,0.356948,3.6823,-4.27188
1783,-0.698745,0.279281,3.03227,-3.4435
1791,-0.685817,0.134194,2.91653,-3.40403
1790,-0.680089,0.311589,3.06255,-3.29269
1854,-1.65325,1.23591,7.19706,-8.25384
1746,-0.733036,0.255123,3.04954,-3.517
1745,-0.750694,0.234292,2.9459,-3.51328
1810,-1.89445,0.446567,7.26125,-7.93184
1508,-0.995209,0.489568,4.25105,-4.97105
1701,-0.85654,0.38801,3.60488,-4.2801
1762,-0.698565,0.307906,3.05487,-3.28552
1818,-1.70817,0.778669,8.09018,-8.25678
1822,-1.63491,1.08304,6.4361,-7.68884
1698,-0.853615,0.369124,3.63102,-4.13091
1643,-0.972951,0.425366,4.00287,-4.68341
1642,-0.921669,0.310297,4.05578,-4.74554
1578,-0.986708,0.370832,4.08443,-4.84259
1586,-1.00206,0.443495,4.14797,-4.87102
1585,-1.00191,0.405662,4.07298,-4.82333
1649,-0.935295,0.357129,3.82505,-4.50768
1650,-0.971019,0.396968,3.95774,-4.68654
1697,-0.850306,0.432833,3.58279,-4.02522
1756,-0.716537,0.430423,3.03722,-3.59513
1757,-0.697887,0.429151,2.9899,-3.72538
1638,-0.95396,0.432956,3.95002,-4.6746
1567,-0.98144,0.390311,4.06169,-4.80659
1679,-0.833587,0.409444,3.60213,-4.20324
1669,-0.832713,0.383026,3.48808,-4.08758
1733,-0.706254,0.2617,2.98492,-3.31341
1734,-0.653465,0.325196,2.97213,-3.25949
1732,-0.660701,0.432258,2.9679,-3.3764
1731,-0.689291,0.364833,2.89511,-3.40905
1795,-1.67824,1.05108,6.65232,-8.37459
615,-1.10643,0.0953258,3.86793,-5.19344
679,-0.882279,0.106017,3.8382,-5.27024
678,-1.1168,0.0931965,4.02915,-5.34544
726,-0.676977,-0.0044161,3.91946,-4.696
662,-0.819308,-0.0751953,3.88221,-4.86006
709,-0.93768,-0.0554741,4.58116,-5.0025
708,-0.851276,0.00530754,4.74333,-5.15698
780,-0.668343,0.0393968,4.80136,-5.18609
788,-0.564886,0.0909204,4.67839,-5.32836
663,-0.867164,-0.0819131,3.84379,-4.69645
732,-0.91164,0.0241221,4.29741,-5.26774
723,-0.733395,-0.00908051,4.72228,-5.29631
715,-0.756847,-0.0577874,4.89774,-5.3762
714,-0.811504,-0.1039,4.94492,-5.51787
713,-0.825202,0.114047,4.80829,-5.39529
705,-0.756457,0.0384194,4.82523,-5.20938
641,-0.96453,-0.082042,4.74665,-5.19863
642,-0.95525,-0.113424,4.77392,-5.24429
706,-0.851745,-0.0520041,4.95222,-5.34526
707,-0.869918,-0.035475,4.80002,-5.17091
769,-0.722702,0.180158,4.88506,-5.3105
777,-0.763813,0.103519,4.89287,-5.39817
770,-0.792212,0.088802,5.04352,-5.37298
598,-0.99491,-0.0104857,3.88588,-4.75536
526,-1.31096,-0.0695422,4.54978,-4.99127
462,-1.33726,-0.000168811,4.75514,-5.12055
616,-1.12686,0.259513,3.82197,-5.29623
624,-1.21215,0.531167,3.9378,-5.56535
567,-1.46047,0.585809,4.20603,-5.99519
559,-1.40661,0.355315,4.11373,-5.60036
558,-1.3951,0.333772,4.06901,-5.56793
428,-1.35789,0.32842,4.08345,-5.12306
483,-1.28572,0.172966,4.0606,-5.11886
529,-1.27331,-0.0502685,4.37149,-5.20669
401,-1.49997,0.157352,4.48445,-5.26673
409,-1.43129,0.230281,4.34064,-5.18881
345,-1.44243,0.21965,4.2092,-5.16063
346,-1.51294,0.312209,4.44792,-5.34424
347,-1.35988,0.26933,4.41542,-5.16522
355,-1.41995,0.233643,4.18068,-5.05304
363,-1.46311,0.34826,4.25706,-5.29464
371,-1.44114,0.475098,4.22736,-5.43649
379,-1.36232,0.53689,4.22476,-5.35107
481,-1.39501,0.116235,4.2572,-5.26253
498,-1.5021,0.224944,4.44539,-5.67545
499,-1.42766,0.238586,4.42213,-5.69473
507,-1.35408,0.310481,4.26689,-5.47604
506,-1.4078,0.308085,4.35091,-5.51584
442,-1.4311,0.358525,4.4184,-5.58748
435,-1.48694,0.271682,4.38545,-5.46687
443,-1.40561,0.42422,4.25975,-5.41574
378,-1.41376,0.492314,4.36781,-5.50492
372,-1.48524,0.428427,4.1553,-5.25036
204,-1.30641,0.35815,4.43499,-4.83837
212,-1.32924,0.455647,4.35578,-4.75364
268,-1.33333,0.223464,4.67203,-4.99013
276,-1.27217,0.31309,4.35938,-4.79199
284,-1.41313,0.297777,4.30999,-4.78223
277,-1.40138,0.370281,4.64904,-4.92845
214,-1.32819,0.454236,4.82331,-4.99846
461,-1.45431,0.0275645,4.81975,-5.17333
525,-1.30652,-0.014327,4.54588,-5.20764
137,-1.44377,0.649913,4.62015,-5.0354
73,-1.26776,0.736177,4.59604,-4.98894
81,-1.35229,0.812556,4.56764,-5.02973
17,-1.24025,0.828766,4.33357,-4.82036
116,-1.42658,0.845004,4.55416,-5.35497
208,-1.39023,0.412216,4.9878,-5.05055
1522,-1.05241,0.507285,4.27917,-5.03922
1458,-1.0486,0.525568,4.34209,-5.14723
1514,-1.00761,0.442319,4.27834,-5.05393
1530,-1.00042,0.464807,4.16155,-4.93899
1532,-0.975573,0.456065,4.16424,-4.90787
1533,-1.04225,0.456933,4.22903,-4.99658
1524,-1.03313,0.508427,4.25009,-5.08015
1588,-1.02622,0.441761,4.17997,-4.91752
1468,-1.00397,0.49267,4.05227,-4.86763
1332,-1.02804,0.705578,4.04247,-5.16131
1396,-1.01215,0.669268,4.01149,-5.0209
1325,-0.874267,0.631324,3.60709,-4.47378
1326,-0.808302,0.214839,3.20098,-4.04071
1335,-1.09945,-0.01209,3.83658,-4.78027
1262,-0.720473,0.312644,3.17113,-4.06309
1261,-0.870077,0.577846,3.60437,-4.70361
1253,-0.637819,0.578149,3.53207,-4.19607
1252,-0.900977,0.717572,3.99267,-4.86348
1251,-0.996253,0.809962,4.34,-5.23855
1658,-0.93508,0.404062,3.85859,-4.52552
1714,-0.785373,0.181677,3.50297,-4.12492
1651,-0.900522,0.429803,3.94675,-4.66741
1659,-0.830867,0.484166,3.99137,-4.70805
1652,-0.951846,0.388789,3.88364,-4.57047
1405,-0.971348,0.585396,3.76064,-4.76482
1594,-0.993866,0.420627,4.12799,-4.84821
1593,-0.976629,0.418847,3.98103,-4.67311
1590,-1.07549,0.355356,4.35284,-5.06721
1654,-0.995504,0.369289,3.96521,-4.60324
1710,-0.837786,0.273864,3.49235,-4.04826
1703,-0.876129,0.334785,3.64938,-4.12139
365,-1.44421,0.421457,3.96305,-5.07421
223,-1.49767,0.419476,4.8455,-5.18628
160,-1.3074,0.582456,4.48736,-4.84085
159,-1.43979,0.623009,4.8087,-5.06039
337,-1.48825,0.247067,4.28,-5.00877
329,-1.51921,0.104596,4.4884,-5.18786
273,-1.40804,0.31114,4.27376,-4.93425
281,-1.4695,0.401766,4.32037,-5.06402
217,-1.38474,0.564709,4.35726,-5.01202
225,-1.49632,0.535474,4.29289,-5.16277
766,-1.00918,0.398946,3.96757,-5.59104
830,-0.927439,0.380578,4.16286,-5.5991
639,-1.26619,0.547953,4.25023,-5.93986
688,-1.06232,0.412709,4.01343,-5.70674
495,-1.49282,0.458242,4.16013,-5.66912
535,-1.13935,0.0214364,3.74447,-4.51524
423,-1.37338,0.340983,4.10331,-5.20412
292,-1.37154,0.37905,4.32861,-5.08766
298,-1.50988,0.619589,4.21117,-5.38485
297,-1.44875,0.563855,4.2451,-5.2484
361,-1.41785,0.309516,4.24857,-5.30352
362,-1.45661,0.234898,4.22862,-5.26238
1602,-0.998082,0.373592,4.0197,-4.68198
1601,-0.922854,0.417472,3.83552,-4.48055
1609,-0.951688,0.349968,4.03491,-4.59022
1673,-0.961234,0.298618,3.7046,-4.31824
1681,-0.866504,0.318674,3.58979,-4.19202
1738,-0.66707,0.112413,3.06038,-3.57683
1802,-1.58025,0.346987,7.48233,-8.71749
1336,-1.06128,-0.0590211,4.02783,-5.02613
1197,-0.803566,0.676998,3.86075,-5.0009
1196,-1.08364,0.82867,4.40425,-5.64436
1188,-0.871676,0.809305,4.16316,-5.08302
1187,-0.912069,0.907125,4.30947,-5.29756
1179,-0.835902,0.758575,4.16081,-4.96049
1243,-0.848196,0.818703,4.24164,-4.96807
1244,-0.802183,0.654009,3.85627,-4.52875
1236,-0.765382,0.689402,4.44262,-4.75515
1173,-0.769006,0.555869,4.40695,-4.67323
1109,-0.697381,0.615008,4.40187,-4.75335
981,-0.606321,0.482765,4.51378,-5.13727
930,-0.565015,0.627774,4.46831,-5.45648
939,-0.716883,0.698502,4.19837,-5.54812
1363,-0.891446,0.8,4.57331,-4.99424
1371,-0.941992,0.682267,4.34664,-5.00734
1307,-0.890575,0.721323,4.26417,-4.88021
1299,-0.904411,0.85538,4.7258,-5.175
1300,-0.837855,0.803237,4.38694,-4.70413
1297,-0.866208,0.808488,4.40774,-4.93301
1361,-0.901203,0.726734,4.33413,-4.87273
1233,-0.8267,0.963794,4.48311,-5.03399
1234,-0.952867,0.952225,4.8118,-5.51697
1225,-0.851373,1.05648,4.92891,-5.46235
1217,-0.856362,1.06542,4.95773,-5.43126
1282,-0.864646,1.0367,4.93312,-5.40871
1218,-0.826686,1.00907,5.13507,-5.5244
1219,-0.919933,0.936522,5.03827,-5.49701
1220,-0.926744,0.74416,4.90391,-5.08112
1156,-0.877832,0.822859,5.00628,-5.31666
1157,-0.746484,0.715632,4.93798,-5.0582
1155,-0.827284,0.870466,5.14891,-5.43462
1163,-0.851299,0.927405,4.90864,-5.3254
1099,-0.822767,0.949431,4.90577,-5.41224
969,-0.601069,0.668621,4.63688,-5.17608
961,-0.650949,0.723993,4.7884,-5.16078
1025,-0.679198,0.75846,4.62965,-5.05096
1026,-0.733512,0.795903,4.78703,-5.24458
925,-0.575709,0.453556,4.47123,-5.35305
397,-1.47748,0.0889197,4.91064,-5.31756
531,-1.26879,-0.129233,4.42646,-5.1281
539,-1.19593,-0.0152915,4.23446,-5.05715
513,-1.30256,-0.0997646,4.5698,-5.13919
333,-1.39883,0.115979,4.87194,-5.22108
220,-1.2986,0.483854,4.22743,-4.81199
283,-1.47414,0.354521,4.39631,-5.13125
290,-1.55748,0.473776,4.46225,-5.33994
153,-1.36916,0.659476,4.44884,-5.09054
145,-1.31683,0.630449,4.47148,-5.00937
146,-1.43068,0.673948,4.72223,-5.21095
210,-1.55178,0.657778,4.68891,-5.23717
209,-1.40265,0.557381,4.46056,-5.05196
201,-1.41004,0.48211,4.44274,-4.86019
454,-1.38139,-0.00697977,4.94598,-5.27877
582,-1.20825,-0.140322,4.83602,-5.21614
590,-1.15234,-0.0872606,4.43727,-5.04211
589,-1.1369,-0.118028,4.59803,-5.19256
267,-1.463,0.33709,4.63986,-5.1155
266,-1.50684,0.282443,4.68072,-5.0966
65,-1.28092,0.764601,4.61992,-5.0609
265,-1.38858,0.236674,4.44443,-4.83729
259,-1.43777,0.225703,4.74329,-5.02187
203,-1.33062,0.431884,4.29148,-4.76261
139,-1.19522,0.600196,4.24475,-4.60372
147,-1.26955,0.598716,4.4377,-4.89996
82,-1.32507,0.738143,4.53336,-5.12352
155,-1.38362,0.716156,4.28362,-4.89911
221,-1.36297,0.444212,4.49143,-4.88514
213,-1.26173,0.435482,4.58879,-4.79931
149,-1.30189,0.57518,4.61078,-4.83798
1521,-1.04622,0.507537,4.25942,-5.04106
1457,-1.03477,0.580051,4.25623,-5.07799
1393,-1.03647,0.61906,4.19635,-5.11823
1378,-0.995971,0.631733,4.31277,-5.10281
1442,-0.974842,0.555094,4.22961,-4.97904
1434,-1.01174,0.626879,4.29784,-4.98137
1235,-0.866468,0.837275,4.55191,-5.04626
1186,-0.983266,0.931089,4.72364,-5.61736
1169,-0.841721,0.905571,4.36908,-5.01864
1178,-0.995309,0.916884,4.59829,-5.43395
1058,-0.681496,0.917586,4.64963,-5.65143
1059,-0.726401,0.885123,4.46976,-5.45581
801,-0.641565,0.226312,4.27058,-5.45474
698,-1.04889,0.161696,4.17158,-5.4034
689,-0.961827,0.152949,4.00161,-5.20014
697,-1.01235,0.185044,3.89661,-5.09813
753,-0.871435,0.147976,4.07445,-5.40214
761,-0.985043,0.202979,3.98282,-5.17777
825,-0.826562,0.328671,3.90716,-5.19104
817,-0.869033,0.250251,4.17548,-5.54653
762,-1.02083,0.136687,4.21501,-5.65106
763,-1.01854,0.171687,4.20551,-5.73689
701,-1.06473,0.316668,4.06929,-5.7608
693,-1.11746,0.126052,4.1989,-5.82049
694,-1.27508,0.454417,4.27322,-5.93705
566,-1.37302,0.520351,4.25055,-5.87357
445,-1.47604,0.430021,4.33094,-5.70785
444,-1.44084,0.452148,4.14169,-5.46002
374,-1.54953,0.518357,4.37451,-5.69964
245,-1.62414,0.655437,4.61812,-5.73395
189,-1.54813,0.779645,4.42566,-5.55837
181,-1.59545,0.708542,4.54242,-5.59719
1582,-1.03401,0.439955,4.19757,-4.95564
1575,-1.01645,0.413798,4.17739,-4.89876
1460,-1.03405,0.533059,4.08422,-4.99587
1341,-0.95982,0.624997,3.64952,-4.80419
1333,-0.994884,0.65576,3.76483,-4.93216
1269,-0.999675,0.671611,3.84302,-5.20532
1268,-0.998792,0.798708,4.15458,-5.45062
1205,-0.945533,0.747606,3.93446,-5.24984
1214,-0.869075,0.526311,3.61041,-4.92128
1263,-0.852623,0.070062,3.54479,-4.36354
1199,-0.67471,0.103614,3.48624,-4.45981
1200,-0.692808,0.10354,3.77006,-4.81626
1264,-0.829544,-0.00793985,3.88067,-4.6381
1729,-0.726397,0.188373,3.28789,-3.40743
1665,-0.799554,0.36059,3.53688,-4.07387
1666,-0.958269,0.273146,3.68029,-4.2988
1667,-0.865004,0.397694,3.5901,-4.14626
1668,-0.862329,0.383751,3.60926,-4.21356
1737,-0.794104,0.232777,3.08758,-3.58225
1801,-1.96658,0.426521,6.9542,-8.13906
1204,-1.03794,0.945695,4.30612,-5.71232
1203,-1.12087,0.920241,4.4388,-5.80391
1202,-1.10442,1.06025,4.6703,-5.96989
1138,-0.995935,0.945581,4.40562,-5.70195
1147,-1.0091,0.842542,4.23344,-5.51243
1140,-1.08153,0.916708,4.37533,-5.82471
1069,-0.717268,0.617346,3.95775,-5.18427
1133,-0.763267,0.705716,3.89833,-5.0848
1132,-0.89041,0.884025,4.29435,-5.6319
1124,-0.777786,0.852904,4.11092,-5.2545
686,-1.04347,0.220967,3.94676,-5.51884
813,-0.809415,0.238999,4.03037,-5.44483
805,-0.751961,0.141274,4.01309,-5.34046
749,-0.964808,0.123943,4.23825,-5.70976
818,-0.889188,0.334455,4.30007,-5.62697
654,-0.946171,-0.125192,4.45587,-4.91858
653,-0.937489,-0.201202,4.57197,-5.02271
599,-1.05617,-0.0260195,3.79908,-4.57747
655,-0.949778,-0.0794648,4.29116,-4.74522
720,-0.776203,0.0263055,3.83787,-4.37712
184,-1.58822,0.566012,4.57781,-5.54514
183,-1.58546,0.61727,4.60408,-5.49279
1467,-1.01077,0.505018,4.15565,-4.98316
1388,-1.00682,0.64088,4.14487,-5.08992
1452,-1.0411,0.637082,4.20872,-5.16286
1450,-1.02282,0.54833,4.2288,-5.02354
1394,-1.05491,0.595514,4.31604,-5.2186
1139,-1.08263,0.881352,4.51795,-5.85304
822,-0.952935,0.380915,4.14195,-5.72438
1787,-0.472482,0.448554,2.76452,-3.29828
1779,-0.459049,0.456832,2.83322,-3.40771
1780,-0.679707,0.317028,2.88392,-3.40169
1788,-0.574181,0.364089,2.95748,-3.47569
1789,-0.720589,0.219733,3.07012,-3.36969
1781,-0.659167,0.209633,2.92104,-3.28609
1830,-1.52448,1.28519,6.82973,-7.72159
439,-1.51236,0.534581,4.42056,-5.90304
335,-1.45895,0.290118,5.10367,-5.3714
272,-1.47163,0.298271,5.06867,-5.20563
399,-1.36582,0.0928439,4.89008,-5.11159
271,-1.50605,0.317295,5.31132,-5.58541
279,-1.45358,0.306537,4.94815,-5.22068
407,-1.34509,0.171153,4.21562,-4.66225
436,-1.45468,0.33306,4.11721,-5.37393
344,-1.3247,0.238119,4.53961,-4.82894
408,-1.3639,0.138185,4.13948,-4.60546
263,-1.34477,0.29842,5.25991,-5.2513
62,-1.40555,0.835294,4.14051,-4.79581
994,-0.634297,0.741067,4.46601,-5.4502
993,-0.646902,0.805742,4.1678,-5.38955
922,-0.497702,0.588042,4.54005,-5.45752
986,-0.577962,0.764187,4.5266,-5.37199
985,-0.507443,0.665299,4.50437,-5.23912
921,-0.608452,0.498631,4.47635,-5.367
913,-0.492841,0.434197,4.40291,-5.04578
860,-0.533793,0.370059,4.57154,-5.41208
797,-0.675221,0.109351,4.02131,-5.00619
565,-1.51084,0.285647,4.42604,-5.98094
564,-1.45167,0.238433,4.33357,-5.8976
500,-1.49561,0.274756,4.36238,-5.83777
492,-1.41736,0.247184,4.26529,-5.48982
508,-1.3319,0.21437,4.04331,-5.42391
568,-1.35493,0.632374,4.25348,-5.84332
692,-1.24297,0.00558074,4.27129,-5.84776
812,-0.812852,0.170392,4.00447,-5.44699
563,-1.51043,0.177117,4.27382,-5.59124
555,-1.25594,0.101822,4.16893,-5.36896
491,-1.43687,0.176015,4.25507,-5.52442
427,-1.4946,0.285151,4.3836,-5.54999
547,-1.20792,0.163357,4.15666,-5.13073
356,-1.27391,0.277731,4.03073,-4.84089
364,-1.42419,0.359066,4.05735,-5.08303
300,-1.44883,0.435031,4.2358,-5.28546
242,-1.47583,0.744324,4.2904,-5.35025
124,-1.28207,0.81389,4.23799,-4.9503
180,-1.50792,0.832127,4.45461,-5.45524
186,-1.3177,0.870874,4.38493,-5.39245
172,-1.45547,0.723272,4.5627,-5.56712
20,-1.18265,0.762225,4.15812,-4.65164
122,-1.16742,0.819576,4.39986,-5.3028
250,-1.39323,0.776963,4.18345,-5.2871
251,-1.45774,0.764333,4.3581,-5.51645
264,-1.35321,0.328327,4.97076,-4.95909
596,-1.07496,-0.0382318,4.22227,-4.91372
661,-0.872294,-0.165132,4.18918,-4.87814
747,-0.94493,0.0640132,4.38771,-5.72253
778,-0.748505,-0.00491929,4.96688,-5.4361
779,-0.626649,0.0910882,4.84349,-5.40234
843,-0.515693,0.336103,4.75387,-5.20912
835,-0.626761,0.31796,4.90474,-5.16449
771,-0.756003,0.110852,4.89464,-5.16958
645,-0.99183,-0.113833,4.7544,-5.29422
597,-1.09468,-0.0463121,4.12016,-4.80546
659,-0.730032,-0.033517,4.50959,-5.14231
629,-1.30745,0.294814,4.3411,-5.95968
120,-1.42581,0.744467,4.48897,-5.19747
55,-1.21307,0.750017,4.04654,-4.68535
556,-1.35782,0.146052,4.29586,-5.65944
317,-1.6003,0.639156,4.51041,-5.61468
370,-1.59496,0.423769,4.33658,-5.58876
306,-1.54797,0.535715,4.29063,-5.61738
929,-0.591993,0.505146,4.24059,-5.38867
858,-0.580822,0.349872,4.61209,-5.5018
941,-0.709765,0.546285,4.13449,-5.49835
949,-0.844898,0.564229,4.19528,-5.62448
950,-0.779844,0.629112,4.21461,-5.60232
759,-1.01034,0.487847,4.1108,-5.8538
1657,-0.864018,0.281817,3.63794,-4.28783
1713,-0.807401,0.311468,3.49132,-3.97274
1323,-1.00807,0.735988,4.20554,-5.16169
1449,-0.98767,0.574508,4.21588,-5.00449
573,-1.40262,0.392347,4.22535,-5.84269
557,-1.36801,0.183162,4.19108,-5.60405
748,-0.968998,0.0788307,4.293,-5.64787
441,-1.34306,0.348301,4.17586,-5.30047
377,-1.39441,0.44006,4.16994,-5.36773
369,-1.38119,0.418793,4.43376,-5.53953
305,-1.52731,0.579761,4.31463,-5.56676
252,-1.58509,0.773136,4.51572,-5.69424
236,-1.6069,0.734545,4.55475,-5.58418
195,-1.39111,0.378869,4.59362,-4.83987
194,-1.53459,0.422078,4.64183,-4.99389
138,-1.35715,0.555377,4.73405,-5.08852
3,-1.26164,0.794145,4.25355,-4.82179
331,-1.46361,0.305885,4.71153,-5.12282
789,-0.592056,0.10663,4.36879,-5.16768
741,-0.908561,0.0403053,4.20701,-5.41468
593,-1.0935,-0.0201461,4.39916,-5.27411
585,-1.1504,-0.0436738,4.65518,-5.2508
657,-0.944285,-0.0182762,4.47355,-5.29594
601,-1.1974,0.000132627,4.50422,-5.46347
577,-1.14883,-0.0877447,4.60274,-5.12081
1123,-0.881776,0.880631,4.26822,-5.34714
1049,-0.61773,0.767854,4.427,-5.24921
1577,-0.965706,0.427708,3.99361,-4.71992
1513,-1.01644,0.4703,4.1708,-4.97647
650,-0.900075,-0.110586,4.79261,-5.4282
649,-1.0103,-0.0968331,4.72781,-5.41428
721,-0.762487,-0.0730833,4.42248,-5.08728
785,-0.679637,0.22048,4.52358,-5.11659
833,-0.636069,0.383739,4.87686,-5.22137
841,-0.575094,0.298141,4.766,-5.2468
849,-0.539994,0.270454,4.51266,-5.03834
786,-0.594698,0.0966985,4.86554,-5.4102
842,-0.584997,0.142778,4.80427,-5.26502
1272,-0.897575,0.0483944,3.76513,-4.83078
1254,-0.624905,0.384823,3.4865,-3.99737
1245,-0.656754,0.411254,3.78942,-4.11039
1180,-0.806966,0.678763,3.93561,-4.66088
1181,-0.628054,0.561225,4.10157,-4.50771
1117,-0.600555,0.672934,3.97236,-4.51561
1154,-0.857058,0.993035,5.17484,-5.48661
1316,-0.899959,0.702974,3.89444,-4.72845
1153,-0.859766,0.923118,4.8292,-5.19523
1089,-0.721859,0.861636,4.67111,-5.03024
1091,-0.692145,0.795849,5.07437,-5.29921
1090,-0.770996,0.926752,5.06899,-5.49017
1226,-0.920649,1.05436,5.18019,-5.66719
1298,-0.892352,0.866151,4.68235,-5.15708
1306,-0.88839,0.957673,4.46484,-5.20342
850,-0.48711,0.257203,4.6189,-5.29952
802,-0.611,0.174626,4.28668,-5.47807
810,-0.739968,0.238723,4.11753,-5.49332
35,-1.24448,0.759467,4.11938,-4.64174
25,-1.31202,0.861005,4.17285,-4.81374
43,-1.17643,0.784356,4.22929,-4.67954
64,-1.24867,0.821615,4.16308,-4.78785
32,-1.18566,0.770598,4.13185,-4.74287
95,-1.35946,0.633102,4.73742,-5.04041
96,-1.27338,0.67278,4.59653,-4.95706
113,-1.25258,0.812416,4.52464,-5.29248
121,-1.1644,0.846615,4.29952,-5.14451
49,-1.07664,0.658979,4.14935,-4.63457
61,-1.1075,0.768561,4.00872,-4.5306
11,-1.16196,0.675314,4.08809,-4.46121
1324,-1.01112,0.730874,4.15186,-5.133
1308,-0.815624,0.721035,3.912,-4.42145
977,-0.532314,0.647484,4.41226,-5.11291
1041,-0.574389,0.808558,4.31027,-5.08681
1046,-0.591975,0.519847,4.52378,-4.92026
1054,-0.504088,0.428544,4.14875,-4.78739
989,-0.521885,0.550701,4.3717,-5.15716
926,-0.554225,0.480161,4.53588,-5.36772
918,-0.37281,0.42461,4.45901,-5.05955
982,-0.484656,0.532653,4.34108,-5.09493
1038,-0.712741,0.60849,4.65409,-5.01578
1611,-0.90526,0.385855,4.02218,-4.73823
1603,-0.953552,0.409944,4.01957,-4.65844
1481,-0.979708,0.541343,4.22267,-4.8788
1473,-0.980429,0.519624,4.15933,-4.8423
1349,-0.907131,0.59179,4.78229,-5.01277
1285,-0.954042,0.580917,4.93854,-5.0396
1221,-0.912047,0.517906,4.863,-4.99364
984,-0.53134,0.457915,4.24484,-4.7367
1118,-0.593121,0.334506,3.97435,-4.50383
666,-0.960793,-0.102782,4.53034,-5.47703
635,-1.13393,0.32322,4.15215,-5.28666
636,-1.3329,0.153959,4.15296,-5.6448
637,-1.33808,0.397251,4.32807,-5.96395
572,-1.2952,0.283541,4.08249,-5.55591
1372,-0.923621,0.565523,4.01993,-4.65533
1364,-0.894168,0.700672,4.4822,-4.84758
1516,-1.02227,0.531193,4.18036,-4.99892
1260,-1.00908,0.802929,4.28042,-5.37933
1077,-0.931478,0.741826,4.09295,-5.45434
1078,-0.692052,0.433534,3.92476,-5.35236
1141,-0.945829,0.739305,4.09454,-5.40796
1213,-0.924128,0.776673,3.8346,-5.20623
665,-1.0089,0.00569744,4.39608,-5.30774
658,-0.983526,-0.0993198,4.68071,-5.39774
722,-0.782879,-0.0695818,4.78685,-5.5099
729,-0.849439,0.0845415,4.27574,-5.2461
417,-1.52859,0.191638,4.41509,-5.41171
638,-1.36299,0.467064,4.36109,-6.00622
848,-0.589031,0.341019,4.24886,-4.93319
998,-0.611556,0.566346,4.4425,-5.4336
990,-0.562377,0.541367,4.42682,-5.22025
1061,-0.721046,0.633671,3.98289,-4.93897
1053,-0.556105,0.592021,4.13993,-4.83481
354,-1.52979,0.212775,4.34635,-5.23993
282,-1.58235,0.420886,4.49568,-5.32483
218,-1.54672,0.576559,4.51951,-5.26489
162,-1.42818,0.74644,4.32075,-5.15272
170,-1.45405,0.904913,4.44801,-5.46969
188,-1.53492,0.789167,4.3559,-5.36406
39,-1.18637,0.677196,4.16084,-4.60851
338,-1.51413,0.391122,4.43695,-5.02964
504,-1.47633,0.580139,4.29149,-5.92367
33,-1.21039,0.822103,4.16443,-4.52635
84,-1.19547,0.753638,4.55571,-4.93504
154,-1.37701,0.660487,4.66159,-5.22684
158,-1.47794,0.537674,4.81723,-5.13177
1259,-1.01757,0.826246,4.32321,-5.40753
1194,-1.04872,0.963509,4.47312,-5.67516
1211,-1.08359,0.856966,4.41653,-5.64069
1079,-0.721951,0.306657,3.97711,-5.15798
1072,-0.779289,0.264544,3.92696,-4.93916
1008,-0.598329,0.373887,4.05515,-5.24111
1007,-0.592188,0.347463,4.18764,-5.37371
836,-0.678594,0.230426,4.57767,-4.97271
1125,-0.721689,0.72261,3.9446,-4.90759
1135,-0.62157,0.219718,3.65411,-4.77016
951,-0.762685,0.334428,4.28974,-5.69814
796,-0.707753,0.167301,4.18841,-5.23411
496,-1.44685,0.534263,4.09508,-5.5735
1074,-0.948719,0.843327,4.52912,-5.92809
1015,-0.68753,0.394843,4.21956,-5.58409
1676,-0.874386,0.47273,3.60179,-4.27572
821,-0.89536,0.34384,4.17688,-5.74988
514,-1.26022,-0.1544,4.70483,-5.16415
787,-0.616143,0.118751,4.69911,-5.40208
269,-1.4241,0.275392,4.97438,-5.12653
48,-1.0854,0.72466,4.17448,-4.64453
289,-1.46254,0.468143,4.35639,-5.33206
702,-1.15839,0.428618,4.2012,-5.88204
1075,-1.01074,0.849402,4.48319,-5.89194
809,-0.777323,0.333265,4.28016,-5.45573
699,-1.2414,0.132213,4.20109,-5.59107
6,-1.08071,0.717574,4.13259,-4.51524
5,-1.12502,0.685959,4.24158,-4.6454
98,-1.36855,0.875748,4.44672,-5.19742
150,-1.2829,0.55508,4.63973,-4.85303
353,-1.52323,0.309323,4.49058,-5.42015
41,-1.1906,0.875591,4.23063,-4.77122
792,-0.671182,0.251545,4.0688,-4.91015
432,-1.49031,0.507183,4.16062,-5.40084
625,-1.17101,0.162453,4.00143,-5.18517
561,-1.29599,0.149865,4.13165,-5.21598
633,-1.08699,0.243523,3.92327,-4.95432
569,-1.21407,0.219747,3.93401,-5.00374
497,-1.3854,0.213476,4.35329,-5.54199
505,-1.41937,0.302011,4.07126,-5.25754
1033,-0.606719,0.727955,4.7592,-5.13581
905,-0.544632,0.473878,4.66,-5.23243
1598,-1.02386,0.411363,4.24872,-4.97211
1342,-1.0366,0.322933,3.62398,-4.63367
1277,-0.984466,0.70929,3.86557,-5.18641
1721,-0.774151,0.260968,3.36889,-3.95782
1777,-0.643286,0.343553,3.0365,-3.30887
1785,-0.605668,0.219962,2.74577,-3.21045
1591,-1.03305,0.434544,4.23672,-4.95001
1728,-0.822246,0.330311,3.4627,-4.07144
274,-1.56701,0.476506,4.4902,-5.02468
89,-1.28668,0.795031,4.40608,-5.14308
90,-1.31167,0.81713,4.58638,-5.22798
1195,-0.956252,0.926081,4.47267,-5.68996
1131,-0.94833,0.915946,4.53125,-5.84332
955,-0.809047,0.570666,4.01055,-5.37243
431,-1.43888,0.393401,4.14327,-5.41871
1690,-0.811982,0.386042,3.61508,-3.99321
1819,-1.34116,1.01087,6.50772,-7.65461
148,-1.29382,0.588479,4.42457,-4.75247
58,-1.18631,0.748333,4.12134,-4.67005
169,-1.30213,0.748028,4.27907,-5.18609
161,-1.32865,0.650332,4.2369,-5.06623
202,-1.50824,0.508798,4.63761,-5.1013
1715,-0.78268,0.389324,3.51136,-4.10112
1753,-0.806776,0.0117627,2.86526,-3.39326
1689,-0.867407,0.331516,3.50521,-4.13247
1770,-0.537443,-0.0138323,2.96316,-3.31732
1834,-1.60513,0.099647,7.09426,-8.3156
1301,-0.856924,0.485195,4.50806,-4.67346
1406,-1.09637,0.242983,3.74798,-4.69929
1855,-1.75714,0.280679,6.91037,-8.28224
38,-1.177,0.768905,4.07846,-4.59292
56,-1.20706,0.773672,4.18285,-4.72298
1360,-0.981616,0.338417,4.77534,-4.91662
1583,-1.02829,0.398319,4.24873,-4.95446
1557,-1.02335,0.456741,4.24198,-5.00071
1612,-0.996676,0.412806,3.98184,-4.65234
1730,-0.693548,0.251401,3.01799,-3.44872
1674,-0.996258,0.325855,3.6841,-4.31379
897,-0.630083,0.581899,5.04016,-5.34484
1098,-0.752998,0.933926,4.93422,-5.398
1097,-0.725952,0.806569,4.5657,-5.07119
1161,-0.802853,0.893751,4.66486,-5.23356
1832,-1.73069,0.634188,7.04816,-7.67553
1748,-0.644758,0.557014,2.96204,-3.64131
1747,-0.695663,0.26704,2.90596,-3.38699
1811,-1.73266,0.37746,6.55839,-7.57964
578,-1.14934,-0.209772,4.72562,-5.18854
643,-0.930363,-0.0720337,4.75668,-5.08031
834,-0.651576,0.129393,4.93179,-5.25623
1305,-0.979169,0.593577,4.25431,-4.98075
1369,-0.970128,0.563865,4.16431,-4.80666
651,-0.82049,-0.074302,4.71415,-5.24214
1425,-0.967706,0.640845,4.24537,-4.8863
1162,-0.826973,0.988241,5.08196,-5.4323
197,-1.38963,0.397507,5.27798,-5.27214
262,-1.48521,0.41935,5.28176,-5.37061
800,-0.638758,0.312578,4.09119,-5.08198
927,-0.53724,0.383933,4.42975,-5.29043
1094,-0.781227,0.481424,4.98887,-5.08674
799,-0.623597,0.176244,4.04082,-5.15435
864,-0.583814,0.325596,4.04359,-5.02484
856,-0.629844,0.384382,4.3038,-5.16177
784,-0.613943,0.149509,4.03897,-4.65872
1735,-0.701356,0.308007,2.79863,-3.3406
1761,-0.737097,0.0128324,2.96908,-3.2582
1825,-1.54689,0.50984,6.28229,-7.1988
758,-1.05283,0.363546,4.14445,-5.86922
42,-1.20929,0.714403,4.00363,-4.55372
57,-1.19744,0.853016,3.97591,-4.62128
570,-1.31884,0.238695,4.13789,-5.32377
1723,-0.688161,0.371307,3.48035,-4.13917
1843,-1.26443,1.0168,7.342,-8.71683
878,-0.711657,0.398378,4.08946,-5.45052
1246,-0.609313,0.294505,4.01133,-4.15216
863,-0.607432,0.280472,4.33335,-5.27819
36,-1.12624,0.774319,4.15007,-4.60201
700,-1.23613,0.236359,4.28229,-5.739
571,-1.20256,0.298403,4.11541,-5.30083
27,-1.07209,0.723546,4.14982,-4.66131
1232,-0.980939,0.318541,4.90498,-5.12492
1184,-0.765369,0.142797,4.47837,-4.98739
1786,-0.65819,0.301656,2.84437,-3.32292
1722,-0.81035,0.232934,3.51169,-4.06559
1182,-0.573237,0.420708,3.9817,-4.40657
1102,-0.785377,0.508832,4.9273,-5.05925
992,-0.532503,0.413862,4.12976,-4.9046
21,-1.13364,0.74932,4.25781,-4.74188
1129,-1.02981,0.805337,4.49258,-5.6424
125,-1.25842,0.773109,4.43166,-5.0854
1725,-0.842633,0.331693,3.56651,-4.13802
1465,-0.997085,0.533299,4.07875,-4.83875
1529,-0.946054,0.535269,4.04349,-4.75837
1566,-1.01649,0.413751,4.13963,-4.88286
1743,-0.781918,0.218921,2.99923,-3.47684
1742,-0.680723,0.386457,2.90628,-3.3583
1048,-0.573488,0.428534,4.1895,-4.71074
1047,-0.594596,0.476769,4.49373,-5.01658
1056,-0.655721,0.354982,4.126,-4.76435
928,-0.567103,0.35637,4.19356,-5.0311
942,-0.656826,0.449127,4.25458,-5.579
581,-1.19282,-0.103368,4.88888,-5.27573
943,-0.70113,0.447393,4.31768,-5.65319
944,-0.725609,0.391692,4.13623,-5.36128
935,-0.588746,0.372743,4.42572,-5.67414
936,-0.596913,0.359516,4.09359,-5.01201
1370,-0.946948,0.660275,4.28492,-4.99364
1784,-0.643626,0.249915,2.91177,-3.30899
1776,-0.666874,0.147275,2.85241,-3.35198
1840,-1.40167,0.099607,6.67504,-7.91927
1847,-1.49771,0.26978,6.47672,-7.64756
1809,-1.35087,0.904886,6.50817,-7.79296
1545,-0.982437,0.412415,4.2526,-4.79116
1794,-1.57024,0.420258,6.27871,-7.10895
1806,-1.49232,1.02934,7.12311,-8.08734
1422,-0.925759,0.394643,4.36734,-4.68611
1000,-0.618273,0.321183,4.14024,-4.99999
1820,-1.68418,1.10167,7.05425,-8.71939
1680,-0.898063,0.300223,3.39531,-4.06952
1688,-0.904608,0.300851,3.51501,-4.10826
1805,-1.61724,0.426026,6.70815,-8.01519
1028,-0.742048,0.723499,4.68471,-5.01786
9,-1.29109,0.789933,4.32968,-4.78022
1799,-1.40205,0.964087,6.33654,-7.50547
1851,-1.05073,0.626583,7.37151,-8.61975
1800,-1.66974,-0.00180749,7.16542,-8.16941
1769,-0.602632,0.352935,3.06808,-3.16721
1466,-1.02847,0.485459,4.21863,-5.05846
1749,-0.645979,0.505844,2.80607,-3.57494
1537,-0.954752,0.485245,4.06553,-4.73778
1739,-0.694154,0.220619,2.99988,-3.54591
1812,-1.2593,1.33852,6.4566,-8.00683
1792,-0.6965,0.00389226,2.78193,-3.38232
1856,-1.8402,0.243435,7.37655,-8.67604
1817,-1.81146,0.0700214,6.76994,-8.11704
1796,-1.72596,0.671243,7.69181,-8.1172
1844,-1.25039,1.26607,7.0975,-8.38512
1772,-0.576054,0.343934,2.76222,-3.32656
1853,-1.65669,0.325661,7.05037,-7.5916
1744,-0.814419,0.152324,2.81937,-3.49391
1736,-0.768809,0.164499,2.90407,-3.36077
1778,-0.629631,0.200859,2.94339,-3.42796
1842,-1.699,0.244083,7.17943,-8.47819
1815,-1.40149,0.930184,6.7016,-8.16084
1821,-1.5219,0.371448,6.17905,-7.71767
1793,-1.64423,0.400549,7.63158,-7.90676
1740,-0.684535,0.627926,2.96477,-3.6231
1804,-1.65609,1.36292,6.91255,-8.3717
1741,-0.625863,0.504356,2.80434,-3.48829
1808,-1.8144,0.432023,6.579,-8.04155
1846,-1.7918,0.372408,7.67479,-8.27542
1814,-1.56224,1.26533,6.81575,-8.09015
1836,-0.947986,0.996474,6.72844,-8.5179
1813,-1.65973,1.04167,6.45363,-8.28188
1839,-1.85219,0.751392,7.74158,-8.20017
1797,-1.68305,0.353878,6.71631,-7.82436
1849,-1.6276,0.215389,6.75004,-7.76776
1538,-1.01051,0.443719,4.12071,-4.77579
1816,-1.56625,0.615179,6.4875,-7.2882
1838,-1.59441,0.221039,7.05573,-7.85303
1848,-1.6859,0.635554,7.56082,-8.12102
1831,-1.69467,0.61981,7.0322,-7.5297
1841,-1.55836,1.04082,7.02684,-7.69971
1845,-1.66252,0.57704,7.39802,-7.81797
1852,-1.63666,0.836384,7.3422,-7.94802
1826,-1.78342,0.370076,6.5865,-7.74088
1771,-0.642538,0.321763,2.88826,-3.23743
1837,-1.57584,0.110572,6.8422,-7.72895
1833,-1.62762,0.593551,7.23568,-7.81768
1835,-1.5844,0.745394,6.82869,-7.50543
1798,-1.58972,0.60252,6.67016,-7.3753
1850,-1.49834,0.466616,6.13825,-7.09587
1823,-1.69167,0.533274,7.16906,-7.69497
1807,-1.56652,0.932708,6.75374,-7.46624

