26,-0.43487,-0.0511678,-2.68382,2.68529
22,-0.265516,-0.330157,-2.74151,2.58526
25,-0.136743,-0.381575,-2.85161,2.68038
20,-0.157076,-0.328819,-2.65567,2.53519
13,-0.41062,-0.0674301,-2.87138,2.29855
15,0.0191674,-0.198702,-2.6762,2.24132
12,0.288061,-0.104164,-2.86157,2.02651
19,0.0542896,-0.259988,-2.8937,2.13373
49,-0.480175,0.211757,-2.54717,2.2546
4,0.140295,-0.300329,-2.77559,2.13404
3,0.247258,-0.148297,-2.85509,2.24813
42,-0.257301,0.230643,-2.76504,2.04775
36,-0.399191,-0.404861,-2.77433,1.9223
27,-0.277114,-0.164267,-2.632,2.51842
23,-0.228358,-0.23679,-2.69177,2.68772
21,-0.217089,-0.0493644,-2.71832,2.61163
29,-0.0160263,-0.226002,-2.61695,2.64952
28,-0.268868,-0.271772,-2.62115,2.63538
14,0.155292,0.00954172,-2.7232,2.12039
46,-0.212228,0.449797,-2.66225,2.31789
45,-0.156347,0.49883,-2.4993,2.20369
44,-0.403164,0.309996,-2.53553,2.29346
18,-0.0706671,0.0181709,-2.79856,2.40695
11,0.153232,0.114909,-2.76085,2.18675
40,-0.238951,0.169129,-2.7089,2.48057
41,-0.388483,0.0672771,-2.7366,2.21342
30,-0.370099,-0.162879,-2.91509,1.91904
39,-0.329188,-0.318811,-2.92606,1.7897
38,-0.555099,-0.0563596,-2.78391,1.9158
35,-0.454991,-0.131657,-2.81814,1.89208
37,-0.285371,-0.201144,-2.92204,1.95054
2,-0.0297865,-0.267718,-2.85411,2.20312
5,-0.0257666,-0.0328929,-2.6265,2.1385
8,0.217365,-0.167594,-2.98441,2.14323
48,-0.489511,0.32125,-2.53879,2.30779
24,-0.175755,-0.233689,-2.59375,2.55877
16,0.322965,-0.18164,-2.82107,2.21302
43,-0.126777,0.259986,-2.60644,2.40772
10,0.211781,-0.183918,-2.71985,2.01365
7,0.00301396,-0.176734,-2.8327,2.35544
9,0.175968,0.109799,-2.71281,2.11097
32,-0.523238,-0.285481,-2.89615,1.92966
34,-0.50713,-0.265963,-2.90766,1.90846
47,-0.542976,0.312001,-2.35602,2.36441
6,0.128437,0.076013,-2.70392,2.24319
17,0.00189621,-0.333421,-2.55899,2.01809
1,0.191065,-0.0844415,-2.66234,2.14469
0,0.189844,-0.122803,-2.74274,2.24014
33,-0.318123,-0.0782737,-2.94391,1.78823
31,-0.552732,-0.158156,-3.02961,1.75937

