31,1.04042,-0.40362,-6.59578,-0.818902
38,0.986131,-0.455769,-6.72681,-0.704594
33,1.00083,-0.459186,-6.53863,-0.765703
30,1.0574,-0.501719,-6.57448,-0.758098
37,1.01978,-0.410588,-6.45655,-0.591721
0,1.17887,-0.275496,-6.35209,-1.09558
41,1.27371,-0.366531,-7.05032,-1.17698
40,1.26398,-0.274183,-6.61691,-1.14093
46,1.18129,-0.386946,-6.53827,-1.21041
42,1.21664,-0.291957,-6.79399,-1.03389
49,1.16548,-0.421951,-6.50177,-0.925811
2,1.16934,-0.311604,-6.40514,-1.04922
1,1.12138,-0.202887,-6.32812,-1.01053
7,1.07157,-0.164837,-6.13439,-0.916342
20,1.06196,-0.492717,-6.88415,-1.02831
27,1.15699,-0.488093,-6.82311,-0.976991
28,1.13518,-0.538383,-7.08786,-0.933232
47,1.36642,-0.374839,-6.86748,-1.10677
39,0.966079,-0.508977,-6.52754,-0.747497
32,1.18531,-0.336008,-6.85076,-0.862698
35,0.884444,-0.427245,-6.19771,-0.657761
44,1.23905,-0.441136,-6.72491,-1.13717
24,1.16324,-0.48117,-6.89438,-0.892903
25,1.17302,-0.433835,-6.82253,-1.1257
43,1.12951,-0.404447,-6.77696,-1.20781
13,0.948139,-0.396681,-6.48564,-1.03498
10,1.19237,-0.405379,-6.2573,-1.0273
18,1.04885,-0.383697,-6.33965,-1.02244
19,1.06763,-0.610996,-6.41565,-1.11792
11,1.02402,-0.520088,-6.34968,-1.1191
14,1.04062,-0.437794,-6.44607,-0.841422
45,1.18248,-0.390899,-6.66745,-0.948156
5,1.18181,-0.239754,-6.41894,-0.969653
6,1.1341,-0.186252,-6.06588,-0.892742
15,0.999331,-0.450998,-6.36515,-0.971419
17,1.02315,-0.512773,-6.18445,-0.937852
16,1.01731,-0.499443,-6.39033,-1.01318
3,1.29427,-0.19049,-6.3796,-1.00003
4,1.16815,-0.373458,-6.10868,-1.13945
8,1.26933,-0.232418,-6.23221,-1.13366
9,1.28838,-0.254921,-6.5222,-1.01484
34,1.11391,-0.450395,-6.5212,-0.829412
21,1.20029,-0.544806,-6.87873,-1.01712
36,1.0898,-0.364569,-6.5273,-0.736956
22,1.08703,-0.510869,-6.7228,-1.02612
29,1.14619,-0.473697,-6.77432,-0.938529
23,1.12763,-0.445758,-6.85105,-0.986343
26,1.10209,-0.530921,-6.64571,-0.940557
48,1.18819,-0.32369,-6.52394,-1.08978
12,1.03369,-0.466872,-6.27569,-0.994592

