9,0.00224897,0.525945,0.455246,3.82563
6,0.141201,0.530936,0.185414,3.97987
48,0.315036,-0.0920437,0.83929,3.64419
47,0.206691,-0.0233267,0.87574,3.47607
49,0.172353,0.048455,0.918519,3.49226
42,0.292263,0.00681643,0.883912,3.60701
18,-0.278983,-0.132832,0.407201,3.85152
44,0.395252,-0.0733391,0.684972,3.44552
22,-0.377446,0.176415,1.13527,3.69515
26,-0.168303,0.300586,1.1657,3.62716
35,-0.237106,0.290123,0.450773,4.26384
2,0.0418468,0.791235,0.503905,3.84909
4,0.288995,0.761922,0.379197,3.85715
3,0.372711,0.782827,0.379027,4.0683
17,-0.349545,-0.0534859,0.241637,3.83419
16,-0.412687,-0.249211,0.419597,3.81476
0,-0.122293,0.224698,0.372923,3.83611
5,-0.00344843,0.433465,0.645028,4.02394
13,-0.671842,-0.00290153,0.623337,3.86376
39,-0.124858,0.00336036,0.507595,3.82694
28,-0.131768,0.463333,1.00718,3.79278
21,-0.260624,0.460233,0.874284,3.72713
45,0.327352,-0.0204578,0.863468,3.58389
24,-0.0371752,0.486087,1.03102,3.69036
46,0.19665,0.0531631,0.886473,3.43248
37,-0.242589,0.21842,0.748941,4.06119
33,-0.20549,0.276816,0.366851,4.15627
43,0.197822,-0.11092,0.719402,3.52731
41,0.155772,0.018912,0.961987,3.34788
40,0.348303,-0.126255,0.633917,3.54593
20,-0.0637049,0.195374,0.674328,3.67371
25,-0.322301,0.717574,0.928924,3.85603
10,-0.696145,-0.240614,0.235832,3.89766
29,-0.393761,0.168139,0.79602,3.78377
7,-0.10691,0.246352,0.489622,3.75457
1,0.0397089,0.457559,0.862535,3.67472
12,-0.618826,0.0392861,0.218237,4.00619
36,-0.217789,0.135982,0.375211,3.95713
14,-0.15113,0.081278,0.305077,3.75207
27,-0.200911,0.391074,0.793438,3.63521
15,-0.610523,-0.283113,0.279505,3.88008
23,-0.424144,0.452554,1.02212,3.89889
8,0.116364,0.424159,0.446743,3.92868
31,-0.14642,0.432189,0.600303,4.19681
19,-0.789161,-0.649902,0.274553,3.83071
11,-0.572863,-0.326486,0.390913,3.98115
32,-0.0657153,0.108016,0.397643,4.08903
38,0.0593468,0.293558,0.430797,3.93653
30,-0.304032,0.290888,0.565471,4.19828
34,-0.230772,0.0995327,0.614189,4.46936

