39,-0.420422,0.486918,2.32478,-5.3945
38,-0.366618,0.423394,2.49277,-5.65149
23,-0.561134,0.554994,2.38582,-5.78719
29,-0.502521,0.490152,2.50415,-5.85849
22,-0.364641,0.595855,2.56098,-5.80347
21,-0.506405,0.625057,2.38765,-5.82894
34,-0.233944,0.472734,2.50029,-5.4812
41,-0.122007,0.511434,2.7001,-5.69178
49,-0.238795,0.314281,2.46645,-5.45685
30,-0.344777,0.471585,2.43641,-5.75895
47,-0.0253663,0.538316,2.60106,-5.56527
44,-0.131038,0.349134,2.50093,-5.72788
2,-0.32411,0.447779,2.76465,-5.55735
5,-0.444875,0.535033,2.90997,-5.47506
32,-0.326452,0.469767,2.63908,-5.80289
35,-0.127123,0.746533,2.62348,-5.71123
31,-0.349055,0.564244,2.47604,-5.75559
42,-0.27234,0.348098,2.29408,-5.51431
26,-0.551786,0.535347,2.48119,-5.80624
37,-0.353687,0.45793,2.52334,-5.68792
45,-0.35041,0.394201,2.52976,-5.49718
20,-0.595837,0.6684,2.47996,-5.83626
8,-0.287486,0.509692,2.77313,-5.43746
7,-0.408391,0.382846,2.78274,-5.41134
9,-0.346549,0.543638,3.0263,-5.66912
12,-0.201877,0.872439,2.77734,-5.74701
48,-0.198297,0.328467,2.50543,-5.3748
4,-0.262265,0.593775,2.92958,-5.52048
27,-0.355158,0.454152,2.48473,-6.14525
13,-0.0158861,0.734438,2.57333,-5.67699
10,-0.124422,0.992927,2.7244,-5.87488
25,-0.407298,0.703938,2.38275,-5.90645
43,-0.102452,0.343533,2.41353,-5.46542
17,-0.303455,0.765366,2.76357,-5.75613
19,-0.110252,0.930446,2.88481,-6.02444
14,-0.129296,0.935451,2.51716,-5.72838
40,-0.0635233,0.362355,2.60321,-5.65732
6,-0.330329,0.410565,2.8126,-5.45738
3,-0.308807,0.423189,2.80771,-5.43298
24,-0.47259,0.486373,2.58381,-5.88653
16,-0.228017,0.921148,2.62876,-5.78268
0,-0.387288,0.324201,2.69121,-5.43318
11,-0.0891955,0.792697,2.5732,-5.85807
28,-0.555521,0.70374,2.53453,-5.97678
15,-0.049594,1.11143,2.72071,-5.84249
33,-0.284782,0.531682,2.62657,-5.71677
1,-0.33759,0.390147,2.80246,-5.33396
46,-0.118507,0.257589,2.44031,-5.41728
18,-0.161507,1.05574,2.78396,-6.04808
36,-0.388522,0.435047,2.44608,-5.5832

