14,0.0363911,0.294361,-4.43031,4.52647
16,0.218978,0.192889,-4.66135,4.10775
21,0.224417,0.116212,-4.34483,4.20236
27,0.182631,0.140772,-4.37146,4.23157
25,0.315148,0.0373593,-4.43158,4.11953
49,0.000236373,0.11062,-4.20646,4.43959
11,0.173903,0.207046,-4.6723,4.20873
6,0.0647384,0.523096,-4.815,4.36024
1,-0.0526892,0.558635,-4.61525,4.3892
7,-0.00244845,0.547675,-4.47826,4.51656
31,-0.0490287,0.0449672,-4.40106,3.98959
42,-0.0242381,0.0693558,-4.0845,3.94457
47,0.0578947,0.107842,-4.55724,4.23147
48,0.0664568,-0.101007,-4.1326,4.03481
36,-0.308393,0.148939,-4.21943,4.45392
35,-0.204053,0.0682009,-4.34779,4.17289
39,-0.0370843,0.0675759,-4.42894,3.99309
38,-0.229654,0.27841,-4.3928,4.3476
30,-0.10396,0.23939,-4.62803,3.90776
26,0.140913,0.149226,-4.31663,4.41074
0,0.277448,0.339656,-4.69425,4.21683
3,0.0250875,0.330112,-4.68268,4.24652
2,0.0778591,0.626796,-4.782,4.46005
4,0.153579,0.323016,-4.7052,4.27476
10,0.139419,0.220619,-4.43995,4.09571
19,0.200793,0.249089,-4.8086,4.23345
44,-0.0405507,-0.0304557,-4.07182,4.02159
33,-0.172312,0.19001,-4.31318,4.31531
41,0.0380153,-0.0341165,-4.30861,4.03455
43,0.104826,0.136144,-4.19195,3.88194
45,0.129767,0.108661,-4.36318,4.21033
46,0.0468324,0.0538179,-4.14388,4.04429
37,-0.150376,0.1439,-4.68905,4.11136
18,0.299316,0.188254,-4.71364,4.31732
5,0.199224,0.540795,-4.66973,4.7299
9,0.244597,0.467557,-4.62685,4.27782
8,0.160728,0.584851,-4.71807,4.47554
17,0.0874718,0.136377,-4.74958,4.24873
22,-0.0299543,0.257504,-4.22447,4.50631
28,0.111193,0.129896,-4.35892,4.30845
12,0.259553,0.278034,-4.64412,4.26774
20,0.252438,0.19951,-4.38753,4.35826
23,0.378934,-0.0286184,-4.50969,4.15855
15,0.131908,0.139057,-4.59294,4.13397
13,0.181118,0.0603183,-4.56405,4.10858
32,-0.302724,0.151872,-4.29762,4.15228
24,0.224446,0.0788291,-4.17551,4.53147
29,0.186511,0.0523025,-4.32094,4.33971
34,-0.279191,0.12599,-4.30236,4.28135
40,0.120323,-0.0836208,-4.28931,4.14064

