13,0.378664,0.505255,4.30555,5.80993
39,0.134025,0.0373283,3.92121,4.86852
20,0.263358,0.174503,4.17423,5.23881
27,0.374497,0.12189,3.95771,4.99853
29,0.289269,0.34216,3.91024,5.25924
11,0.291952,0.58702,4.2097,5.75726
15,0.262464,0.462998,4.35526,5.8504
16,0.20061,0.52975,4.23853,5.80311
14,0.315972,0.495981,4.27297,5.91116
17,0.236699,0.538374,4.04856,5.69185
18,0.309402,0.357354,4.18515,5.7682
48,0.576378,0.334687,4.70862,5.77596
47,0.521428,0.33563,4.80079,5.56132
0,0.11804,0.248539,4.19718,4.77956
4,0.0614141,0.256953,4.00574,4.6403
34,0.342428,-0.0947421,3.95043,4.98084
32,0.354496,-0.138309,4.03358,4.96985
33,0.168139,0.0444925,3.90092,5.02605
24,0.25269,0.147188,4.0058,5.08019
26,0.439818,0.0851638,3.99758,5.1855
23,0.457609,0.215618,3.99481,5.29889
22,0.277818,0.301454,3.96343,5.1769
21,0.426724,0.188121,4.01632,5.10766
37,0.135631,0.0770858,3.98728,5.28695
19,0.0678646,0.567047,4.2495,5.94256
12,0.225022,0.579833,4.16383,5.73216
49,0.332277,0.316166,4.87536,5.9616
44,0.758806,0.371301,5.02015,5.80038
43,0.638544,0.205525,4.85898,5.90523
41,0.659027,0.175959,4.67379,5.61984
46,0.703028,0.330592,4.5573,5.51983
36,0.300712,0.127977,4.04601,4.97747
38,0.108293,0.160175,3.91255,5.12016
7,0.00426185,0.282837,3.92307,4.80606
31,0.255551,-0.0421306,3.92421,4.99511
35,0.276355,0.0254369,3.95354,5.09911
30,0.287194,-0.0218787,4.00763,4.9878
5,-0.0176906,0.221587,4.15241,4.87605
1,0.0452463,0.0694156,4.07184,4.75325
3,0.0753081,0.184663,4.11849,5.06131
9,0.0600434,0.141993,3.96356,4.85141
10,0.200009,0.565164,4.19562,5.87389
45,0.855339,0.206035,5.01823,5.76636
25,0.352885,0.195787,3.90048,5.12387
40,0.60355,0.235163,4.47567,5.47093
42,0.435832,0.341017,4.47519,5.57505
6,0.0295053,0.168653,4.12499,4.78555
2,0.00219934,0.347522,4.2064,4.98838
28,0.272604,0.0937223,3.92466,5.07824
8,-0.152388,0.447194,4.14723,4.98486

