16,-0.355198,0.095989,6.27002,-1.00095
42,0.226337,0.342113,6.37966,-1.22738
43,0.344774,0.33061,6.25672,-1.22316
47,0.15858,0.426854,6.28338,-1.25635
30,-0.14929,0.290656,6.41206,-0.936834
20,0.0433729,0.375488,6.72513,-0.901026
28,-0.0729767,0.620769,7.25829,-1.02153
22,0.0972281,0.428691,7.07935,-1.00634
24,-0.177834,0.517131,7.24926,-0.974527
25,-0.313824,0.508141,7.02583,-1.17188
21,-0.319513,0.562463,7.11892,-1.10063
29,-0.162597,0.823132,7.34189,-1.03655
27,-0.0776931,0.600268,7.16303,-0.871507
26,0.0157423,0.509821,6.70912,-0.946898
23,-0.280634,0.589172,7.30303,-1.11749
36,0.064929,0.209919,6.56395,-0.916126
38,-0.0499652,0.323892,6.26215,-0.974386
14,-0.150233,0.176145,6.57854,-0.934995
17,-0.448506,0.256977,6.21567,-1.08164
37,0.022867,0.155559,6.54199,-0.860672
2,0.176902,0.297012,6.55188,-0.984756
49,0.0183813,0.274106,6.34678,-1.29935
41,0.129334,0.334746,6.44191,-1.2763
31,0.0275149,0.232556,6.47261,-0.910212
32,0.128999,0.295454,6.38804,-0.970437
44,0.264234,0.412289,6.40208,-1.18413
6,-0.0751693,0.395075,6.6892,-1.44295
34,0.198096,0.23314,6.19971,-1.01822
33,0.218119,0.18827,6.28164,-1.01556
8,-0.148,0.380463,6.44518,-1.17882
19,-0.213361,0.30065,6.25208,-0.947223
4,-0.104958,0.447798,6.61184,-1.10801
35,0.0991748,0.330164,6.46092,-0.921604
45,0.229804,0.291508,6.43504,-1.24078
15,-0.359331,0.086826,6.37056,-1.00083
10,-0.246696,0.150966,6.30554,-0.903208
12,-0.297264,0.0438596,6.37097,-0.999068
13,-0.321395,0.0929316,6.25999,-0.925935
18,-0.323974,0.128084,6.34864,-1.03881
40,0.11828,0.396951,6.11608,-1.30521
46,-0.171816,0.404095,6.42417,-1.28248
7,-0.0129107,0.392075,6.47362,-1.33255
9,0.120701,0.232618,6.55286,-1.20059
11,-0.0807219,0.0487298,6.19193,-0.845805
48,-0.0382139,0.270926,6.34947,-1.34488
39,0.335626,0.0785337,6.37939,-0.859661
5,-0.152778,0.291031,6.61131,-1.10391
1,-0.0784923,0.265472,6.57136,-1.34434
3,-0.0173036,0.278294,6.09103,-1.14828
0,-0.0937049,0.179375,6.5844,-1.01667

