21,0.293839,0.927747,1.84673,6.44708
24,0.222834,1.01016,1.6749,6.53385
29,0.345092,1.14192,1.7057,6.57752
35,0.0896893,1.23866,1.78962,6.38621
37,0.394032,0.945182,1.82151,6.46689
34,0.201553,0.968977,1.81626,6.25561
31,0.240899,0.984844,1.80203,6.35844
40,-0.123743,0.990101,1.84273,6.35289
47,0.0484785,1.06303,1.86851,6.63968
43,0.0264337,0.851387,1.84791,6.39746
42,-0.107476,0.970097,1.70577,6.20243
41,0.0819241,1.06329,1.83094,6.38448
49,-0.0187959,0.975576,1.97017,6.1473
4,0.301843,0.636824,1.56855,6.47068
8,0.103862,0.899722,1.58805,6.46234
12,0.251571,0.719438,1.95924,6.26717
13,0.456648,0.583644,2.06615,6.30627
18,0.288193,0.705284,1.92072,6.0332
17,0.327281,0.701041,1.81891,6.36429
7,-0.0570341,0.840341,1.4982,6.32088
1,0.210235,0.879413,1.46815,6.36202
14,0.243789,0.852323,1.85516,6.3369
45,-0.0767335,1.00322,1.92209,6.3906
0,0.21943,0.77261,1.5382,6.41623
30,0.0751818,1.05457,1.64487,6.40403
46,0.0131169,0.914628,1.93548,6.26909
48,-0.000875776,0.93561,1.92001,6.41162
33,0.235606,0.832004,1.70511,6.0704
39,0.275974,1.03479,1.74911,5.98705
15,0.29358,0.717249,1.85312,6.11272
26,0.455144,0.967914,1.85077,6.55682
28,0.395361,0.9166,1.6763,6.33034
22,0.365604,1.07539,1.68745,6.58963
23,0.28632,1.09792,1.69343,6.523
44,-0.0264162,1.02466,1.9737,6.23541
38,0.0630244,1.00103,1.79894,6.52824
5,0.178128,1.07408,1.51915,6.33675
25,0.186213,0.986253,1.8923,6.79173
10,0.431082,0.829226,1.83798,6.42173
16,0.218516,0.68858,1.82876,6.41842
32,0.224832,1.02791,1.86419,6.23892
11,0.423977,0.725972,1.82045,6.26407
27,0.460524,1.07636,1.57526,6.37965
19,0.317103,0.71421,1.96324,6.41931
6,0.188481,0.822333,1.49844,6.35889
9,0.0913396,0.886202,1.41077,6.18202
2,0.191686,0.883437,1.55875,6.31856
3,0.231932,0.859023,1.65723,6.24896
20,0.329113,0.95421,1.61453,6.4231
36,0.231722,0.950797,1.70539,6.0837

