16,-1.34687,1.29854,-5.47779,3.72723
18,-1.20078,1.03377,-5.43459,3.7992
12,-1.08713,1.04664,-5.16976,3.62952
10,-1.20855,1.09467,-5.19404,3.67294
21,-1.35568,1.57187,-5.66242,3.78048
42,-1.20839,1.4659,-5.41589,3.50719
7,-1.32576,1.40548,-5.42152,3.77109
8,-1.24091,1.42193,-5.52928,3.74001
30,-1.38884,1.97998,-5.24167,3.54393
31,-1.40052,1.85686,-5.37913,3.48402
4,-1.28464,1.31738,-5.47144,3.70042
44,-1.31442,1.46538,-5.41957,3.50364
43,-1.34463,1.4525,-5.51559,3.64696
37,-1.31253,1.79791,-5.56275,3.67757
35,-1.2924,1.78067,-5.56565,3.81734
32,-1.39602,1.79308,-5.39945,3.41182
38,-1.31217,1.34864,-5.45939,3.61753
41,-1.29143,1.31885,-5.53071,3.45398
45,-1.39039,1.28854,-5.67045,3.68956
47,-1.29666,1.23857,-5.48977,3.5789
25,-1.31035,1.54465,-5.59945,3.87099
20,-1.26483,1.48173,-5.3835,3.66578
26,-1.34137,1.41267,-5.07517,3.76029
29,-1.29449,1.55949,-5.06217,3.40318
15,-1.27186,1.22129,-5.178,3.63812
27,-1.155,1.38721,-4.92508,3.50346
13,-1.1818,1.19065,-5.43332,3.71377
11,-1.19033,1.03693,-5.41331,3.67215
36,-1.37604,1.85137,-5.24919,3.41868
0,-1.29179,1.11511,-5.65505,3.64164
40,-1.34237,1.38056,-5.47813,3.52116
14,-1.29208,1.18791,-5.44227,3.90813
48,-1.30177,1.33767,-5.40157,3.46142
39,-1.33316,1.8092,-5.21446,3.37154
24,-1.3033,1.7159,-5.31516,3.60729
34,-1.36798,1.70182,-5.45485,3.40513
49,-1.33245,1.36737,-5.4461,3.53432
19,-1.24433,1.19056,-5.49117,3.86683
6,-1.27477,1.42398,-5.33889,3.57602
23,-1.23957,1.52398,-5.31687,3.57872
33,-1.33924,1.98491,-5.36232,3.41838
17,-1.2511,0.974965,-5.44496,3.79523
3,-1.31064,1.41645,-5.44556,3.63901
5,-1.26039,1.30401,-5.55716,3.84616
2,-1.24702,1.39869,-5.51622,3.76719
1,-1.40173,1.54448,-5.81571,3.94899
46,-1.2192,1.12486,-5.44366,3.54824
22,-1.15176,1.51138,-5.27141,3.68518
28,-1.14406,1.43808,-5.17557,3.61407
9,-1.3383,1.50323,-5.42617,3.60348

