4,-0.309561,1.47473,2.14769,-2.79154
44,0.136812,1.33337,2.16521,-2.91449
0,-0.313584,1.55288,1.9318,-2.88227
7,-0.266612,1.41974,1.8732,-3.12489
35,-0.0522961,1.92806,1.99905,-3.75409
36,0.187081,1.96111,2.00947,-3.75969
33,-0.013227,2.07613,2.13103,-3.93604
5,-0.314409,1.29528,1.85737,-3.13449
2,-0.0712225,1.21338,1.94851,-3.04014
30,-0.127152,1.9846,2.26962,-3.61567
38,0.14148,2.09533,2.25887,-3.78117
22,-0.156005,2.07382,2.1527,-3.56021
25,-0.101012,2.19343,2.22399,-3.49398
24,-0.131189,2.04442,2.13688,-3.61349
23,-0.0678753,2.25913,2.3533,-3.57065
21,-0.151212,1.98897,2.10518,-3.45015
20,0.0264569,1.80181,2.15417,-3.86146
8,-0.280857,1.22715,1.88109,-3.22378
6,-0.384721,1.28801,2.12857,-2.87292
9,-0.0937724,1.28726,2.02826,-2.88931
1,-0.203929,1.33457,1.85141,-2.9629
42,0.359997,1.27103,1.96891,-2.75297
45,0.463032,1.4159,2.1609,-2.82738
32,0.0422883,1.86473,2.05605,-3.83199
29,-0.175417,2.32746,2.25783,-3.48145
17,-0.0614233,2.38742,2.51511,-3.50905
3,-0.159796,1.23966,1.96338,-2.95711
34,-0.0627291,1.7391,2.22562,-3.48724
37,0.0735517,1.87248,2.08088,-3.54954
15,0.295277,2.47496,2.32308,-3.8787
11,0.136224,2.60834,2.45983,-3.82418
16,-0.181722,2.82282,2.69641,-3.37847
19,-0.139508,2.58611,2.5683,-3.37533
28,0.291361,2.01508,2.22022,-3.55124
41,0.213072,1.33161,2.08875,-2.79189
18,-0.0978999,2.71561,2.71763,-3.4563
27,-0.150378,1.84174,2.23802,-3.75148
14,-0.0168284,2.62297,2.57767,-3.65821
13,0.0161078,2.70107,2.59703,-3.57616
31,0.0213303,1.92523,2.08965,-3.57502
39,-0.00514679,2.03106,2.3459,-3.90139
26,0.0927872,2.09163,2.22125,-3.855
47,0.306821,1.33905,2.1787,-2.82389
40,0.333313,1.38072,2.21404,-2.78652
46,0.120562,1.6066,2.07584,-2.73522
48,0.37347,1.54498,2.22773,-2.89871
43,0.153138,1.46598,2.22006,-2.70668
49,0.204832,1.44524,2.11596,-2.86712
12,0.0663784,2.62345,2.53575,-3.19154
10,-0.12697,2.76502,2.66613,-3.37032

