7,-1.02136,-1.04827,1.09463,-5.90985
18,-1.0959,-1.06397,1.12432,-5.71761
12,-1.18354,-1.01318,1.2061,-6.16288
44,-0.98647,-0.92047,1.12561,-6.06058
46,-1.00446,-1.11151,1.31108,-5.79223
42,-1.04237,-1.10701,1.28836,-5.85725
48,-1.06419,-0.914917,1.21736,-5.91914
47,-0.933256,-1.18346,1.48675,-5.95893
15,-1.05388,-1.0206,1.0534,-5.78745
14,-1.08719,-1.17416,1.1162,-5.86223
39,-1.04645,-1.16609,1.09789,-6.01809
19,-1.02416,-0.875952,0.943363,-5.79081
17,-1.07454,-1.06518,0.944822,-5.6765
10,-1.02407,-0.859515,0.912583,-5.79471
32,-1.09313,-1.21477,1.04118,-5.86778
31,-1.02681,-1.15231,1.01989,-6.06536
34,-1.02003,-1.18901,1.00573,-6.12828
33,-1.04933,-1.25759,1.07709,-6.04171
5,-1.09149,-1.31344,1.14729,-6.09194
4,-0.954728,-1.03124,1.14871,-5.68491
9,-1.03727,-1.0983,1.13276,-5.82179
0,-1.21463,-1.26698,1.3574,-5.97123
40,-1.07095,-0.926006,1.21955,-5.84078
43,-0.979265,-1.00949,1.32629,-5.94093
37,-1.09538,-1.15656,1.05133,-6.11811
2,-1.2552,-1.28731,1.29393,-6.04143
45,-0.997737,-0.992937,1.38029,-5.75484
24,-1.19659,-1.24246,1.44406,-6.10853
20,-1.07954,-1.17048,1.38636,-5.61443
29,-1.15982,-1.30038,1.42469,-5.6892
41,-0.904899,-0.931391,1.15041,-5.71551
27,-1.06138,-1.16127,1.41004,-5.64701
49,-1.01041,-0.852376,1.27496,-5.81252
25,-1.22647,-1.20854,1.4854,-5.65788
21,-1.24367,-1.37181,1.16352,-5.94086
26,-1.11998,-1.32454,1.27276,-5.67651
6,-1.17797,-1.43204,1.55553,-5.91069
35,-1.02846,-1.32411,1.05446,-6.17852
3,-1.18981,-1.12135,1.47867,-5.95138
11,-0.981216,-1.0502,1.12664,-5.90088
23,-1.10826,-1.41927,1.47114,-5.77279
16,-1.07073,-1.19668,1.1318,-5.85611
22,-1.29014,-1.36472,1.41299,-6.09173
1,-1.07772,-1.07474,1.19501,-5.58222
38,-1.17381,-1.21174,0.999053,-6.10889
13,-1.13441,-1.17663,1.08166,-5.97993
30,-1.11784,-1.25072,1.09789,-6.01019
36,-1.00053,-1.12121,1.09514,-5.8299
28,-1.36434,-1.53193,1.55919,-5.87654
8,-1.13684,-1.1465,1.14051,-5.69847

