28,0.0277471,-0.00970092,-3.24624,1.00591
21,0.239086,0.215608,-3.62836,0.93429
24,0.162528,0.0640066,-3.36826,0.60667
0,-0.0635895,0.0843447,-3.12265,0.945966
8,-0.127849,-0.14601,-3.19108,0.818991
4,-0.131911,-0.0263823,-3.36489,1.04339
23,0.239719,0.255197,-3.25563,0.943287
2,-0.101396,-0.105037,-3.24422,1.13167
40,-0.0518605,0.520791,-3.6825,0.612416
11,0.272762,0.485827,-4.07926,0.98084
13,0.352503,0.500012,-3.74091,0.761383
15,0.317112,0.393858,-4.08788,1.09967
12,0.424866,0.460986,-3.95318,1.0365
7,-0.161441,-0.0415856,-3.1303,1.19585
5,-0.355812,0.0208447,-3.12107,0.939462
17,0.389392,0.465785,-4.0713,1.15276
49,0.238365,0.248085,-3.54522,0.466282
29,0.206449,0.425622,-3.28355,1.01894
1,-0.196192,0.042755,-3.11514,0.819788
3,-0.143537,0.0826561,-3.23187,0.901038
27,0.153509,0.267855,-3.55012,0.815545
14,0.52457,0.666052,-3.82994,0.591316
33,-0.351051,0.0138365,-3.58764,0.134991
37,-0.126929,0.383861,-3.6237,0.402354
30,-0.153643,0.238916,-3.5261,0.212591
35,-0.324203,-0.126199,-3.21832,0.220006
39,-0.0317066,0.34492,-3.48158,0.183683
43,0.438095,0.173764,-3.65611,0.674021
31,-0.213985,0.222332,-3.56286,0.215776
36,-0.384552,0.34259,-3.62938,0.323934
38,-0.0890635,0.146271,-3.63623,-0.0131032
6,-0.016409,0.150257,-3.27194,1.21405
48,0.488386,0.473399,-3.72968,0.502189
44,0.0749231,0.594933,-3.61753,0.685997
9,-0.436528,-0.170798,-3.0846,0.856472
34,-0.143583,0.420776,-3.44168,0.296502
32,-0.234787,0.343604,-3.46775,0.36413
41,0.596948,0.370999,-3.60201,0.840086
42,0.492628,0.479339,-3.76882,0.319315
45,0.380981,0.460005,-3.70907,0.119352
19,0.23934,0.17786,-3.68342,0.79301
26,0.231423,0.448792,-3.5376,1.0445
18,0.419931,0.431337,-4.01284,1.0257
10,0.313517,0.446866,-3.90363,0.883045
16,0.376453,0.381509,-3.86238,0.944101
22,0.29793,0.218062,-3.19802,0.936235
25,0.113842,0.457404,-3.38222,1.08215
20,0.336374,0.332605,-3.37496,1.01875
46,0.543104,0.535993,-3.74313,0.6204
47,0.299654,0.447998,-3.71522,0.569419

