22,3.65239,-0.0662175,0.55502,-5.13866
25,3.63153,0.081556,0.585011,-5.11534
20,3.60789,-0.149574,0.619403,-5.05106
28,3.53743,-0.131864,1.21628,-5.06866
23,3.70841,-0.19957,0.766744,-5.31623
27,3.61808,-0.0878364,0.313234,-5.07084
0,3.89862,0.147619,0.568569,-5.40749
47,3.6633,0.0716283,0.842792,-5.17987
34,3.71985,0.124046,0.974465,-5.16214
37,3.86738,0.197001,0.896876,-5.39337
30,3.84972,0.14603,0.745591,-5.16106
35,3.89126,0.0992682,0.969561,-5.48644
39,3.72428,0.120051,0.891475,-5.37567
32,3.75092,0.00661735,0.876181,-5.46424
31,3.84856,0.194137,0.826436,-5.37645
13,3.82905,0.0822838,0.80258,-5.40403
19,3.73943,0.0200457,0.819761,-5.27784
41,3.8483,0.0842492,0.90917,-5.40276
40,3.81066,-0.00614571,0.694226,-5.22112
44,3.82725,0.00582167,0.906302,-5.31128
49,3.85739,0.0758447,0.815432,-5.48194
21,3.58181,-0.240862,1.19746,-4.97959
24,3.67644,-0.217168,0.850249,-5.17186
43,3.66128,0.193168,0.865095,-5.06705
3,3.73599,0.181176,0.966273,-5.22407
2,3.78622,0.182988,0.920192,-5.19602
4,3.75736,0.281127,0.856424,-5.25685
9,3.74368,0.345754,0.823915,-5.13215
46,3.79645,0.140839,0.942449,-5.32739
48,3.9277,0.265248,0.956051,-5.27628
17,3.72329,0.0365326,0.811692,-5.19484
42,3.69673,-0.0388577,0.890494,-5.2961
45,3.84793,0.106924,0.990541,-5.33827
15,4.04859,0.0356276,0.82274,-5.46654
38,3.65684,0.0990665,0.975008,-5.07166
8,3.76433,0.195171,0.62903,-5.33755
5,3.74474,0.15576,0.817467,-5.3072
7,3.85698,0.263321,1.07007,-5.21547
6,3.79074,0.148987,0.890195,-5.33824
1,3.71076,0.258189,0.649287,-5.26866
12,3.1799,-0.0134181,0.788768,-4.58319
18,3.57926,0.0244402,0.803347,-4.98955
11,3.4726,-0.054388,0.75957,-4.85217
33,3.87571,-0.0196184,0.897658,-5.3451
29,3.65739,-0.164765,0.911848,-4.91785
26,3.4694,-0.0311931,0.563789,-4.9096
36,3.56595,0.0939301,0.818414,-5.03769
14,3.72442,0.153716,0.742397,-5.23478
10,3.66742,-0.0460436,0.720046,-5.07754
16,3.56796,-0.0845794,0.834721,-5.11614

