11,0.168916,-0.0686408,-0.185709,5.9712
10,0.341485,-0.0424034,-0.169625,5.85376
13,0.160503,0.000294425,-0.124225,5.72952
20,-0.0524427,-0.0291503,-0.338643,5.88108
27,-0.321254,-0.0652775,-0.366235,5.98484
18,0.209675,0.0199129,-0.177542,5.76449
1,-0.197111,-0.422188,-0.175202,5.88633
30,-0.0375621,-0.406888,-0.364198,6.4395
45,-0.0320428,-0.462332,-0.388249,5.91261
41,0.232769,-0.530309,-0.302134,5.90659
4,-0.30935,-0.302133,-0.0510452,5.89719
19,-0.105781,-0.105025,-0.181865,5.87851
32,0.0406422,-0.426654,-0.539507,6.08535
24,-0.204517,-0.134875,-0.411114,5.88172
21,-0.283659,0.114962,-0.422207,5.66517
47,0.288214,-0.32678,-0.285944,5.94436
49,0.143744,-0.19279,-0.38253,5.98532
40,0.1722,-0.263024,-0.475894,5.79648
38,0.0593122,-0.495957,-0.410928,6.23034
35,0.140101,-0.436786,-0.454917,5.95897
39,0.250406,-0.455065,-0.408165,6.012
33,-0.180071,-0.461116,-0.505552,6.47944
43,-0.103173,-0.451166,-0.464849,6.07678
37,0.0495792,-0.557641,-0.43245,6.21088
26,-0.459517,0.0262628,-0.242223,5.81369
22,-0.0819905,-0.178759,-0.283036,5.83554
17,-0.109439,-0.173084,-0.224639,5.50222
14,0.176353,-0.151857,-0.0189393,5.77609
23,-0.552385,-0.0375354,-0.303899,5.62774
31,0.0858741,-0.462945,-0.566759,6.1907
34,0.155857,-0.531656,-0.57313,6.19228
44,0.226343,-0.277456,-0.30888,5.88228
25,-0.234523,-0.131073,-0.32741,5.64998
29,-0.398958,-0.133566,-0.199048,5.59654
28,-0.267786,0.0124629,-0.304186,5.81027
0,-0.275814,-0.438546,-0.104212,5.87045
8,-0.161664,-0.332799,-0.106887,5.98165
3,-0.0583119,-0.376651,-0.0488005,5.8578
9,-0.160849,-0.357881,0.151126,5.74689
5,-0.224945,-0.366695,-0.148396,5.96864
15,0.184879,0.000418013,-0.253682,5.69593
12,0.118055,-0.10527,-0.150076,5.71765
6,-0.198489,-0.275334,-0.0130327,5.93838
16,0.0827503,-0.055491,-0.121972,5.67981
46,-0.0587926,-0.437375,-0.221276,5.9898
48,-0.158372,-0.319095,-0.498668,6.05807
7,-0.230717,-0.347635,-0.0913345,6.00477
2,-0.174633,-0.354787,0.079853,5.98553
42,-0.0511287,-0.299527,-0.354985,5.9866
36,-0.120149,-0.464504,-0.455747,6.12942

