13,0.0385696,0.00177263,6.28191,-0.678211
12,0.0898046,-0.0814156,6.36437,-0.290482
40,-0.342192,-0.255477,6.24862,-0.30833
49,-0.178143,-0.225538,6.36619,-0.213476
37,-0.00389135,-0.297537,6.43178,-0.789327
30,0.0218622,-0.142459,6.37637,-0.584766
34,-0.0494031,-0.292207,6.41854,-0.737416
38,0.0905227,-0.274625,6.37598,-0.731177
39,0.0332396,-0.355619,6.36429,-0.841993
32,0.0439692,-0.289156,6.29677,-0.720971
15,0.0982959,-0.105093,6.28629,-0.436304
11,0.174367,-0.188568,6.23102,-0.208374
18,-0.038749,-0.117949,6.33454,-0.355748
16,0.0265536,-0.0659894,6.37894,-0.350359
17,0.00170414,-0.122155,6.30771,-0.479935
31,0.0279324,-0.12552,6.17962,-0.602624
19,0.115886,-0.0728118,6.24177,-0.458786
44,-0.18289,-0.34808,6.36247,-0.163048
14,0.0314493,-0.0196894,6.44259,-0.48094
33,-0.0167133,-0.288381,6.34606,-0.807009
42,-0.315276,-0.101626,6.32648,-0.352118
24,0.235115,-0.46004,6.50232,-0.117898
29,0.239614,-0.33759,6.54987,-0.339612
25,0.298986,-0.314821,6.24368,-0.352851
20,0.00793211,-0.389094,6.42363,-0.400637
21,0.229176,-0.485858,6.32682,-0.270354
26,0.19516,-0.424163,6.43755,-0.381212
28,0.100484,-0.23632,6.47144,-0.415332
36,0.0351458,-0.273592,6.36384,-0.704284
5,0.114158,-0.338323,6.54529,-0.482358
27,0.304395,-0.650323,6.43702,-0.563771
23,0.236704,-0.326453,6.41593,-0.363897
41,-0.318887,-0.317053,6.29306,-0.408414
6,0.054184,-0.0957009,6.29963,-0.437035
46,-0.428615,-0.307765,6.51805,-0.27962
3,0.0565683,-0.341628,6.66242,-0.482029
48,-0.277813,-0.295545,6.46213,-0.350681
7,0.0214738,-0.363279,6.48346,-0.651344
8,0.0592911,-0.278132,6.68259,-0.457758
22,0.227892,-0.496609,6.32689,-0.24097
35,0.0777306,-0.340784,6.189,-0.742483
10,0.0645142,-0.0769606,6.36961,-0.449788
2,0.0313322,-0.309716,6.688,-0.429606
43,-0.226893,-0.329804,6.39387,-0.258859
47,-0.396032,-0.293996,6.41827,-0.336218
45,-0.256337,-0.268016,6.39748,-0.294931
9,-0.113809,-0.331892,6.29327,-0.339432
1,0.119758,-0.230261,6.51051,-0.377033
0,0.18372,-0.477373,6.36362,-0.494797
4,0.083631,-0.391208,6.2521,-0.490368

