43,-0.405546,0.178327,6.29222,1.25988
40,-0.333333,0.124799,6.37776,1.14932
49,-0.381757,0.0650994,6.46034,0.998431
48,-0.402144,0.0633118,6.40397,1.11648
13,-0.0535808,0.242027,6.22315,1.54786
19,-0.0301148,0.11322,6.17127,1.45454
11,-0.16485,0.142032,6.28367,1.55199
46,-0.146813,0.211684,6.45312,1.05572
21,0.0352237,-0.0731523,6.4391,1.01043
20,-0.260421,-0.134355,6.41437,1.35692
29,0.0109645,-0.0828072,6.45375,1.28816
26,0.0347773,-0.144286,6.26352,1.17562
42,-0.406116,0.135547,6.23889,1.17426
28,0.0369707,-0.0879901,6.17157,1.12946
22,0.0842058,-0.142083,6.11524,1.06446
32,-0.427671,0.0407829,6.57995,1.33049
6,-0.213977,-0.210571,6.23668,1.22515
1,-0.340108,-0.349652,6.38093,1.25165
38,-0.378636,-0.137139,6.22428,1.42462
36,-0.267847,-0.205112,6.22839,1.44847
31,-0.422091,-0.187741,6.48162,1.40326
41,-0.448132,0.14777,6.25368,0.991149
7,-0.225598,-0.44787,6.22884,1.23628
2,-0.281598,-0.268021,6.42096,1.32525
8,-0.0609721,-0.264847,6.42782,1.2768
9,-0.357778,-0.184759,6.02189,1.43643
3,-0.0302919,-0.335308,6.3912,1.26058
12,0.0989985,0.0471954,6.3669,1.28458
10,-0.179387,0.0726334,6.32277,1.59784
4,-0.430279,-0.252636,6.28845,1.59646
17,-0.0324746,-0.00229292,6.22084,1.4226
16,-0.109317,0.135052,6.27629,1.60118
0,-0.407253,-0.330861,6.32417,1.3711
5,-0.37103,-0.22965,6.46741,1.28991
18,-0.106236,0.0110783,6.11559,1.38499
24,0.0186307,-0.134638,6.19584,1.24302
25,-0.218985,-0.196607,6.01131,1.51892
15,-0.110906,-0.0329448,6.25014,1.45248
23,0.122484,-0.0102917,6.26498,1.25022
14,-0.228322,0.0730803,6.24093,1.66628
35,-0.52963,0.00974242,6.28715,1.40371
30,0.0114777,0.165311,6.27396,1.36823
39,-0.276132,-0.0996078,6.6109,1.20997
27,0.134887,-0.133634,6.34859,1.23462
44,-0.525589,0.112548,6.23895,1.27371
47,-0.46171,0.0885023,6.36123,1.11879
34,-0.25543,0.0244765,6.39409,1.1009
33,-0.456552,-0.206357,6.42591,1.30012
45,-0.520986,0.0373941,6.3516,1.13053
37,-0.454004,0.108492,6.50503,1.28492

