17,0.488422,-0.720391,-4.34966,3.34231
1,0.508655,-1.07893,-4.54179,2.74811
4,0.399747,-0.81533,-4.71003,2.5359
8,-0.235072,-1.05935,-4.59591,3.27751
18,-0.305154,-0.745503,-4.26098,3.14997
3,-0.262391,-1.25034,-4.64894,3.09894
24,0.214529,-1.16842,-5.0359,3.35369
13,0.0147294,-0.624329,-4.60643,2.74376
12,0.0671048,-0.611719,-4.5093,2.99933
11,0.227462,-0.875746,-4.35721,3.04904
7,0.106647,-0.963904,-4.80202,2.76217
19,0.434282,-0.678516,-4.36269,2.9088
30,0.263163,-1.322,-5.12929,3.43488
31,0.320718,-1.28905,-5.03817,3.07003
36,0.309139,-1.27708,-5.1022,3.37088
33,0.164323,-1.26091,-5.08901,3.55153
23,0.15434,-1.14832,-5.27622,3.10931
22,-0.00454192,-1.02453,-5.20864,3.21671
28,-0.0189482,-1.10441,-4.79303,3.253
16,0.0320362,-0.633298,-4.26079,2.90267
15,0.285416,-0.728809,-4.25469,2.94054
5,0.0387799,-0.890064,-4.78962,2.80771
9,0.147719,-1.10009,-4.48087,3.12052
37,0.248972,-1.22134,-5.15997,3.2708
32,0.258541,-1.09934,-5.06643,3.40753
14,0.231504,-0.490006,-4.34014,3.1234
10,0.00496971,-0.700761,-4.68006,2.73307
2,0.0433269,-0.886987,-4.25599,2.74552
45,0.0865742,-1.20343,-5.29965,3.47014
44,0.0257896,-0.919076,-5.53506,3.43732
49,0.0944709,-1.05293,-5.2271,3.44247
25,0.102873,-1.27121,-5.3048,3.5878
41,0.028117,-1.0591,-5.40751,3.43258
47,0.104967,-1.31303,-5.49479,3.66184
46,0.116531,-1.18713,-5.56438,3.61931
6,0.193191,-1.17995,-4.49584,3.09233
39,0.193245,-1.20065,-5.168,3.4212
34,0.21786,-1.12614,-5.03503,3.26862
48,0.015196,-1.10291,-5.36703,3.35058
42,0.170698,-1.24673,-5.37728,3.72154
0,-0.0367702,-1.05839,-4.72774,2.6999
26,0.216386,-1.18909,-5.0866,3.35147
35,0.299127,-1.23844,-5.07219,3.46518
38,0.28759,-1.17085,-4.92046,3.41857
29,0.0489555,-1.2306,-5.40619,3.1749
21,0.12339,-1.03473,-5.167,3.16578
43,0.114961,-1.0312,-5.24047,3.38613
20,0.086041,-1.09105,-4.99333,2.97273
27,-0.0758036,-1.18978,-5.04071,3.10871
40,0.257689,-1.24941,-5.23156,3.71716

