0,0.13359427162898888,-0.24103835119971354
1,0.18645814685464612,-0.739974720030837
2,0.21358123862826722,-0.06281556070136979
3,0.49276895339221616,-0.5137694513216232
4,0.11026651382161164,-0.9102326721165784
5,0.09141888978726583,-0.5148554471601406
6,0.2274834417175084,-0.40543461667058606
7,0.010931635765415313,-0.6900076978610896
8,0.581864314362131,-0.6396537245821696
9,0.4458674631296762,-0.8718201469448968
27,0.8226429337043293,-0.23285225735313084
38,-0.0893855875589559,0.8069078466704386
39,-0.14499895826249093,0.4700019315280099
45,-0.600753362969365,0.6722869152769821
46,-0.575399094699709,0.03740180807389548
14,-0.2620932235142292,-0.4956791770877868
16,-0.37936048369246617,-0.6063942884538095
20,0.4914763434012772,0.04788497632067416
34,0.4091681059553037,0.8493598659014606
37,0.24065469081274063,0.9252494396175734
44,-0.22109347172069513,0.11257199479895401
47,-0.6202020921351372,0.5036969855763174
10,-0.17674067798240614,-0.14327511980950688
13,-0.7958198750564488,-0.21861952745003135
28,0.34896638722211404,0.2437172904357215
17,-0.5343875741135529,-0.6972083495443614
18,-0.7426313417788111,-0.4594861461173038
21,0.7682257683915145,-0.019517813468386
25,0.6448634676594838,-0.11278908890589263
35,-0.034024199575536436,0.6081823590108901
43,-0.3877771998183665,0.3614776157999824
30,0.16354008709846854,0.31166534561344944
31,0.35159013661001387,0.6545908246700265
15,-0.21878916231895446,-0.32829902783839876
11,-0.37432283310538594,-0.1602038362394304
12,-1.0,-0.5375975132458027
19,-0.5228806385247751,-0.40689165111256337
22,0.3358509454062202,-0.18661940882516176
23,0.8244367708246133,0.24466647556337853
29,0.5643043629849025,0.21848496480071125
33,-0.23469029397530625,0.6362289886188951
41,-0.06695440630054066,0.1389361483590419
24,0.5682125129829398,-0.313595903509855
48,-0.5258723301387133,0.8269584807678974
42,-0.4824519842964444,0.18398355324551174
36,0.13509481095367057,0.5102555202537087
40,-0.12073835907983124,0.284262468584442
32,0.1047438702408017,0.14495389680214227
49,-0.6698198311236839,0.2767231262303822
26,0.5131809184056619,0.4381826750299428
