0,-0.8361237612065031,0.15864783539233307
1,-0.7100086820527853,0.4473206967527373
2,-0.3314698286953819,0.21146500075594626
3,-0.3746841633743489,0.5018241428118344
4,-0.39891063506443436,-0.1346546142882397
5,-0.42164673833100047,0.3506605971565763
6,-0.6158332407479183,0.23424742859049633
7,-0.6042907022032808,-0.0745019539143791
8,-0.4449740897879787,0.09431029257877604
9,-0.3167559007031391,0.017431676588650222
24,0.18794627935553057,0.3869173912753991
48,-0.67357626738749,-0.3447869753883277
37,0.039140126400079925,0.6002294312899028
42,-0.34534588993068305,-0.3099047989805141
26,0.33793024083968676,0.028171945592833984
36,0.08419102079051435,0.19833330255266443
39,0.06119281430365999,0.42460695818171207
43,-0.44445759025924864,-0.4157181585067453
25,0.5232461650364358,-0.07783328238430229
30,0.07273984440753518,0.7668933367120715
31,0.23947616880306166,0.7061798376620336
32,-0.025933325334571825,0.17928700650939453
44,-0.10913606269339085,-0.18247443704891142
46,-0.5309708392589847,-0.2174580284669867
14,0.31936883824026285,-0.42075474257755874
15,0.0583682567214627,-0.6883408065567153
22,0.3729068598224846,0.4010837692021036
23,0.47712219124384847,0.2841893606519618
29,0.211695942531872,-0.15822198406414928
10,0.5488187906580363,-0.6328926116099381
11,0.3229191827472624,-0.711107236554755
12,0.4331032754384296,-0.8490204511513426
13,0.7316617408526558,-0.4221386436917357
17,0.46273880063840833,-0.19678366590041282
18,0.11229208468437298,-0.3005507020080612
19,0.22664312441076526,-0.5111205186442419
27,0.5049030929241898,0.13709021611741568
47,-0.18061473221646637,-0.44719086977290773
16,0.5750859584273814,-0.3782605726388531
28,0.6734902226583767,-0.0007627765765254975
41,-0.10601219710901699,-0.34025763064432235
49,-0.33425202183780994,-0.7245600955222162
45,0.06788448078363978,-0.4348072813025579
35,-0.12303401109744551,0.3792934796180906
20,0.27921765681779037,0.1742384424100138
33,-0.16290907115416675,0.8131028777264399
21,0.3842293613181943,0.6365384707128459
40,-0.08656841001966142,-0.775428056929106
34,0.19751008020206887,1.0
38,-0.328314440592299,0.6174673982815809
