0,0.3166354217508531,0.03407490583405603
1,0.6542763943805592,0.029312642844599675
2,-0.060070968679087636,-0.25632294325915833
3,0.20971705319313305,-0.1764598000870375
4,0.3934064587728528,-0.14540397450066742
5,-0.019265319590230263,-0.5350156142473667
6,-0.05268381501580616,0.2026520825042598
8,0.09893648430752097,-0.01872564124197245
9,-0.11467819009765352,-0.04634196214662521
13,-0.2812619702655418,-0.4177867571909237
28,0.4927408578127498,-0.6307229510851851
36,0.7204495359308496,0.5062715433433463
48,-0.49719008361175926,0.281700702998302
7,-0.17845893927972292,-0.209705592635338
21,0.35132974475469586,-0.3270725258801312
23,0.6796362424878858,-0.32696783840484084
16,-0.5671252252465695,-0.18285484692719628
17,-0.5957600214590755,-0.5271826985292246
39,0.1315717186772046,0.21879574377326227
31,0.2592778377818536,0.599039851306005
25,0.574543987447712,-0.44932630634641824
26,0.2417281375956271,-0.5910569778376924
27,0.042906231778750574,-0.7562575869194932
45,0.13678586346538607,0.5500204734734352
49,-0.19916301984172638,0.21130676369678614
12,-0.7639057365026173,-0.5576126547886258
22,0.18276395350809685,-0.7756582560201029
29,0.14488333273936368,-0.37383394846472245
38,0.4722221629212556,0.28727127681087394
11,-0.7523842852802717,-0.372742313044335
43,-0.18667087925953185,0.6187913580205187
46,-0.4992184632244572,0.613792694290232
24,0.655681500615001,-0.19062443116762579
34,0.07887091186876384,0.44204404580876655
19,-1.0,-0.19698525694971153
35,0.28248137136247126,0.3500763065480489
32,0.7947377607805716,0.2723452775023869
30,0.4806269813758068,0.15239673550929514
10,-0.5605815421158655,-0.7041360644315874
14,-0.7848019757386564,-0.09230638365224673
15,-0.6644703304025148,0.12527220649734921
18,-0.39618354870343636,-0.029162945350805144
44,-0.14656963591623853,0.4028584597773608
37,0.3533406811719654,0.7286618903283154
42,-0.35001316294418333,0.2527404349369044
41,-0.65335768365302,0.6903479254509021
47,-0.6912691195706977,0.5040023681340726
20,0.8993705292276325,-0.6677171921646117
33,0.6854592250421221,0.6649825422699759
40,-0.31929646435201586,0.8192252316145926
