0,0.0605116143808021,0.22286408309051073
1,0.3387233620202024,-0.08914399231386934
2,0.2704478072336709,0.0857107505964032
3,0.035589835273526445,0.3559922699206011
4,0.4131645138271039,0.7227227068235823
5,-0.2600820922010798,0.1843099496159914
6,0.4228373225952349,0.3343166223602781
8,-0.14273874076505988,0.3081277881546895
9,-0.12233207129633535,0.48901217605318076
19,0.34957946717393407,-0.5189955762098747
25,-0.6573133988776584,0.6125374332181278
26,-0.40775905712081123,0.46858302199656543
40,-0.02082044958942874,-0.26596410869073656
47,-0.21429203075762276,-0.2811392592181102
7,-0.12682458570030952,0.14004210349815907
18,0.3313300659455819,-0.36459249092058454
30,0.5021584271011063,0.18164530200011184
39,0.6021416766673993,0.46699067064203076
44,-0.0028553083397334397,-0.4931545403582679
10,0.16464461658343665,-0.009392382336164547
14,-0.06391231846057273,-0.18029197486890253
28,-0.3252947323791001,-0.01852791068761854
29,-0.3777923013623121,0.6568935494480341
43,-0.4057398505805829,-0.17557033662957977
33,0.3358710279800669,0.47286015041778084
37,0.9389383070137732,0.3183904245662916
22,-1.0,0.4370899653142926
23,-0.5030763018547939,0.1236880461757994
11,0.16873314094091854,-0.5304174103450348
16,0.6561852930650756,-0.34088471684923916
24,-0.5855931908402675,0.4093909340615828
32,0.5028459096915696,-0.11414632758799088
35,0.23204950412841535,0.3072398389894265
41,-0.45838700347732836,-0.47860594408764745
48,-0.44855011131976386,-0.6914374630286858
20,-0.6311160539842124,-0.002998747184430336
46,-0.26053594393428814,-0.5681525561147854
27,-0.6941090281191612,0.3034325092309033
12,0.07307036446974494,-0.12729838527642404
13,0.3857179941676736,-0.7471551752135364
15,0.20431538018854778,-0.6861128874309442
17,0.16555750956156526,-0.2651572987528685
42,-0.3006206305849879,-0.8508739006851211
49,-0.05901972298351975,-0.735130936114317
21,-0.9989855643732151,0.18864191009639691
38,0.8498534389080963,-0.026823095650774596
34,0.242218757739246,0.6460662569068546
45,-0.6571972267840392,-0.3681654398802163
31,0.7656766640144461,0.13663516309205595
36,0.7127857150150421,0.35694923016605523
