0,-0.42253800443327216,-0.4632092079554528
1,-0.6612247386943544,-0.6172622961094875
2,-0.3510151524573501,-0.2792556054422836
3,-0.18127618896879275,-0.4378545692382617
4,-0.2536209146686291,-0.8386253072608125
5,-0.1015203939082752,-0.27068519673148334
6,-0.08893830846064085,-0.08323047226864788
9,0.12696503614469176,-0.6581983513162851
13,0.27597685043962883,-0.7854187336484791
31,0.070179939036485,0.63396768576872
7,-0.0639571668312523,-0.579465600821421
11,0.2626729327781917,-0.5312734866133467
26,0.20661472882130666,-0.2316855036696307
8,-0.3812734788729617,-0.7728018239237164
36,-0.34370684447165967,0.911932716996975
38,-0.16300364501078912,0.8615668935943219
44,-0.8481200001755466,0.20858989270502107
10,0.612241094155894,-0.49632330671861824
17,0.11486840450620639,-0.3750315070178808
20,0.42410291038566705,0.0767764251994188
39,-0.07789530034838735,0.5059291090398914
12,0.8219090981218309,-0.4554627397311554
28,0.4005838065395092,0.4537129235229974
29,0.10379552985795348,0.33791912193044954
33,-0.14255294171735766,0.1477865346142742
45,-0.7966702421807487,0.026295111721461355
22,0.2651909519892054,0.23586306548596694
23,0.5938990770978606,-0.05279965195530665
35,0.24928090144877774,0.6051088649019526
37,-0.051125752408418886,1.0
19,0.8790453350942137,-0.08599373645864335
30,-0.40354948020140224,0.5159476442480945
40,-0.3069143178227631,0.05773498322633469
46,-0.4532770734961288,-0.07260798556862476
48,-0.8324896828392923,-0.3752155622862317
16,0.9386438465245951,-0.23602238260464758
27,0.19930347444779595,0.006073467032806562
14,0.781112265685117,-0.7291031377149421
15,0.5368910028817275,-0.3483698833701549
18,0.8547635779041871,0.10236707384600079
21,0.5655625159718646,0.18979692991500843
43,-0.5723807069290288,0.08491392709808357
24,0.388061207103684,-0.1743123381241129
41,-0.2445743699558589,0.2995883217530732
25,0.5808017263055549,0.49657077949942363
47,-0.41167367309428754,0.1870442612171428
42,-0.7217177196084579,0.39996324340278233
49,-0.9922264144816102,-0.1115766553705394
32,-0.5310190001724242,0.8432355035396139
34,0.14579529896774612,0.8731005616603525
