0,0.43481656897398013,0.43999560732069354
1,0.19355804265017684,0.3329890144154037
2,0.005325071233625631,0.4212500309628078
3,0.45029137450610757,0.8295839822803457
4,0.32058535717192993,0.4095415361387581
5,-0.07124711814433904,0.8125270610124484
6,0.4780637540691663,0.1883085825190853
7,0.13921349259177807,0.8534415253365252
8,0.2557719438574207,0.685841260025892
16,-0.4201518787417491,-0.5333563118624399
27,-0.2589395439057228,-0.5521519296321842
29,0.588944872149593,0.007924383276452535
39,-0.4900272066965844,0.27110691861511665
43,0.481790461890871,-0.2565438953762486
9,0.6377320365715718,0.32539085103713966
33,-0.33009432354397694,0.7636275408427987
47,0.5517984237974899,-0.6036495745448824
20,0.4127353546656033,0.038418797706067334
23,0.3599476350478066,-0.4987445324541809
25,0.016937295588708802,-0.166961598459068
35,-0.4762969671371776,0.440852117288192
37,-0.5905221855921319,0.019843085177117227
30,-0.3666980406670202,-0.0012917406342574662
31,-0.9341055433215231,0.4921303705428081
44,0.26968150287019216,-0.2589647271519467
48,0.13742227170218763,-0.4094218262182638
11,-0.221146331257418,0.3374033594844501
13,-0.48853939179196265,0.06465627022885137
14,-0.17456853692156263,-0.41165392273574825
21,0.29385868086196515,-0.05473638152996881
36,-0.25835884985173263,0.18868382785826138
42,0.7666644117564304,-0.07646256540485016
32,-0.795323992102868,0.13631605195951577
34,-0.5288843003014454,0.6320772404456141
17,-0.2502811918922084,-0.29422963396514024
24,0.12146585430701029,0.018506488079151815
26,0.18231643439898115,-0.5777173787550081
38,-0.03143474371202342,0.23736161066501696
40,0.5856767751588942,-0.12694007594261936
41,0.5694227792816301,-0.37486651173413954
10,-0.16620898164003872,-0.10712213269499277
15,-0.6337112457462507,-0.4089324609817893
18,-0.12142014202803353,0.09759473307137906
19,-1.0,-0.23523147387609525
12,-0.7050653869005884,-0.20227254964015556
22,-0.0465422418019257,-0.566567733457294
45,0.18900965741647255,-0.7999232008211733
49,0.341369365108159,-0.714575583869286
28,-0.3392126983091729,-0.17977251557707163
46,0.9143814243797018,-0.6332819889710892
