0,-0.5585163375626071,0.6102886798170734
1,-0.5359718822039689,0.14162040277229582
2,-0.40782614060778466,0.5113489078987211
3,-0.7083179173874832,0.19258557859148903
5,-0.3858532920890426,0.8811460263206705
6,-0.24969063929681937,0.38006459313229934
8,-0.25950022947927964,0.2400322774279602
9,-0.7277899189255594,0.5019820630874245
26,-0.1815464756823904,-0.09960035050119813
32,-0.19469036648431817,0.07877204510101016
36,-0.7346842849234578,-0.06673438825209296
38,-0.4242971947172922,-0.18518124031084326
42,0.41016069904741437,0.8315821861279112
43,0.48087126997122276,0.31176832875799504
4,-0.02931011036893742,0.44664663805856386
7,-0.36051184166298644,0.01715743258801828
11,0.3358947711216434,-0.2858924072590522
45,0.2721256526910738,0.4252051292597917
21,-0.21999454496075818,-0.8367011564994427
22,-0.0075749702851611355,-0.36355213341474113
24,0.1753994469003192,-0.04960568713309828
48,-0.004586412301716143,0.7224334747596651
13,0.3963361896990895,-0.5253027091093561
28,0.007186664391319511,-0.15915421287079842
30,-0.38280691097076436,-0.46547248154057486
44,-0.15853534858452784,0.5461451058622688
17,0.9753300418458418,-0.3248793272198955
18,0.5716518606619714,0.06649031034075639
33,-0.49586525600851367,0.2889686030399483
47,0.2435337738459996,0.2529350913104376
16,0.9798655513047765,-0.12953885928475287
20,0.14644740302663836,-0.2631346044561622
39,-0.6366676776625815,-0.2770925518400005
31,-0.18870477264794258,-0.26978360728428574
15,0.5144990786467061,-0.6094636540985551
29,0.21627972207590587,-0.6927916213422153
35,-0.889928728349523,-0.2304879425207871
14,0.8488969109304207,0.0032128950818301194
19,0.7042684151577031,-0.6663130576438618
10,0.563392971648106,-0.11983870681714008
12,0.7775634108160631,-0.5172551276642497
27,0.03721967430358402,-0.7191213016507998
41,0.11657406694431002,0.5533725898978938
34,-0.1668641096958174,-0.5032224022168545
37,-0.7220537810427343,-0.4559826477024162
46,0.5938928047498484,0.4780517641496012
23,0.4217983974538191,-0.17459555475619382
25,-0.41288253596302,-0.730820194436528
40,0.2216121904789208,0.9999999999999999
49,0.03417071215228426,0.23970780444224596
