0,-0.20858376741028964,-0.4502681933242206
1,-0.6890732360234497,-0.39986487198395043
2,-0.3432639582652887,-0.33067491414258815
3,-0.05847148361620073,-0.17997062079092968
4,-0.11433619228603584,-0.05083765329691394
5,-0.3125308856831264,-0.17466105122227804
6,-0.4608512160745776,-0.5051302021883728
7,-0.2814919486278811,-0.6488460566016445
8,-0.5731712772642747,-0.10543850135103516
9,-0.5327953051194741,-0.22793213586892702
13,0.08214886893789572,0.31043211402195064
15,-0.20372267546300962,0.6180756519668329
25,-0.3894844377978895,0.02314581531321958
36,-0.03686536481155998,-0.6654822310853237
14,0.12974395248019333,0.09403656903780434
27,-0.7515023037184869,-0.04541709412227492
49,0.66008348180252,0.3088439995007857
12,0.4006288603374969,0.5710598259245946
24,-0.3944222119497642,0.33618267300501176
35,0.09489819157394921,-0.35164745554881166
39,0.17856986565905447,-0.20959251928008923
41,0.5629588338007052,-0.012921590721268084
42,0.7274424559242921,0.10101504797185686
10,0.2632184549843764,0.3147055006455301
26,-0.38125039332414695,0.13739939301403922
32,0.10057787101479036,-0.5462640318614203
46,0.7578206902691128,-0.12360897195703364
47,0.3655755693360095,0.20621110912511595
17,0.01116137718472892,0.5428951319398544
18,0.49191995099250607,0.4294129479930172
38,0.40719994914543334,-0.5434800064865803
11,-0.03493763466450892,0.2889099018903622
21,-0.7350788372350608,0.56195502739209
40,0.4208401077966727,-0.12106887815067215
29,-0.5966079176098364,0.1001718921091367
43,0.4656335744280537,0.06684961338268834
20,-0.18516449234574014,0.2124915593339528
28,-1.0,0.4166667451822971
37,-0.07844262743781667,-0.3500423240692232
44,0.21902011291089069,0.5057871444739787
16,0.5246898807620796,0.7710800203064829
45,0.9295344016821578,0.2036834993050698
48,0.6813508504455124,-0.2584883192689444
19,0.2863191950972301,0.8591507095048182
23,-0.8024217111863182,0.2882684797233601
33,0.25503451595474347,-0.4311729984220019
22,-0.5064496151092945,0.6982900600473251
30,0.5186377587047828,-0.6768837224377515
31,-0.10710173791484066,-0.8289419769707819
34,0.24301245971367896,-0.7280841109581216
