0,0.011146737318137121,0.792168158058252
2,0.7555926888053834,0.6724745928331672
3,0.5030863596862238,0.8126006532845939
4,0.3368854050217723,0.3669538902763011
5,0.2766202459589669,0.49721318236727585
6,0.27916590366192245,0.2427126949783212
7,0.31594602684941103,0.9726513618578586
8,-0.02582569919091298,0.6327073887892147
9,0.7701613276652318,0.2598298157289683
23,-0.5193278617062699,-0.1889239885278392
26,-0.14566955017405767,-0.30792788720340303
37,-0.8375533495690123,0.45472776774923557
1,-0.046104686220897105,0.19481493981735493
17,0.5221674783818971,0.4273699924053689
20,-0.4261713173246761,-0.41332753511224274
27,-0.7837157812167741,-0.6818472972918084
29,-0.07600728387188481,-0.606618076632091
38,-0.8911387974999412,0.02649460958228708
40,-0.004629916487427143,-0.03749852804434884
48,0.5005466340717203,-0.1865296325234307
15,0.6976669845473803,-0.1152815598921177
31,-0.2940389619019184,0.3705622242106311
46,0.2518129845459431,-0.002969800165045636
11,0.610370907934549,-0.4330859656902957
19,0.9009853488512083,-0.0011899795819300695
49,-0.22076051855835715,-0.19024990128803054
14,0.08994666419482175,0.38411829300578354
39,-0.5180550751783854,0.10774161762737573
30,-0.3390929609928421,0.20309640233405415
43,0.14159419986639976,-0.3175570760838127
45,0.6022437905176765,-0.6495663855207177
47,0.3904851979960606,-0.4228168378552894
36,-0.798573574796626,0.14578958188934535
44,0.3224637698390999,-0.6464507570920669
34,-0.4392272510607772,0.38863379132906756
22,-0.7155723081447622,-0.45267132864376325
21,-0.0949801155607602,-0.8159749724460599
10,0.4295535379988913,0.10379894690753871
12,0.30221787329530464,-0.14210497015762957
13,0.13306357928191095,-0.1500837242421521
16,0.5819517858391673,0.3399954909048251
18,0.08478950368919984,0.08868046136041577
35,-0.6433329947392142,0.3929237895413167
25,-0.2771862406391156,-1.0
32,-0.2286778907927995,0.4934298084509293
42,-0.21783686062615729,-0.5229682992361628
41,0.07621985609587503,-0.47798056070206
24,-0.4673153371395011,-0.6244263356855956
28,-0.3394573410164266,-0.729341487306909
33,-0.5364331175046518,0.7459034316353258
