0,0.28848890017608203,0.689374897616767
1,0.44628971460620825,0.8015799508463717
2,0.8035414124129502,0.4629077777508399
3,-0.06572732080304065,0.2723904305174414
4,0.21299896806041627,0.3358558294822144
5,0.27243045312796516,0.1758835325771278
6,0.08535946677759536,0.6858156037208066
7,0.6415972412549118,0.5433126370550936
8,-0.01697343517881417,0.43011097649089747
9,0.5474533201036781,0.18748887609753812
10,0.36485987221892335,-0.6219502557500696
15,0.3947529124738452,-0.4560207423114953
24,-0.42891978555672644,1.0
27,-0.6122948017936148,0.690816208458777
34,0.3416606012684216,-0.1257514253212671
22,-0.2684943989673253,0.6391141352121437
36,0.4113542916846067,0.2718381692582298
35,0.7977418194473194,0.03790331799227154
42,-0.23178585030757345,-0.14307222029056038
12,0.14745508702083845,-0.32297337961084277
17,-0.1545977180271489,-0.8148409557144776
21,-0.6717487837610108,0.43962768154759546
20,-0.39117336597832864,0.7850167961637698
41,-0.25144088187659774,0.02918904962523731
37,0.13047856611625455,-0.08849894070565084
31,0.17499135612672004,0.09444903554510535
46,-0.5077573713519017,-0.09947431270041063
26,-0.26313771935964336,0.37567569489035646
38,0.4936932278100334,-0.2566066294998145
19,-0.006753772350014704,-0.6875722244256999
23,-0.7989980291677853,0.3456666059714908
28,-0.6915875295451077,0.13649609666996784
45,-0.09377242905841196,-0.26547968725007687
47,-0.20763927735055468,-0.4909119838266211
11,-0.2712906540859678,-0.327263583105915
13,0.09521411393612135,-0.9501503432543645
14,0.41439883191106197,-0.8523027025535357
16,-0.01850094569100358,-0.5156686335327466
18,0.2000594045115538,-0.614770978186129
33,0.8026491021359797,-0.2180597278580862
43,-0.6988534826527004,-0.08287804534241937
29,-0.46076512742028053,0.3693402903431421
40,-0.4454987262580288,-0.48029229339099133
32,0.7663342345518096,-0.5150600229432553
44,-0.7000907041732087,-0.2565058270096472
48,-0.7725056130277055,-0.5118085394630453
25,-0.17456448081354864,0.17257031971712264
30,0.5177334375069924,-0.10305328263808725
39,0.26298909634978207,0.48355562825922604
49,-0.409653227034039,-0.6550128051243176
