0,0.11230260145387932,0.2740767511983086
2,-0.3925636796184548,0.5811402602592072
3,-0.45056292994641123,0.12726912367259424
4,-0.7077542831080275,0.4476012777296315
5,-0.055676542021618015,0.3986818340868261
6,-0.46182964849601343,0.3326151786505437
7,-0.6256610107071136,-0.06234348716595068
8,-0.7148739275126492,0.1818247571672244
9,-0.39688217237116835,-0.08753110669622005
16,0.49216713726776096,-0.5347417017252769
47,0.6437829151473539,0.5562305352305296
49,0.5419034659595966,-0.014934299851643561
1,-0.15102590337983052,-0.05043417302223737
12,0.3869955224302695,-0.42375161123724675
19,0.3815284146563305,-0.22650562822065662
35,-0.4150156445102956,-0.28776873223090577
37,-0.02622797672186205,-0.6288246017383882
46,0.4424594147629683,0.3569788860333451
48,0.4643273061428498,0.5295658461438298
26,0.21324896315023342,0.6732663539965181
36,-0.7120140277115804,-0.29306349734293635
10,0.5962434210527264,-0.38210062225944913
11,0.16085536742587495,-0.36745615254034775
29,-0.22981221299874488,0.5942998439147399
32,-0.8771234319952402,-0.139354952711091
28,-0.2093132901310795,0.14615368815357968
21,-0.5007431210862887,0.5470874025240515
42,0.646177389527351,0.30404699899322435
15,0.21700323304227556,-0.9999999999999999
33,-0.42448786062327876,-0.5174897302226621
30,-0.628916411436828,-0.43478728404273004
20,-0.6272271659705808,0.8966136073519715
39,-0.6168174867921408,-0.7635482493990426
31,-0.10925119874157702,-0.3791404384375767
45,0.7541267736978943,0.03336694843032384
13,0.736557087880555,-0.4530523391469483
14,-0.0009135211259671317,-0.285071147503517
17,0.3241958102494347,-0.6874117454530561
18,0.6158311770611637,-0.7194166925405916
40,0.9096195032773181,0.12386481499580392
44,0.14848601857100072,-0.03823520743161319
24,-0.048931019903005045,0.8182609765295403
25,-0.05878880279032426,0.7029397588844276
34,-0.26992937922094773,-0.562678866165842
38,-0.1876702566341564,-0.8130905061869713
22,0.09160663264354671,0.5409308674970527
43,0.33462830657415044,0.10003379054131477
27,-0.019206500022588252,0.1584711854306365
23,-0.2500406552842892,0.39143598395690377
41,0.9552135988875163,0.33597610190076416
