0,0.18739668863198614,0.30474888488469476
1,0.41316629484275064,-0.16761830897164592
2,0.013082304423662297,0.31836017430815033
3,0.7309827934297204,0.1994729562842798
4,0.4020558750123671,0.47473821273398614
5,0.5526197847356126,0.3200974039264531
6,0.6352543462936179,-0.06568890303004236
7,0.3448629605387593,0.2983959083538839
8,0.1612458252805361,0.07670391515673115
9,0.5049369535926129,-0.01441486432590994
14,0.31191745877508265,-0.1260002885579715
35,-0.1985516854862491,0.8053107183578245
44,-0.5825689273119066,0.022857772231301705
11,0.02068861016855362,-0.07901561380412134
12,-0.06340801921920035,-0.4657540602266701
15,0.42155094983431135,-0.4729357965567447
28,-0.23166528458568,-0.40743406139329047
47,-0.6848643180522443,-0.17242344320726188
26,-0.35031855241537657,-0.34865846686985924
29,0.05087077766624623,-0.28889448143703406
34,0.0843618082347829,0.5550974676540883
39,-0.11475772954854488,1.0
41,-0.7646183106408453,0.03447636615104504
45,-0.3731434364862379,-0.02539333336597033
10,0.3345478374468489,0.022107301743853024
16,0.6292021004733539,-0.5070398440740266
20,-0.14031876732284718,-0.23900750039240276
38,-0.3035528845932095,0.41493032625232634
27,0.26308628240665466,-0.7556453326323682
33,-0.07120577341377178,0.562660809520792
36,0.09333707771997186,0.8298853348012726
13,0.7340279719769928,-0.2863012246092171
18,0.31890400222981846,-0.5435385819013303
19,0.13635144315462408,-0.4378530693487471
49,-0.18263994090729221,-0.0016012890446683392
25,0.004858416203589419,-0.6276230558546078
30,0.24691990728460705,0.8305977408399265
43,-0.40444519322487943,0.23667700231974673
46,-0.5231715832344952,-0.20838336802395416
17,0.16896138768967628,-0.17760828792959174
23,-0.5076345951705583,-0.5610316116421102
21,-0.2572747479098826,-0.6089373227473712
42,-0.2546304405405161,0.25729460136804616
48,-0.4726703838181756,0.11821849041206506
40,-0.5943025372352093,-0.3970854039043257
31,0.31848692306720483,0.7369305775199552
22,-0.05392070374918011,-0.782686721458585
24,-0.05502370532676823,-0.993227951536997
37,-0.3417147225961361,0.6512803779356185
32,-0.5572745383247394,0.6909598440907696
