0,0.6183214821696207,0.8819658140929296
1,0.007146510234974669,0.7358189305801338
2,0.7142952733079415,0.40863602967577956
3,0.5625177280308526,0.1678578196041657
4,0.4325001953112857,0.38860071883877984
5,0.8308166943036518,0.6053742962896984
6,0.4362695935890663,0.9436439374667542
7,0.28372344034349306,0.5430855676470389
8,0.24148450171823188,0.8070504233883845
9,0.4663159170718646,0.7046748734935824
33,0.490538568557823,-0.09452222369934311
34,0.27891424789269287,-0.07726062015342335
12,-0.613987028802591,0.4488412112623928
23,0.14124708839729858,-0.28874788762436326
27,0.048567477432396686,0.26168546259051617
42,-0.22922321765262432,-0.3489843456288021
35,0.5814623305111445,-0.5005310498814285
21,-0.0037310513777195423,0.49872936041216814
32,0.36924498673852113,0.12943295793803117
36,0.7859663472004702,0.10497073207397303
45,-0.25415353366684595,-0.5994766865953388
48,-0.07353422465572435,-0.4381852658388601
14,-0.3183516620386418,0.41885297845019565
20,0.3809521976817491,-0.24944673569231365
37,0.04195640830773753,0.026575871385099693
31,0.6982728357402578,-0.2386986421635855
44,0.10650460126661469,-0.6697713569402599
46,-0.1551920528508621,-0.7250691849801433
39,0.3159916666949332,-0.43276266322881035
19,-0.4819787642085058,0.5656345174036067
22,0.15701360268799816,0.022162368889408285
29,-0.11275112581967763,0.3042483621889025
18,-0.557216289180364,0.24557471806302683
10,-0.8553917666537482,-0.23210958363855025
13,-0.7919650517118919,0.39067409582335577
16,-0.8951817754713939,-0.05167944277881382
17,-1.0,0.21893830305989
28,-0.24428673548120536,-0.19350930811258765
11,-0.5845600728074564,-0.1074150793332035
15,-0.5660262655962596,0.03508916551703107
24,-0.5487389799653339,-0.28716649803409006
43,-0.7007601450856288,-0.6694943147084332
38,0.7775114292052892,-0.4451034507590864
26,-0.05756434909365408,-0.19301792584041397
41,-0.38045331164997626,-0.13902522690350577
47,-0.4599326818517187,-0.5026644111346329
25,-0.16146916478706821,0.09554437644998483
30,0.43849044886825483,-0.6008306381058199
40,-0.284455367308334,-0.972915271825736
49,0.12487904445306855,-0.8952750789832751
