0,0.17330937118398543,0.5633868862294451
1,-0.31363431859052976,0.5014130116373574
2,-0.4132909396211616,0.15766020994512672
3,0.22753496414330357,0.34999490818511103
5,-0.06337556559062846,0.8129069209956766
6,-0.016052693166495473,0.5410007241028046
7,-0.23013256414537386,0.15535834868674966
8,-0.46681874426603626,0.2705433390045051
9,-0.46210135924281004,0.6910483109536135
23,-0.1057047747198251,0.34118800035430663
37,0.23218127895600163,-0.32966420292916787
31,0.12669543127765168,0.16546314630453077
49,-0.10269505260339011,-0.3932935948749836
4,-0.014010744155127899,0.2288651915891611
35,0.14667474859909285,-0.092029773662067
45,-0.25636364873890854,-0.32802575588927985
13,0.41654360013176955,0.26952365932585226
32,-0.27317799900278444,-0.03206284548781176
34,-0.49936348753350907,-0.270881610880348
43,0.028368211503845386,-0.7672574086204514
48,-0.38803858520008716,-0.4141984751566138
17,0.8518275561956539,-0.19601515423296767
33,0.3700468376563904,-0.347903072393944
42,0.07005466368182091,-0.3674796607885233
21,-0.14717511604764516,-0.07651315864135659
27,-0.3213730391771122,0.345852134079963
36,-0.05626253850235151,-0.21685092707452797
39,0.028818292505179543,-0.5030989362659187
40,-0.0949155533351695,-0.897077807445334
15,0.5904348185403374,0.14859134961255194
18,0.4860301473238261,0.47944409694060874
11,0.7746416263207155,0.3483601440224659
28,-0.7301643617073327,0.427880296081021
46,-0.32794198664273516,-0.6000085793900085
22,-0.5138512073315029,0.48029983962631967
24,-0.2938277564999404,0.6319982572028461
41,-0.19359336793987084,-0.6345602101528629
20,-0.6092767099158612,0.00985751575304111
38,0.2972758267358005,-0.1931560919024339
14,0.4020499573813759,0.08874378090445079
26,-0.7148885855623006,0.2901191435757324
10,1.0,0.14017306161383689
12,0.5715826333349706,-0.12152443148100114
16,0.8058759477090914,-0.05228795010237757
19,0.7483220419759508,-0.3841024731633311
47,0.36706902720810347,-0.7664210327572999
29,-0.44845137248103184,-0.015695654306708193
30,-0.011411176364395833,0.029672828028765755
44,0.16096781798571178,-0.5785862304746302
25,-0.8084115522666623,0.10934993331810955
