0,-0.37150710912590046,0.027572147147476113
2,-0.026915066549721093,0.2280461553917595
3,-0.13242079268079052,0.04292866795774896
4,-0.870243816876005,0.2354793680806872
5,-0.15867598622422935,0.5997978449794352
6,-0.6409471157735748,0.6043383446209795
7,-0.5037793586777429,-0.31979542273840944
8,-0.39888470139845167,0.7461816390117105
23,-0.09952352406234583,0.9172338821531099
33,-0.2623698414428768,-0.7878547764639949
35,0.1511289713240003,-0.8899777035046559
48,0.4408466482788077,-0.7388342245613276
1,-0.21139538469035857,0.4383231428717342
9,-0.6326148179312063,0.20118072124105013
10,-0.4516735617438365,0.3376396810123383
36,-0.11402978888139727,-0.5224265586021412
44,0.32198995651308426,-0.4603867510718585
14,-0.253111578021084,0.2608048534622949
15,-0.13975148177760122,-0.18363546050286514
19,-0.5985425274282822,0.40098401688935736
24,0.3964518052111993,0.372713352471391
38,0.09133174320643968,-0.48800569043129255
41,0.6933657983292973,0.004839616762424768
46,0.5442241069904721,0.031219634979358382
11,-0.8194019285761348,-0.1755361739263664
12,-0.599061043942883,-0.01110778299473094
20,0.31403889768719107,0.1754357635311394
22,0.5615225646395529,0.6855286208306373
26,0.1748745743747933,0.5871171609076946
40,0.36640326013116226,-0.04076990714944776
47,0.6754118122894314,-0.7456827723659488
18,-0.25870186681161,-0.2898153120156221
27,0.09911963020021029,0.7540376731630156
34,-0.39412547788781593,-0.5579962059813305
13,-0.7991393594825152,0.010710799829751625
45,0.9671275725692238,-0.020780710188467066
49,0.6391428798150931,-0.30232800889116956
29,0.5274340092455427,0.5276439944079409
37,0.06805620033678728,-0.7877771839655546
32,0.24115943061942827,-0.2966095244879334
31,0.21265666991284463,-0.1814577926735107
39,0.04511155861311221,-0.146464771300924
16,-0.525809663081688,-0.18222293887544996
17,-0.22189061882064284,-0.03966812628583118
21,0.05188973586699122,0.3863177718474628
25,0.3661102496043631,1.0
28,0.2092297909865366,0.378868143764972
42,0.7249538641314507,-0.495257116209358
43,0.9321007480875932,-0.35277871068165795
30,-0.3311660670759144,-0.9377733714456187
