0,-0.03810308762586799,0.5015944653527036
1,0.45709389246081317,0.4514648793227039
2,-0.043056626049059334,1.0
3,0.459909920520809,0.6722103463170594
4,0.17541952815156467,0.6673795698553653
5,0.10538444355012742,0.827821861589736
6,0.2675568281593519,0.41102270877592206
7,-0.25237494257676624,0.9221376768048739
8,-0.2987308778205545,0.7089956139309748
9,-0.1707373954841842,0.36140250536690577
12,-0.26217357451583884,0.5380738665301458
38,-0.6179120556777246,0.2579896730032747
41,-0.18156143135299355,-0.9794058016999138
21,0.9857583507968755,-0.3060091401043374
29,0.6624171365588485,-0.02654282710648102
37,-0.16668017254887027,-0.05904232392803731
43,0.1025940523016283,-0.2466494699725852
49,0.25845881402535265,-0.26395690837165636
33,-0.8790060274809998,0.2676482759542482
44,-0.19203631478470518,-0.3505860498006307
27,0.6985696959815864,-0.28452823086315454
46,0.1230713695122813,-0.642273996918316
16,-0.06860449760237401,0.2513008854929678
35,-0.34857253599423244,0.12935622225933668
40,-0.010346571587529104,-0.14596976439185497
39,-0.37051754410879095,-0.08579622695613041
13,0.23403576037250085,0.010953716641775538
15,0.29037953128565785,0.24569382090608943
24,0.4045887976196429,-0.06909615655915254
42,-0.3052850323339583,-0.4881848361499669
18,-0.0589029632917716,0.6734856723530873
36,-0.6271747340551135,0.05394795991219646
31,-0.7517089888984942,-0.15663174412297245
45,-0.35064488205245153,-0.26204856472537275
10,-0.04154068448668049,0.1055917231804836
17,0.09324274724670285,0.20716183855023682
11,-0.4343675047962313,0.37114320052541194
14,0.5322490570702155,0.2202078917271132
19,-0.5259314099321905,0.5582419050752185
25,0.5394598689867548,-0.8511162788180725
48,-0.12757137177768121,-0.5929293331732965
20,0.6828377215337418,-0.701018244720551
23,0.37368492293314287,-0.5544569520511022
34,-0.6164326849998819,-0.49938727983024617
47,-0.09893268141261229,-0.8022308673916813
26,0.845914482814492,-0.5388751108345946
28,0.49886806602251665,-0.4437048245193872
22,0.20545398210775428,-0.5341816633586273
32,-0.5537129636382685,-0.16401187924770844
30,-0.6043294131265232,-0.3661918038119913
