0,-0.2608457464202889,-0.16491601423264549
1,-0.08978326000470363,-0.6578858353459921
2,-0.2146950287293967,-0.5088387628745675
3,-0.420494933817385,-0.02209047533525238
5,0.18973963505544364,-0.565265342828984
6,-0.043230426036778666,-0.1873492085678546
7,-0.1818101745730511,-0.29570140694238883
8,-0.42473826158805217,-0.41271039710336865
20,0.03522647327811709,-0.019929723400123722
32,0.08702585682814513,-0.6735327700661263
40,0.2440203944937505,0.4824257324696892
45,0.055339076002158864,0.5215727830029608
49,0.00044779020638320696,0.6935500415286544
4,-0.4901245998493438,-0.22724833716575807
9,-0.375590717524021,-0.6609944479053169
21,0.8474279765176768,-0.03852341195127754
23,0.464364952713412,-0.06564460081921047
38,0.6135003619307976,-0.4031549212656684
12,-0.5880486659662486,0.3222391804168797
17,-0.5922409717373982,-0.3076921570107882
31,0.6879762930058357,-0.16400694325589088
19,-0.2924930566445286,0.03850435640319896
44,-0.2413222733434615,0.7229076421913602
48,0.12650584491267458,0.6568183136945224
16,-0.8525885629524697,-0.15489269526212662
18,-0.5935486595054503,0.17128796018283338
26,-0.09163901461299674,0.2641402621264625
24,0.3942885618434303,-0.2566678132924901
39,0.4605553089231571,-0.6780918771069175
30,0.27406520035117443,-0.07522859572673933
41,0.6007748573323446,0.4525675185504029
33,0.12955338619541468,-0.44377476284792794
42,0.38927508025715307,0.7268024454148633
47,0.10445205081312298,0.3016116015747733
10,-0.8493275490158062,0.13836059708091347
22,0.4385324775144147,0.132750469003711
29,0.024491900609509343,0.13379526516869802
11,-0.39739643213043413,0.3699581365506973
13,-1.0,0.35556520567449296
14,-0.720427373857053,0.3728232400854008
27,0.19166405364069725,0.1731314149094501
15,-0.6144245049167895,-0.10089045754010256
43,-0.1311315282696347,0.43714493898217466
46,0.36560104323313225,0.3086746147475767
36,0.19824985732300465,-0.31396879186478416
37,0.7723381087789105,-0.391031480041582
28,0.48011308206264275,0.5480409537274424
25,0.7234667756958865,0.1454233203027986
34,0.11465376350710145,-0.1733732959498238
35,0.45225157846980724,-0.5066914680862388
