0,-0.40818620681910106,0.2854041309649198
1,-0.2482475470328177,0.108753093446167
2,-0.45497633092286255,0.47452258842411527
3,-0.8497605374236159,-0.09183015904549115
4,-0.5905670720269938,-0.09447364767086433
5,-0.4530716990353182,-0.143417754856954
6,-0.667952428476455,0.42361351308482476
7,-0.7427124796218604,0.24788702875829335
8,-0.45992158696872243,0.10996153247319372
9,-1.0,0.18545549495536934
18,-0.060643705430209124,-0.3714261210071017
19,0.15753539048277887,-0.2851572294324861
41,-0.315628604208758,0.9230922797525573
43,0.037835991456543726,0.8085968799841381
46,-0.20934438819394893,0.36554224965935417
49,-0.4051673305850471,0.6559657256267646
14,0.2832847827538416,-0.10557947788113717
39,0.41654718258498313,0.4570963975487529
45,-0.13531587061985095,0.7657900697318384
48,0.08851755497689433,0.25619347850847796
29,-0.2124090510168417,-0.25072906329540834
31,0.30307977482491627,0.5989904559694925
28,-0.29456556771192705,-0.6595422114559194
37,0.042346452325735286,0.035668736962431016
12,0.48330085766799213,-0.736149039899138
33,0.276054375541553,0.14106309706994918
36,0.12508441780530088,0.13749107799264576
23,-0.5880324510052285,-0.4028600591694639
35,0.5037021240556742,0.12262118864652184
25,-0.39544739520989924,-0.5029217030758297
10,0.2978415849254969,-0.7021169865719187
11,0.7886508952869383,-0.45884715489539735
13,0.32431466712935103,-0.43317498089105666
15,0.48827137667162573,-0.10577308470251506
16,0.5639669559650965,-0.3378043724692099
17,0.5011082129925994,-0.5054476857832072
47,0.1484919385659893,0.4156399750463094
20,0.033665023581856704,-0.6741752375394054
21,-0.013959205212844593,-0.9286564400413235
24,0.10950546604833367,-0.5067380563369602
44,-0.06253461596245775,0.3350074501548092
40,0.2271425550507568,0.839881536606359
42,-0.03706365843755823,0.510133789860873
26,0.02396598399449667,-0.24571618172986934
27,-0.15376667707420177,-0.4761335208851586
22,-0.23608553021385792,-0.9640398314794264
34,0.7955265818148343,0.09282981946019779
32,0.5047617532650969,0.3445711469570408
38,0.8081915825451864,0.32029013312428367
30,0.6626664568964931,0.02064712934556127
