0,0.11584486043451374,0.5104839429831192
1,-0.3195900474047,0.4739384560103754
2,-0.12366427340160478,0.12126391237908572
3,0.06338355326634322,0.33423027181170156
4,-0.16721610814343682,0.6890611543457004
5,-0.40758990113336974,1.0
6,0.16282533668807178,0.6653776869942735
8,-0.1962597425058559,0.35793835090837867
9,-0.037926076170906375,0.8014356134927942
17,0.3107639904401421,0.149935325964412
21,-0.23671326709962442,-0.1912205116102826
23,0.05691647363805614,-0.4691220669217344
33,0.3415877832011348,-0.45284672931099135
38,0.5624722190157386,-0.04388160329755118
7,-0.35400313008402734,0.7834781596370031
42,-0.8361934732388526,-0.15207409557599275
46,-0.5856957301437405,-0.25491783484206737
49,-0.46078766369280405,0.4872095806789702
13,0.7100686708490486,0.16431794103185848
19,0.18075303677614493,0.2105954271532618
22,-0.6314030077106414,-0.6889026497562565
24,-0.36389382979374385,-0.4660107197376101
35,0.3972759278215511,-0.1755733315895216
30,0.6153242899118664,-0.5601944656107684
34,0.2837003528148714,-0.5640480614186884
36,0.09001326820154242,-0.09996014303755917
40,-0.6026648830652923,0.1888170802545619
18,0.928816146297733,0.3795208619432714
39,0.48000400802791504,-0.658828063198827
47,-0.17225814479050497,-0.004069171035334117
14,0.47909391234442744,0.4441897746597536
15,0.6151686901185633,0.8523282619747192
41,-0.4010889726528053,0.16118571664123812
10,0.49272929682073363,0.16730018445804487
11,0.0895677332197656,0.06886477966433253
12,0.5411682639540207,0.3165362449829105
16,0.3302412305178416,0.5784283844227309
28,-0.12515304929627288,-0.8696929379155365
43,-0.6348133219327358,-0.015413567176969971
37,0.8007396366899671,-0.22949398825368925
45,-0.44601543968048735,-0.26111584265496424
26,-0.1610416593816489,-0.6194486377951038
32,0.19427543376112671,-0.260734760120339
48,-0.7437147551075621,0.314467348145786
20,0.08961022165407542,-0.9231011186947282
25,0.080081011423442,-0.7173189153388033
27,-0.4462214563786941,-0.8822048248675285
29,-0.15542953552682004,-0.390763933393336
31,0.564640390444401,-0.32169771363897803
44,-0.9677282699969035,0.05173122625487975
