0,0.370161870735565,-0.3042457771160003
1,0.33618587803325345,0.17705889867380736
2,0.5149036484850346,-0.16975417680701263
3,0.7757135185706011,-0.5189974011256289
4,0.8056731138401845,0.10988731350855903
5,0.7432030440339814,-0.08526248902246028
6,0.6545642852753506,-0.31252796223477786
7,0.8425265982063048,-0.3059279396150936
8,0.3351076607484664,-0.4799866700226435
9,0.42165060346741784,-0.6966369891212317
18,-0.3329683363300954,-0.3232781891711714
20,-0.4556122949542407,0.6407959472541944
31,-0.0067974380647702155,-0.6746235931272601
44,0.35966243637335943,0.42643492215991735
27,-0.36455050847950526,0.9999999999999999
28,-0.15044249900593615,0.47782054624820786
14,-0.4465187405415966,0.0910121729015023
10,-0.1289686992132477,-0.31545731898258456
33,0.21106396169896874,-0.2795165863990118
30,-0.11765183913372228,-0.4827941297148374
41,0.1606386727148596,0.11668524910030957
49,0.6152621232238356,0.4255130389184162
47,0.2729423915800656,0.6523608381614525
29,-0.19168973298042166,0.5989567165246242
34,-0.26488156326889506,-0.1276780859081055
39,-0.07152530644098172,0.05714981694263223
17,-0.08870651531712982,-0.12153007983500057
43,0.08452759210207526,-0.07054531550200409
48,0.5390061500132058,0.2199643328181317
35,0.1869033266675766,-0.5634418685076495
45,0.3476971447052301,0.02098944840372598
15,-0.39310578287488557,-0.45676264198189015
24,-0.33115286720262865,0.45081127587371433
37,0.028081091681968026,-0.29594081770979147
11,-0.7172086980004273,-0.5481393298319472
12,-0.5839005777573135,-0.3526413631728543
13,-0.5525503336078167,0.24367543550643858
19,-0.5334825314840143,-0.01786756509151285
32,-0.10985215712212859,-0.7719399019080686
16,-0.8089606514091668,-0.025033573668078807
36,-0.39526245259419585,-0.6440682404196072
42,-0.085584134304555,0.3127067960421742
23,-0.022723036407557413,0.6311371784604817
25,-0.2769211030146326,0.23537101073425423
22,-0.7544613339149728,0.49148310557940694
40,-0.1501060727948647,0.028732895635611377
21,0.11161914693216878,0.45727063691482406
26,-0.13194396207636575,0.8887987324722395
46,0.17712456072095994,0.3471771251739636
38,-0.42668965151436966,-0.15719542801236452
