0,0.3354916772027329,-0.40271937866475893
1,0.057164361129180156,-0.36367417519531087
2,0.5148140233675038,-0.2203901395324702
3,0.5372091610070289,-0.5235587494615779
4,0.26013015751144275,-0.7437209461243058
5,0.674414434343281,-0.25570180327019215
7,0.05464360456363255,-0.20126004532523956
8,0.3831247303137442,-0.1888340843107318
9,0.1473510681355676,-0.4939333541193871
11,0.026234037324546055,0.1546792095451851
35,-0.40943242852438894,0.2730343132631396
38,-0.15074589640650368,0.1695316647637073
41,-0.3697284016468426,-0.416974856062187
6,0.37018411396836326,-0.6055707299252655
12,0.07029709864795433,0.8727701749012312
39,-0.6476915432355204,-0.14264777429000833
40,0.02522478544715196,-0.6442985419477677
42,-0.6785741436357304,-0.6197744188154235
19,-0.2599830869049828,0.5224169465898654
30,-0.3448104603538278,0.03444956164245283
43,-0.2000246130576719,-0.4752238543501134
45,-0.16954687437881935,-0.2041508891577626
22,0.2714688369835992,0.14469893977981285
24,0.1681232022059081,-0.07492490131371446
34,-0.30332301021145935,-0.15980717674201209
36,-0.6903727025969656,0.09084754568031048
26,0.7307211283208382,0.3916782817836632
10,0.3707397325738536,0.5636625983100025
21,0.31339777430346005,0.29198444311481353
18,-0.13688425805285748,0.6213806294076533
37,-0.26356438414622896,0.35035081893628794
14,-0.23786338851828817,1.0
15,0.10908828966405375,0.3759276133308208
16,-0.02354929347450674,0.7550492582722442
17,0.36334884162266795,0.8631154752015128
29,0.6012459649485794,0.3304712818660348
46,-0.42757104266569496,-0.1961303990907038
13,0.2019491746769314,0.5812116909955289
49,-0.551326784928402,-0.33086723475355023
28,0.13610361617507744,0.2345568731112103
32,-0.8538082654570206,0.3891195855716228
25,0.7361795801221998,0.03596191756961718
31,-0.2808662101963905,0.18746144239000415
20,0.23527780003003165,-0.24583083612972398
44,-0.1219558219770479,-0.3043261059187239
23,0.4894118369549234,0.19008920831802645
27,0.4742469830648901,0.021389486142846408
47,-0.4115115022095914,-0.7658302657281898
48,-0.2146612301221807,-0.8014570887257468
33,-0.9097906719082278,-0.06423121153273063
