0,0.555775159521063,0.4069428745657165
1,0.7121869553961939,0.3161711654112191
2,0.35025536305375726,0.37590889161930774
3,0.340187616094172,0.6861827755542004
4,0.7073463545170592,0.12483243665799551
5,0.5311450587221486,-0.09868053269625746
6,0.5496683934003694,0.7171790100296805
7,0.33489387170291335,0.002463255069843642
8,0.20316696517418845,0.40345825169491295
9,0.45485604395977147,0.1546000539796984
13,-0.2025806455907898,-0.02249427395847676
25,-0.08426330254173425,-0.5534149036493796
34,0.08896370740462808,0.10863260472716108
35,0.3012893412579713,-0.20497661798980568
41,0.02051676943138617,0.002118725036454448
45,0.027042720987773473,0.6069807522286133
17,-0.45029508620228137,0.25165487097061534
24,0.28111003465955947,-0.5247265716042451
28,0.23914939387718026,-0.4263796093849521
49,-0.10208126953777648,0.25307102094605893
42,-0.35413509679716115,0.1000172279860581
44,-0.19320474844339822,0.753689244661337
14,-0.24621371166955336,0.38559825581286283
46,0.14521054301523384,-0.05949999726499111
10,-0.04759574781748031,0.4250488090128325
21,-0.06536727609803028,-0.714650613321592
23,0.053477349286233114,-0.43812980244470734
18,-0.4727224705678311,0.49982024963052435
37,0.5616037828398099,0.020700214414596723
19,-0.5805505058976975,0.28565155434885203
31,-0.1654647029136845,-0.18548642000014418
11,-0.4081076728673921,0.6070130490543595
29,-0.3750840147540234,-0.5907437878887827
22,0.17655151983420161,-0.7455110719126222
38,0.510566432024358,-0.5202310001821914
40,-0.17187501430348376,0.5394799971515017
47,-0.5161721857390993,-0.19283204597982628
48,-0.3757639192368496,0.3272678744910487
12,-0.9474172903873308,0.12132507892866629
15,-0.6967550873426387,0.008151701727048518
16,-0.1963625609814116,0.08249021740628598
32,0.250912139962651,0.17163691611539927
39,-0.30679566784285484,-0.16187636471659925
33,0.03834969030244077,-0.2492069967452429
30,-0.06659201208515353,-0.3883415004903626
26,-0.4170703997821352,-0.8647947303805342
20,-0.24791999109364507,-0.448149084656501
27,0.2172342441911796,-1.0
36,0.5601607761512832,-0.329195301319208
43,-0.5212298462740984,-0.018765852646426412
