0,-0.050447244539081684,0.5860222616408592
2,0.6709039989193863,0.00846923577855325
3,0.4452779723024044,0.10591131948233012
4,0.2840024291234839,0.3628553621654725
5,0.1597567311833449,-0.17949598337886036
6,0.7790660732917131,0.14031512641280164
7,0.2140226211058339,0.19512014178695938
8,0.16986931671628747,0.47201752024269433
9,-0.003156588609253157,0.32117507756736874
10,-0.41173950607690557,0.12290019871800655
11,0.2190416628231399,-0.3384324543730716
14,-0.054872483991820646,-0.49928612062458955
19,-0.21731602839067035,-0.8007442218240969
27,-0.6769426699929406,0.09102545115660515
28,-0.8734757778931694,0.014757280271589034
33,0.5350375824713952,0.4758066868132599
34,0.19229198750991633,0.6779620543313468
30,-0.23879074188962082,0.46999504852711266
47,0.8886258674438207,0.3009788178150327
48,0.04840118701886067,0.05735705054509065
1,0.465755330965295,0.79556163448309
35,-0.2441681445969237,0.7143806888660739
36,-0.5550626817990435,0.37652903137785637
37,-0.13135250913823301,0.9346712086925798
39,-0.39681855766546403,0.8982399889626526
15,-0.29449761389302126,-0.5914626455726876
17,-0.5852876871393606,-0.5348999583920192
21,-0.3914906405076673,-0.982702910297138
44,0.4599881324448346,0.2950089423837205
13,0.26163624534259844,-0.728891042884821
20,-0.26801568891368843,-0.014664630277321039
22,-0.9111168358589342,-0.5532946577318966
29,-0.011830967940663673,-0.2872360550153281
32,-0.45507104263033127,0.6616132076260166
31,0.12600063734958422,0.9999999999999999
40,0.6189285932968844,-0.37221331537976243
42,0.7287984671115134,-0.1879381046008935
45,0.31260301972357196,-0.01350642543970985
46,0.6028994129144063,-0.5725632773623558
49,0.32003045573174765,-0.5064117529883393
16,-0.2547263350967786,-0.33274915714463366
26,-0.15284821827032974,-0.12724709702392312
38,-0.3935860266011594,0.3732758431030069
43,0.4909233370011634,-0.15074120027943508
12,-0.45364946078658974,-0.1831497901181633
18,0.07263926060125458,-0.6245565585507364
23,-0.6548207843145262,-0.2402062482766678
24,-0.47654082460751174,-0.7305588944632918
41,0.9343796803214016,-0.6649649662678544
25,-0.8432549415701556,-0.23403171048249727
