0,-0.5463597105650627,0.4555492612664062
1,-0.8650915410021203,0.017174032594449194
2,-0.79693275352144,-0.3343946227182541
3,-0.6395334721801637,-0.217861469738245
4,-0.06914184479895558,0.3602088025220906
5,-0.42335587003771985,0.0226172407961817
6,-0.5943291750321456,-0.4196315729253595
7,-0.15778123451181944,-0.525926873183715
8,-0.11404933122531924,0.07356833497213228
9,-0.631100247416547,0.2650840166066806
21,-0.26951166275576477,0.6010305264086349
22,0.29044715663756154,0.6173787760399588
23,-0.10269448985677546,0.19216260224423842
40,0.5392753449663469,0.07236628683193289
41,0.2733039409126596,0.39363192869966585
44,0.23344669383220862,-0.09495883863333072
49,0.15710850325821515,0.24057940309277662
15,-0.24511889359352315,-0.6679954402039127
19,0.09194721087016618,-0.5892814806638281
26,-0.1791897572009923,1.0
36,-0.2866343353347296,-0.38610654187276605
14,-0.3427524569115856,-0.8456288573822267
34,-0.14692823805083302,-0.10710792393211925
37,-0.03671384950724992,-0.2502957539666099
38,-0.35231656194473354,-0.17429748452960409
11,-0.43240747147056835,-0.5912957732953564
12,0.20274436969999324,-0.4765607861309023
17,0.37859531195586665,-0.5828843395050942
31,0.3133972876249215,-0.3828525310955985
45,0.5217910877474394,0.4556231454273972
24,-0.0077688636602404985,0.5435968186326126
28,0.5395483948453496,0.6419568230627595
29,0.1823888314018442,0.8763732504633466
46,-0.38411476619140944,0.6603566690454999
48,0.044038396522053685,0.7090477765363026
16,-0.027896088322909112,-0.387290291290656
32,-0.3414286494653869,0.23724530148363984
33,0.4877753378663932,-0.35576388750158694
13,0.5330955867245569,-0.7578680971834172
18,-0.039039397645220596,-0.9461952510294428
10,0.28745786822002994,-0.8661508986318934
27,0.6387002035963671,0.3474903510440104
42,0.17196358399992795,0.046914311430508886
43,0.7661186670914293,0.07498772764686426
47,0.8044666584875488,0.6321607513881369
30,0.37093670980562826,-0.1035875862987522
39,0.6522965237454043,-0.17708573587828993
20,0.3137579281628313,0.1803882335922809
35,-0.5645903988327713,0.07067339665724619
25,-0.19782053693873827,0.45285626910520665
