0,-0.3568227684276324,-0.1476235143644103
1,-0.3583046092268663,-0.08248012291494673
2,-0.4006621990798991,-0.09643366389683365
3,-0.44640216152210715,-0.12043493651098758
4,-0.3951905530920008,-0.1309963152177278
5,-0.39459074480873974,-0.0649036749040082
6,-0.39082730621931344,-0.16568548047997259
7,-0.3541352268106921,-0.11498333949470665
8,-0.43458008053841507,-0.08505814090345724
9,-0.4286743495778764,-0.15179062444835484
10,0.9222894154435471,0.3567937275363969
11,0.9598583190702801,0.33199598213912096
12,0.9154611267365226,0.3256406033988556
13,0.9989167235694852,0.32699777767678684
14,0.973345573843686,0.27299051289633236
15,0.9945221876657339,0.3599591045844075
16,0.9193529023712754,0.2914375260757128
17,0.9567529430691901,0.3706714297899185
18,1.0,0.2961678698635001
19,0.9493190818689521,0.29033942354645603
20,-0.49982367991650223,0.7371742413570049
21,-0.5502292408519229,0.6604284344392225
22,-0.4747116563156592,0.7147082985594514
23,-0.49422261578478693,0.6613801673379528
24,-0.5346339589770857,0.7430372938819978
25,-0.5149790387871324,0.6953101483556676
26,-0.5662889871611608,0.6883539297013986
27,-0.5528896985507487,0.7162555014519817
28,-0.46911938635601136,0.6802479752087716
29,-0.5217668304097212,0.646548709789666
32,0.3123915047843763,-0.04806927399113219
33,0.26341248921242555,0.0027647709143902998
34,0.31836454418831317,0.05220015777971365
35,0.3020006372097862,-0.013153745908707467
36,0.35002148368292757,0.02984041311151236
37,0.2738881425317574,-0.03395704565694974
38,0.3047089662943349,0.02276410147706264
39,0.2743348416369044,0.03921559552123445
30,0.3494807362388796,-0.0015670489654536527
31,0.3461336549363321,-0.03291374687336661
40,-0.4014994989120699,-0.8803552961682879
41,-0.36113253235105847,-0.8807106322853118
42,-0.3234391403902691,-0.9400805170107468
43,-0.3554451687536748,-0.9474036362781177
44,-0.3915738402866904,-0.9088335107585834
45,-0.38800117585128713,-0.9415122379283654
46,-0.33384575734382865,-0.900465837487291
47,-0.3218359683875199,-0.8662371915360202
48,-0.30240726705159465,-0.9046606983231138
49,-0.36651983261244553,-0.8529134640876606
