1,0.04101526737213135,-0.16269537806510925
347,0.032355647534132004,-0.1546754688024521
1409,0.029416199773550034,-0.10738246142864227
2,0.10547518730163574,0.058475445955991745
697,0.06386996805667877,0.03321407735347748
3,0.061001259833574295,-0.15270239114761353
354,0.05034414678812027,-0.14520715177059174
4,-0.14742307364940643,0.09864875674247742
667,-0.08617019653320312,0.07212080806493759
5,0.07872507721185684,-0.10953506827354431
1377,0.05865512043237686,-0.05005872994661331
6,0.10338828712701797,0.061606042087078094
700,0.061971861869096756,0.03451324254274368
7,-0.014269710518419743,-0.1571015864610672
23,-0.0294248815625906,-0.16000652313232422
1018,-0.005451275035738945,-0.1038825511932373
8,0.05692826211452484,0.02205527573823929
1045,0.03636559844017029,0.010054606013000011
9,0.15981680154800415,-0.0674564391374588
134,0.16398543119430542,-0.08446335792541504
389,0.15547288954257965,-0.05775882303714752
10,-0.06863414496183395,-0.13511887192726135
181,-0.06841008365154266,-0.12421103566884995
1410,-0.01951470784842968,-0.09873326867818832
11,0.03324868530035019,-0.12357934564352036
1222,0.03297070413827896,-0.05206144228577614
12,0.08687775582075119,-0.10658767819404602
336,0.09321078658103943,-0.11519555747509003
716,0.060410741716623306,-0.06787814944982529
13,-0.03277619183063507,-0.1419828236103058
21,-0.03329616039991379,-0.12640298902988434
1005,-0.005488532595336437,-0.09196019917726517
14,-0.13056029379367828,0.1108313500881195
1467,-0.07145357131958008,0.08245489746332169
15,0.1633211225271225,-0.02986108884215355
161,0.14430829882621765,-0.047513656318187714
1777,0.10859186947345734,-0.024175332859158516
16,0.09793252497911453,-0.11021920293569565
244,0.08071468770503998,-0.11312627047300339
852,0.07830168306827545,-0.05460553988814354
17,0.09441760182380676,-0.11647579818964005
237,0.0877234935760498,-0.12103161215782166
18,0.14871233701705933,-0.08521939814090729
283,0.1267305463552475,-0.092729352414608
1703,0.1051073968410492,-0.04540116339921951
19,0.16002920269966125,-0.04334070160984993
286,0.14235937595367432,-0.05596831068396568
20,-0.16331492364406586,0.0496254563331604
831,-0.10172916203737259,0.02362411469221115
205,-0.006721899379044771,-0.12243061512708664
739,0.0022174017503857613,-0.08253949135541916
22,-0.16232259571552277,0.07229149341583252
865,-0.10024131834506989,0.04860668256878853
468,-0.04345390573143959,-0.15000726282596588
24,-0.10427829623222351,0.09477256238460541
294,-0.09860029816627502,0.11007057130336761
357,-0.09910084307193756,0.11062924563884735
925,-0.07375235855579376,0.0692855566740036
1787,-0.10303780436515808,0.047972481697797775
25,0.1439061164855957,-0.06320405751466751
234,0.13445425033569336,-0.055503107607364655
859,0.10088910162448883,-0.03038320131599903
26,0.10946367681026459,-0.1225648820400238
135,0.08492033928632736,-0.13622410595417023
1327,0.09484480321407318,-0.07105725258588791
27,0.14359813928604126,-0.02896762825548649
1604,0.092241071164608,0.0006358459941111505
28,0.1587669551372528,0.024077637121081352
1653,0.10368630290031433,0.03293696790933609
29,-0.13479572534561157,0.10752331465482712
1127,-0.07268291711807251,0.08336653560400009
30,0.1343638002872467,-0.06616126000881195
170,0.11068522930145264,-0.07385242730379105
1398,0.09454582631587982,-0.0562831275165081
31,0.15787681937217712,-0.03855442255735397
55,0.14309050142765045,-0.04375552386045456
823,0.10835619270801544,-0.02255978062748909
32,0.1481904536485672,-0.056757036596536636
61,0.13722413778305054,-0.04730655625462532
33,0.08666026592254639,0.12704958021640778
584,0.05829760432243347,0.08195573836565018
34,0.06332888454198837,-0.13032667338848114
75,0.05517503619194031,-0.143508180975914
313,0.05718531459569931,-0.1356261819601059
35,0.03509170189499855,-0.1309994012117386
1541,0.0347631610929966,-0.06359878927469254
36,0.15567205846309662,-0.05356942117214203
303,0.14016132056713104,-0.05797016620635986
995,0.10531529784202576,-0.0281366016715765
37,0.13759610056877136,-0.013179615139961243
184,0.16214881837368011,0.014062892645597458
1725,0.10248862951993942,-0.004883070010691881
38,-0.0031455266289412975,-0.13360634446144104
843,-1.807753687899094e-05,-0.07345160096883774
39,-0.12832395732402802,0.037826865911483765
368,-0.1348317563533783,0.013030772097408772
374,-0.1347765177488327,0.013052474707365036
689,-0.08646548539400101,0.03204264119267464
40,-0.17068155109882355,0.036982934921979904
1624,-0.10866039991378784,0.009185687638819218
41,0.14319708943367004,0.025440877303481102
1263,0.09083334356546402,0.03997493535280228
42,-0.1548243910074234,0.08350984752178192
1455,-0.09412842988967896,0.05942005291581154
43,-0.16773097217082977,0.03656458109617233
1468,-0.10724812746047974,0.013176213018596172
44,-0.04426538944244385,-0.1428723782300949
98,-0.06138012558221817,-0.13964499533176422
45,0.003181165549904108,-0.13769769668579102
1665,0.011432628147304058,-0.08389522135257721
46,0.04669708013534546,-0.157799631357193
60,0.029275592416524887,-0.15714064240455627
1158,0.04346721991896629,-0.09500595182180405
47,0.032392293214797974,-0.1279224455356598
155,0.012864519841969013,-0.14803241193294525
1148,0.02489353157579899,-0.09097463637590408
48,0.13939616084098816,0.011844036169350147
212,0.158896341919899,0.05010194703936577
217,0.16055646538734436,0.04458441585302353
49,0.02275693230330944,-0.1283983588218689
1131,0.020361382514238358,-0.08061675727367401
50,-0.13368399441242218,0.0499003604054451
433,-0.1441773921251297,0.03244388848543167
445,-0.14381344616413116,0.030796309933066368
545,-0.09199561178684235,0.04026762396097183
51,-0.1734217256307602,0.02328461781144142
1137,-0.11176615953445435,0.00041293271351605654
52,-0.05436582863330841,-0.13623292744159698
442,-0.060193728655576706,-0.12924405932426453
1449,-0.008714698255062103,-0.08779063075780869
53,0.09159133583307266,0.12005938589572906
663,0.058949075639247894,0.08106286823749542
54,0.031071262434124947,-0.13468223810195923
328,0.018528606742620468,-0.14784421026706696
421,0.010952699929475784,-0.1507740318775177
399,0.12924493849277496,-0.062956303358078
56,0.08923766762018204,-0.05007143318653107
1092,0.057919442653656006,-0.03246292844414711
57,0.09628286212682724,-0.058723241090774536
1656,0.05992460623383522,-0.04035685211420059
58,0.1258496642112732,-0.04443882033228874
1425,0.0770924985408783,-0.016540301963686943
59,-0.036546021699905396,-0.13843555748462677
441,-0.040614478290081024,-0.1259288638830185
260,0.05397377535700798,-0.1612692028284073
1097,0.0972476452589035,-0.025091081857681274
62,-0.008113271556794643,-0.1258924901485443
199,-0.03810981661081314,-0.14197055995464325
280,-0.0477784126996994,-0.1387602537870407
63,-0.14961068332195282,0.0977611169219017
1178,-0.09054002165794373,0.06680310517549515
64,0.1409062296152115,0.0038386317901313305
1520,0.09107481688261032,0.026179581880569458
65,-0.13188987970352173,-0.003606498008593917
140,-0.12538664042949677,0.022368868812918663
141,-0.1251889318227768,0.022967902943491936
982,-0.08587280660867691,-0.014870316721498966
1553,-0.08749351650476456,-0.015543162822723389
66,-0.13243882358074188,-0.0037239021621644497
67,0.0531165674328804,0.024992939084768295
1048,0.035640548914670944,0.014400535263121128
68,0.12064161896705627,-0.07142499089241028
1020,0.07800092548131943,-0.04754728823900223
69,0.1521928310394287,0.036504752933979034
1802,0.0973987877368927,0.04531694948673248
70,-0.1404428333044052,-0.00025895104045048356
147,-0.1344175785779953,0.02335488796234131
148,-0.1338721662759781,0.026493340730667114
1180,-0.09641965478658676,-0.01482559833675623
1181,-0.09706559032201767,-0.01440858282148838
71,-0.17373844981193542,0.05047081783413887
971,-0.11167114973068237,0.019246511161327362
72,0.10796142369508743,0.08208168298006058
693,0.06640738993883133,0.055902548134326935
73,-0.13841918110847473,0.1008203849196434
1228,-0.07691708952188492,0.07351457327604294
74,0.07096631079912186,-0.13840192556381226
1376,0.056009676307439804,-0.08613578230142593
76,0.0922226533293724,-0.12781693041324615
77,0.08120162039995193,-0.12593398988246918
78,0.041817694902420044,-0.13203363120555878
1646,0.040342140942811966,-0.06683488190174103
79,0.07991889864206314,-0.1317179799079895
312,0.06948162615299225,-0.12004169821739197
80,-0.12616929411888123,0.08174155652523041
153,-0.12601953744888306,0.0683213323354721
159,-0.12637412548065186,0.06874900311231613
1677,-0.08306155353784561,0.06265857070684433
1678,-0.08193527162075043,0.05999285727739334
81,-0.005677156150341034,-0.12880119681358337
1762,-0.0037850209046155214,-0.07076343148946762
82,-0.16812264919281006,0.031170953065156937
559,-0.10186160355806351,0.007546087261289358
83,-0.12545697391033173,-0.003986114636063576
165,-0.12430176883935928,0.018287429586052895
424,-0.1253838986158371,0.017972426488995552
1369,-0.07893367111682892,-0.008202766999602318
1370,-0.07837169617414474,-0.0077927908860147
84,-0.1240323856472969,0.07544653862714767
341,-0.11799042671918869,0.09101961553096771
403,-0.11785728484392166,0.0910167247056961
1687,-0.08899092674255371,0.05481599643826485
85,-0.1241239681839943,0.07503700256347656
86,0.11583194136619568,-0.07612884789705276
1403,0.07548027485609055,-0.05190277844667435
87,0.1030207946896553,-0.0991356298327446
171,0.09718924760818481,-0.09721183031797409
88,0.10670404136180878,0.03907385095953941
909,0.06328550726175308,0.02077450416982174
89,0.10607785731554031,0.052652742713689804
913,0.06363245844841003,0.028662221506237984
90,0.16875271499156952,0.038888126611709595
91,0.17162691056728363,0.05264713615179062
1323,0.11327996850013733,0.023387053981423378
179,0.16028627753257751,0.06400581449270248
92,0.16034306585788727,0.06182902306318283
93,0.1463528573513031,0.06405660510063171
317,0.1310049146413803,0.019124368205666542
94,0.12812066078186035,-0.0345122367143631
1737,0.08207706362009048,-6.599884363822639e-05
95,-0.021626833826303482,-0.11676445603370667
440,-0.05943538621068001,-0.13031144440174103
96,0.12701833248138428,0.050950147211551666
1322,0.08319993317127228,0.010373972356319427
97,-0.12647028267383575,0.11953038722276688
1298,-0.06712331622838974,0.09098160266876221
180,-0.0734102725982666,-0.12837500870227814
99,-0.13183319568634033,-0.007242980413138866
191,-0.12594731152057648,0.01598014310002327
192,-0.12863391637802124,0.01604980230331421
1182,-0.0880340114235878,-0.013073660433292389
1183,-0.08727508038282394,-0.011819706298410892
100,0.14870665967464447,-0.018876420333981514
1720,0.10014016926288605,0.0033104063477367163
101,-0.10908999294042587,0.09495272487401962
366,-0.08887539803981781,0.11050213128328323
386,-0.08872044831514359,0.11007406562566757
1387,-0.07731948047876358,0.0697784498333931
102,0.044816549867391586,0.0252167209982872
1446,0.031330354511737823,0.013640575110912323
103,0.07970748841762543,0.1281157284975052
665,0.053167924284935,0.08229871094226837
104,0.0038291062228381634,-0.13183118402957916
186,-0.0301909651607275,-0.1477535516023636
187,-0.023626144975423813,-0.148086816072464
105,0.13435620069503784,-0.017896058037877083
1079,0.08479059487581253,-0.021641286090016365
106,-0.1260884404182434,0.08203044533729553
107,-0.16528376936912537,0.06356678903102875
1414,-0.10440947115421295,0.039949994534254074
108,0.05767165869474411,-0.14299629628658295
390,0.05275963619351387,-0.1301121860742569
1657,0.061966463923454285,-0.08624657988548279
109,0.1001698225736618,0.10769205540418625
1008,0.06372614204883575,0.07150488346815109
110,0.08738996088504791,0.11704007536172867
1015,0.0566202774643898,0.07708721607923508
111,-0.1689048558473587,0.016602452844381332
1436,-0.10823679715394974,0.0011240685125812888
112,-0.13704541325569153,0.0019284661393612623
219,-0.12890705466270447,0.026234271004796028
220,-0.12891852855682373,0.026207664981484413
920,-0.09534759074449539,-0.011443444527685642
921,-0.0937667042016983,-0.01092357188463211
113,-0.11537162959575653,0.08486679941415787
401,-0.1019662618637085,0.10273988544940948
415,-0.10152450203895569,0.10216278582811356
1124,-0.08282928913831711,0.06278503686189651
114,-0.11399497836828232,0.08589455485343933
115,-0.006561559159308672,-0.15579457581043243
1099,0.005478279665112495,-0.10136139392852783
116,0.038286298513412476,0.029937034472823143
1451,0.03160537779331207,0.017819829285144806
117,-0.13657869398593903,0.00195622188039124
118,-0.16204451024532318,0.08301122486591339
1313,-0.09925011545419693,0.057678770273923874
119,-0.14231665432453156,0.10529035329818726
1325,-0.08409503102302551,0.0773014947772026
120,-0.15208229422569275,0.08436386287212372
1570,-0.09372097253799438,0.05288499593734741
121,-0.14298115670681,-0.00569335650652647
242,-0.14025583863258362,0.006629869341850281
243,-0.14043132960796356,0.0064525664784014225
1187,-0.10175648331642151,-0.013491051271557808
1188,-0.10197566449642181,-0.013397273607552052
122,0.11019069701433182,0.05739987641572952
1626,0.06547592580318451,0.04285560920834541
123,-0.09070058912038803,0.11276532709598541
245,-0.10275661200284958,0.09435589611530304
247,-0.10309536010026932,0.09416449069976807
1566,-0.052721865475177765,0.08889387547969818
1567,-0.05254429206252098,0.09152526408433914
124,-0.0913340151309967,0.1154121607542038
125,0.07493750005960464,-0.13418591022491455
727,0.0665648952126503,-0.07750440388917923
126,-0.1638459712266922,0.07233736664056778
1620,-0.09874746203422546,0.04533245787024498
127,-0.13071298599243164,0.005412562284618616
257,-0.12860988080501556,0.031554464250802994
258,-0.12891365587711334,0.03171543776988983
1723,-0.08425947278738022,-0.009710323996841908
1724,-0.08520931750535965,-0.010399569757282734
128,-0.11948961019515991,0.11719440668821335
572,-0.06314431875944138,0.07983364164829254
129,-0.13070052862167358,0.005409653298556805
130,-0.15844221413135529,0.07160060852766037
1650,-0.0962517112493515,0.0452033206820488
131,0.06752251833677292,-0.14039266109466553
464,0.062135063111782074,-0.14084386825561523
465,0.05952129513025284,-0.1563490331172943
132,0.15134231746196747,0.007948555983603
1726,0.09642724692821503,0.02105109766125679
133,0.1067017912864685,0.0771820992231369
1633,0.06587491929531097,0.05266654118895531
136,0.06237918511033058,-0.11734471470117569
298,0.056316278874874115,-0.1298365443944931
1356,0.05036082863807678,-0.04886114224791527
137,-0.12806467711925507,0.05222092568874359
269,-0.12388826161623001,0.05800880864262581
270,-0.1238318458199501,0.05805167555809021
818,-0.08240445703268051,0.03658522665500641
819,-0.08112649619579315,0.03583139181137085
138,-0.1294025182723999,0.05434119328856468
139,0.09939348697662354,0.0735173225402832
887,0.05971145257353783,0.04253854602575302
1649,-0.08411667495965958,0.02352662943303585
142,0.020320618525147438,-0.11718731373548508
1450,0.024127423763275146,-0.050570178776979446
143,0.09300640225410461,-0.10219606012105942
1773,0.07606429606676102,-0.059643588960170746
144,-0.13344594836235046,0.11607400327920914
1731,-0.07235585153102875,0.08872563391923904
145,-0.1483486145734787,-0.006334458012133837
301,-0.1301249861717224,-0.016673190519213676
309,-0.12999773025512695,-0.01687287539243698
558,-0.10519172251224518,-0.0065402439795434475
146,-0.11449716985225677,0.011276370845735073
456,-0.11821392923593521,0.04495746269822121
1115,-0.06931500136852264,-0.005533063784241676
1655,-0.06940869987010956,-0.005963921546936035
435,-0.14146116375923157,0.001734810066409409
796,-0.09352953732013702,0.024018747732043266
149,-0.16542567312717438,0.02143927849829197
1472,-0.10373151302337646,0.0006196102476678789
150,0.16711574792861938,0.0601433664560318
1639,0.11154581606388092,0.03562405705451965
151,0.10237500071525574,0.10905219614505768
578,0.06503631174564362,0.07244034111499786
152,0.1486806720495224,0.05703321099281311
1318,-0.08869491517543793,0.05041765049099922
154,0.13774803280830383,-0.069600909948349
837,0.09167033433914185,-0.031709231436252594
1660,0.02912205643951893,-0.08954644948244095
156,0.10088961571455002,0.07089179754257202
949,0.062013786286115646,0.04206254705786705
157,0.08311478793621063,0.09166514873504639
950,0.05052778497338295,0.049927834421396255
158,0.01242242380976677,-0.12027358263731003
290,-0.017434675246477127,-0.13831555843353271
908,0.01025394070893526,-0.08083772659301758
160,0.015738483518362045,-0.1345680058002472
168,-0.004974713083356619,-0.14163032174110413
169,-0.008560927584767342,-0.15322241187095642
267,0.13696353137493134,-0.08226457238197327
849,0.10130156576633453,-0.022400520741939545
162,-0.09451697021722794,0.10245969891548157
308,-0.11064518988132477,0.08232207596302032
311,-0.11058282852172852,0.08199620991945267
1525,-0.056215543299913406,0.07818019390106201
1526,-0.05625436082482338,0.07822064310312271
163,-0.09451273828744888,0.10245434939861298
164,0.16617603600025177,-0.03473905473947525
1611,0.10957284271717072,-0.015802675858139992
423,-0.12565746903419495,-0.0035735336132347584
706,-0.08639594912528992,0.018701769411563873
166,0.1521606743335724,-0.09853614121675491
167,0.0015395702794194221,-0.15453729033470154
1578,0.017919449135661125,-0.09695015102624893
1540,0.020016925409436226,-0.09276339411735535
175,0.13801001012325287,-0.05328848585486412
172,0.023551546037197113,-0.16075409948825836
348,0.042234476655721664,-0.13965074717998505
173,-0.03567234054207802,-0.15411469340324402
1527,-0.01674717850983143,-0.09551818668842316
174,0.011138120666146278,-0.16061097383499146
1504,0.011164234019815922,-0.10161342471837997
183,0.15082614123821259,-0.06269300729036331
324,0.15271002054214478,-0.05663584545254707
176,0.1419244259595871,-0.0011306613450869918
1780,0.09424417465925217,0.021010814234614372
177,-0.15598122775554657,0.08274556696414948
178,-0.15494340658187866,0.008329908363521099
1630,-0.09387815743684769,-0.00040718450327403843
318,0.16802281141281128,0.053588200360536575
193,-0.06283341348171234,-0.13869459927082062
182,-0.011239981278777122,-0.14155450463294983
195,-0.0034526570234447718,-0.1513485461473465
1221,0.017327478155493736,-0.09077414125204086
1393,0.10281233489513397,-0.0009028210770338774
185,-0.021289249882102013,-0.15382978320121765
1502,0.007072551641613245,-0.09511031955480576
188,-0.16754816472530365,0.03716258332133293
189,-0.08118593692779541,0.1128864660859108
349,-0.09270893782377243,0.09814655035734177
350,-0.09224669635295868,0.09760495275259018
1799,-0.04970768839120865,0.0865483507514
1800,-0.04958948865532875,0.08701968193054199
190,-0.08111027628183365,0.11275796592235565
450,-0.13191469013690948,-0.007882439531385899
613,-0.08850857615470886,0.017884444445371628
194,0.07809540629386902,-0.1224188506603241
1021,0.059981174767017365,-0.07985060662031174
196,0.16882610321044922,0.029690707102417946
417,0.15721739828586578,0.029189016669988632
1335,0.11070683598518372,0.015042153187096119
197,0.16626636683940887,0.03239820897579193
418,0.14367958903312683,-0.0006213933229446411
198,-0.15067945420742035,0.09393923729658127
200,0.10660956054925919,-0.11932840198278427
1194,0.0761544331908226,-0.0700078010559082
201,0.1128651350736618,-0.0721433237195015
696,0.09295947849750519,-0.03983457386493683
1674,0.08125697076320648,-0.04277727007865906
202,0.15108193457126617,-0.03510674089193344
335,0.12338215857744217,-0.05096558481454849
203,-0.17380115389823914,0.024766765534877777
1087,-0.11131403595209122,0.005256117321550846
204,-0.042514801025390625,-0.1378098428249359
206,0.15676593780517578,-0.016561370342969894
375,0.13473200798034668,-0.03900020197033882
1262,0.0991075336933136,0.003987240605056286
207,-0.1423514038324356,0.09833645075559616
1104,-0.08009259402751923,0.0724099799990654
208,0.08451667428016663,-0.09063851833343506
599,0.054240237921476364,-0.08393272757530212
209,0.09199211746454239,-0.12060202658176422
1319,0.06506738066673279,-0.0686158761382103
210,0.1577053815126419,0.03508362919092178
224,0.1707957237958908,0.029773762449622154
860,0.10778158158063889,0.004635967314243317
211,0.17102107405662537,0.04466385766863823
1652,0.11612781882286072,0.015941688790917397
213,0.14695224165916443,0.02493416704237461
754,0.10462560504674911,0.0058147963136434555
1586,0.09444202482700348,-0.00044122798135504127
214,0.15212175250053406,0.02972611039876938
215,0.12954600155353546,-0.004480320028960705
216,-0.09119406342506409,0.10755092650651932
370,-0.10673771798610687,0.08763393759727478
372,-0.10691097378730774,0.08838735520839691
713,-0.0496092326939106,0.08587095141410828
714,-0.05025475472211838,0.08482740819454193
218,-0.09126455336809158,0.1075487956404686
936,-0.08729061484336853,0.024810826405882835
221,0.16346023976802826,-0.04634343832731247
222,0.15442228317260742,-0.0320235900580883
826,0.10689795762300491,-0.036284513771533966
293,0.13873063027858734,-0.04398961737751961
380,0.16152015328407288,-0.05123613774776459
223,0.07734504342079163,-0.13756556808948517
397,0.06024704501032829,-0.13613426685333252
225,-0.16846846044063568,0.038595154881477356
226,-0.1334519237279892,-0.001086271135136485
381,-0.1333434134721756,0.025599271059036255
382,-0.13336384296417236,0.02554190531373024
1237,-0.0900472104549408,-0.01561673916876316
1360,-0.09002736210823059,-0.017201274633407593
227,-0.13345593214035034,-0.0010711380746215582
228,0.16416728496551514,-0.017503349110484123
1080,0.10572513192892075,-0.007074968423694372
229,-0.1299160271883011,0.11197735369205475
230,0.13295415043830872,-0.04587901756167412
855,0.08765608817338943,-0.05624149367213249
1697,0.08463020622730255,-0.029770981520414352
231,0.11475852876901627,-0.10043295472860336
281,0.10653863102197647,-0.08070151507854462
232,-0.07299771904945374,-0.13574184477329254
902,-0.03967497497797012,-0.08997009694576263
233,0.14442048966884613,-0.03944207727909088
1340,0.0959600955247879,-0.032434117048978806
334,0.13388705253601074,-0.06817933917045593
1212,0.09500882774591446,-0.03404136374592781
235,-0.16650043427944183,0.006945082452148199
1195,-0.10504623502492905,-0.012305933982133865
236,0.06919799745082855,-0.11911453306674957
884,0.058533236384391785,-0.0647578090429306
987,0.03727705404162407,-0.09161600470542908
238,0.03082500398159027,-0.14311133325099945
239,0.053731273859739304,-0.11125529557466507
240,-0.10445034503936768,0.10353546589612961
404,-0.1118047907948494,0.08800584077835083
405,-0.11261313408613205,0.0891680046916008
1770,-0.0677172839641571,0.07307419180870056
1794,-0.0664542093873024,0.070924311876297
241,-0.10456167161464691,0.10246521234512329
458,-0.14258787035942078,-0.006350036710500717
508,-0.0978817269206047,0.004702224396169186
629,0.06378700584173203,-0.06364848464727402
776,-0.06994251906871796,0.06700560450553894
246,0.1649315357208252,0.045037444680929184
1234,0.10892394930124283,0.0324663408100605
248,-0.14655104279518127,0.10442305356264114
961,-0.08888159692287445,0.07880189269781113
249,-0.05709479749202728,-0.13930921256542206
1307,-0.022818004712462425,-0.092657171189785
250,0.1262158900499344,-0.053857043385505676
1106,0.09059741348028183,-0.046681586652994156
1149,0.07601696997880936,-0.043715812265872955
251,0.1256747990846634,-0.07824567705392838
400,0.1051688939332962,-0.08105303347110748
252,-0.15390582382678986,0.09430158138275146
253,-0.1679738163948059,0.024734927341341972
969,-0.10764468461275101,0.006199199240654707
254,0.14758123457431793,-0.050903938710689545
255,0.12588898837566376,-0.0707482174038887
1141,0.09713537991046906,-0.014839205890893936
595,0.08504199236631393,-0.04178132861852646
256,-0.13229604065418243,0.045628760010004044
338,-0.13837584853172302,0.025535430759191513
343,-0.1390470713376999,0.025563349947333336
511,-0.09300413727760315,0.03864400088787079
516,-0.0888935923576355,0.028067294508218765
259,0.0688449889421463,-0.14882749319076538
261,0.09250138700008392,-0.10195092856884003
1261,0.06343988329172134,-0.07690460234880447
1282,0.0703924298286438,-0.05892966315150261
262,0.08619271218776703,-0.11754636466503143
263,0.09538039565086365,-0.09749297797679901
264,-0.05139107257127762,-0.1322138011455536
265,-0.01718769036233425,-0.11953394114971161
266,0.15287292003631592,-0.06969910115003586
268,0.14041553437709808,-0.05034054443240166
457,0.12330585718154907,-0.06429120898246765
895,0.09299887716770172,-0.01040003914386034
683,-0.08446107059717178,0.041577327996492386
271,-0.13624118268489838,0.03923191502690315
419,-0.14030981063842773,0.014446896500885487
425,-0.14006756246089935,0.014410764910280704
1412,-0.09537472575902939,0.03303674980998039
272,-0.008336196653544903,-0.14947813749313354
1169,0.0031968734692782164,-0.08745913207530975
273,0.0017471276223659515,-0.1301591396331787
1441,0.007288473658263683,-0.09154150635004044
1456,0.019229596480727196,-0.07790641486644745
274,0.050102461129426956,-0.15531380474567413
518,0.03879401832818985,-0.09223541617393494
275,0.07619870454072952,-0.1272350400686264
391,0.07243339717388153,-0.12006187438964844
276,-0.014935001730918884,-0.13806428015232086
277,0.01944613829255104,-0.11673977971076965
278,-0.12586471438407898,0.12009722739458084
279,-0.040883176028728485,-0.15166033804416656
282,-0.12508921325206757,0.05655204877257347
455,-0.11034908890724182,0.02254633605480194
1745,-0.08310045301914215,0.04200555756688118
1746,-0.07134845107793808,0.04161108657717705
332,0.10989312082529068,-0.10961997509002686
284,-0.02327016554772854,-0.12799228727817535
1515,0.00906706415116787,-0.08669496327638626
1676,-0.005271273665130138,-0.08974873274564743
285,-0.032081399112939835,-0.13530772924423218
329,0.007173016667366028,-0.11853263527154922
978,0.10149038583040237,-0.030595451593399048
287,0.08907198160886765,0.11014381796121597
1279,0.05831630527973175,0.06089124456048012
288,0.10062522441148758,0.0863107219338417
1264,0.06107736751437187,0.050474077463150024
289,0.04630735144019127,-0.142847940325737
1752,0.04461599513888359,-0.08225375413894653
1294,0.0049994769506156445,-0.08596388250589371
291,-0.15149199962615967,0.1023104339838028
292,0.1569506824016571,-0.026404887437820435
295,-0.10559017956256866,0.09376631677150726
734,-0.06119054928421974,0.08495794981718063
873,-0.061264149844646454,0.08441613614559174
296,-0.16973720490932465,0.02838766947388649
297,0.07884713262319565,-0.12143193185329437
299,-0.1651478409767151,0.06406770646572113
300,-0.15512335300445557,0.08425561338663101
310,-0.14898505806922913,-0.005518235731869936
737,-0.08292537182569504,-0.023413987830281258
738,-0.08243130147457123,-0.02298479713499546
302,-0.16860033571720123,0.016910674050450325
320,0.14001332223415375,-0.06923191994428635
1358,0.0893125832080841,-0.04019773378968239
304,-0.14076754450798035,0.044571369886398315
306,-0.13163115084171295,0.05976276472210884
315,-0.13161498308181763,0.059715066105127335
976,-0.09500385075807571,0.018888574093580246
1086,-0.09346084296703339,0.019897233694791794
305,-0.14075404405593872,0.04456449672579765
1147,-0.0923323705792427,0.04746241495013237
307,-0.07886058837175369,-0.12515537440776825
1708,-0.03479535132646561,-0.0916813388466835
1402,-0.07906881719827652,0.056369371712207794
552,0.05565258488059044,-0.07238968461751938
314,0.012956819497048855,-0.12499422580003738
1493,0.0023721223697066307,-0.073843814432621
316,0.10077139735221863,0.09135951101779938
694,0.06432884186506271,0.06154201179742813
319,0.16048550605773926,-0.05187401548027992
321,0.0974748283624649,0.11052662134170532
1341,0.06382200866937637,0.07289353013038635
322,0.025380251929163933,-0.14849282801151276
989,0.004477363545447588,-0.09184306114912033
323,0.1408618986606598,-0.07505637407302856
325,-0.16844381392002106,0.031253233551979065
326,0.14569325745105743,0.08051829040050507
814,0.10945738852024078,0.041785482317209244
327,-0.1347467452287674,0.058962613344192505
1664,-0.07139282673597336,0.02181854285299778
330,-0.12574774026870728,0.03638375923037529
331,0.12061423808336258,-0.10469905287027359
333,0.15345987677574158,-0.04921973869204521
1004,0.06873262673616409,-0.06060246005654335
337,-0.16260062158107758,0.05165138095617294
344,-0.13464488089084625,0.04834834486246109
1093,-0.09170147031545639,0.00959725957363844
1094,-0.09218239784240723,0.009274022653698921
339,-0.017788249999284744,-0.14008015394210815
1508,-0.013533564284443855,-0.08134674280881882
340,0.1586257815361023,-0.03462568670511246
659,0.10295876115560532,-0.019040420651435852
585,-0.07091273367404938,0.07110508531332016
1584,-0.06814663857221603,0.073898084461689
342,-0.08690570294857025,0.1056738868355751
346,-0.10175234079360962,0.0885167270898819
351,-0.10176973044872284,0.08857622742652893
1668,-0.04832002520561218,0.0805039033293724
1669,-0.04785715416073799,0.08082113415002823
345,-0.08610319346189499,0.10557316988706589
977,-0.07138653844594955,0.06131630763411522
546,-0.06638523191213608,0.07198993861675262
352,0.161639004945755,-0.011382958851754665
958,0.11106543242931366,-0.012562680058181286
353,-0.15628819167613983,0.04305320978164673
711,0.03364739939570427,-0.09666631370782852
355,-0.13334518671035767,0.11612167209386826
356,-0.16168466210365295,0.06758350133895874
358,-0.15980234742164612,0.07494254410266876
359,-0.05262640863656998,-0.1474219262599945
1107,-0.025741226971149445,-0.09456638991832733
360,-0.09652768075466156,0.09459912776947021
402,-0.0862603709101677,0.11510487645864487
406,-0.08458492159843445,0.11396259814500809
609,-0.06856031715869904,0.06480516493320465
361,0.10259409248828888,-0.08357135206460953
1518,0.06959957629442215,-0.030490856617689133
362,-0.17325986921787262,0.022652948275208473
363,-0.09834073483943939,0.09771193563938141
365,-0.11047501116991043,0.08222083747386932
371,-0.11002598702907562,0.08278927952051163
759,-0.05911650136113167,0.06708793342113495
1037,-0.06030184030532837,0.06810269504785538
364,-0.09841473400592804,0.0978303998708725
780,-0.07681196928024292,0.057927653193473816
387,-0.10796191543340683,0.09513378143310547
1317,-0.04681026190519333,0.08912058919668198
1400,-0.0476793572306633,0.0886387750506401
367,0.14340046048164368,-0.07217393815517426
1509,0.08664003759622574,-0.048703160136938095
369,-0.12874215841293335,0.03779073432087898
1259,-0.0903947502374649,-0.0025687699671834707
1260,-0.09015146642923355,-0.002495779423043132
509,-0.07823464274406433,0.06129446253180504
373,0.11874909698963165,-0.09525994211435318
715,0.08204186707735062,-0.05647166818380356
968,0.09980738162994385,-0.008550498634576797
376,0.09209274500608444,-0.11126774549484253
443,0.09920565038919449,-0.11767078191041946
1059,0.07555917650461197,-0.06460431963205338
377,-0.13536424934864044,0.11015386134386063
378,-0.17320260405540466,0.01900668255984783
379,0.15490023791790009,-0.06168609485030174
990,-0.09372924268245697,0.027060488238930702
383,0.084347203373909,-0.14225435256958008
626,0.054824959486722946,-0.08566759526729584
384,0.06607087701559067,0.11960647255182266
1534,0.046145934611558914,0.06473912298679352
385,0.06173315644264221,0.12429354339838028
1537,0.04300231859087944,0.06755764782428741
388,-0.14341194927692413,0.09627828747034073
392,0.14986780285835266,-0.009887110441923141
1098,0.09828866273164749,0.01400801446288824
393,0.08671685308218002,-0.1301414966583252
396,0.07571815699338913,-0.13742831349372864
394,-0.16537714004516602,0.021564073860645294
395,0.09327717870473862,0.0875624269247055
889,0.05704951658844948,0.05118821933865547
398,0.14727742969989777,-0.04242312163114548
1078,-0.06161976605653763,0.07240664958953857
1344,-0.061901286244392395,0.07175953686237335
407,-0.096112459897995,0.09419605135917664
548,-0.04863709211349487,0.09366071969270706
596,-0.04841971397399902,0.09381233155727386
1661,-0.07717965543270111,0.06495492160320282
408,-0.14360268414020538,0.0924466922879219
409,0.07739023119211197,-0.13190858066082
980,0.054371435195207596,-0.07915230095386505
410,-0.16252119839191437,0.08156734704971313
411,0.10593459755182266,0.09708017110824585
1601,0.0680457055568695,0.06492693722248077
412,0.1005738228559494,0.10311023890972137
1602,0.06280858814716339,0.06813114881515503
413,-0.16888564825057983,0.05298522487282753
1591,-0.10666551440954208,0.025375794619321823
414,-0.17254877090454102,0.0459558442234993
416,-0.16924931108951569,0.050038620829582214
991,0.10597598552703857,0.007523281965404749
426,-0.13472305238246918,0.03953683003783226
1346,-0.09546021372079849,-0.004161986522376537
1805,-0.09415525943040848,-0.001357117434963584
420,0.02699357457458973,-0.15612976253032684
422,-0.14109674096107483,0.10620638728141785
427,-0.1664811372756958,0.006862284615635872
428,0.1499996781349182,-0.07583291828632355
1748,0.09698334336280823,-0.03608794882893562
429,0.09470827132463455,0.11608969420194626
1342,0.06116108223795891,0.0759536474943161
430,-0.08303812146186829,-0.13164666295051575
1809,-0.04468097165226936,-0.09060321003198624
431,0.14994046092033386,-0.028998855501413345
979,0.09753371775150299,-0.003688802942633629
432,0.152525395154953,-0.008908577263355255
945,0.09758277982473373,0.009199671447277069
446,-0.1321999430656433,0.049683500081300735
1139,-0.0981307178735733,0.011190523393452168
1140,-0.10132072120904922,0.00979410670697689
434,0.08560334146022797,-0.1250152289867401
1334,0.045733869075775146,-0.07453048229217529
436,-0.13734759390354156,0.033624570816755295
439,-0.15225446224212646,0.029342107474803925
449,-0.15213574469089508,0.027648331597447395
763,-0.08948846906423569,0.03468317911028862
790,-0.08597242832183838,0.034754857420921326
437,-0.12057516723871231,0.11681348085403442
438,-0.1369488537311554,0.03288004919886589
607,-0.10774282366037369,0.018817555159330368
649,0.001387723721563816,-0.08202622085809708
1531,0.07703780382871628,-0.054069243371486664
444,-0.10203029960393906,0.07860157638788223
451,-0.1163126528263092,0.06969206035137177
462,-0.11726074665784836,0.06769684702157974
1022,-0.054238442331552505,0.055386170744895935
1067,-0.05529565364122391,0.05580269545316696
447,-0.10153558850288391,0.07725820690393448
448,-0.16125237941741943,0.009665487334132195
1116,-0.08168210834264755,0.04988900572061539
452,0.15862174332141876,0.07279063016176224
1384,0.10911882668733597,0.04199830815196037
453,0.09246600419282913,0.11094816774129868
1730,0.05876055732369423,0.07445462793111801
454,0.08190029859542847,0.11600080132484436
1735,0.05360350012779236,0.07695259153842926
1519,0.09427645802497864,-0.022032422944903374
459,-0.11569356173276901,0.07073396444320679
461,-0.12050748616456985,0.07096753269433975
466,-0.1208396777510643,0.07047811150550842
1215,-0.07229973375797272,0.04330660030245781
1216,-0.07278399169445038,0.041274361312389374
460,-0.11528793722391129,0.07237011939287186
619,-0.08375975489616394,0.05378647893667221
463,0.07733406126499176,-0.148076593875885
1463,0.05205162242054939,-0.0978374257683754
675,0.05482315272092819,-0.08898826688528061
467,-0.030024852603673935,-0.1558128297328949
469,0.10598307102918625,-0.9647290706634521
477,0.10974397510290146,-1.0
470,0.8765043020248413,-0.6547505259513855
478,0.8761516809463501,-0.6642065644264221
471,-0.18760335445404053,0.07538600265979767
472,-0.12750683724880219,0.1183970496058464
1631,-0.11332942545413971,0.004811557475477457
473,-0.19756579399108887,-0.01539528090506792
1769,0.06486917287111282,-0.06351478397846222
474,0.12531620264053345,-0.12884967029094696
1767,-0.09103496372699738,0.0040546003729105
475,-0.18125300109386444,-0.0034127479884773493
1459,0.05636939778923988,-0.05270704627037048
476,0.1203802302479744,-0.11829997599124908
479,0.028831899166107178,-0.03942696750164032
1132,0.03211579471826553,-0.060205694288015366
1213,0.014064358547329903,-0.056043826043605804
1533,0.05059164762496948,0.01036707405000925
1813,0.00021816219668835402,0.00736484257504344
480,0.07554808259010315,-0.03533285856246948
1549,0.09625266492366791,-0.04489041864871979
481,0.0933491662144661,0.049185093492269516
881,0.11433152109384537,0.0487067736685276
482,-0.01441267691552639,-0.08543820679187775
1126,0.000189714424777776,-0.10618403553962708
483,-0.06240552291274071,0.03998875617980957
484,0.019593000411987305,0.05985096096992493
485,-0.07282493263483047,0.015849553048610687
486,0.02092440240085125,0.09514825791120529
487,0.09134451299905777,-0.002411315916106105
690,0.1089191883802414,-0.0028735657688230276
488,-0.08891936391592026,0.03938144072890282
489,-0.09864788502454758,0.04260494187474251
490,0.055823128670454025,-0.020625919103622437
615,0.07351389527320862,-0.025615131482481956
1060,0.05122852697968483,-0.035862769931554794
1729,0.05641981586813927,0.03199552744626999
491,0.09953168034553528,0.03518911823630333
1641,0.12267200648784637,0.04069475457072258
492,-0.0816778689622879,0.0498749278485775
493,-0.07317803055047989,0.014447060413658619
494,0.04083062335848808,0.07577810436487198
495,0.03409493714570999,0.07974465191364288
496,0.025247832760214806,-0.08634542673826218
712,0.03514733165502548,-0.11616533994674683
497,0.04931716248393059,-0.04335587099194527
1438,0.05955081060528755,-0.052310433238744736
498,-0.028444716706871986,-0.08329637348651886
1528,-0.02475976198911667,-0.11129704862833023
499,-0.010723087936639786,0.10124804824590683
580,-0.01147293671965599,0.10144010931253433
500,0.03488608077168465,-0.029207974672317505
782,0.056171633303165436,0.006735941395163536
783,0.041742850095033646,-0.017219621688127518
786,0.05883917957544327,0.0010817194124683738
787,0.041827548295259476,-0.027922814711928368
1577,0.03275799751281738,-0.04215526953339577
501,-0.0010286364704370499,-0.087922103703022
1505,0.007925903424620628,-0.11404166370630264
502,-0.0018613176653161645,0.06523862481117249
539,-0.0072006783448159695,0.07476897537708282
556,-0.008067849092185497,0.07369896024465561
821,0.014948304742574692,0.019776003435254097
503,0.0705387145280838,0.0038040252402424812
944,0.07792563736438751,-0.004535408690571785
1000,0.05818604305386543,0.042001474648714066
1404,0.06682299822568893,-0.02339984104037285
504,-0.10075956583023071,0.033083345741033554
505,-0.10643050819635391,0.04192667827010155
506,-0.06717391312122345,0.06612978875637054
507,0.023866618052124977,0.07013572752475739
510,-0.06224892660975456,0.07949597388505936
512,-0.07975249737501144,0.07639423757791519
513,0.010568824596703053,0.06481398642063141
514,-0.05924059450626373,0.08184812217950821
515,-0.07342375069856644,0.08090519905090332
517,0.0025915633887052536,0.08721957355737686
525,0.04294471815228462,0.07287915050983429
874,-0.007182823494076729,0.08247997611761093
896,0.03943537920713425,0.07831057906150818
898,0.005469387397170067,0.0927339643239975
728,0.03448314219713211,-0.11469754576683044
1065,0.03968431055545807,-0.040132470428943634
519,0.07260063290596008,-0.01537458784878254
815,0.0673598125576973,-0.020013416185975075
1742,0.07081767916679382,0.0029741711914539337
520,-0.07899770885705948,0.06856268644332886
521,-0.017480673268437386,-0.060857389122247696
847,-0.05752543359994888,-0.04134947434067726
992,-0.04092308506369591,-0.037611283361911774
1057,0.05350254103541374,-0.10002641379833221
522,-0.012528965249657631,-0.0580860935151577
661,-0.0007446045055985451,-0.10109955817461014
523,-0.08131883293390274,-0.0016134172910824418
524,-0.05556349828839302,0.08727464079856873
897,0.0023299141321331263,0.08556143939495087
1640,0.12344353646039963,0.04247899726033211
526,-0.06559409201145172,0.08929602056741714
527,-0.07324028015136719,-0.05135462060570717
775,-0.06819354742765427,-0.05861605703830719
528,-0.08650029450654984,0.01929573528468609
529,-0.05964844673871994,0.057765766978263855
530,0.043264858424663544,0.06670315563678741
531,-0.035636093467473984,-0.04442254826426506
1600,-0.042076341807842255,-0.09391855448484421
532,0.0006937621510587633,-0.06251247227191925
533,-0.07721736282110214,0.01130579225718975
534,0.03960322588682175,0.07993318885564804
535,0.0979047492146492,0.03767595812678337
536,0.015786733478307724,0.0959201380610466
537,0.023439234122633934,0.07297679781913757
538,0.03440874442458153,-0.07323924452066422
1580,0.05138426646590233,-0.09858766198158264
571,0.02988515980541706,0.03754911944270134
770,0.002767587546259165,0.07004054635763168
1103,-0.016949398443102837,0.07198266685009003
540,-0.08275779336690903,0.042536456137895584
541,0.019742781296372414,0.07757975906133652
542,-0.05162150412797928,0.07061726599931717
543,0.05568918585777283,-0.014218187890946865
544,0.06931477040052414,-0.003104174742475152
547,0.08899345248937607,0.05374994874000549
1331,0.10076883435249329,0.058549001812934875
1483,-0.000932348077185452,0.09727882593870163
549,-0.07000069320201874,0.08200996369123459
550,-0.08099012821912766,0.08086860179901123
551,-0.02888423204421997,0.017620496451854706
1077,-0.03481823951005936,0.03224197402596474
1343,-0.03520374372601509,0.031268391758203506
1439,-0.036361198872327805,-0.02473699115216732
566,0.05419131740927696,-0.06906761974096298
553,-0.07013150304555893,0.055379368364810944
554,-0.08613725751638412,0.059601861983537674
555,-0.07221852988004684,0.06934493780136108
557,-0.06979691237211227,0.03172416612505913
1373,-0.07422135770320892,0.007873453199863434
1693,-0.04072127491235733,-0.03372257202863693
560,-0.07754562050104141,0.05126688629388809
561,-0.09173958003520966,0.059995345771312714
562,-0.08090447634458542,0.003661633934825659
563,0.0340985506772995,0.07266461104154587
564,-0.03728101775050163,0.03539973497390747
939,-0.042083896696567535,0.04621071368455887
1241,-0.041066862642765045,0.04486126825213432
1606,-0.05008145049214363,-0.013884416781365871
565,0.05570577085018158,-0.06184276193380356
999,0.07760992646217346,-0.07919067144393921
567,-0.08863455057144165,0.03250127658247948
568,-0.09145664423704147,0.03974578157067299
569,-0.00840457621961832,0.005309469997882843
1589,0.004087951499968767,0.040425244718790054
570,0.04328865185379982,0.037112537771463394
1218,0.06377635151147842,0.00715107936412096
1637,0.09853710234165192,-0.02729351446032524
573,-0.04860770329833031,0.06223463639616966
767,-0.000936829368583858,0.04109881818294525
985,-0.05394376814365387,0.07111097872257233
574,0.032800979912281036,-0.05780879408121109
800,0.038430355489254,-0.055608030408620834
1407,0.018602771684527397,-0.07525040209293365
575,-0.015622077509760857,-0.027868101373314857
632,0.014867407269775867,-0.03862396627664566
802,0.02525644190609455,-0.032633427530527115
947,-0.020006483420729637,-0.01908068172633648
576,-0.045286305248737335,0.0761847272515297
577,-0.09498560428619385,-0.02727920189499855
636,0.036803871393203735,0.06720897555351257
655,0.05202370136976242,0.06270866841077805
579,-0.10917159169912338,-0.009164877235889435
581,-0.05931362882256508,-0.06831754744052887
1284,-0.051308613270521164,-0.09013836830854416
582,0.08260702341794968,-0.04157555475831032
1750,0.11220657825469971,-0.05407160148024559
583,0.06951090693473816,-0.02861509844660759
589,-0.015735352411866188,0.06674101948738098
586,0.048134695738554,-0.06000184267759323
587,-0.08789994567632675,0.054285190999507904
588,0.013916066847741604,0.09130315482616425
590,-0.007332711014896631,0.056986190378665924
682,0.028432294726371765,0.031963855028152466
803,0.000812738377135247,0.06716113537549973
1588,-0.021245893090963364,0.06393052637577057
1062,0.013540849089622498,0.015080091543495655
1583,-0.015167240984737873,0.06521277129650116
591,-0.05058502033352852,-0.0371258519589901
975,-0.04648410528898239,-0.02261890470981598
1074,-0.03705329820513725,-0.05326725170016289
1085,-0.046579793095588684,-0.02231474220752716
592,-0.05124225094914436,-0.02282049134373665
907,0.005324298050254583,-0.03786543756723404
593,-0.08170931041240692,0.06279882788658142
594,-0.028191009536385536,-0.0762529969215393
1444,-0.02529158815741539,-0.09781751781702042
1201,0.08741379529237747,-0.01962791197001934
1487,-0.0008172548259608448,0.09733276814222336
597,0.08699870109558105,-0.014506466686725616
820,0.10987749695777893,-0.03126165643334389
598,0.015395374968647957,0.07357656210660934
628,0.051503736525774,-0.05233776569366455
600,0.010140876285731792,0.10284457355737686
601,0.04194990545511246,0.0983787328004837
1594,0.04537234082818031,0.08455092459917068
602,0.09148125350475311,-0.00015623403305653483
646,0.1057402640581131,-0.018151137977838516
603,0.07486214488744736,-0.031641144305467606
604,-0.09255529940128326,0.024071302264928818
605,0.008062522858381271,-0.021116744726896286
1112,-0.00017082745034713298,-0.018689757212996483
606,-0.08852306753396988,0.01695757359266281
608,0.0517682246863842,0.06860372424125671
846,0.03539915010333061,0.08221354335546494
610,0.07251987606287003,-0.008917023427784443
676,0.0771254152059555,-0.007808064576238394
611,-0.049559690058231354,-0.07291363924741745
1367,-0.054916590452194214,-0.08072870969772339
612,-0.09859803318977356,0.005709146615117788
614,0.08414815366268158,-0.037767376750707626
1749,0.10665589570999146,-0.058869704604148865
1119,0.06779001653194427,-0.04023389890789986
616,-0.07086770236492157,0.01050531305372715
617,-0.05248973146080971,-0.07293650507926941
1810,-0.04990413784980774,-0.08780082315206528
618,0.02347487211227417,0.0782536119222641
620,0.00973002053797245,-0.06547868996858597
779,0.04122445732355118,-0.08836908638477325
621,0.048771340399980545,-0.045558735728263855
641,0.06326145678758621,-0.05029856041073799
622,-0.05725524201989174,-0.06278957426548004
1758,-0.061315156519412994,-0.0638359859585762
623,-0.08943314105272293,0.028600869700312614
624,-0.05481048300862312,0.032521381974220276
633,-0.038220055401325226,0.05538347363471985
1368,-0.05967395007610321,-0.0002560417342465371
625,0.033473286777734756,-0.05082876607775688
1272,0.02477884851396084,-0.018625283613801003
840,0.05263392627239227,-0.10583705455064774
627,0.06566172093153,0.012133300304412842
1091,0.05820366367697716,0.0011963082943111658
1557,0.07949956506490707,-0.03480798751115799
630,0.0512862429022789,0.04258769750595093
631,-0.07695212215185165,0.05611119791865349
1654,-0.01684418134391308,-0.02865775302052498
789,-0.03721843287348747,0.07370095700025558
1596,-0.03933160752058029,0.07297548651695251
634,-0.07295211404561996,0.02588653936982155
635,-0.03197241574525833,-0.0581362321972847
1329,-0.02125389315187931,-0.0949612408876419
637,0.022241564467549324,0.09251607209444046
707,0.0013434624997898936,0.061618827283382416
638,-0.027749652042984962,-0.07561828196048737
639,0.03941766545176506,-0.07262363284826279
1134,0.046517081558704376,-0.09539216756820679
640,0.041517097502946854,-0.05095027759671211
799,0.029452214017510414,-0.0736759677529335
1719,0.08984052389860153,-0.027002960443496704
642,-0.03998881205916405,-0.07812131941318512
1701,-0.039351936429739,-0.09683838486671448
643,0.048010606318712234,0.051671676337718964
644,-0.06545630842447281,0.07757705450057983
645,-0.09177358448505402,0.023465652018785477
647,-0.08002069592475891,0.07612874358892441
648,0.09434294700622559,-0.016101419925689697
1232,0.11200764775276184,-0.0357576385140419
1061,0.02547304518520832,-0.07256549596786499
650,-0.05803238973021507,0.09176859259605408
651,-0.06920428574085236,0.08854750543832779
652,0.06088408827781677,0.0951734334230423
653,-0.06814870983362198,0.013786086812615395
654,0.06498826295137405,-0.016365813091397285
1348,0.07142820954322815,0.02854890003800392
1721,0.061953749507665634,-0.03271900489926338
656,-0.09940189868211746,0.010401704348623753
657,-0.10579431802034378,0.02349873259663582
658,0.07639646530151367,0.034021854400634766
720,0.08300613611936569,0.020870087668299675
1109,0.07591807842254639,0.011546654626727104
894,0.08446934819221497,0.019318563863635063
1582,0.10872206091880798,-0.030322423204779625
660,-0.012224520556628704,-0.08055578917264938
1465,-0.005954325199127197,-0.10694549977779388
662,-0.044771209359169006,-0.06508537381887436
664,0.033658988773822784,0.06747590005397797
983,-0.000654779898468405,0.058678559958934784
666,0.018256470561027527,0.02375585399568081
1480,0.01052936166524887,0.034726232290267944
668,-0.06078852713108063,0.05958837270736694
879,-0.061191536486148834,0.056549303233623505
669,-0.027763037011027336,-0.08314496278762817
1529,-0.019410453736782074,-0.10891730338335037
670,0.023640889674425125,-0.08581200242042542
671,-0.01834927499294281,-0.07860895246267319
1027,-0.019112274050712585,-0.07252320647239685
672,-0.024481454864144325,0.08693572878837585
673,-0.03650549054145813,0.08621089160442352
1595,-0.02121639996767044,0.093500517308712
674,-0.012595221400260925,-0.06544706225395203
928,0.07085592299699783,-0.08796049654483795
943,-0.0512310229241848,-0.05148785188794136
1359,-0.05166536569595337,-0.052268389612436295
677,0.1026725023984909,0.0566779226064682
678,-0.019287241622805595,0.046384215354919434
679,-0.017541980370879173,0.025170383974909782
1036,-0.02782324142754078,0.03309277817606926
1161,-0.026677623391151428,0.03184100612998009
1205,-0.014819556847214699,-0.009233151562511921
680,-0.04207098111510277,0.027840228751301765
1160,-0.020256977528333664,-0.015340426936745644
681,-0.07522975653409958,0.01137129869312048
1728,0.06624127924442291,-0.00044887661351822317
684,0.016262145712971687,-0.06575170904397964
1682,0.05569038167595863,-0.08577384054660797
685,0.05395359918475151,0.06995115429162979
1257,0.040096353739500046,0.0844464972615242
686,-0.02973480336368084,0.07032154500484467
687,-0.04725844785571098,0.044963397085666656
960,-0.042132120579481125,-0.0013119763461872935
688,-0.058483753353357315,0.04643698036670685
691,-0.04002439230680466,-0.07813410460948944
809,-0.0396999828517437,-0.09222356975078583
692,-0.0270120520144701,0.04436279088258743
733,-0.02853519842028618,0.06259438395500183
1291,-0.029297340661287308,0.057083018124103546
1445,-0.03881252929568291,-0.012099210172891617
850,0.03830968961119652,0.05925143137574196
695,-0.045529574155807495,0.07230284810066223
1597,-0.025005526840686798,0.09175564348697662
698,0.04641023278236389,0.025809209793806076
1184,0.038756269961595535,0.04551466181874275
699,0.03963199257850647,0.051268693059682846
824,0.044299397617578506,0.0287602711468935
701,0.02419274114072323,-0.07683802396059036
1337,0.033551767468452454,-0.10031017661094666
702,-0.05051737651228905,0.0612289123237133
703,-0.09600017964839935,0.019021229818463326
704,-0.1112881451845169,0.023815354332327843
705,0.01064965222030878,-0.005420117173343897
1547,0.01686859503388405,0.051817893981933594
708,0.009983422234654427,0.030311090871691704
1371,0.03968947380781174,0.00446044746786356
709,-0.023402433842420578,0.042861733585596085
710,0.041009027510881424,0.0931994765996933
1562,0.03058069385588169,0.10011642426252365
1768,0.06866486370563507,-0.05457993224263191
717,0.01961521804332733,0.08348295837640762
718,0.04553985968232155,-0.06534528732299805
719,0.00647168792784214,-0.06251401454210281
856,0.03764275833964348,-0.034446388483047485
721,0.0469195730984211,-0.031955886632204056
722,-0.06627972424030304,0.0884598046541214
723,0.03192441537976265,-0.09823692589998245
724,-0.07564219832420349,0.08536818623542786
725,0.04792919382452965,-0.0557626448571682
1775,0.057693760842084885,-0.0690939649939537
726,0.022455444559454918,0.0872161015868187
903,0.051561687141656876,-0.09164897352457047
1003,0.06721753627061844,-0.02742462046444416
729,0.008243474178016186,0.017498796805739403
1788,0.011802402324974537,0.028806302696466446
730,0.016316965222358704,-0.0019881301559507847
731,0.004020204767584801,0.07777153700590134
1069,0.0326104462146759,0.04889325052499771
732,0.05826966091990471,-0.004761254880577326
805,0.06045876815915108,-0.029432494193315506
807,0.05350833758711815,-0.032813604921102524
1089,-0.03963128849864006,0.05477211996912956
1290,-0.031171903014183044,0.005234977696090937
1292,-0.0203777477145195,0.06286846846342087
735,0.09666496515274048,0.029502563178539276
1163,0.12234452366828918,0.029622994363307953
736,-0.06829478591680527,-0.05245572328567505
816,-0.04843934252858162,-0.06781911849975586
864,-0.07431899756193161,-0.04591948911547661
877,-0.06319180876016617,-0.04925467073917389
1293,-0.04407825693488121,-0.0712791159749031
1432,-0.015962442383170128,-0.023521844297647476
1434,-0.015319122932851315,-0.022635892033576965
1042,0.014720159582793713,-0.0823528841137886
740,-0.06791749596595764,-0.06386309117078781
741,0.04546527564525604,-0.06524931639432907
1320,0.06043478846549988,-0.08634559065103531
742,0.08587440103292465,0.04247317835688591
1269,0.071834996342659,0.03956369310617447
743,0.04549040272831917,-0.03961242362856865
937,0.058667369186878204,-0.003426848677918315
744,-0.004428832326084375,0.09561154246330261
1482,0.031227800995111465,0.09016420692205429
745,-0.031452029943466187,0.08016065508127213
746,0.008830823935568333,-0.06735899299383163
1289,-0.004737405572086573,-0.06843850761651993
1666,0.020915228873491287,-0.08289960771799088
747,-0.0025626346468925476,0.054571639746427536
1535,0.030733220279216766,0.05457098037004471
748,0.04246508330106735,0.05058153346180916
1076,0.006071870215237141,0.07347018271684647
1710,0.0065323724411427975,0.0739077776670456
749,0.08660346269607544,-0.015277337282896042
750,0.09166868776082993,0.05735442787408829
751,0.03249648958444595,0.040643252432346344
1073,-0.0011586047476157546,0.05015506595373154
752,-0.051853425800800323,-0.04432186111807823
1382,-0.021406127139925957,-0.048858750611543655
753,0.008531002327799797,-0.0712440088391304
942,0.014728710986673832,-0.08012662082910538
1172,0.00929077435284853,-0.028252938762307167
1174,0.005703363101929426,-0.05116628110408783
755,-0.09649357199668884,0.016799017786979675
756,-0.10579856485128403,0.030911391600966454
757,-0.002793923718854785,-0.07383586466312408
758,0.0959102138876915,0.04703829064965248
861,0.11470196396112442,0.053345322608947754
760,0.016792213544249535,0.039167534559965134
761,0.004386612214148045,0.03163449466228485
766,0.04243289306759834,0.01625223271548748
1066,0.001732675009407103,0.03303933143615723
762,0.043664559721946716,0.03727022558450699
764,-0.059259962290525436,0.08808736503124237
765,-0.07549483329057693,0.08525317162275314
1171,0.11698555201292038,-0.023192012682557106
768,0.049343790858983994,0.0665014311671257
769,0.04673588648438454,0.07266653329133987
771,-0.02805122174322605,0.07161001861095428
772,-0.07595660537481308,-0.032659996300935745
774,-0.07208474725484848,-0.045916907489299774
784,-0.07804904133081436,-0.04901140555739403
773,0.07319788634777069,0.05216590687632561
822,0.08284469693899155,0.027178175747394562
1016,0.07052963227033615,0.06984426081180573
1811,-0.05664133280515671,-0.09586571902036667
1064,-0.08348526060581207,-0.0329374261200428
777,0.05899947136640549,-0.02346731722354889
1130,0.057793427258729935,-0.036985572427511215
778,0.037492718547582626,-0.06689687818288803
1489,0.04251428321003914,-0.08116795122623444
781,-0.08035162836313248,-0.042543213814496994
785,-0.08138444274663925,-0.04340279474854469
788,-0.08553526550531387,0.024990078061819077
791,-0.02440384216606617,-0.04237847402691841
792,0.03306898847222328,0.09957437962293625
1791,0.020617401227355003,0.09970522671937943
793,-0.008370240218937397,-0.046627458184957504
1755,0.012672506272792816,-0.01461948361247778
1756,-0.004544077906757593,-0.041286688297986984
1757,-0.0047218152321875095,-0.05391952022910118
1760,0.014038057997822762,-0.02067418023943901
1761,-0.010584685020148754,-0.04773813113570213
794,-0.05338333174586296,-0.0692877396941185
795,-0.0005596645642071962,-0.08877123892307281
1506,0.01470462791621685,-0.11170622706413269
797,0.046954624354839325,0.08260118216276169
1271,0.03000056929886341,0.08401993662118912
798,-0.027425818145275116,0.07905960083007812
1220,0.004489188548177481,0.09273415058851242
801,-0.06057000160217285,-0.011329113505780697
1765,0.10355622321367264,-0.0437890850007534
804,-0.04759490489959717,-0.056647058576345444
1135,-0.02223850227892399,-0.06312287598848343
1345,-0.05424104630947113,-0.0424259714782238
1804,-0.052256446331739426,-0.03891673684120178
806,0.062180086970329285,-0.038880348205566406
808,0.05556657165288925,-0.0437505841255188
810,-0.09317480772733688,0.005614547524601221
811,-0.10221609473228455,0.020815139636397362
812,-0.05078763887286186,0.03018413670361042
813,0.08674561977386475,0.05772435665130615
1206,0.0857636108994484,0.05216215178370476
817,-0.06956692785024643,-0.05102748051285744
917,-0.04537194222211838,0.013403091579675674
915,-0.0446712002158165,0.014417991042137146
1647,0.07883892208337784,0.0349101759493351
825,-0.0028078719042241573,0.059079594910144806
1733,0.0328298881649971,0.06593059748411179
924,0.07279224693775177,-0.023356905207037926
827,0.10031123459339142,0.025933558121323586
1136,0.11931951344013214,0.024727044627070427
828,0.05376015603542328,-0.026916010305285454
883,0.04992074891924858,-0.005908855702728033
1353,0.0526602528989315,-0.01668466255068779
1634,0.0667787715792656,0.021544506773352623
829,-0.0718362107872963,0.06849713623523712
830,-0.0194862000644207,0.04529397934675217
832,-0.07198571413755417,0.019450843334197998
1177,-0.06897573918104172,0.023577190935611725
833,0.012105966918170452,-0.047503720968961716
981,-0.03347964584827423,-0.04067186638712883
1552,-0.03451823070645332,-0.041100844740867615
834,-0.0247687716037035,0.07394428551197052
1711,0.008837416768074036,0.07972313463687897
835,0.07431685924530029,0.04193784296512604
836,0.08209656178951263,0.03014291450381279
1743,0.07456347346305847,0.02138451859354973
838,0.10189060866832733,-0.04068562760949135
1523,0.07987341284751892,0.0187075175344944
839,0.04415519908070564,-0.07626526802778244
841,0.005157822743058205,-0.04006125405430794
1006,0.000747677986510098,-0.05565581098198891
1049,0.019987445324659348,-0.016722436994314194
842,0.0018087156349793077,-0.04963616654276848
1046,0.020570160821080208,-0.02472711354494095
1612,-0.0024174980353564024,-0.047044720500707626
844,-0.03150460869073868,-0.025122473016381264
845,-0.04830469191074371,0.003913898020982742
1295,0.0505233034491539,0.06945497542619705
848,0.07623988389968872,0.04466845467686653
1496,0.06600325554609299,0.05009173974394798
1776,0.08662260323762894,0.02043498307466507
851,0.002434801310300827,0.05895651504397392
1740,0.06579089909791946,0.010178017430007458
853,0.0376407653093338,-0.04858246073126793
1381,-0.00032751899561844766,-0.051791343837976456
854,-0.030612731352448463,-0.016539832577109337
1246,-0.022632570937275887,0.030186694115400314
1532,-0.030905960127711296,-0.06065554544329643
1796,-0.04477526620030403,0.032289084047079086
1642,0.06127574294805527,0.00040310207987204194
1643,0.04620165750384331,-0.025431539863348007
1644,0.060386739671230316,-0.012887231074273586
1645,0.04281933978199959,-0.04116026312112808
1659,0.038635533303022385,-0.04256017506122589
857,0.01439725048840046,0.09258545190095901
1164,0.04436980560421944,0.07136061042547226
1316,0.006294091697782278,0.08784106373786926
1399,0.004883727058768272,0.08767581731081009
858,-0.0034084192011505365,0.08806908875703812
1219,0.044851742684841156,0.07631766051054001
1608,0.08165188133716583,0.012867757119238377
862,-0.026644611731171608,-0.03207813948392868
876,-0.04535958915948868,-0.03548164293169975
863,-0.06237845867872238,-0.06040794774889946
866,-0.06654872745275497,0.03631022945046425
1366,-0.06525248289108276,0.03495827317237854
1784,-0.05183359980583191,0.021246349439024925
867,-0.020080553367733955,0.040055856108665466
868,-0.06173734739422798,0.013340330682694912
869,0.03620774671435356,-0.07942497730255127
1338,0.026991745457053185,-0.05907749757170677
870,-0.0695611983537674,0.031567953526973724
871,-0.011466918513178825,-0.016431037336587906
1025,0.02172420173883438,-0.022729340940713882
872,0.07189702987670898,0.01576290838420391
880,0.08523259311914444,0.015026433393359184
875,-0.05274780094623566,-0.042010094970464706
974,-0.060411740094423294,-0.032730091363191605
1617,-0.018558356910943985,-0.055115241557359695
1619,-0.03876273334026337,-0.03726637735962868
1618,-0.05217637121677399,-0.0398046113550663
878,-0.07750797271728516,0.061572443693876266
882,0.05194297060370445,-0.019551025703549385
1627,0.06761650741100311,0.006532337516546249
885,0.05579342693090439,-0.0443231426179409
886,0.013753627426922321,-0.05924080312252045
1428,0.03506561368703842,0.05135442316532135
888,0.07687802612781525,-0.0322861410677433
890,0.0689200609922409,0.07910650223493576
1422,0.04559868201613426,0.09785576164722443
891,0.0570647194981575,0.01359576266258955
892,0.04304276779294014,-0.01589476503431797
1122,0.03574981167912483,-0.014153620228171349
893,0.05297157168388367,0.027036158367991447
1121,0.03959017992019653,-0.0023386303801089525
1501,0.031061314046382904,-0.028522809967398643
1014,0.07166921347379684,0.05688563361763954
1417,0.07032450288534164,0.0482417568564415
899,0.037785571068525314,0.0575077086687088
900,0.015551292337477207,0.08549405634403229
1189,0.0006433890666812658,0.055949144065380096
901,-0.03370043635368347,-0.06555964797735214
1301,-0.048296716064214706,-0.09758204221725464
904,-0.019859740510582924,-0.06512778997421265
1023,-0.04464789107441902,-0.04785642400383949
1386,-0.058306917548179626,-0.043037205934524536
905,-0.05422106757760048,-0.01994945853948593
916,-0.040377404540777206,0.007959958165884018
906,0.0320921428501606,-0.08367520570755005
1689,0.046633265912532806,-0.036844074726104736
910,0.04474684223532677,0.014260677620768547
1484,0.03946055471897125,0.04182487353682518
911,-0.01568043977022171,-0.007301377598196268
1479,0.02780904620885849,-0.020805004984140396
912,-0.05470309779047966,0.017037205398082733
1028,0.04482506588101387,0.021401621401309967
914,-0.034026652574539185,0.02902095764875412
1113,-0.028624506667256355,0.020113646984100342
1328,-0.035760700702667236,-0.022819530218839645
1413,-0.05370418727397919,0.015492085367441177
918,-0.05448444187641144,0.05175217613577843
919,-0.03322306275367737,0.04245445504784584
1118,-0.021739136427640915,0.006717195268720388
1311,-0.060959599912166595,-0.04227202758193016
1013,-0.058447856456041336,-0.04077303409576416
922,0.030847927555441856,0.08863779157400131
1251,0.021485216915607452,0.09824793040752411
923,0.05490243062376976,0.0555201880633831
1268,0.056628111749887466,0.04185699298977852
1392,0.07304833829402924,0.027268456295132637
926,-0.1037808507680893,0.02245047129690647
927,-0.10729490965604782,0.03301258385181427
929,-0.00955275259912014,0.08862626552581787
930,-0.03182344511151314,-0.0017256364226341248
932,-0.008745867758989334,-0.037176765501499176
1395,-0.01916647143661976,-0.03588121384382248
1475,-0.03888523951172829,0.003926004748791456
931,-0.07199181616306305,0.06143307685852051
1117,-0.031461987644433975,-0.0007268788758665323
933,-0.05011657625436783,-0.005712619051337242
1365,-0.030006494373083115,-0.037554364651441574
934,-0.09658857434988022,-0.007437880150973797
935,-0.10136833786964417,0.0055406889878213406
1511,0.06782175600528717,0.03671485558152199
1512,0.05902450904250145,0.011034899391233921
1513,0.0587492510676384,-0.009991235099732876
1516,0.07448602467775345,0.02583412639796734
1517,0.0585390068590641,-0.004482431337237358
938,-0.05619129538536072,-0.07264034450054169
1034,-0.031049618497490883,0.043731871992349625
940,0.09100818634033203,-0.008399590849876404
941,0.11232170462608337,-0.01976941153407097
946,0.07920675724744797,0.014581733383238316
1166,0.0668884813785553,0.06325408816337585
948,0.04754619672894478,-0.05557498335838318
1774,0.058606669306755066,-0.06374388188123703
1694,0.031137214973568916,0.0486900694668293
1155,0.026776880025863647,0.05359399691224098
951,0.0530453585088253,0.013492107391357422
952,0.036023568361997604,-0.017196746543049812
1443,0.026135003194212914,-0.015407082624733448
953,0.04080197587609291,0.029346095398068428
954,0.016571518033742905,-0.027386236935853958
1442,0.031526803970336914,-0.0016121737426146865
955,-0.06535298377275467,-0.01480279304087162
956,-0.10252493619918823,-0.0035426809918135405
957,0.08934542536735535,0.008952850475907326
1305,0.08916174620389938,0.026439612731337547
959,-0.10869482159614563,0.00916189793497324
1598,-0.04512912407517433,-0.04360351338982582
1747,-0.05884696915745735,0.06269538402557373
962,0.06392897665500641,0.07588149607181549
1288,0.04167485982179642,0.06362955272197723
963,-0.027235504239797592,-0.06210304796695709
1759,-0.05181669816374779,-0.062568798661232
964,0.0004382600309327245,0.05576048418879509
965,0.08264242857694626,0.040497131645679474
1009,0.08144048601388931,0.06036325544118881
966,-0.05719036981463432,0.04488714784383774
967,-0.08002312481403351,0.021476253867149353
970,-0.07428453862667084,0.004560677334666252
972,-0.08171701431274414,0.01412262674421072
973,-0.05425833538174629,-0.05023312196135521
1192,0.05461593344807625,-0.0872187688946724
1364,0.0007241221028380096,-0.05417272448539734
984,-0.0643250048160553,0.05025717243552208
986,-0.10862856358289719,-0.0043595838360488415
988,-0.018900657072663307,-0.0737510696053505
1129,-0.009816712699830532,-0.06340383738279343
993,-0.051906052976846695,-0.0015194750158116221
994,-0.02168789505958557,-0.057168763130903244
1026,-0.028144437819719315,-0.0685272142291069
1408,-0.008462563157081604,-0.07740851491689682
1491,-0.004692030139267445,-0.027568724006414413
1286,0.0911598950624466,0.013372544199228287
996,-0.0463278703391552,-0.002083386294543743
997,-0.017507396638393402,-0.016320202499628067
1017,-0.04858721047639847,-0.03242245689034462
998,0.05323315039277077,-0.06494659930467606
1001,0.047192931175231934,0.08038134127855301
1458,0.0738723948597908,0.0020362273789942265
1495,0.04983626306056976,0.07607024908065796
1592,0.03409242630004883,0.0838136076927185
1593,0.04491963982582092,0.07922594994306564
1771,0.04090539366006851,0.08534181118011475
1002,0.04437173157930374,0.04800216108560562
1007,-0.037162959575653076,0.010225949808955193
1011,0.05187516286969185,0.061872802674770355
1684,0.03413015604019165,0.06454924494028091
1010,-0.08802497386932373,-0.003580079646781087
1012,-0.09711605310440063,0.0051029096357524395
1312,-0.04556718468666077,-0.04333115369081497
1681,-0.020881444215774536,-0.05596155673265457
1715,-0.06387849897146225,-0.03186933696269989
1415,0.06068996340036392,0.08729474991559982
1416,0.05948635935783386,0.0807892307639122
1418,0.07277967035770416,0.07480548322200775
1419,0.07372547686100006,0.05591129884123802
1144,0.038132645189762115,0.07207071781158447
1133,0.01931382529437542,-0.06951026618480682
1173,0.0014848450664430857,-0.0635046660900116
1019,0.08304104954004288,0.04750119894742966
1095,0.07468113303184509,0.07503148913383484
1096,0.08108339458703995,0.0666356086730957
1142,0.0842885971069336,0.03695876896381378
1778,0.07511138170957565,0.06135302409529686
1779,0.08211753517389297,0.0508214570581913
1354,0.04526113346219063,-0.04831087589263916
1024,-0.08787033706903458,0.048767540603876114
1032,-0.02730051800608635,-0.022671038284897804
1029,-0.01234117429703474,-0.037272125482559204
1030,-0.020688937976956367,-0.025525810196995735
1031,0.022610388696193695,-0.03274829685688019
1033,-0.021687496453523636,-0.025661515071988106
1035,0.04750872775912285,0.009912519715726376
1695,0.05456037446856499,0.07037225365638733
1309,-0.0195835679769516,0.02408941462635994
1038,0.09309952706098557,0.0077402591705322266
1039,-0.03018520399928093,0.06377696245908737
1040,0.003618404967710376,-0.07188717275857925
1539,0.019737398251891136,-0.05878574401140213
1041,0.0609913095831871,0.03883097320795059
1043,0.015110768377780914,0.10027230530977249
1249,0.015497411601245403,0.10053817927837372
1044,0.01697259023785591,0.10705815255641937
1047,0.02766285464167595,0.005462489556521177
1054,0.02961292862892151,0.038897767663002014
1448,0.025798065587878227,0.01014897134155035
1050,0.0014651602832600474,0.05960622802376747
1453,0.03888826444745064,0.06481314450502396
1051,-0.08440396934747696,0.06953814625740051
1052,-0.09415268152952194,0.0662190392613411
1053,0.036935001611709595,-0.07316907495260239
1055,0.018382778391242027,0.06480483710765839
1558,-0.008572893217206001,0.037022773176431656
1056,0.042880505323410034,-0.07725173234939575
1058,0.027657387778162956,-0.03750288859009743
1063,-0.07724768668413162,-0.051840417087078094
1084,0.05129450187087059,0.004815616644918919
1068,-0.0874682068824768,0.024806909263134003
1466,-0.009823387488722801,0.08199682086706161
1070,0.0030567694921046495,0.09442088752985
1071,-0.0022028316743671894,0.08263285458087921
1072,-0.0024029517080634832,0.08359003812074661
1332,0.029429150745272636,0.08089431375265121
1100,-0.004403082653880119,-0.10406915098428726
1075,-0.03445734456181526,0.07481373846530914
1461,-0.000310978211928159,0.0773334950208664
1709,0.044546522200107574,0.06008673086762428
1623,0.08521044999361038,0.035325970500707626
1081,-0.019932132214307785,-0.03977379575371742
1082,-0.08448867499828339,0.041554614901542664
1083,-0.08081087470054626,0.007589280605316162
1151,0.06561364978551865,0.019995491951704025
1152,0.037909965962171555,0.02576298825442791
1153,0.045700553804636,0.03810728341341019
1226,0.05439743027091026,0.01640966348350048
1530,0.05400378629565239,-0.00047060250653885305
1243,-0.08189229667186737,-0.03524085134267807
1088,-0.020885396748781204,0.07652949541807175
1090,0.07078881561756134,0.03243255615234375
1477,0.06429848074913025,0.05123518779873848
1209,-0.059722092002630234,-0.02724534645676613
1207,-0.0603606253862381,-0.027286311611533165
1798,0.04887675493955612,0.09663655608892441
1101,-0.03855857625603676,-0.062005847692489624
1111,-0.03011658973991871,-0.10232993215322495
1102,0.05331871658563614,0.09173420071601868
1797,0.03519643470644951,0.10319366306066513
1704,-0.05477316677570343,0.05166926234960556
1105,-0.046301040798425674,0.020269200205802917
1389,-0.03575099632143974,-0.10435979068279266
1108,0.08177036792039871,0.030553853139281273
1296,0.06864853948354721,0.03839443624019623
1702,0.08422897756099701,0.0030203680507838726
1110,-0.03458303213119507,-0.08020065724849701
1175,0.014935389161109924,-0.016591519117355347
1114,-0.03398774191737175,0.05361126363277435
1120,-0.06640411913394928,0.07114924490451813
1123,0.022193748503923416,0.0645674467086792
1125,-0.014327087439596653,-0.08548974245786667
1521,-0.05267523229122162,0.05788450688123703
1576,-0.00844994094222784,0.09299974143505096
1128,0.0012650522403419018,-0.027981223538517952
1490,-0.005055387504398823,-0.019477402791380882
1138,-0.07705611735582352,0.0002712686255108565
1675,-0.07705223560333252,0.0002367793640587479
1244,-0.07545587420463562,-0.03350229933857918
1240,-0.07746467739343643,-0.03223114460706711
1143,-0.07718683779239655,0.06432989239692688
1145,0.06747501343488693,0.07647351920604706
1146,0.07348770648241043,0.07393736392259598
1722,0.06711390614509583,-0.05075198784470558
1150,-0.039274148643016815,0.022677067667245865
1154,0.06878766417503357,0.056531213223934174
1165,0.0543905571103096,0.08635091781616211
1772,0.051459018141031265,0.08718642592430115
1156,-0.0683237761259079,-0.03818957880139351
1700,-0.06405943632125854,-0.056484103202819824
1157,-0.06163548678159714,-0.005427484400570393
1159,0.023805124685168266,-0.06829909235239029
1162,0.07916316390037537,0.023433133959770203
1603,0.08178625255823135,0.04709412902593613
1605,0.07419818639755249,0.018979396671056747
1607,0.07633450627326965,0.053675949573516846
1609,0.0720515251159668,0.03142061457037926
1167,-0.0677294135093689,0.04434400051832199
1168,0.032486822456121445,-0.024210689589381218
1170,0.09065841138362885,-0.006922746542841196
1543,0.018525123596191406,0.03437064215540886
1176,-0.0714511051774025,0.025943763554096222
1179,-0.06183696538209915,0.05393306910991669
1727,-0.056457847356796265,0.05954297259449959
1185,0.0012341878609731793,0.051536254584789276
1186,-0.0918210819363594,0.047009970992803574
1190,-0.06763985753059387,0.08296597003936768
1191,-0.08389222621917725,0.07802232354879379
1193,-0.06078477203845978,0.055754102766513824
1744,0.06621833145618439,-0.02073187381029129
1196,-0.07993300259113312,-0.0013636398361995816
1276,-0.055256567895412445,-0.05384066328406334
1197,-0.029072973877191544,-0.053362708538770676
1420,-0.049115754663944244,-0.031523797661066055
1672,-0.06659885495901108,-0.021392425522208214
1198,-0.051393523812294006,0.010110610164701939
1199,0.014013434760272503,0.09335950762033463
1200,-0.02663717418909073,0.07046590745449066
1202,-0.06132212653756142,0.09117115288972855
1203,-0.07109957188367844,0.08919447660446167
1204,-0.07418045401573181,0.05953250825405121
1277,0.08811871707439423,0.04888635128736496
1280,0.06927401572465897,0.06726568192243576
1281,0.0834115594625473,0.058577388525009155
1287,0.09076303243637085,0.04221687838435173
1372,0.07885032147169113,0.06499560922384262
1208,-0.04812612384557724,-0.026299120858311653
1581,-0.018444577232003212,-0.02967076376080513
1210,-0.03195829316973686,0.013458039611577988
1763,-0.039836663752794266,-0.02120392955839634
1211,-0.039034776389598846,0.04029887542128563
1214,-0.05931774899363518,0.05119037628173828
1217,-0.10798519849777222,0.018129950389266014
1223,-0.05456284061074257,-0.009731369093060493
1556,-0.04020598903298378,-0.046788278967142105
1224,-0.09165763109922409,0.0005542917642742395
1225,-0.10052868723869324,0.01630849577486515
1401,0.024365445598959923,0.020465554669499397
1227,-0.04583992809057236,-0.07236265391111374
1229,-0.05660882592201233,0.04699014499783516
1230,-0.05580944940447807,-0.03223607316613197
1242,-0.06920100748538971,-0.03681035712361336
1231,0.09287802129983902,-0.01616612821817398
1478,0.11480604112148285,-0.03405880555510521
1233,0.0721789002418518,0.06955480575561523
1551,0.038997553288936615,0.096639484167099
1235,-0.0635281577706337,-0.010610821656882763
1236,-0.08197519928216934,0.05202750489115715
1238,-0.0010330942459404469,0.051189858466386795
1278,0.03674894571304321,0.0500325933098793
1239,-0.07166726142168045,-0.046307049691677094
1245,0.02203509770333767,0.10836949944496155
1247,-0.034446705132722855,0.05971182882785797
1248,0.02913850173354149,0.1058092936873436
1250,-0.003808964043855667,0.10366107523441315
1550,0.024953968822956085,0.10111117362976074
1252,0.0013785265618935227,0.10780396312475204
1476,0.03892374038696289,0.08498035371303558
1253,0.015345565043389797,0.10396190732717514
1254,0.0712500810623169,0.03934429958462715
1347,0.075315922498703,0.06719949841499329
1349,0.07433783262968063,0.04891333356499672
1350,0.07243531942367554,0.07456774264574051
1351,0.0726403072476387,0.042879894375801086
1352,0.07874788343906403,0.06053933501243591
1255,0.06473308801651001,-0.013692332431674004
1256,0.007338271476328373,0.10451648384332657
1258,0.020594220608472824,0.10480661690235138
1397,-0.06061984598636627,-0.03614676743745804
1391,-0.06077083572745323,-0.03595976531505585
1265,-0.09251821786165237,0.03840654343366623
1266,0.08703884482383728,0.03944091498851776
1267,0.09113169461488724,0.025095656514167786
1270,0.010682182386517525,0.10826773941516876
1790,0.01671280525624752,0.007188665680587292
1273,-0.03879920393228531,-0.0633891373872757
1274,-0.04587936773896217,-0.05166945978999138
1275,-0.014265698380768299,-0.0710919052362442
1555,-0.04615698382258415,-0.051139265298843384
1554,-0.020509148016572,-0.07178358733654022
1283,0.06919630616903305,-0.06635770946741104
1285,0.07959965616464615,0.04679153859615326
1304,0.08620570600032806,0.03126433119177818
1423,0.06399790942668915,0.0842113345861435
1297,-0.05693499743938446,0.010210582055151463
1299,-0.050817880779504776,0.06817594170570374
1300,-0.04386783391237259,-0.07595383375883102
1302,-0.0748610645532608,0.001803131657652557
1303,-0.07760367542505264,0.029581302776932716
1306,0.0068079582415521145,-0.05269787460565567
1308,0.08030712604522705,-0.030634058639407158
1310,-0.032026391476392746,0.05073924735188484
1314,-0.06581109017133713,0.0421365462243557
1315,0.07570426911115646,0.0710270032286644
1801,0.0692637637257576,0.07870809733867645
1803,0.08036639541387558,0.06638111174106598
1806,0.05802769586443901,0.0884818360209465
1807,0.07934173196554184,0.057448018342256546
1808,0.0668075829744339,0.08563804626464844
1321,-0.09532186388969421,0.03270821273326874
1324,-0.051479522138834,0.06635760515928268
1326,-0.06288378685712814,0.049707524478435516
1717,-0.023486649617552757,0.06145806610584259
1405,0.0655553862452507,-0.046057119965553284
1330,-0.08009056001901627,0.004696053918451071
1333,0.022525174543261528,-0.04498504102230072
1538,0.02561766467988491,-0.05540322884917259
1336,0.02409161999821663,-0.07673729956150055
1339,0.07854913920164108,-0.0009692422463558614
1706,0.09349124878644943,-0.03771871700882912
1355,-0.0446510836482048,0.008965191431343555
1357,0.025290297344326973,-0.050520334392786026
1629,0.027605608105659485,0.045076437294483185
1361,0.014046468771994114,-0.04412704333662987
1362,0.014827017672359943,-0.05119917541742325
1462,0.023896416649222374,-0.06463295221328735
1363,0.017455440014600754,0.05017944052815437
1542,0.030829578638076782,0.07762177288532257
1544,0.016559328883886337,0.06501512974500656
1546,0.029077336192131042,0.08589288592338562
1548,0.013641818426549435,0.07605844736099243
1564,0.04777422547340393,0.09046891331672668
1374,-0.07918305695056915,0.013011368922889233
1375,0.05261262506246567,0.05558139830827713
1378,-0.07771601527929306,0.02246154472231865
1379,-0.0026182865258306265,-0.03793313726782799
1380,-0.03734735772013664,0.002500401344150305
1396,-0.042556796222925186,-0.02663005329668522
1699,-0.002091950038447976,-0.005297457333654165
1492,-0.006311488803476095,-0.039515912532806396
1494,-0.014346478506922722,-0.05843712389469147
1497,-0.012512318789958954,-0.03534851595759392
1498,-0.0073655229061841965,-0.05964319035410881
1499,-0.018986141309142113,-0.05063186213374138
1435,-0.0647045150399208,-0.031112967059016228
1383,0.08580687642097473,0.06227555498480797
1385,-0.04433000460267067,-0.06035653129220009
1388,-0.034784428775310516,-0.07975321263074875
1390,-0.0629100427031517,-0.04542812332510948
1394,-0.0002898857928812504,0.057689469307661057
1679,0.03627855330705643,0.06226731836795807
1569,0.06374204903841019,-0.045543450862169266
1670,0.015924526378512383,-0.0007866367814131081
1406,-0.03294830024242401,0.02186666429042816
1667,0.013384251855313778,-0.07125871628522873
1411,-0.03622317314147949,0.06412839889526367
1421,-0.05519865080714226,0.0012904851464554667
1424,0.03784019127488136,0.09575813263654709
1426,-0.08813317120075226,0.06390443444252014
1427,-0.0972285196185112,0.06016286462545395
1429,0.020843880251049995,0.08231299370527267
1430,0.04717310518026352,0.05750592425465584
1431,0.00037303543649613857,-0.028140906244516373
1433,0.027019664645195007,-0.027923259884119034
1663,-0.013008682057261467,-0.00925628561526537
1510,0.10694795101881027,-0.044590819627046585
1437,0.014721930958330631,-0.05487488582730293
1440,0.0344829298555851,0.07816316187381744
1563,0.026868123561143875,0.09885543584823608
1447,0.02429778128862381,0.010638976469635963
1452,0.022215381264686584,0.014559866860508919
1454,0.02853991463780403,0.09376190602779388
1638,-0.06274880468845367,0.04188571125268936
1457,-0.04690081626176834,-0.0074210576713085175
1658,0.050991252064704895,-0.03785301372408867
1460,0.01754401996731758,0.07525374740362167
1464,-0.013720979914069176,-0.08083191514015198
1469,-0.077998585999012,0.01159170176833868
1470,-0.0066459993831813335,0.05817215144634247
1691,0.009628711268305779,0.0106458505615592
1471,-0.03231997415423393,0.06823715567588806
1473,-0.06953930854797363,0.009754713624715805
1474,-0.020287489518523216,-0.00426841014996171
1481,-0.0003342995187267661,0.07445268332958221
1486,0.03931722417473793,0.08794838190078735
1485,0.0024101310409605503,0.04982978478074074
1488,0.03745649382472038,-0.066388338804245
1500,-0.0028153916355222464,0.0015496473060920835
1503,0.06121445819735527,0.02358293905854225
1736,0.07247752696275711,0.05588856339454651
1738,0.0710357129573822,0.03236207738518715
1739,0.060284633189439774,0.06419834494590759
1741,0.05614885315299034,0.04223876819014549
1507,0.002935247728601098,-0.015026339329779148
1514,-0.0054785143584012985,-0.08489614725112915
1522,0.07620161771774292,0.07019210606813431
1524,-0.04324701800942421,-0.0034149535931646824
1718,-0.012992775067687035,0.060763563960790634
1713,-0.012973172590136528,0.060851991176605225
1536,0.04532140493392944,0.03666535019874573
1545,-0.05272350460290909,-0.004779695998877287
1559,-0.09471999853849411,-0.00756178330630064
1560,0.07405776530504227,0.03395846113562584
1561,-0.10155468434095383,-0.00022504832304548472
1565,-0.06551319360733032,0.030479054898023605
1568,0.06698822230100632,-0.0016159981023520231
1571,-0.06362719088792801,0.04646546393632889
1572,-0.027207784354686737,0.07966884225606918
1573,-0.06045421585440636,0.08354616165161133
1574,-0.07697776705026627,0.08151059597730637
1575,0.008280978538095951,0.1003660187125206
1579,0.03476555645465851,-0.07419945299625397
1585,0.07998374849557877,0.0076507278718054295
1587,-0.013325772248208523,0.08234922587871552
1590,0.012248780578374863,0.08258668333292007
1599,-0.04162158817052841,-0.07548537850379944
1610,0.09129893034696579,0.01773914322257042
1613,-0.031673628836870193,-0.06824324280023575
1614,-0.05791683867573738,-0.01394009217619896
1615,-0.09473264962434769,-0.006394614931195974
1616,-0.1043098196387291,0.012175719253718853
1621,-0.06947977840900421,0.036787211894989014
1622,0.05996963009238243,0.07779926806688309
1625,-0.0819590613245964,0.00917013268917799
1628,0.04999854788184166,0.02961919456720352
1635,0.050315357744693756,0.04031483083963394
1685,-0.0024717894848436117,0.06187791749835014
1696,-0.010746574029326439,0.05618402361869812
1632,-0.07739760726690292,0.0034407852217555046
1636,0.0780615508556366,-0.020373184233903885
1648,0.07294158637523651,-0.009374252520501614
1651,-0.06368191540241241,0.03285818174481392
1662,-0.05649402737617493,-0.009388940408825874
1789,0.007919345051050186,0.0024149289820343256
1671,-0.05804847180843353,-0.03463326394557953
1673,0.08728092908859253,-0.028292225673794746
1680,0.021548235788941383,0.09126683324575424
1683,-0.09981278330087662,-0.003985504619777203
1686,-0.104319728910923,0.007484287954866886
1688,-0.026766017079353333,0.02802940271794796
1690,-0.005395669490098953,-0.005715129431337118
1716,-0.011636244133114815,0.04737379774451256
1692,-0.024023720994591713,-0.0486573725938797
1698,0.07474961876869202,-0.04842782020568848
1705,0.0808735266327858,-0.017005670815706253
1707,-0.007413338869810104,-0.051647547632455826
1712,-0.013968880288302898,0.08065739274024963
1714,-0.05952536314725876,-0.050046563148498535
1734,0.05196741595864296,0.06342191249132156
1732,-0.05243120342493057,0.06587532162666321
1754,-0.044633954763412476,-0.026664871722459793
1751,0.04656841605901718,-0.02489974908530712
1753,-0.049681179225444794,0.005729277152568102
1783,-0.036924127489328384,0.012816774658858776
1764,0.08171337842941284,-0.029452355578541756
1766,-0.07501722872257233,-0.028877288103103638
1785,-0.04322035238146782,0.02742673270404339
1781,-0.03156299144029617,0.03639649972319603
1793,-0.04299943521618843,0.025809045881032944
1782,-0.1046660989522934,-0.0067338296212255955
1786,-0.10801301151514053,-0.0004805504286196083
1792,0.0015671500004827976,0.10543718189001083
1795,-0.024654217064380646,0.04693801328539848
1812,-0.010813440196216106,0.10321126133203506
