1,-0.02281000278890133,-0.15490859746932983
347,-0.018229734152555466,-0.1468711942434311
1409,-0.002317683072760701,-0.10253124684095383
2,0.030864495784044266,-0.089253731071949
697,0.027546020224690437,-0.04925839230418205
3,-0.02523111179471016,-0.14775428175926208
354,-0.02691280096769333,-0.14016960561275482
4,0.06845507770776749,0.13908125460147858
667,0.0486600287258625,0.08236436545848846
5,0.026736225932836533,-0.13206595182418823
1377,0.007264459505677223,-0.08289354294538498
6,0.029673857614398003,-0.09714825451374054
700,0.025469085201621056,-0.05371098965406418
7,0.08804171532392502,-0.10205633193254471
23,0.11339645087718964,-0.09680470079183578
1018,0.02605554275214672,-0.07988535612821579
8,-0.06449488550424576,-0.08785409480333328
1045,-0.031080594286322594,-0.05045951530337334
9,-0.11653385311365128,-0.11448252201080322
134,-0.1138472929596901,-0.1007484495639801
389,-0.10745545476675034,-0.11575115472078323
10,-0.14768348634243011,0.015178748406469822
181,-0.13481241464614868,0.02260785922408104
1410,-0.09840788692235947,-0.015416678041219711
11,0.08835835754871368,-0.1045452430844307
1222,0.059701453894376755,-0.06368894129991531
12,0.022326521575450897,-0.11915483325719833
336,0.03736763820052147,-0.13156473636627197
716,0.012738988734781742,-0.08302834630012512
13,-0.142541766166687,-0.016095396131277084
21,-0.13168106973171234,-0.011717057786881924
1005,-0.08839694410562515,-0.027376767247915268
14,-0.0017284059431403875,0.15257225930690765
1467,-0.013185424730181694,0.09479057788848877
15,-0.0989198312163353,-0.11716637015342712
161,-0.0985463559627533,-0.10892964154481888
1777,-0.056556690484285355,-0.08506283909082413
16,0.05787847191095352,-0.13282550871372223
244,0.06204500421881676,-0.1202215850353241
852,0.020357239991426468,-0.0922229215502739
17,0.06560271978378296,-0.1281205415725708
237,0.04279889911413193,-0.12008483707904816
18,-0.11756465584039688,-0.10956785827875137
283,-0.11528473347425461,-0.09767946600914001
1703,-0.07728958129882812,-0.07815362513065338
19,-0.11298348009586334,-0.10871521383523941
286,-0.10517454892396927,-0.10222310572862625
20,0.09729371964931488,0.11504557728767395
831,0.07145370543003082,0.0639558807015419
205,-0.11215250939130783,-0.03370330110192299
739,-0.07442165166139603,-0.03131256625056267
22,0.06591799855232239,0.14709684252738953
865,0.047678910195827484,0.08774103224277496
468,0.09140622615814209,-0.0999600812792778
24,-0.0023878971114754677,0.12510733306407928
294,-0.01788713037967682,0.13130639493465424
357,-0.01784038171172142,0.13084711134433746
925,-8.685747161507607e-05,0.08605442196130753
1787,0.03036293014883995,0.09688186645507812
25,0.026558859273791313,-0.1513948142528534
234,0.024175424128770828,-0.142375648021698
859,0.006908873096108437,-0.105274498462677
26,-0.1150500625371933,-0.10180270671844482
135,-0.09282084554433823,-0.10319308191537857
1327,-0.07136723399162292,-0.08402605354785919
27,0.008286070078611374,-0.1472032368183136
1604,0.0006640497012995183,-0.09136306494474411
28,-0.1368643194437027,-0.027772195637226105
1653,-0.0890514925122261,-0.005802006460726261
29,0.01574474200606346,0.15815722942352295
1127,0.0008815136388875544,0.09979353100061417
30,0.04821150004863739,-0.13950422406196594
170,0.05734362080693245,-0.1204114630818367
1398,0.019550329074263573,-0.10133170336484909
31,0.03771137446165085,-0.1525791436433792
55,0.03652214631438255,-0.14009705185890198
823,0.024663517251610756,-0.10230686515569687
32,0.04083959013223648,-0.1484958827495575
61,0.03219293802976608,-0.14061979949474335
33,-0.09059116244316101,-0.06123655289411545
584,-0.061135873198509216,-0.030284464359283447
34,0.05381455272436142,-0.10933083295822144
75,0.08090099692344666,-0.11742061376571655
313,0.08707748353481293,-0.1136070042848587
35,0.09435342252254486,-0.09517768025398254
1541,0.06738010048866272,-0.057313866913318634
36,0.1280425488948822,-0.062480390071868896
303,0.11782784759998322,-0.05701697617769241
995,0.07106205821037292,-0.0512884184718132
37,-0.10589257627725601,-0.05419795215129852
184,-0.13834084570407867,-0.0380701869726181
1725,-0.08133983612060547,-0.036798156797885895
38,-0.12241230905056,-0.05593530088663101
843,-0.08085090667009354,-0.03126940503716469
39,0.05143795162439346,0.11507897078990936
368,0.07129690796136856,0.1075422540307045
374,0.07193464785814285,0.10666406899690628
689,0.030918622389435768,0.08250714093446732
40,0.02817501127719879,0.14990663528442383
1624,0.007925060577690601,0.0897286981344223
41,-0.11450481414794922,-0.08485959470272064
1263,-0.08177784085273743,-0.045130591839551926
42,0.02017739787697792,0.15966017544269562
1455,0.0015397557290270925,0.10180085897445679
43,0.08808640390634537,0.13023361563682556
1468,0.06613665819168091,0.07530711591243744
44,-0.14808639883995056,-0.0026351569686084986
98,-0.15336161851882935,0.013211900368332863
45,-0.12456368654966354,-0.05450170487165451
1665,-0.07933280616998672,-0.04082825034856796
46,-0.029080620035529137,-0.15476340055465698
60,-0.014927324838936329,-0.14618530869483948
1158,-0.017757441848516464,-0.10573852807283401
47,0.05606016516685486,-0.09751342982053757
155,0.09285222738981247,-0.09601565450429916
1148,0.04672759771347046,-0.06676796078681946
48,-0.1151922419667244,-0.04996996745467186
212,-0.14963608980178833,-0.02555782161653042
217,-0.14764346182346344,-0.033735670149326324
49,-0.010492095723748207,-0.11955071985721588
1131,-0.010128973051905632,-0.07978500425815582
50,0.0016270296182483435,0.12422864139080048
433,-0.018127920106053352,0.11745604127645493
445,-0.01828271709382534,0.11736167222261429
545,0.0010744661558419466,0.08753403276205063
51,0.08955053240060806,0.11960218101739883
1137,0.06222399324178696,0.06686088442802429
52,-0.15107539296150208,0.004540320485830307
442,-0.14277444779872894,0.010493355803191662
1449,-0.09286555647850037,-0.01939317211508751
53,-0.04297593608498573,-0.10585568100214005
663,-0.032033924013376236,-0.05838870629668236
54,0.01320509985089302,-0.1273668110370636
328,0.023520108312368393,-0.13795411586761475
421,0.013606955297291279,-0.1380026638507843
399,0.018545275554060936,-0.12968316674232483
56,-0.05686988681554794,-0.11460351943969727
1092,-0.03865009918808937,-0.07846389710903168
57,0.03158380463719368,-0.1140446662902832
1656,0.010457965545356274,-0.0761641263961792
58,-0.0755145400762558,-0.11871737986803055
1425,-0.055392101407051086,-0.07135777920484543
59,-0.14517070353031158,-0.008660221472382545
441,-0.13262248039245605,-0.003681129775941372
260,-0.0334726981818676,-0.15432900190353394
1097,0.018555866554379463,-0.09572191536426544
62,0.0015426381723955274,-0.11693461239337921
199,0.0027937977574765682,-0.12222432345151901
280,0.04500025138258934,-0.10570991784334183
63,0.07135100662708282,0.1417515128850937
1178,0.055330097675323486,0.08263533562421799
64,-0.0017348113469779491,-0.14137840270996094
1520,-0.0017450813902541995,-0.08872408419847488
65,-0.002170710824429989,0.1202172040939331
140,0.019400933757424355,0.12330438196659088
141,0.019473016262054443,0.12281601130962372
982,-0.014864359982311726,0.07652254402637482
1553,-0.01560287270694971,0.07657402008771896
66,-0.001384007977321744,0.12076015025377274
67,-0.05998097360134125,-0.09187458455562592
1048,-0.028593508526682854,-0.05332369729876518
68,-0.007149300538003445,-0.1353926658630371
1020,-0.010356162674725056,-0.08789427578449249
69,-0.13401393592357635,-0.02213192544877529
1802,-0.08783663064241409,-0.0008016380597837269
70,0.07343687117099762,0.09338943660259247
147,0.05150279775261879,0.10636143386363983
148,0.052399467676877975,0.10570812225341797
1180,0.05858317390084267,0.05318862572312355
1181,0.05904438719153404,0.05342622473835945
71,0.034172575920820236,0.15876632928848267
971,0.013126377947628498,0.09995744377374649
72,-0.08695969730615616,-0.07187864184379578
693,-0.06118689104914665,-0.03569919988512993
73,0.004650771152228117,0.15368430316448212
1228,-0.01206093281507492,0.09647601842880249
74,0.08173173666000366,-0.1277824193239212
1376,0.03710127994418144,-0.09080828726291656
76,-0.07750654965639114,-0.12253168970346451
77,-0.06783752888441086,-0.11530162394046783
78,0.09457752108573914,-0.082545205950737
1646,0.06760764122009277,-0.0479244738817215
79,0.06511202454566956,-0.13260596990585327
312,0.06784726679325104,-0.11646183580160141
80,-0.024146078154444695,0.12195564061403275
153,-0.007670787163078785,0.11646980047225952
159,-0.007965276017785072,0.11731313914060593
1677,-0.025765100494027138,0.08801772445440292
1678,-0.02673196606338024,0.08713763952255249
81,-0.10395801067352295,-0.07576815038919449
1762,-0.05839115008711815,-0.05254274606704712
82,-0.007378603797405958,0.1516699641942978
559,-0.01913110539317131,0.09344729781150818
83,0.015069205313920975,0.11537104099988937
165,0.019572662189602852,0.11720719188451767
424,0.020214848220348358,0.11741694808006287
1369,0.01967809535562992,0.07346062362194061
1370,0.01876959390938282,0.07261104881763458
84,0.036234669387340546,0.12217694520950317
341,0.041283827275037766,0.11560077965259552
403,0.04151102527976036,0.11492517590522766
1687,0.024732526391744614,0.0872710645198822
85,0.03495461121201515,0.119434654712677
86,-0.07664916664361954,-0.11463779211044312
1403,-0.052303824573755264,-0.07593704015016556
87,0.06486552208662033,-0.12007199227809906
171,0.04078761860728264,-0.11351224035024643
88,0.0369897186756134,-0.08405464142560959
909,0.02825520560145378,-0.04517991095781326
89,-0.048893965780735016,-0.13084977865219116
90,-0.1509464532136917,-0.026044920086860657
91,-0.1616808921098709,-0.0126797491684556
1323,-0.09949400275945663,-0.03495084494352341
179,-0.15401425957679749,-0.014713810756802559
92,-0.152767613530159,-0.030759500339627266
93,-0.1423831433057785,-0.02720492146909237
317,-0.10983730852603912,-0.052916355431079865
94,-0.005446985829621553,-0.13236023485660553
1737,-0.016502641141414642,-0.08257607370615005
95,-0.10583744943141937,-0.01611393876373768
440,-0.13300082087516785,0.014373566024005413
96,-0.11080633103847504,-0.06250938773155212
1322,-0.07280109822750092,-0.04450970143079758
97,0.06235874071717262,0.1470061093568802
1298,0.04456058144569397,0.08756744861602783
180,-0.1478414088487625,0.023573966696858406
99,-0.0033406284637749195,0.1182730570435524
191,0.011738601140677929,0.11946326494216919
192,0.011745444498956203,0.1194734126329422
1182,-0.0029255892150104046,0.07694783806800842
1183,-0.004135733004659414,0.07645425945520401
100,0.10924618691205978,-0.06403221189975739
1720,0.08069708943367004,-0.03281858563423157
101,0.027537094429135323,0.1272989958524704
366,0.01238157693296671,0.1348571926355362
386,0.012729444541037083,0.1350548416376114
1387,0.021027760580182076,0.09418909251689911
102,-0.02152957022190094,-0.10479789227247238
1446,-0.0033148678485304117,-0.06044342368841171
103,-0.050761252641677856,-0.10678186267614365
665,-0.03922087699174881,-0.06141330301761627
104,0.057249993085861206,-0.10546867549419403
186,0.09687553346157074,-0.09863711893558502
187,0.0911373421549797,-0.1067655086517334
105,0.015110626816749573,-0.06287022680044174
1079,0.004297042731195688,-0.04948937147855759
106,-0.024949904531240463,0.1213567927479744
107,0.010260668583214283,0.15794609487056732
1414,-0.004880907014012337,0.0999036431312561
108,0.09887978434562683,-0.10753054916858673
390,0.09935443103313446,-0.08944714069366455
1657,0.0494426004588604,-0.0851336121559143
109,-0.015573589131236076,-0.10728280991315842
1008,-0.01743917725980282,-0.05819554999470711
110,-0.0097482455894351,-0.10535941272974014
1015,-0.014883607625961304,-0.056166891008615494
111,0.07539961487054825,0.13963621854782104
1436,0.05608604475855827,0.08305580914020538
112,0.08235135674476624,0.09458518028259277
219,0.062422774732112885,0.10263346135616302
220,0.06159545108675957,0.10409551858901978
920,0.06752528995275497,0.057529643177986145
921,0.06797469407320023,0.05740213394165039
113,0.057892244309186935,0.10567189007997513
401,0.08012705296278,0.10004052519798279
415,0.07972773909568787,0.10040375590324402
1124,0.036160752177238464,0.07379291206598282
114,0.05770362541079521,0.10502246767282486
115,0.04976620152592659,-0.13302581012248993
1099,0.022384127601981163,-0.09388633817434311
116,-0.007919766008853912,-0.10379858314990997
1451,0.004684570245444775,-0.05864463374018669
117,0.08310552686452866,0.09506078064441681
118,0.03365040570497513,0.15650801360607147
1313,0.008600106462836266,0.09916966408491135
119,0.089781254529953,0.1247597187757492
1325,0.06788764148950577,0.07264284044504166
120,0.055071871727705,0.14929135143756866
1570,0.03291429579257965,0.08924023807048798
121,-0.010360817424952984,0.13142530620098114
242,-0.02259652130305767,0.1271289736032486
243,-0.02148975059390068,0.1283562034368515
1187,-0.013896394520998001,0.09072672575712204
1188,-0.01474141888320446,0.08948364853858948
122,-0.05322856456041336,-0.1018240675330162
1626,-0.03960180655121803,-0.05728258565068245
123,-0.010483352467417717,0.13153856992721558
245,0.011138648726046085,0.12483634799718857
247,0.011549395509064198,0.12421243637800217
1566,-0.021152600646018982,0.08994471281766891
1567,-0.020910967141389847,0.09094711393117905
124,-0.009199952706694603,0.13142241537570953
125,-0.06242327392101288,-0.12696491181850433
727,-0.05081716179847717,-0.08709676563739777
126,0.09714667499065399,0.11800895631313324
1620,0.07095154374837875,0.06961455196142197
127,0.07468419522047043,0.09954162687063217
257,0.05622038617730141,0.11108318716287613
258,0.05685960501432419,0.11227508634328842
1723,0.05681617558002472,0.056786615401506424
1724,0.05692914500832558,0.05688446760177612
128,0.08349601924419403,0.12056785821914673
572,0.0509813092648983,0.07024110853672028
129,0.07484571635723114,0.09936404973268509
130,0.044044218957424164,0.15340469777584076
1650,0.025757350027561188,0.09389632195234299
131,-0.03867505118250847,-0.138404980301857
464,-0.03620617836713791,-0.1382989138364792
465,-0.03992646560072899,-0.15280668437480927
132,-0.13195587694644928,-0.04124479740858078
1726,-0.08978361636400223,-0.0120500223711133
133,-0.06413303315639496,-0.0971827432513237
1633,-0.04805918037891388,-0.05497438460588455
166,-0.11084743589162827,-0.11672959476709366
136,0.00944956112653017,-0.14045973122119904
298,-0.0016721236752346158,-0.1416456401348114
1356,0.0007763473549857736,-0.08683925867080688
137,0.0007161257672123611,0.13539256155490875
269,0.019457470625638962,0.12877589464187622
270,0.01905803009867668,0.1281692534685135
818,-0.01456864271312952,0.09180857986211777
819,-0.01198502816259861,0.09536772966384888
138,0.0007256271201185882,0.13535720109939575
139,0.019698036834597588,-0.1013500913977623
887,0.0201211366802454,-0.05808643251657486
1649,0.01531139388680458,0.08585779368877411
142,-0.12562954425811768,-0.046997129917144775
1450,-0.08485688269138336,-0.02560066245496273
143,0.08220703899860382,-0.11201829463243484
1773,0.04610905051231384,-0.08320022374391556
144,0.023931698873639107,0.15570048987865448
1731,0.0029488622676581144,0.09938830137252808
145,0.09553921222686768,0.09375745058059692
301,0.09802442789077759,0.07705043256282806
309,0.09805873781442642,0.07712048292160034
558,0.07093775272369385,0.06464491039514542
146,-0.0361005961894989,0.10258717089891434
282,-0.016530504450201988,0.11145828664302826
456,-0.01668613590300083,0.11144407093524933
1115,-0.02459140308201313,0.06741456687450409
1655,-0.02521505579352379,0.06735431402921677
435,0.07343392074108124,0.09343410283327103
796,0.03269629552960396,0.07681791484355927
149,0.08460018783807755,0.1339198648929596
1472,0.05986884981393814,0.07722090184688568
150,-0.1592290848493576,-0.010477139614522457
1639,-0.10308732837438583,-0.009528283961117268
151,-0.08515577018260956,-0.07443440705537796
578,-0.059589166194200516,-0.036976855248212814
152,-0.1400105506181717,-0.03947049751877785
1318,-0.004905962850898504,0.08207567781209946
154,0.028652705252170563,-0.149808868765831
837,0.01069863885641098,-0.09433898329734802
1660,0.050977252423763275,-0.06407196819782257
156,-0.06539661437273026,-0.08230238407850266
949,-0.02842106483876705,-0.046579569578170776
157,-0.045994799584150314,-0.09432217478752136
950,-0.019967470318078995,-0.05234222486615181
158,-0.10135960578918457,-0.049022939056158066
290,-0.13035161793231964,-0.03615749627351761
908,-0.06980972737073898,-0.034271687269210815
160,0.06297598779201508,-0.10130849480628967
168,0.09246860444545746,-0.09130092710256577
169,0.10176943987607956,-0.10251035541296005
267,-0.0844142884016037,-0.11405442655086517
849,-0.05639117583632469,-0.0814654529094696
162,0.08257680386304855,0.08983549475669861
308,0.06362953037023544,0.09947458654642105
311,0.06382144242525101,0.10167862474918365
1525,0.06906429678201675,0.05556202679872513
1526,0.0680936649441719,0.054988615214824677
163,0.08251403272151947,0.08977442979812622
164,0.1399046927690506,-0.050340019166469574
1611,0.0878918245434761,-0.03904331848025322
423,0.01327963825315237,0.1158187985420227
706,0.009987850673496723,0.08167947828769684
167,0.1069377213716507,-0.09334835410118103
1578,0.05945102125406265,-0.07225005328655243
1540,0.050009436905384064,-0.07096613943576813
175,0.04265541955828667,-0.1387200504541397
172,-0.006182829849421978,-0.15044648945331573
348,-0.017870550975203514,-0.13793890178203583
173,0.11886345595121384,-0.08898109942674637
1527,0.07258027046918869,-0.06169949471950531
174,0.0016376092098653316,-0.1502540409564972
1504,0.0034138101618736982,-0.0985804945230484
183,0.03316884487867355,-0.15182417631149292
324,0.0358121283352375,-0.15261557698249817
176,0.09895120561122894,-0.0661638155579567
1780,0.07140342891216278,-0.0338982418179512
177,0.022114012390375137,0.16047167778015137
178,0.09586537629365921,0.10635744035243988
1630,0.06903602927923203,0.07157546281814575
318,-0.15703684091567993,-0.026562947779893875
193,-0.15254347026348114,0.009799478575587273
182,0.0988919585943222,-0.08872859925031662
195,0.10705672949552536,-0.09629128128290176
1221,0.04920920729637146,-0.07338384538888931
1393,-0.0861697569489479,-0.034408144652843475
185,0.11129933595657349,-0.09957021474838257
1502,0.06064029410481453,-0.07643068581819534
188,0.08727285265922546,0.1305019110441208
189,-0.007083837408572435,0.12622050940990448
349,0.010533944703638554,0.12782146036624908
350,0.0076420907862484455,0.1277230679988861
1799,-0.010079074651002884,0.08442195504903793
1800,-0.013195951469242573,0.08235597610473633
190,-0.0072306920774281025,0.12672169506549835
450,-0.0032769690733402967,0.11824258416891098
613,0.012587842531502247,0.08274088054895401
194,0.1126762256026268,-0.07708240300416946
1021,0.06761983036994934,-0.06493566185235977
196,-0.1466437727212906,-0.022936424240469933
417,-0.13766182959079742,-0.028390970081090927
1335,-0.09328223019838333,-0.026574617251753807
197,-0.14693555235862732,-0.03435618430376053
418,-0.11526304483413696,-0.05028599128127098
198,0.06820438802242279,0.1393645852804184
200,-0.12166845798492432,-0.0932706817984581
1194,-0.0729304850101471,-0.06975755095481873
201,0.06596972793340683,-0.06386038661003113
696,0.05035383626818657,-0.05553639307618141
1674,0.01393286231905222,-0.05208135396242142
202,0.0996801033616066,-0.07537484169006348
335,0.051220957189798355,-0.08090974390506744
203,0.015362828969955444,0.15304958820343018
1087,0.0019216574728488922,0.09433510899543762
204,-0.1422083079814911,-0.0104439165443182
206,-0.10894529521465302,-0.10431287437677383
375,-0.08246762305498123,-0.10365400463342667
1262,-0.07343194633722305,-0.0627950057387352
207,0.0482025109231472,0.15441831946372986
1104,0.02650526724755764,0.09569912403821945
208,-0.0368708036839962,-0.12784774601459503
599,-0.008810460567474365,-0.10631583631038666
209,0.06986262649297714,-0.12994393706321716
1319,0.04233803227543831,-0.08284679800271988
210,-0.14036700129508972,-0.021095048636198044
224,-0.14946988224983215,-0.01997765526175499
860,-0.08654642105102539,-0.030100511386990547
211,-0.15688124299049377,-0.021067878231406212
1652,-0.0988629087805748,-0.02629678137600422
213,-0.12651348114013672,-0.03330376371741295
754,-0.0848836749792099,-0.03774430975317955
1586,-0.07453525811433792,-0.03526864945888519
214,-0.131675586104393,-0.04561395198106766
215,-0.0998186394572258,-0.06163809075951576
216,-0.01598399505019188,0.12301426380872726
370,0.0054831234738230705,0.1223839670419693
372,0.005624555051326752,0.12211842089891434
713,-0.02446506731212139,0.0802139863371849
714,-0.025014780461788177,0.08072088658809662
218,-0.016061628237366676,0.1229260116815567
936,0.04249481484293938,0.07300897687673569
221,0.12533967196941376,-0.05955252796411514
222,0.12377188354730606,-0.0528700016438961
826,0.058889567852020264,-0.05176100879907608
293,0.07957693189382553,-0.06859753280878067
380,0.1301743984222412,-0.05164933204650879
223,0.09056008607149124,-0.12300249934196472
397,0.09630600363016129,-0.10994566977024078
225,0.03094949573278427,0.14853240549564362
226,-0.022211898118257523,0.123023122549057
381,-0.005440164357423782,0.11966322362422943
382,-0.0053251441568136215,0.1195811927318573
1237,-0.02340966835618019,0.08256696909666061
1360,-0.02433689497411251,0.08297858387231827
227,-0.022971494123339653,0.1221102625131607
228,-0.10640985518693924,-0.11047979444265366
1080,-0.06767292320728302,-0.07271382212638855
229,0.001264963299036026,0.15252280235290527
230,-0.08984779566526413,-0.10574230551719666
855,-0.05956313759088516,-0.07860712707042694
1697,-0.0600825659930706,-0.06777093559503555
231,-0.08396489918231964,-0.11908010393381119
281,-0.06757921725511551,-0.10985249280929565
232,-0.15067563951015472,0.021446749567985535
902,-0.09851676225662231,0.00712087145075202
233,0.05262959375977516,-0.13765691220760345
1340,0.03385518491268158,-0.09103499352931976
334,0.004974009934812784,-0.13852331042289734
1212,0.007954066619277,-0.09999973326921463
235,0.0879712775349617,0.12376803159713745
1195,0.06361106783151627,0.06751064956188202
236,-0.043452776968479156,-0.13290275633335114
884,-0.029778072610497475,-0.08996545523405075
987,-0.016810283064842224,-0.09609066694974899
238,0.002691247034817934,-0.14154985547065735
239,-0.013994557783007622,-0.12302914261817932
240,0.058324482291936874,0.11951214075088501
404,0.0409046895802021,0.11984165757894516
405,0.04083286225795746,0.11978323757648468
1770,0.051876552402973175,0.07770103216171265
1794,0.049860402941703796,0.07681014388799667
241,0.058420371264219284,0.11975676566362381
458,-0.010670038871467113,0.131299689412117
508,-0.020796779543161392,0.09230491518974304
629,0.023107748478651047,-0.08244359493255615
776,0.011446119286119938,0.08758561313152313
246,-0.14815488457679749,-0.009560620412230492
1234,-0.09788332879543304,-0.007911940105259418
248,0.0788215845823288,0.13648325204849243
961,0.0595860481262207,0.0813923254609108
249,-0.020780296996235847,-0.12286550551652908
1307,-0.002380893798545003,-0.08830256015062332
250,0.010324999690055847,-0.1332516372203827
1106,0.013108612969517708,-0.09226439148187637
1149,-0.0050967056304216385,-0.08553215116262436
251,0.043680839240550995,-0.13192839920520782
400,0.013870260678231716,-0.11729738116264343
252,0.0740523412823677,0.13854432106018066
253,0.049036070704460144,0.1496882140636444
969,0.029140478000044823,0.09208527207374573
254,0.1104048639535904,-0.07085473835468292
255,0.0701000913977623,-0.07683108001947403
1141,0.05759080499410629,-0.05114737153053284
595,0.06796779483556747,-0.04092315956950188
256,0.059447839856147766,0.1084456741809845
338,0.0794602483510971,0.0958208292722702
343,0.0794312059879303,0.09581901133060455
511,0.03901684284210205,0.07981321960687637
516,0.03831890970468521,0.07924334704875946
259,-0.033499397337436676,-0.14987017214298248
261,0.05529610440135002,-0.11620871722698212
1261,0.03770802542567253,-0.07954827696084976
1282,0.01880764216184616,-0.07803778350353241
262,0.07841134071350098,-0.10853197425603867
263,0.041468728333711624,-0.10555853694677353
264,-0.14249788224697113,0.002567761344835162
265,-0.1124708354473114,-0.02412826009094715
266,-0.09921380132436752,-0.12186755985021591
268,0.018847782164812088,-0.14834949374198914
457,0.003290388500317931,-0.13111455738544464
895,0.002275567501783371,-0.09721152484416962
683,0.015593082644045353,0.09221301972866058
271,0.04741543531417847,0.11947014182806015
419,0.06572769582271576,0.111979179084301
425,0.06516926735639572,0.11168034374713898
1412,0.029596863314509392,0.084103524684906
272,0.11112474650144577,-0.08630413562059402
1169,0.0639331042766571,-0.06235054135322571
273,0.06602725386619568,-0.09916333109140396
1441,0.03179394453763962,-0.07849202305078506
1456,0.012925525195896626,-0.07382457703351974
274,-0.04376913979649544,-0.1502779722213745
518,-0.03278731554746628,-0.09579827636480331
275,0.09353965520858765,-0.09042844921350479
391,0.06201716139912605,-0.09180887788534164
276,0.027094822376966476,-0.12332131713628769
277,-0.01690952479839325,-0.11053422093391418
278,0.06513728201389313,0.14422176778316498
279,0.07224364578723907,-0.1114453375339508
455,-0.0356307253241539,0.10331785678863525
1745,-0.008337164297699928,0.078217051923275
1746,0.016075581312179565,0.06985794007778168
332,-0.09298686683177948,-0.09970733523368835
284,-0.12726733088493347,-0.014437951147556305
1515,-0.07593060284852982,-0.02937518246471882
1676,-0.08309385180473328,-0.02103588357567787
285,-0.13245899975299835,-0.012097304686903954
329,-0.10195453464984894,-0.042058978229761124
978,-0.0659608393907547,-0.07596298307180405
287,0.025385450571775436,-0.09862688928842545
1279,0.022238917648792267,-0.05502953380346298
288,0.03256569057703018,-0.09463857859373093
1264,0.02598777413368225,-0.05226248875260353
289,0.10799593478441238,-0.10433986037969589
1752,0.06397736817598343,-0.07033373415470123
1294,-0.07433085143566132,-0.042749013751745224
291,0.08268684893846512,0.13780902326107025
292,0.11426664888858795,-0.05934888869524002
295,-0.0021098058205097914,0.12505419552326202
734,-0.025176752358675003,0.0944804921746254
873,-0.025772584602236748,0.09360096603631973
296,0.04961556941270828,0.14912208914756775
297,-0.003552743699401617,-0.15396004915237427
299,0.011004475876688957,0.15893273055553436
300,0.05587724968791008,0.1485113948583603
310,0.09551408141851425,0.0939774364233017
737,0.08595976233482361,0.04163840040564537
738,0.08552141487598419,0.04163024201989174
302,0.07375344634056091,0.1427023559808731
320,0.08142440766096115,-0.07571402937173843
1358,0.07799030840396881,-0.03763280436396599
304,0.0841350257396698,0.08835434913635254
306,0.0645330622792244,0.1030871719121933
315,0.06478334218263626,0.10060552507638931
976,0.06643485277891159,0.05079001188278198
1086,0.06778767704963684,0.051909785717725754
305,0.08408726751804352,0.08835379779338837
1147,0.04355031996965408,0.07508614659309387
307,-0.13673150539398193,0.03725525736808777
1708,-0.09786142408847809,0.009311770088970661
1402,0.042544133961200714,0.07313031703233719
552,0.02605767920613289,-0.08191360533237457
314,-0.09159258753061295,-0.005178214516490698
1493,-0.05715185031294823,0.008724638260900974
316,-0.08083963394165039,-0.07510446757078171
694,-0.05742765963077545,-0.03738740086555481
319,0.12058200687170029,-0.06782156229019165
321,-0.07205003499984741,-0.08734209090471268
1341,-0.052377380430698395,-0.04982193931937218
322,0.014791572466492653,-0.13632437586784363
989,0.025395657867193222,-0.07704921811819077
323,0.03736142814159393,-0.15030117332935333
325,-0.008463169448077679,0.15176573395729065
326,-0.14499719440937042,-0.023142775520682335
814,-0.09654293209314346,-0.02123817801475525
327,-0.025014983490109444,0.12811905145645142
1664,-0.006822987459599972,0.07155569642782211
330,-0.03243013098835945,0.11745856702327728
331,-0.11912330985069275,-0.09885802119970322
333,0.01966782473027706,-0.1547504961490631
1004,-0.0018165125511586666,-0.08735674619674683
337,0.09668859839439392,0.11622998118400574
344,0.05954007804393768,0.1088707372546196
1093,0.06371384859085083,0.05793531984090805
1094,0.06407547742128372,0.059653617441654205
339,-0.14661385118961334,0.0016865571960806847
1508,-0.09602870047092438,-0.0005019712843932211
340,0.025436822324991226,-0.15415848791599274
659,0.013500571250915527,-0.10056944191455841
585,0.030672376975417137,0.07078158110380173
1584,0.03137867897748947,0.07029220461845398
342,0.06963420659303665,0.10056579113006592
346,0.05048864707350731,0.10938999801874161
351,0.05018387734889984,0.10973155498504639
1668,0.04875681549310684,0.06618603318929672
1669,0.0491102859377861,0.06572479754686356
345,0.06957117468118668,0.10078662633895874
977,0.03157276287674904,0.077073834836483
546,0.0066769542172551155,0.09164927899837494
352,0.13352316617965698,-0.04321887344121933
958,0.08464536815881729,-0.042056724429130554
353,0.09859068691730499,0.10448754578828812
711,-0.0062985969707369804,-0.09587642550468445
355,0.02403862588107586,0.15561985969543457
356,0.04366019368171692,0.15301620960235596
358,0.06359464675188065,0.14650359749794006
359,0.09729224443435669,-0.10529613494873047
1107,0.055519845336675644,-0.07662902027368546
360,0.025186605751514435,0.1204657331109047
402,0.006475258618593216,0.13025252521038055
406,0.007570264860987663,0.13012944161891937
609,0.019557224586606026,0.08247977495193481
361,-0.036404892802238464,-0.12361396849155426
1518,-0.03483422100543976,-0.07123062759637833
362,0.08282525092363358,0.12448840588331223
363,-0.012439812533557415,0.11862695217132568
365,0.0035565763246268034,0.11667680740356445
371,0.003492991905659437,0.11634933948516846
759,-0.011140601709485054,0.07842367142438889
1037,-0.012347040697932243,0.07826291024684906
364,-0.01180820632725954,0.11906512826681137
780,0.0017210717778652906,0.07964223623275757
387,0.027666250243782997,0.1284850835800171
1317,-0.007117999251931906,0.09460074454545975
1400,-0.005771697964519262,0.09398394823074341
367,0.1299705058336258,-0.04808690398931503
1509,0.07444988936185837,-0.03261236473917961
369,0.0519893504679203,0.11507132649421692
1259,0.058182623237371445,0.06704328954219818
1260,0.05910278111696243,0.06698121875524521
509,0.009309421293437481,0.08711107820272446
373,0.11242058128118515,-0.043805982917547226
715,0.07479648292064667,-0.02952525205910206
968,-0.06751000136137009,-0.06779131293296814
376,-0.04542532563209534,-0.12584543228149414
443,-0.05224805697798729,-0.13734908401966095
1059,-0.041638825088739395,-0.08821096271276474
377,0.018628844991326332,0.1585022658109665
378,0.017704928293824196,0.15247565507888794
379,0.12062709778547287,-0.0632166862487793
990,-0.003200723323971033,0.0814342126250267
383,-0.047408197075128555,-0.1441880166530609
626,-0.03670301288366318,-0.0937054455280304
384,-0.07706480473279953,-0.061668384820222855
1534,-0.03364059329032898,-0.03697388619184494
385,-0.015597502700984478,-0.09332337230443954
1537,-0.0020011167507618666,-0.05111891031265259
388,0.04886549338698387,0.15418905019760132
392,0.04533781483769417,-0.13676929473876953
1098,0.03237508609890938,-0.0837775394320488
393,0.07482107728719711,-0.12875805795192719
396,0.08812890946865082,-0.12687323987483978
394,0.08127432316541672,0.13232076168060303
395,0.0270357858389616,-0.09128188341856003
889,0.022183211520314217,-0.04962185397744179
398,0.04231917858123779,-0.14093895256519318
1078,0.06590166687965393,0.06201253831386566
1344,0.06601881980895996,0.06227078288793564
407,0.025563372299075127,0.12082749605178833
548,-0.009234082885086536,0.08778315782546997
596,-0.008532721549272537,0.08699168264865875
1661,0.025245748460292816,0.08280162513256073
408,0.0011774440063163638,0.15342304110527039
409,0.09161869436502457,-0.12035097181797028
980,0.051707278937101364,-0.07950997352600098
410,0.02967633306980133,0.1563681960105896
411,-0.048211436718702316,-0.10479786992073059
1601,-0.03488840162754059,-0.05891399458050728
412,-0.05834696441888809,-0.10048610717058182
1602,-0.04341278597712517,-0.05838114768266678
413,0.08119583874940872,0.13675788044929504
1591,0.06306284666061401,0.0785943940281868
414,0.03776708245277405,0.15748627483844757
416,0.07968725264072418,0.1366523951292038
991,-0.08623620867729187,-0.029282785952091217
426,0.0469711534678936,0.11912589520215988
1346,0.052375853061676025,0.0678311139345169
1805,0.050337862223386765,0.06717441231012344
420,-0.007367490325123072,-0.15126578509807587
422,0.09371108561754227,0.12463848292827606
427,0.09235063940286636,0.1213516891002655
428,-0.114104263484478,-0.11113385111093521
1748,-0.0754309594631195,-0.07086489349603653
429,-0.08563025295734406,-0.06327719241380692
1342,-0.05905428156256676,-0.03172275796532631
430,-0.14784976840019226,0.031034870073199272
1809,-0.10038178414106369,0.01235528290271759
431,-0.10080660879611969,-0.10655107349157333
979,-0.0662170872092247,-0.06535440683364868
432,-0.0653582364320755,-0.12490328401327133
945,-0.03386776149272919,-0.07749871909618378
446,0.0029498764779418707,0.12326005846261978
1139,-0.020472964271903038,0.07657670974731445
1140,-0.019828803837299347,0.0774948000907898
434,-0.04370028153061867,-0.1388746201992035
1334,-0.01789381355047226,-0.08764178305864334
436,0.09714069217443466,0.0822344422340393
439,0.09386108070611954,0.10057390481233597
449,0.09536246210336685,0.09809476882219315
763,0.08549833297729492,0.0476868636906147
790,0.08322200179100037,0.04799381271004677
437,0.07942687720060349,0.12490740418434143
438,0.09695477038621902,0.0821954756975174
607,0.0696880966424942,0.07253145426511765
649,-0.07596985995769501,-0.02768208086490631
1531,-0.04614587128162384,-0.08659590035676956
444,0.05108460783958435,0.10102676600217819
451,0.043897707015275955,0.1142687052488327
462,0.0438372828066349,0.11431077122688293
1022,0.02783896028995514,0.059826433658599854
1067,0.02795545384287834,0.059998463839292526
447,0.0518314354121685,0.10062239319086075
448,0.09039991348981857,0.12678304314613342
1116,0.03311508148908615,0.08311529457569122
452,-0.15506449341773987,-0.009742630645632744
1384,-0.10102652758359909,-0.01340501382946968
453,-0.0720430463552475,-0.09123995155096054
1730,-0.05329778790473938,-0.04987703636288643
454,-0.07944993674755096,-0.0740610733628273
1735,-0.05521702021360397,-0.03623282536864281
1519,0.002366407075896859,-0.09565243124961853
459,0.016209177672863007,0.12004859745502472
461,0.02736920863389969,0.1242031455039978
466,0.02728455141186714,0.12432346493005753
1215,0.0016419114544987679,0.07325584441423416
1216,0.0027429386973381042,0.07477591186761856
460,0.015930157154798508,0.11986494809389114
619,0.019932817667722702,0.0871921107172966
463,-0.04146132990717888,-0.146295428276062
1463,-0.02825356274843216,-0.10091642290353775
675,-0.029108526185154915,-0.0943346619606018
467,0.08633656799793243,-0.10785026848316193
469,0.09097719192504883,0.9783509373664856
477,0.09210155159235,0.9903023838996887
470,-0.01756027154624462,-1.0
478,-0.01730348914861679,-0.9847850203514099
471,0.05541889742016792,0.17391528189182281
472,0.004523474257439375,0.15828411281108856
1631,0.08989356458187103,0.06298133730888367
473,0.15923438966274261,0.09325344860553741
1769,-0.02303270995616913,-0.07192184776067734
474,-0.05990666151046753,-0.14479868113994598
1767,-0.035242363810539246,0.08508831262588501
475,-0.07991321384906769,0.14789409935474396
1459,-0.03804710507392883,-0.0674290806055069
476,-0.09705619513988495,-0.12544074654579163
479,0.0018824776634573936,-0.060461148619651794
1132,-0.028113380074501038,-0.06563346087932587
1213,0.020248178392648697,-0.062428880482912064
1533,0.0012587393866851926,-0.0539093017578125
1813,-0.0013873388525098562,0.0005637514987029135
480,0.02145271748304367,-0.07908079773187637
1549,0.025180263444781303,-0.10489854216575623
481,-0.08826935291290283,-0.004990578629076481
881,-0.11222630739212036,-0.013921140693128109
482,0.0330517552793026,-0.07093551754951477
1126,0.0254187174141407,-0.09193796664476395
483,0.006168759427964687,0.07064238935709
484,0.03537122160196304,-0.02281559817492962
485,0.050503551959991455,0.05475654453039169
486,-0.05882112309336662,0.0027789906598627567
487,0.08598364889621735,-0.019560566172003746
690,0.09062811732292175,-0.03127417713403702
488,-0.0019687586463987827,0.0971025750041008
489,0.007721518166363239,0.1039264127612114
490,-0.02363135851919651,-0.0694316178560257
615,-0.014094140380620956,-0.07796484977006912
1060,-0.020417941734194756,-0.07416785508394241
1729,-0.041198793798685074,-0.04961924999952316
491,-0.09435778856277466,0.0037612507585436106
1641,-0.11717554926872253,-0.011331825517117977
492,0.032786015421152115,0.08246996998786926
493,-0.011705133132636547,0.06770099699497223
494,-0.014274933375418186,-0.04361889138817787
495,-0.031248414888978004,0.004873295314610004
496,-0.025696614757180214,-0.0848459005355835
712,-0.01985502429306507,-0.11064094305038452
497,0.053167350590229034,-0.013820704072713852
1438,0.03242726996541023,-0.02557431533932686
498,0.07866019010543823,-0.04584234952926636
1528,0.08239249885082245,-0.06761059910058975
499,0.0891232043504715,0.010262205265462399
580,0.08957444131374359,0.009903843514621258
500,0.0587768517434597,-0.03850514441728592
782,0.044880211353302,-0.053289491683244705
783,0.0612841472029686,-0.03300642594695091
786,0.04977145418524742,-0.049954917281866074
787,0.06352280080318451,-0.03723996877670288
1577,0.06070972979068756,-0.042629048228263855
501,0.00656883092597127,-0.08107753098011017
1505,0.0035539502277970314,-0.10637501627206802
502,-0.010373883880674839,0.026284461840987206
539,-0.01907365955412388,0.035689517855644226
556,-0.017178017646074295,0.03667633607983589
821,0.013064736500382423,-0.008592580445110798
503,-0.05454643815755844,-0.043654076755046844
944,-0.06773235648870468,-0.037007782608270645
1000,-0.04639799892902374,-0.036304064095020294
1404,-0.035087257623672485,-0.06891833990812302
504,0.06591822952032089,0.06335225701332092
505,0.06192684546113014,0.07556430995464325
506,0.01979343593120575,0.08197803795337677
507,-0.0376785583794117,-0.009702478535473347
510,0.06290862709283829,0.06338274478912354
512,0.05967271327972412,0.07392281293869019
513,-0.030366698279976845,-0.041697338223457336
514,0.051222559064626694,0.07214885950088501
515,0.04806221276521683,0.08187542110681534
517,-0.05703798308968544,0.04937697574496269
525,-0.07759447395801544,0.029917551204562187
874,-0.052828557789325714,0.05321943759918213
896,-0.07347056269645691,0.029617905616760254
898,-0.05398416891694069,0.04408661276102066
728,-0.027490880340337753,-0.10918056219816208
1065,-0.0473310649394989,-0.0682930275797844
519,-0.01932026818394661,-0.0360724963247776
815,-0.024762097746133804,-0.04280123859643936
1742,-0.03014203906059265,-0.0336112454533577
520,0.021331077441573143,0.09087327867746353
521,0.02102316915988922,-0.024285417050123215
847,0.043006159365177155,0.01692727766931057
992,0.039958782494068146,0.006537423003464937
1057,-0.025156565010547638,-0.10193642228841782
522,0.0535493902862072,-0.02647537551820278
661,0.06895570456981659,-0.06517797708511353
523,0.046503838151693344,0.05312621593475342
524,-0.010672173462808132,0.08994052559137344
897,-0.057040855288505554,0.049424994736909866
1640,-0.11802764236927032,-0.01131204329431057
526,-0.0007696537068113685,0.10231790691614151
527,-0.05940132588148117,0.05756792798638344
775,-0.06504102051258087,0.05095736309885979
528,0.012839436531066895,0.08061893284320831
529,0.036909375339746475,0.05660826712846756
530,-0.04289437457919121,-0.030656075105071068
531,-0.08690785616636276,0.03156733140349388
1600,-0.11171720921993256,0.007610533386468887
532,0.06178131327033043,-0.04625315964221954
533,0.019016629084944725,0.06187288090586662
534,-0.04831176623702049,-0.010887150652706623
535,-0.0933467373251915,0.0002162789460271597
536,-0.04430577531456947,0.004671674221754074
537,0.00043056151480413973,-0.027031579986214638
538,0.05452965572476387,-0.06513512879610062
1580,0.06540265679359436,-0.0870245173573494
571,0.00017173992819152772,-0.009551460854709148
770,-0.022501176223158836,0.026715461164712906
1103,-0.00427800789475441,0.04264437034726143
540,-0.008481328375637531,0.07791317999362946
541,0.03939170762896538,-0.021231194958090782
542,0.041258953511714935,0.06351321935653687
543,-0.045094773173332214,-0.06345383077859879
544,-0.05972026288509369,-0.05309880152344704
885,-0.04837355762720108,-0.06431204080581665
547,-0.08277492970228195,-0.00617024302482605
1331,-0.0996779128909111,-0.01414241548627615
1483,-0.045993100851774216,0.05563487857580185
549,0.04388515278697014,0.08628059923648834
550,0.039911165833473206,0.09490638971328735
551,0.06578002125024796,0.01946544647216797
1077,0.07724060118198395,0.024407589808106422
1343,0.07490016520023346,0.025018751621246338
1439,0.05092690512537956,0.007964699529111385
566,0.008919939398765564,-0.08517353981733322
553,0.037928029894828796,0.06947743147611618
554,0.03963201865553856,0.08610126376152039
555,-0.0009899039287120104,0.08824050426483154
557,-0.0035689922515302896,0.0689205452799797
1373,-0.006099196150898933,0.07026457786560059
1693,-0.050243694335222244,0.03655439615249634
560,0.007562055252492428,0.08316861093044281
561,0.018396498635411263,0.0976821780204773
562,0.03332819044589996,0.060326676815748215
563,-0.04290787875652313,-0.01561665441840887
564,-0.05089748278260231,0.06133802607655525
939,-0.053406890481710434,0.07083471864461899
1241,-0.05316508561372757,0.07009408622980118
1606,-0.04834127426147461,0.045300375670194626
565,-0.07457982748746872,-0.04925070330500603
999,-0.08767519891262054,-0.06730695813894272
567,0.034304291009902954,0.08201655000448227
568,0.0026451493613421917,0.08914665877819061
569,-0.07086405903100967,0.03443825989961624
1589,-0.08202657848596573,0.03763558715581894
570,0.020179085433483124,-0.039718128740787506
1218,0.019321762025356293,-0.04746662452816963
1637,0.02959665097296238,-0.09335372596979141
573,0.050907477736473083,0.051760219037532806
767,0.007890076376497746,0.014837446622550488
985,0.04410037398338318,0.05475073680281639
574,-0.0010436774464324117,-0.017575036734342575
800,0.0016253641806542873,-0.03377464786171913
1407,-0.04757562279701233,-0.015800053253769875
575,0.020273393020033836,0.026682645082473755
632,0.03422144800424576,0.006008057855069637
802,0.05113239213824272,6.197242328198627e-05
947,0.0401313416659832,0.021959438920021057
576,0.07906270772218704,0.036940108984708786
577,0.08479011058807373,0.04533455893397331
636,-0.03898375853896141,-0.018135424703359604
655,-0.04739541932940483,-0.020805565640330315
579,0.07543683052062988,0.06503899395465851
581,-0.08185162395238876,0.041935995221138
1284,-0.09710842370986938,0.022745981812477112
582,-0.0713215097784996,-0.05772349238395691
1750,-0.08154409378767014,-0.08179079741239548
583,0.0625724270939827,-0.0256175734102726
589,0.03081124648451805,0.020305069163441658
586,-0.017049888148903847,-0.0838932991027832
587,0.024153348058462143,0.08524789661169052
588,-0.0628206878900528,0.04402678832411766
590,0.03144271299242973,0.012244554236531258
682,0.033448122441768646,-0.026262929663062096
803,0.028345992788672447,0.008767597377300262
1588,0.039618268609046936,0.02404523454606533
1062,0.023742973804473877,-0.009952877648174763
1583,0.03326473385095596,0.019922558218240738
591,0.0749756246805191,-0.006786017213016748
975,0.06512276083230972,-0.0017761903582140803
1074,0.059155091643333435,-0.02845008112490177
1085,0.06431442499160767,-0.0014608410419896245
592,0.06738398224115372,0.0028404078911989927
907,0.04849940165877342,-0.041820280253887177
593,0.03738805279135704,0.0744817778468132
594,-0.08559565246105194,0.005884166341274977
1444,-0.10507620871067047,-0.0052100494503974915
1201,0.044237684458494186,-0.050493527203798294
1487,-0.046378012746572495,0.05400414392352104
597,0.017847148701548576,-0.0833415687084198
820,0.02211621031165123,-0.10683133453130722
598,0.0232570581138134,-0.01730022206902504
628,-0.019167648628354073,-0.07886699587106705
600,0.013242571614682674,-0.030584685504436493
601,0.00143931875936687,-0.019809097051620483
1594,-0.019833160564303398,-0.024375753477215767
602,0.08129693567752838,-0.022438563406467438
646,0.09054718911647797,-0.03428948298096657
603,0.06724816560745239,-0.025900596752762794
604,0.028960037976503372,0.07680640369653702
605,0.03312714770436287,-0.03960689902305603
1112,0.03710809350013733,-0.03431651368737221
606,0.011655555106699467,0.0823446586728096
608,-0.030101878568530083,-0.03604663908481598
846,-0.017514484003186226,-0.029781147837638855
610,-0.05566933751106262,-0.04527276009321213
676,-0.07059202343225479,-0.043463334441185
611,-0.08368299156427383,0.028139065951108932
1367,-0.08836470544338226,0.026330580934882164
612,-0.0219715666025877,0.09152654558420181
614,-0.07183258980512619,-0.05711136758327484
1749,-0.08692584931850433,-0.07941517233848572
1119,-0.00977372843772173,-0.07571746408939362
616,0.043703194707632065,0.06257828325033188
617,-0.09054340422153473,0.026294710114598274
1810,-0.10742620378732681,0.015613505616784096
618,0.042136430740356445,-0.01983761228621006
620,0.05745319277048111,-0.016791023313999176
779,0.0689171627163887,-0.05292594060301781
621,0.05222735553979874,-0.017871052026748657
641,0.044082097709178925,-0.02745790220797062
622,-0.07071415334939957,0.023035485297441483
1758,-0.07560151815414429,0.02311747334897518
623,0.038414519280195236,0.08055818825960159
624,0.020771479234099388,0.05304888263344765
633,0.049488868564367294,0.034893471747636795
1368,-0.008717112243175507,0.04929165542125702
625,-0.04143445938825607,-0.06657323986291885
1272,-0.02090524509549141,-0.05251065641641617
840,-0.02504306100308895,-0.10514792799949646
627,-0.06296832114458084,-0.04457518830895424
1091,-0.052666712552309036,-0.058511603623628616
1557,-0.0035384062211960554,-0.08377697318792343
630,-0.04702221602201462,-0.017043130472302437
631,0.04265362396836281,0.07317700982093811
1654,0.01955968141555786,0.02657528966665268
789,0.078307144343853,0.02930491603910923
1596,0.07791611552238464,0.029988417401909828
634,0.043963491916656494,0.05738962069153786
635,-0.08027511835098267,0.020341280847787857
1329,-0.10100886225700378,-0.009040318429470062
637,-0.04814646393060684,0.011343910358846188
707,-0.015437068417668343,0.006780508439987898
638,-0.08761313557624817,0.009117770940065384
639,-0.04261099919676781,-0.07253547757863998
1134,-0.044250667095184326,-0.08057527244091034
640,0.04983853921294212,-0.01542890165001154
799,-0.0259229838848114,-0.019590949639678
1719,0.049018412828445435,-0.050354551523923874
642,-0.015764640644192696,-0.0710611492395401
1701,-0.005039334762841463,-0.07414235919713974
643,-0.044751644134521484,-0.018560029566287994
644,-0.014198078773915768,0.08373207598924637
645,-0.0015863444423303008,0.08359922468662262
647,-0.006655453704297543,0.09068916738033295
648,0.08673225343227386,-0.024883650243282318
1232,0.09928424656391144,-0.038289785385131836
1061,-0.07114227861166,-0.045012377202510834
650,0.004156678449362516,0.09483279287815094
651,0.013174439780414104,0.09846041351556778
652,-0.06952985376119614,-0.027914172038435936
653,0.041163019835948944,0.054645366966724396
654,-0.000842259090859443,-0.054392505437135696
1348,-0.02829851768910885,-0.03489470109343529
1721,0.01621229387819767,-0.05611162260174751
656,0.0508386604487896,0.08113382011651993
657,0.044570788741111755,0.09246017783880234
658,-0.048900604248046875,-0.04809882864356041
720,-0.05652403458952904,-0.05479695275425911
1109,-0.053037129342556,-0.05242574214935303
894,0.004103492479771376,-0.07821565121412277
1582,0.025496158748865128,-0.10746262967586517
660,0.07070933282375336,-0.044481005519628525
1465,0.07723639160394669,-0.06581743061542511
662,-0.061987824738025665,0.02543770894408226
664,-0.03126954287290573,-0.027037760242819786
983,-0.010425842367112637,0.006335065234452486
666,-0.004316461738198996,-0.03832243010401726
1480,0.020963257178664207,-0.04192952439188957
668,0.03777617588639259,0.06097930297255516
879,0.029298052191734314,0.05872252583503723
669,0.07812570035457611,-0.04596862196922302
1529,0.07981523126363754,-0.07025817781686783
670,-0.02622091956436634,-0.08625823259353638
671,0.04040929675102234,-0.06134132668375969
1027,0.041905131191015244,-0.04792381078004837
672,0.07377985864877701,0.030826779082417488
673,0.07119975239038467,0.03912864997982979
1595,0.08571234345436096,0.02098899707198143
674,-0.06016257777810097,0.0056761931627988815
928,-0.08865392208099365,-0.06545113027095795
943,-0.04508526995778084,0.035647518932819366
1359,-0.044476352632045746,0.037500347942113876
677,-0.10090763866901398,-0.01486247032880783
678,-0.01536680106073618,0.03981274738907814
679,0.006728464737534523,0.03171813488006592
1036,-0.0022716387175023556,0.037610478699207306
1161,-0.0020194894168525934,0.03760853782296181
1205,0.03747934848070145,0.013270809315145016
680,0.008134689182043076,0.04418143630027771
1160,0.025748083367943764,0.0008431344758719206
681,0.00723907258361578,0.06552742421627045
1728,0.030693983659148216,-0.06193903833627701
684,0.05599841848015785,-0.0490877702832222
1682,0.04422643408179283,-0.08973730355501175
685,-0.026026271283626556,-0.025319144129753113
1257,-0.019768305122852325,-0.01798626407980919
686,-0.06025616452097893,0.06894194334745407
687,-0.040153056383132935,0.07207617908716202
960,-0.06951059401035309,0.050004471093416214
688,0.021068541333079338,0.06504866480827332
691,-0.011129979975521564,-0.06862323731184006
809,-0.0007591381436213851,-0.07372626662254333
692,-0.05262427777051926,0.05744701251387596
733,-0.05397261679172516,0.07086869329214096
1291,-0.054337311536073685,0.06756404787302017
1445,-0.04587625712156296,0.04043133929371834
850,-0.040207598358392715,-0.022095127031207085
695,0.06143634021282196,0.046205975115299225
1597,0.08269947022199631,0.02650574781000614
698,0.029372716322541237,-0.03214605897665024
1184,0.011086689308285713,-0.032122060656547546
699,0.021281201392412186,-0.02868945151567459
824,0.0260420273989439,-0.035596851259469986
701,0.07032259553670883,-0.05219662934541702
1337,0.0722552165389061,-0.0749731957912445
702,-0.0076113552786409855,0.0669112354516983
703,0.08339790999889374,0.04982992634177208
704,0.0749962255358696,0.07153498381376266
705,-0.05289820581674576,-0.00264038797467947
1547,-0.039360567927360535,-0.0056856414303183556
708,-0.021324682980775833,0.01375911571085453
1371,-0.02937072142958641,-0.016360174864530563
709,-0.012538669630885124,0.042368531227111816
710,-0.06865517050027847,0.03710959851741791
1562,-0.0693853572010994,0.04559799283742905
1768,-0.01834869384765625,-0.08351429551839828
717,-0.03212669491767883,-0.0028608625289052725
718,0.042360834777355194,-0.06996486335992813
719,0.07684279978275299,-0.02861233986914158
856,0.06704705953598022,-0.02335239201784134
721,-0.03015226684510708,-0.07196066528558731
722,-0.020375443622469902,0.09733109921216965
723,0.07349678128957748,-0.07210054993629456
724,-0.012882555834949017,0.10170072317123413
725,0.05368383973836899,-0.0595778189599514
1775,0.0535091869533062,-0.07414139062166214
726,-0.05984894931316376,0.0027086378540843725
903,-0.057995520532131195,-0.07599680870771408
1003,-0.04266577586531639,-0.06688418984413147
729,0.012424631975591183,-0.040135208517313004
1788,-0.0006816111854277551,-0.03736149147152901
730,-0.006767676677554846,-0.04990685358643532
731,-0.04948945716023445,0.03998703882098198
1069,-0.06013097986578941,0.010191255249083042
732,-0.044147998094558716,-0.055787403136491776
805,-0.010694058611989021,-0.06699124723672867
807,-0.03995073214173317,-0.07120401412248611
1089,-0.04487866535782814,0.07224845886230469
1290,-0.07240953296422958,0.047769300639629364
1292,-0.05823216959834099,0.06046804413199425
735,-0.08686219155788422,0.0024156325962394476
1163,-0.11028381437063217,-0.013511162251234055
736,0.057271599769592285,0.0010117144556716084
816,0.04866794869303703,-0.02695745788514614
864,0.05759919434785843,0.007210183888673782
877,0.05027312785387039,0.0021877598483115435
1293,0.041337694972753525,-0.035164956003427505
1432,0.08311586081981659,0.016841338947415352
1434,0.0817875936627388,0.016016384586691856
1042,-0.06955030560493469,-0.047510821372270584
740,-0.08262978494167328,0.019574487581849098
741,0.04438900202512741,-0.0683257058262825
1320,0.04873371124267578,-0.09022443741559982
742,-0.08555371314287186,0.01231851615011692
1269,-0.07940765470266342,0.011158451437950134
743,0.01246685441583395,-0.05622551217675209
937,-0.03352634236216545,-0.04609670862555504
744,-0.05584575608372688,0.04876809939742088
1482,-0.06449291855096817,0.033079370856285095
745,-0.03078056313097477,0.05690078064799309
746,-0.06032409146428108,-0.031070901080965996
1289,-0.06993356347084045,-0.007326794788241386
1666,-0.06602247059345245,-0.05121319741010666
747,-0.0060833534225821495,0.0028185441624373198
1535,-0.01109375711530447,-0.027807094156742096
748,0.054267607629299164,0.008365283720195293
1076,0.02632034383714199,0.027207205072045326
1710,0.02662026695907116,0.02685454487800598
749,0.01785062998533249,-0.08412180840969086
750,-0.08369097113609314,-0.006949857342988253
751,0.003713562386110425,-0.033359501510858536
1073,-0.0015460971044376493,0.0016666577430441976
752,0.0694144144654274,0.02052396349608898
1382,0.06488386541604996,-0.008775006048381329
753,-0.04669780284166336,-0.05082574486732483
942,-0.061667222529649734,-0.056949153542518616
1172,-0.05938459932804108,-0.01557895913720131
1174,-0.06393319368362427,-0.019792186096310616
755,0.05920245125889778,0.06483639031648636
756,0.05656726285815239,0.0795794427394867
757,0.07392910122871399,-0.03413892537355423
758,-0.0896403044462204,-6.666972331004217e-05
861,-0.11279167979955673,-0.010450834408402443
760,-0.003744543297216296,-0.002833981066942215
761,-0.003257752861827612,0.013623449020087719
766,-0.024987557902932167,-0.019320480525493622
1066,-0.004409287124872208,0.014477440156042576
762,-0.036510467529296875,-0.01988394372165203
764,0.007422865368425846,0.0979895070195198
765,0.017999939620494843,0.10313171148300171
1171,-0.07840777933597565,-0.08134015649557114
768,-0.03598790243268013,0.008680932223796844
769,-0.03498806804418564,0.007809869945049286
771,-0.015625249594449997,0.04979010298848152
772,-0.06013990566134453,0.06849834322929382
774,-0.06924284994602203,0.053785741329193115
784,-0.05489885434508324,0.06184706464409828
773,0.036182232201099396,-0.05075875297188759
822,0.03012334741652012,-0.06733603030443192
1016,0.014066138304769993,-0.06494991481304169
1811,-0.10909561067819595,0.020025556907057762
1064,-0.035236865282058716,0.0708911344408989
777,0.004861167632043362,-0.06311140954494476
1130,0.011511475779116154,-0.06189636513590813
778,0.07205351442098618,-0.03823480382561684
1489,0.07451771944761276,-0.05080277845263481
781,-0.04494815319776535,0.066862553358078
785,-0.04385749250650406,0.06493543833494186
788,0.01625252142548561,0.08652947098016739
791,0.06219740957021713,-0.015547444112598896
792,-0.06636249274015427,0.04224345460534096
1791,-0.07252354919910431,0.04489796608686447
793,-0.03993406519293785,-0.03548324108123779
1755,-0.01384501252323389,-0.05620553717017174
1756,-0.021696122363209724,-0.04125708341598511
1757,-0.03881479427218437,-0.041885681450366974
1760,-0.0255490243434906,-0.05949530750513077
1761,-0.03913169354200363,-0.046189118176698685
794,-0.02943381480872631,-0.03153596445918083
795,0.005623989272862673,-0.08128497749567032
1506,-0.0059264954179525375,-0.10280971229076385
797,-0.056383296847343445,-0.017582967877388
1271,-0.05315917357802391,-0.022888116538524628
798,-0.0306659284979105,0.06238875165581703
1220,-0.05868753045797348,0.05625898018479347
801,0.04646487161517143,0.0389334112405777
1765,0.08933898061513901,-0.043296389281749725
804,0.04447413235902786,-0.0022311778739094734
1135,0.015218686312437057,-0.019133228808641434
1345,0.04085981100797653,0.013675780966877937
1804,0.038544271141290665,0.013392128050327301
806,-0.00030971263186074793,-0.07049263268709183
808,-0.02197081968188286,-0.07443542778491974
810,0.05385672301054001,0.07368750125169754
811,0.04939925670623779,0.0865672156214714
812,-0.014960622414946556,0.05704067647457123
813,-0.07879047095775604,0.0013812643010169268
1206,-0.07454334199428558,0.013415144756436348
817,0.05695882439613342,0.00047913595335558057
917,-0.04264162480831146,0.05972706526517868
915,-0.0429825559258461,0.06367000192403793
1647,0.03275037929415703,-0.0615130215883255
825,-0.016991620883345604,0.005915905348956585
1733,-0.040340606123209,-0.024147626012563705
924,0.0025834653060883284,-0.047961004078388214
827,-0.08677459508180618,0.0031881260219961405
1136,-0.10204792022705078,-0.017439039424061775
828,-0.0015033729141578078,-0.06756608933210373
883,-0.020480245351791382,-0.061614952981472015
1353,-0.0035111831966787577,-0.061875537037849426
1634,-0.032338809221982956,-0.06392872333526611
829,0.01144722942262888,0.0875835046172142
830,0.006950583308935165,0.031748175621032715
832,0.047345295548439026,0.0500803142786026
1177,0.04999581351876259,0.049979813396930695
833,-0.06358557939529419,-0.004362153820693493
981,-0.047073736786842346,0.03089170902967453
1552,-0.047784097492694855,0.03066527657210827
834,0.0013707701582461596,0.04656875506043434
1711,0.006477478891611099,0.025928854942321777
835,-0.017460400238633156,-0.04942212253808975
836,-0.008419441990554333,-0.05829022079706192
1743,-0.010273361578583717,-0.054473649710416794
838,0.0231429785490036,-0.10396523028612137
1523,-0.021922340616583824,-0.06322202831506729
839,-0.030081700533628464,-0.08112333714962006
841,-0.06507613509893417,-0.016764601692557335
1006,-0.07226969301700592,-0.01780235394835472
1049,-0.055236492305994034,-0.042874015867710114
842,-0.071634940803051,-0.013320312835276127
1046,-0.06094308942556381,-0.03990687429904938
1612,-0.06879064440727234,-0.018235744908452034
844,0.05742830038070679,-0.004979155492037535
845,0.04438389837741852,0.030427657067775726
1295,-0.03222641721367836,-0.037452392280101776
848,0.01217735093086958,-0.04833810403943062
1496,0.002123492071405053,-0.04174879565834999
1776,-0.01589595153927803,-0.06023898720741272
851,-0.014403863810002804,0.005653037689626217
1740,-0.016180405393242836,-0.06244578957557678
853,0.021699154749512672,-0.005152859725058079
1381,-0.037784408777952194,0.01821017637848854
854,0.07322649657726288,-0.005707003176212311
1246,0.06615997105836868,0.020677266642451286
1532,0.07823149859905243,-0.029431572183966637
1796,0.07105390727519989,0.033201757818460464
1642,0.05082128196954727,-0.019916696473956108
1643,0.0673760399222374,-0.015123170800507069
1644,0.05160161107778549,-0.04056103900074959
1645,0.07098019868135452,-0.024866292253136635
1659,0.060375750064849854,-0.030027735978364944
857,-0.062379997223615646,0.058804064989089966
1164,-0.06925893574953079,0.040458884090185165
1316,-0.049957241863012314,0.06459294259548187
1399,-0.049038033932447433,0.06318355351686478
858,-0.04548409581184387,0.06582482904195786
1219,-0.07142387330532074,0.040965039283037186
1608,-0.00954923965036869,-0.07937000691890717
862,0.03835706412792206,0.004216195549815893
876,0.012462060898542404,0.02829044684767723
863,0.05850434675812721,-0.010399676859378815
866,0.026995303109288216,0.06345418840646744
1366,0.026310456916689873,0.06269518285989761
1784,0.059003476053476334,0.03654308244585991
867,0.018358109518885612,0.027729930356144905
868,-0.019651373848319054,0.06350613385438919
869,-0.017324980348348618,-0.0897056832909584
1338,-0.02832467295229435,-0.06529884785413742
870,-0.0011187703348696232,0.06724732369184494
871,0.048186901956796646,0.021744003519415855
1025,0.06796783953905106,0.006075677927583456
872,-0.059397995471954346,-0.020705418661236763
880,-0.07266636937856674,-0.007262836676090956
875,0.004612722899764776,0.038751497864723206
974,0.013628402724862099,0.04411618411540985
1617,0.030120186507701874,0.00606344360858202
1619,0.0018864490557461977,0.028712457045912743
1618,0.004188300110399723,0.03829989582300186
878,0.005091709550470114,0.08495505899190903
882,-0.004815892316401005,-0.06043918803334236
1627,-0.024203458800911903,-0.06714620441198349
886,0.06130334362387657,-0.03609104081988335
1428,0.008225304074585438,-0.03198183700442314
888,0.021463477984070778,-0.07905702292919159
890,0.0836053192615509,-0.0037726950831711292
1422,0.08065199851989746,0.001157715218141675
891,0.03820222243666649,-0.059438157826662064
892,0.05533942952752113,-0.043008774518966675
1122,0.047834113240242004,-0.04543199762701988
893,0.03814850375056267,-0.048256464302539825
1121,0.05399883911013603,-0.03284640610218048
1501,0.05706242099404335,-0.04414208605885506
1014,-0.007014968432486057,-0.07337309420108795
1417,-0.008322666399180889,-0.07630078494548798
899,-0.036255884915590286,-0.02779994159936905
900,-0.05490127578377724,-0.0004301131411921233
1189,-0.013513798825442791,0.004039459396153688
901,-0.06531073153018951,-0.004609317518770695
1301,-0.11167703568935394,0.011185781098902225
904,-0.048147059977054596,0.0014321553753688931
1023,-0.04225315898656845,0.02977229841053486
1386,-0.03606409579515457,0.04043736308813095
905,-0.008204112760722637,0.01237915363162756
916,-0.034712422639131546,0.0458916611969471
906,0.018306568264961243,-0.09101042151451111
1689,0.04019588977098465,-0.06511563062667847
910,0.028759654611349106,-0.024702195078134537
1484,0.008364023640751839,-0.027904456481337547
911,0.07826561480760574,0.019437048584222794
1479,0.08160407841205597,0.0014073984930291772
912,0.05459900572896004,0.0446438193321228
913,0.025012420490384102,-0.029657885432243347
1028,0.026979118585586548,-0.01684110425412655
914,-0.049706269055604935,0.05341211333870888
1113,-0.053547684103250504,0.055091697722673416
1328,-0.06333544105291367,0.0379033125936985
1413,-0.038442179560661316,0.06413999199867249
918,0.011887986212968826,0.07255382835865021
919,-0.017365941777825356,0.04783632233738899
1118,-0.02795468643307686,0.022386593744158745
1311,0.06916714459657669,0.012870321050286293
1013,0.06999000906944275,0.012625847943127155
922,-0.07740630209445953,0.034083057194948196
1251,-0.07692506909370422,0.03877154737710953
923,-0.08036653697490692,0.021305786445736885
1268,-0.07408439368009567,0.019589519128203392
1392,-0.07751911878585815,0.0013494614977389574
926,-0.01563713140785694,0.08671462535858154
927,-0.009367390535771847,0.09464438259601593
929,-0.02604515664279461,0.03805531561374664
930,-0.016993029043078423,0.022898109629750252
932,-0.020088234916329384,-0.019212357699871063
1395,-0.012741507962346077,-0.014617986045777798
1475,-0.0037365364842116833,0.029248526319861412
931,0.03156238794326782,0.07696334272623062
1117,-0.017583588138222694,0.023602256551384926
933,-0.025131486356258392,0.049181826412677765
1365,-0.04889300465583801,0.02668364718556404
934,-0.004015940707176924,0.08748611807823181
935,0.009819837287068367,0.09697083383798599
1511,-0.05442960187792778,-0.04101745784282684
1512,-0.04879231005907059,-0.029586657881736755
1513,-0.032444532960653305,-0.05320683866739273
1516,-0.058362413197755814,-0.04544363170862198
1517,-0.04651797190308571,-0.04119257256388664
938,-0.09055683016777039,0.026174481958150864
1034,-0.05958528071641922,0.06114819273352623
940,-0.06810060888528824,-0.05774376541376114
941,-0.07985976338386536,-0.07492023706436157
946,-0.07753618061542511,-0.040018148720264435
1166,-0.07901434600353241,-0.02019873820245266
948,0.0553862527012825,-0.05818256735801697
1774,0.052811913192272186,-0.07144134491682053
1694,-0.004831649363040924,-0.028674952685832977
1155,-0.021533040329813957,-0.033781010657548904
951,-0.06016165018081665,-0.035180285573005676
952,-0.07326299697160721,-0.012872007675468922
1443,-0.06756512820720673,-0.017137546092271805
953,-0.047707874327898026,-0.041224684566259384
954,-0.06837457418441772,-0.013127136044204235
955,0.02842033840715885,0.03274308890104294
956,0.05512474104762077,0.0647164136171341
957,0.08303451538085938,-0.01704454980790615
1305,0.08638956397771835,-0.01279167365282774
959,0.04875412583351135,0.07848503440618515
1598,-0.08396997302770615,0.03544946387410164
1747,0.03661596402525902,0.056742504239082336
962,0.03549320250749588,-0.057659491896629333
1288,0.020799044519662857,-0.03440557047724724
963,-0.04694074019789696,0.019148804247379303
1759,-0.0633380338549614,0.02020576409995556
964,0.00027764285914599895,0.00323002808727324
965,0.034542955458164215,-0.06068333983421326
1009,0.011696357280015945,-0.06894012540578842
966,0.0043147108517587185,0.07017910480499268
967,0.017125409096479416,0.06952987611293793
970,0.022187568247318268,0.06596963852643967
972,0.017996886745095253,0.06954093277454376
973,-0.007154915947467089,0.03786381334066391
1192,0.0639437586069107,-0.08839530497789383
1364,-0.06490451097488403,-0.000659565906971693
984,0.03469911962747574,0.06479959934949875
986,0.07065132260322571,0.06710809469223022
988,0.048098038882017136,-0.04955218732357025
1129,0.04531977325677872,-0.045414019376039505
993,0.030403733253479004,0.03625033050775528
994,0.04884777218103409,-0.03421076014637947
1026,0.05158696323633194,-0.03636565059423447
1408,0.03116145171225071,-0.05863894522190094
1491,0.0390738919377327,-0.03152454271912575
1286,0.08133789151906967,-0.018591074272990227
996,0.04209428280591965,0.030676187947392464
997,0.04239911586046219,0.004314561374485493
1017,0.06220533326268196,0.011397565715014935
998,-0.07570625096559525,-0.05028100684285164
1001,-0.02711370773613453,-0.02569320984184742
1458,-0.06678349524736404,-0.04002951830625534
1495,-0.01892796717584133,-0.02719873934984207
1592,-0.028287328779697418,-0.03852242976427078
1593,-0.034637201577425,-0.023344438523054123
1771,-0.05483977496623993,-0.012276474386453629
1002,0.026951361447572708,-0.03415294364094734
1007,0.024830123409628868,0.040664348751306534
1011,0.001505209133028984,-0.04549426957964897
1684,-0.023431990295648575,-0.02914571948349476
1010,0.008075342513620853,0.08079960942268372
1012,0.008750857785344124,0.09082780033349991
1312,0.05669991672039032,0.01124488189816475
1681,0.06129777058959007,-0.0221711378544569
1715,0.0702979564666748,0.020263390615582466
1415,-0.02815147116780281,-0.07628558576107025
1416,-0.017643434926867485,-0.07125556468963623
1418,-0.016742514446377754,-0.07080497592687607
1419,0.003269560169428587,-0.06872741132974625
1144,0.006141675170511007,-0.04134334251284599
1133,-0.007880713790655136,-0.06695391237735748
1173,-0.05042874440550804,-0.03359643742442131
1019,0.07680759578943253,-0.013768007978796959
1095,0.08190607279539108,-0.00740585895255208
1096,0.0815325677394867,-0.007810008712112904
1142,0.07340454310178757,-0.02133714221417904
1778,0.07305606454610825,-0.010469186119735241
1779,0.07328170537948608,-0.0150986909866333
1354,0.034207142889499664,-0.05155755206942558
1024,-0.004480525851249695,0.08123485743999481
1032,0.06601886451244354,0.029556840658187866
1029,0.06286709755659103,0.018476534634828568
1030,0.05281161516904831,0.02957821451127529
1031,0.07216230034828186,0.004729301668703556
1033,0.052729882299900055,0.0296030230820179
1035,-5.73284933125251e-06,-0.058384254574775696
1695,-0.023864559829235077,-0.052705466747283936
1309,-0.004176695365458727,0.02826014906167984
1038,-0.08278718590736389,-0.03525151312351227
1039,0.01562861166894436,0.03886043280363083
1040,0.01805850677192211,-0.07035378366708755
1539,0.006534956861287355,-0.0684296265244484
1041,0.04301168769598007,-0.05396624654531479
1043,-0.07589549571275711,0.04760051891207695
1249,-0.07096998393535614,0.05037037283182144
1044,-0.07567768543958664,0.05377655848860741
1047,-0.03959214687347412,-0.029040414839982986
1054,-0.019243359565734863,-0.026539558544754982
1448,-0.03253154829144478,-0.036198556423187256
1050,-0.011900241486728191,0.008426391519606113
1453,-0.036855023354291916,-0.021327340975403786
1051,0.02934357151389122,0.08185379207134247
1052,0.031937725841999054,0.09275484830141068
1053,-0.04243004322052002,-0.07262875884771347
1055,-0.038472980260849,0.0010810530511662364
1558,-0.028842806816101074,0.009268554858863354
1056,-0.029829466715455055,-0.08145139366388321
1058,0.067233607172966,-0.04645248502492905
1063,-0.04932817816734314,0.06020042672753334
1084,-0.05961534380912781,-0.050720300525426865
1068,0.041972815990448,0.07656998187303543
1466,-0.04441303387284279,0.04819769784808159
1070,-0.05794839560985565,0.04422825947403908
1071,-0.04797693341970444,0.04897403344511986
1072,-0.04524968937039375,0.049602340906858444
1332,-0.06484097242355347,0.028969934210181236
1100,0.03420603275299072,-0.09075939655303955
1075,-0.029424740001559258,0.06271128356456757
1461,0.029145153239369392,0.03466859832406044
1709,-0.019781991839408875,0.016603056341409683
1623,-0.038153745234012604,-0.051233384758234024
1081,0.05703265592455864,-0.02146739512681961
1082,0.016071951016783714,0.09257086366415024
1083,0.004482938442379236,0.06161721795797348
1151,-0.06192801892757416,-0.04736144840717316
1152,-0.044889990240335464,-0.03805236890912056
1153,-0.06670040637254715,-0.035652898252010345
1226,-0.04136456549167633,-0.05135457590222359
1530,-0.05775050073862076,-0.05573027580976486
1243,-0.024398408830165863,0.04546518623828888
1088,-0.06240374967455864,0.06443474441766739
1090,-0.08357546478509903,0.011919735930860043
1477,-0.08009571582078934,0.014697829261422157
1209,0.07053261250257492,0.01707167737185955
1207,0.07070115953683853,0.018105361610651016
1798,0.09024323523044586,0.0015461718430742621
1101,0.0674852728843689,-0.0313352607190609
1111,0.06728474050760269,-0.07164224237203598
1102,0.0805806815624237,-0.0032621941063553095
1797,0.08443548530340195,0.0032998151145875454
1704,0.01896715722978115,0.06264123320579529
1105,-0.030409764498472214,0.05745008960366249
1389,0.0639139786362648,-0.07043328136205673
1108,-0.055985309183597565,-0.03256981074810028
1296,-0.05040697753429413,-0.03758031129837036
1702,-0.06224463880062103,-0.05157347023487091
1110,0.061867743730545044,-0.05361585691571236
1175,0.028292208909988403,-0.0429614894092083
1114,-0.02667190507054329,0.060101695358753204
1120,0.005566030740737915,0.09158029407262802
1123,0.03480658307671547,-0.01517422217875719
1125,0.03239961713552475,-0.07109256088733673
1521,0.008082783780992031,0.06951044499874115
1576,-0.04150348901748657,0.05962353199720383
1128,0.03798093646764755,-0.03628373518586159
1490,0.04085620120167732,-0.028479108586907387
1138,0.0345601886510849,0.052355047315359116
1675,0.04214061424136162,0.05209291726350784
1244,-0.03133084252476692,0.03773688152432442
1240,-0.03094859980046749,0.038521863520145416
1143,0.025273079052567482,0.08309652656316757
1145,-0.07466138154268265,-0.021822704002261162
1146,-0.07987341284751892,-0.01968773640692234
1722,0.009060666896402836,-0.07848112285137177
1150,-0.03059745393693447,0.053803011775016785
1154,-0.07698976993560791,-0.026170872151851654
1165,-0.07749971002340317,-0.008406032808125019
1772,-0.07456985861063004,-0.007969952188432217
1156,-0.036157410591840744,0.030244719237089157
1700,-0.026941081508994102,-0.000530026969499886
1157,-0.020514696836471558,0.05177691578865051
1159,-0.016765562817454338,-0.07826457172632217
1162,-0.0067125363275408745,-0.07208459824323654
1603,-0.021739669144153595,-0.0739690288901329
1605,0.0007132753380574286,-0.06843448430299759
1607,-0.03176841884851456,-0.07136096060276031
1609,-0.017068207263946533,-0.06483727693557739
1167,0.008249388076364994,0.0650557354092598
1168,0.06375749409198761,-0.037382595241069794
1170,-0.06465886533260345,-0.059870749711990356
1543,-0.05878109112381935,0.0035877174232155085
1176,0.046397507190704346,0.06000982224941254
1179,0.03675173595547676,0.06079104542732239
1727,0.034921303391456604,0.060205742716789246
1185,0.003683766582980752,0.0004977330099791288
1186,0.043695103377103806,0.07596864551305771
1190,0.06049252301454544,0.07194021344184875
1191,0.056292980909347534,0.07959244400262833
1193,0.049694761633872986,0.05778566747903824
1744,-0.04125838726758957,-0.059946704655885696
1196,0.04995424300432205,0.05446320027112961
1276,0.044768694788217545,0.0057150316424667835
1197,0.07117518037557602,-0.012614957988262177
1420,0.06232551857829094,0.012453755363821983
1672,0.07169884443283081,0.02895163558423519
1198,-0.015116114169359207,0.04412594437599182
1199,-0.043354474008083344,0.00021226487297099084
1200,-0.02608664147555828,0.05299697816371918
1202,-0.016554418951272964,0.09695179015398026
1203,-0.002723017940297723,0.10153757780790329
1204,0.002615534933283925,0.08078135550022125
1277,-0.07094710320234299,0.011886641383171082
1280,-0.06978196650743484,0.02451428212225437
1281,-0.06570713967084885,0.018508967012166977
1287,-0.07753294706344604,0.0073631987906992435
1372,-0.07323742657899857,0.017939312383532524
1208,0.06137659773230553,0.014926908537745476
1581,0.04642703756690025,-0.0034151554573327303
1210,0.05516921356320381,0.020748302340507507
1763,0.0639050081372261,-0.0038711251690983772
1211,0.03042995184659958,0.04034952074289322
1214,-0.007806347217410803,0.06682727485895157
1217,0.07142949849367142,0.06912011653184891
1223,0.02239273302257061,0.03279806673526764
1556,0.031126733869314194,-0.0019698687829077244
1224,0.058386676013469696,0.07226137816905975
1225,0.053948428481817245,0.08518121391534805
1401,-0.0032428603153675795,-0.04536665230989456
1227,-0.08410635590553284,0.02585628069937229
1229,-0.003508738474920392,0.06557843834161758
1230,0.025504762306809425,0.007855230942368507
1242,-0.014857569709420204,0.03196816146373749
1231,0.08760055154561996,-0.02403935231268406
1478,0.09602691978216171,-0.04172368720173836
1233,-0.08521296083927155,0.02085885964334011
1551,-0.08095655590295792,0.04289302974939346
1235,0.009220534935593605,0.03787835314869881
1236,0.02026229165494442,0.08679313957691193
1238,0.003684503259137273,0.0002755183959379792
1278,0.009905167855322361,-0.03265779837965965
1239,-0.03733104467391968,0.04071313515305519
1245,0.08058395236730576,0.004060554783791304
1247,0.04094246029853821,0.040652625262737274
1248,0.0764688104391098,-0.0003644149110186845
1250,-0.0705118477344513,0.05972665920853615
1550,-0.07561511546373367,0.04668014496564865
1252,-0.08098849654197693,0.04370322823524475
1476,-0.07435943186283112,0.03250233083963394
1253,-0.03836894407868385,-0.056938305497169495
1254,-0.03336498886346817,-0.029631346464157104
1347,-0.05099155753850937,-0.04713282734155655
1349,-0.048321470618247986,-0.025054344907402992
1350,-0.06077587604522705,-0.026451654732227325
1351,-0.039666831493377686,-0.016190901398658752
1352,-0.05197371169924736,-0.007776070851832628
1255,0.010199667885899544,-0.0544920451939106
1256,-0.0559808574616909,-0.04478272423148155
1258,0.007946603931486607,-0.013660162687301636
1397,0.06751405447721481,0.02561345137655735
1391,0.06740302592515945,0.02462383545935154
1265,0.03969020023941994,0.08024455606937408
1266,0.08419577032327652,-0.011112322099506855
1267,0.08141317218542099,-0.013677638955414295
1270,-0.06950537115335464,0.05935358628630638
1790,0.0029444105457514524,-0.04206202179193497
1273,0.044309575110673904,-0.01177242211997509
1274,0.040488358587026596,-0.0005777793703600764
1275,0.021406469866633415,-0.034116603434085846
1555,0.04088342562317848,-0.0004042993241455406
1554,0.02239096164703369,-0.035526007413864136
1283,0.03854038566350937,-0.07168298214673996
1285,0.08773089945316315,-0.006767153274267912
1304,0.09048085659742355,-0.005738934502005577
1423,0.09002510458230972,-0.0005446740542538464
1297,0.029366375878453255,0.049219872802495956
1299,0.030171429738402367,0.06408264487981796
1300,-0.09007992595434189,0.017538590356707573
1302,-0.04189825430512428,0.07752996683120728
1303,-0.029574861750006676,0.08273644000291824
1306,0.025442609563469887,-0.0657832995057106
1308,0.08530756086111069,-0.02241271734237671
1310,-0.010276083834469318,0.05071160942316055
1314,0.011192592792212963,0.0665651485323906
1315,-0.07064051926136017,0.015432531014084816
1801,-0.07641464471817017,0.02361331693828106
1803,-0.07750843465328217,0.015830712392926216
1806,-0.06767027080059052,0.028584476560354233
1807,-0.073700450360775,0.00882134959101677
1808,-0.06813722848892212,0.023546701297163963
1321,0.030183151364326477,0.08578663319349289
1324,0.0031768204644322395,0.06561022996902466
1326,0.04104849323630333,0.05225907266139984
1717,0.07487215101718903,0.0214088074862957
1405,-0.053153783082962036,-0.06535927206277847
1330,0.04047830402851105,0.06146099045872688
1333,0.0067614419385790825,-0.06283768266439438
1538,-0.0013188115553930402,-0.07074984163045883
1336,0.06949907541275024,-0.052176497876644135
1339,0.021562740206718445,-0.06987644731998444
1706,0.03705424442887306,-0.09445153921842575
1355,0.04468913748860359,0.03528313338756561
1357,0.022981775924563408,-0.06422401964664459
1629,-0.012006422504782677,-0.02059338614344597
1361,0.01970384456217289,-0.055550433695316315
1362,0.017918484285473824,-0.06145426258444786
1462,0.0006971977418288589,-0.0741502195596695
1363,-0.04584391787648201,-0.004352769814431667
1542,-0.05649610608816147,-0.017309680581092834
1544,-0.05536806955933571,0.00785311684012413
1546,-0.019102856516838074,-0.03591340780258179
1548,-0.03180420398712158,-0.007516320329159498
1564,-0.07086759060621262,0.035548385232686996
1374,0.01177683100104332,0.06257235258817673
1375,-0.018130717799067497,-0.04449363425374031
1378,0.06065712124109268,0.05226031318306923
1379,0.03662632033228874,0.01876411773264408
1380,0.033661358058452606,0.02809704653918743
1396,0.056879375129938126,0.016434958204627037
1699,0.033476583659648895,-0.006283661816269159
1492,-0.05822748318314552,0.030997462570667267
1494,-0.054873477667570114,0.02699907124042511
1497,-0.056484706699848175,0.02824264205992222
1498,-0.05336315184831619,0.016803376376628876
1499,-0.05379578471183777,0.0325128547847271
1435,0.06590177118778229,0.03172340989112854
1383,-0.0791902020573616,0.007528319954872131
1385,-0.052163396030664444,0.029204372316598892
1388,0.06193023920059204,-0.05360332503914833
1390,0.07782725244760513,0.02050839737057686
1394,-0.012617392465472221,0.0051802112720906734
1679,-0.03439554572105408,-0.02846931852400303
1569,0.01398820523172617,-0.0719345435500145
1670,0.015121964737772942,-0.04289555922150612
1406,0.01770106330513954,0.03842262178659439
1667,-0.07027935981750488,-0.034480396658182144
1411,-0.031158525496721268,0.0643765851855278
1421,0.039120759814977646,0.03740635886788368
1424,-0.07397513836622238,0.03708081692457199
1426,-0.019999327138066292,0.0864361822605133
1427,-0.016257453709840775,0.09236369282007217
1429,0.03732218220829964,-0.018181148916482925
1430,-0.028264334425330162,-0.04653965309262276
1431,0.07950538396835327,0.010813221335411072
1433,0.08122976124286652,0.00015784017159603536
1663,0.0565638430416584,0.026246925815939903
1510,0.09414046257734299,-0.04157884046435356
1437,-0.016482945531606674,-0.0002813366299960762
1440,-0.06361296772956848,0.026545526459813118
1563,-0.07429645210504532,0.042265426367521286
1442,-0.061027128249406815,-0.01066286489367485
1447,-0.007262676488608122,-0.040110375732183456
1452,0.0010588476434350014,-0.036675866693258286
1454,-0.04926910996437073,0.007702002767473459
1638,0.0020557870157063007,0.06728582084178925
1457,0.020835917443037033,0.03488095849752426
1658,0.007769846823066473,-0.066382996737957
1460,0.046607453376054764,0.02046375162899494
1464,0.07128562778234482,-0.04419586807489395
1469,0.05230966582894325,0.058383528143167496
1470,0.06480930745601654,0.007174442056566477
1691,0.06980354338884354,-0.020859191194176674
1471,0.042065393179655075,0.03495573252439499
1473,0.04755302146077156,0.05946115404367447
1474,-0.026991887018084526,0.016906609758734703
1481,0.04332553222775459,-0.03726593405008316
1486,-0.06747113913297653,0.03504899516701698
1485,-0.0008675925200805068,0.002430108841508627
1488,0.07210195809602737,-0.038300640881061554
1500,-0.07624594867229462,0.039521556347608566
1503,-0.019626222550868988,-0.05748627707362175
1736,-0.04509381204843521,-0.06188461184501648
1738,-0.0346202589571476,-0.06339126080274582
1739,-0.04615669697523117,-0.046717382967472076
1741,-0.03699696809053421,-0.050359077751636505
1507,-0.0691247209906578,0.007974585518240929
1514,-0.08240999281406403,-0.015170752070844173
1522,-0.05856996774673462,-0.04476948454976082
1524,0.0374874621629715,0.030222661793231964
1718,0.07545807957649231,0.01404526736587286
1713,0.07561257481575012,0.013942822813987732
1536,0.002629755064845085,-0.043845031410455704
1545,-0.007116163149476051,0.04892056807875633
1559,-0.009260889142751694,0.08241552859544754
1560,-0.05492527410387993,-0.018590092658996582
1561,0.00040459822048433125,0.09298523515462875
1565,0.018561162054538727,0.06284165382385254
1568,-0.011056455783545971,-0.04020018130540848
1571,0.03204349800944328,0.06423970311880112
1572,-0.026697536930441856,0.05456237494945526
1573,-0.016604967415332794,0.08781176805496216
1574,-0.006036465987563133,0.09648080170154572
1575,-0.059395454823970795,0.05117258429527283
1579,0.05712950602173805,-0.06356049329042435
1585,-0.06849893927574158,-0.023622829467058182
1587,0.028759611770510674,0.01622592657804489
1590,-0.08447479456663132,0.03989962488412857
1599,-0.09043935686349869,0.017451347783207893
1610,0.0792299285531044,-0.018132692202925682
1613,-0.07438665628433228,0.006822175811976194
1614,-0.022300932556390762,0.05049113556742668
1615,-0.02284690923988819,0.08804073929786682
1616,-0.016462938860058784,0.09713929891586304
1621,0.04116511344909668,0.05255500227212906
1622,-0.01294830720871687,-0.032252486795186996
1625,0.009711340069770813,0.06081308051943779
1628,-0.022347841411828995,-0.04165378212928772
1635,-0.03842853754758835,-0.034970346838235855
1685,-0.008368625305593014,0.0034388662315905094
1696,0.004057213198393583,0.01435889769345522
1632,0.06128495931625366,0.052802082151174545
1636,0.03501403331756592,-0.07414048165082932
1648,0.04875679314136505,-0.05791418254375458
1651,0.01570056565105915,0.06486937403678894
1662,0.03148375079035759,0.03794514015316963
1789,0.021855169907212257,-0.03854060918092728
1671,0.07580657303333282,0.009331476874649525
1673,0.03580305352807045,-0.0553634911775589
1680,-0.05442454293370247,-0.0036895954981446266
1683,0.06221107393503189,0.06692064553499222
1686,0.05954447761178017,0.07678230106830597
1688,0.04126302897930145,0.027511227875947952
1690,0.040014442056417465,-0.004543288145214319
1716,0.06452678143978119,0.008816588670015335
1692,-0.05753421410918236,0.02106793224811554
1698,-0.05136091634631157,-0.07216919213533401
1705,0.032480668276548386,-0.0725284218788147
1707,-0.07616518437862396,0.0020073726773262024
1712,0.08349154144525528,0.011291000992059708
1714,0.07955937832593918,0.008322869427502155
1734,-0.040999043732881546,-0.04011082276701927
1732,0.0015322507824748755,0.06626714766025543
1754,0.05126500502228737,0.005804941989481449
1751,0.025506000965833664,-0.05729243904352188
1753,0.03602542728185654,0.033834975212812424
1783,0.056239668279886246,0.02318808250129223
1764,0.08218397945165634,-0.02630697749555111
1766,-0.05687408149242401,0.0681249126791954
1785,0.060049738734960556,0.03307570144534111
1781,0.063323013484478,0.02358037233352661
1793,0.06027230620384216,0.03114493563771248
1782,-0.00652314955368638,0.09433707594871521
1786,-0.01093331165611744,0.10253407061100006
1792,-0.07268410176038742,0.0526202954351902
1795,0.08041125535964966,0.017257072031497955
1812,0.08843883126974106,0.004653941839933395
