1,-0.146445631980896,0.07987526804208755
347,-0.14086858928203583,0.06255583465099335
1409,-0.07594700902700424,0.05819319933652878
2,0.0637299045920372,0.14069968461990356
697,0.04363096505403519,0.09127197414636612
3,-0.13171043992042542,0.09807945787906647
354,-0.12646286189556122,0.08533571660518646
4,-0.15689535439014435,-0.07950720191001892
667,-0.1044476255774498,-0.0364118367433548
5,0.1019362136721611,0.12567605078220367
1377,0.06725509464740753,0.09212979674339294
6,0.05436474084854126,0.14801080524921417
700,0.039699867367744446,0.0960104912519455
7,0.18072158098220825,-0.006055631209164858
23,0.1891360878944397,-0.015073374845087528
1018,0.11691728979349136,-0.021713847294449806
8,0.0483257956802845,0.1344645768404007
1045,0.0313376784324646,0.087354376912117
9,0.16131411492824554,-0.07876761257648468
134,0.14090721309185028,-0.06339684128761292
389,0.1544112265110016,-0.06437487155199051
10,0.08459364622831345,-0.1437438726425171
181,0.07453590631484985,-0.13671806454658508
1410,0.07382260262966156,-0.08070637285709381
11,0.16840361058712006,0.02447570487856865
1222,0.10646717250347137,0.032882388681173325
12,0.043351173400878906,0.1136358380317688
336,0.019633296877145767,0.15201565623283386
716,0.03148976340889931,0.07235247641801834
13,0.11375229805707932,-0.10826379805803299
21,0.10417093336582184,-0.10687179118394852
1005,0.08114475011825562,-0.04878022521734238
14,-0.14060112833976746,-0.09314466267824173
1467,-0.08287763595581055,-0.053261175751686096
15,0.14996683597564697,-0.07584591954946518
161,0.14151373505592346,-0.070192351937294
1777,0.09575603902339935,-0.04234600067138672
16,0.034278497099876404,0.1633819341659546
244,0.04418148100376129,0.14439848065376282
852,0.030512886121869087,0.09912746399641037
17,0.03863784670829773,0.15508520603179932
237,0.05022738128900528,0.1204528734087944
18,0.16048608720302582,-0.06493149697780609
283,0.14526990056037903,-0.05147929489612579
1703,0.1100945919752121,-0.022752493619918823
19,0.16374213993549347,-0.05800221860408783
286,0.14903293550014496,-0.059046488255262375
20,-0.16296593844890594,-0.07568557560443878
831,-0.11145750433206558,-0.03327525779604912
205,0.10420364141464233,-0.07728571444749832
739,0.07474400848150253,-0.04845776408910751
22,-0.09431302547454834,-0.139856219291687
865,-0.045789334923028946,-0.0915716364979744
468,0.17177091538906097,-0.037926290184259415
24,-0.08357760310173035,-0.09416607022285461
294,-0.06507010757923126,-0.11038821935653687
357,-0.06503743678331375,-0.11064489930868149
925,-0.06121654435992241,-0.058317892253398895
1787,-0.0883072018623352,-0.06362359970808029
25,-0.02086249552667141,-0.1150217279791832
234,0.0024108393117785454,-0.1080324798822403
859,0.010589678771793842,-0.05148645117878914
26,0.12000228464603424,-0.03746619075536728
135,0.11003201454877853,-0.060067933052778244
1327,0.09473062306642532,-0.028685590252280235
27,-0.019495178014039993,-0.04728887602686882
1604,-0.003224604530259967,0.0033836723305284977
28,0.12634561955928802,0.1190902590751648
1653,0.07846713066101074,0.0871436819434166
29,-0.12761223316192627,-0.11379826813936234
1127,-0.0708388090133667,-0.07334642857313156
30,0.07080940157175064,-0.12739692628383636
170,0.08108557760715485,-0.11621759831905365
1398,0.04627298191189766,-0.059554897248744965
31,0.02453220635652542,-0.13784827291965485
55,0.04162622615695,-0.13330374658107758
823,0.015429073013365269,-0.05950057506561279
32,-0.009818045422434807,-0.11765582114458084
61,0.004611719865351915,-0.11204063892364502
33,0.008734351955354214,0.16600149869918823
584,0.0010533471358940005,0.11097005754709244
34,0.12219221144914627,0.06844440847635269
75,0.13311365246772766,0.08583833277225494
313,0.09295186400413513,0.10403930395841599
35,0.16413840651512146,0.04984607920050621
1541,0.1014513447880745,0.05088237300515175
36,0.17338943481445312,-0.0018850968917831779
303,0.15731051564216614,-0.01659035123884678
995,0.11224661767482758,0.020310241729021072
37,0.09643575549125671,0.10276232659816742
184,0.09751534461975098,0.13875027000904083
1725,0.05539586395025253,0.08992644399404526
38,0.11957339942455292,-0.040060967206954956
843,0.07029745727777481,0.000646341999527067
39,-0.08282876759767532,-0.10589872300624847
368,-0.07147201150655746,-0.12352006882429123
374,-0.07093048095703125,-0.12440645694732666
689,-0.05952704697847366,-0.06969346851110458
40,-0.15112414956092834,-0.08442293852567673
1624,-0.09724089503288269,-0.03750314936041832
41,0.15932343900203705,0.0031714593060314655
1263,0.10448696464300156,0.016259988769888878
42,-0.13574042916297913,-0.10390545427799225
1455,-0.0775095745921135,-0.06120425835251808
43,-0.1644619107246399,-0.04747327044606209
1468,-0.10951387137174606,-0.014231358654797077
44,0.10613904148340225,-0.12687544524669647
98,0.10465933382511139,-0.13942797482013702
45,0.11551316827535629,-0.08976729959249496
1665,0.07369489967823029,-0.04831376671791077
46,-0.14613349735736847,0.0770963802933693
60,-0.15404172241687775,0.06143574044108391
1158,-0.07249843329191208,0.0579223558306694
47,0.14452318847179413,0.02787591516971588
155,0.17087610065937042,0.03123030811548233
1148,0.10779087990522385,0.031524259597063065
48,0.1408681571483612,0.05837422236800194
212,0.15309223532676697,0.08688817173242569
217,0.15927433967590332,0.07615929841995239
49,0.14824999868869781,-0.025505444034934044
1131,0.09110928326845169,-0.013805658556520939
50,-0.07802928984165192,-0.10216587036848068
433,-0.06756184250116348,-0.12016993761062622
445,-0.06765832006931305,-0.12020601332187653
545,-0.05667266994714737,-0.06475038826465607
51,-0.1390158236026764,-0.10959570854902267
1137,-0.08438046276569366,-0.06523429602384567
52,0.0979129895567894,-0.1308497041463852
442,0.09068257361650467,-0.13207708299160004
1449,0.06472669541835785,-0.0650176852941513
53,-0.03979918360710144,0.14499534666538239
663,-0.03078397735953331,0.09777582436800003
54,-0.07588130980730057,0.03787403926253319
328,-0.1346009522676468,0.04928255453705788
421,-0.14373153448104858,0.03921761363744736
399,0.06990540027618408,-0.09191585332155228
56,-0.06520729511976242,0.1087343841791153
1092,-0.021605951711535454,0.05785338208079338
57,0.10075394064188004,0.10830353945493698
1656,0.06605319678783417,0.06077207624912262
58,-0.0799059346318245,0.11986533552408218
1425,-0.061116527765989304,0.08368609100580215
59,0.09807472676038742,-0.12230698764324188
441,0.09770417958498001,-0.11497567594051361
260,-0.15264487266540527,0.08682937175035477
1097,0.008036041632294655,-0.03990871086716652
62,0.12922076880931854,-0.0426771454513073
199,0.14792391657829285,-0.06709090620279312
280,0.15120136737823486,-0.059292085468769073
63,-0.11090189218521118,-0.130067378282547
1178,-0.05591939017176628,-0.08354873210191727
64,-0.08473123610019684,0.03060498833656311
1520,-0.04674613103270531,0.038070034235715866
65,-0.07548102736473083,-0.11572234332561493
140,-0.0918668881058693,-0.09837450087070465
141,-0.08976992219686508,-0.09817361831665039
982,-0.03665541484951973,-0.08122154325246811
1553,-0.036732226610183716,-0.08295631408691406
66,-0.07509654015302658,-0.1146445944905281
67,0.035128429532051086,0.1380583792924881
1048,0.024518534541130066,0.08848414570093155
68,0.08941564708948135,-0.0440094992518425
1020,0.05825952813029289,-0.018618443980813026
69,0.11128035187721252,0.13175801932811737
1802,0.06581892818212509,0.09785349667072296
70,-0.10404926538467407,-0.10765192657709122
147,-0.10185305774211884,-0.09510624408721924
148,-0.10227653384208679,-0.0945548340678215
1180,-0.06863223761320114,-0.07456756383180618
1181,-0.06651682406663895,-0.07678307592868805
71,-0.12824910879135132,-0.12117655575275421
971,-0.0716402679681778,-0.08044417202472687
72,-0.019801590591669083,0.16131387650966644
693,-0.017843659967184067,0.10788557678461075
73,-0.12912455201148987,-0.09887450188398361
1228,-0.06622298061847687,-0.052986301481723785
74,0.08492810279130936,0.14147759974002838
1376,0.06808087229728699,0.08899935334920883
76,0.09981954842805862,-0.0798158049583435
77,0.09851662069559097,-0.05471619963645935
78,0.15568502247333527,0.06579680740833282
1646,0.09718228131532669,0.061924975365400314
79,0.0643409863114357,0.15443895757198334
312,0.06458380073308945,0.1368979513645172
80,-0.13064421713352203,-0.03047364577651024
153,-0.114354707300663,-0.04806192219257355
159,-0.11434495449066162,-0.04804786667227745
1677,-0.08841757476329803,-0.012733126059174538
1678,-0.09025288373231888,-0.013627185486257076
81,0.13168950378894806,-0.05848323181271553
1762,0.08632504194974899,-0.01605279929935932
82,-0.1044645681977272,-0.13841624557971954
559,-0.05076783895492554,-0.09410904347896576
83,-0.10295227915048599,-0.10142754018306732
165,-0.10431168228387833,-0.08758845925331116
424,-0.10423624515533447,-0.08773399144411087
1369,-0.06159810349345207,-0.07445470988750458
1370,-0.06035088375210762,-0.07344746589660645
84,-0.12025492638349533,-0.06543122231960297
341,-0.13538891077041626,-0.046729348599910736
403,-0.1345810741186142,-0.04552469775080681
1687,-0.08545830100774765,-0.044813621789216995
85,-0.12043797969818115,-0.0654853954911232
86,0.08721285313367844,0.02266698144376278
1403,0.06092288717627525,0.012246685102581978
87,0.09913615882396698,-0.102986179292202
171,0.1003463938832283,-0.07138260453939438
88,0.061800625175237656,0.1455819010734558
909,0.0456496961414814,0.09472420811653137
89,0.057330209761857986,0.14800241589546204
913,0.04198738560080528,0.09613890945911407
90,0.1370256394147873,0.11590809375047684
91,0.1505417823791504,0.11215892434120178
1323,0.10989288985729218,0.05673517659306526
179,0.15751692652702332,0.07959035784006119
92,0.16753317415714264,0.0633566603064537
93,0.1590253710746765,0.03880823403596878
317,0.14332890510559082,0.01974211074411869
94,0.021832266822457314,0.15135814249515533
1737,0.009790272451937199,0.11099186539649963
95,0.08058558404445648,-0.09248936176300049
440,0.07949218153953552,-0.1357945054769516
96,0.12970282137393951,0.08027994632720947
1322,0.08398381620645523,0.04520738497376442
97,-0.15920810401439667,-0.05120465159416199
1298,-0.1042727380990982,-0.015362990088760853
180,0.0879279226064682,-0.14055684208869934
99,-0.061797160655260086,-0.11741643399000168
191,-0.08240147680044174,-0.10749819874763489
192,-0.08239582926034927,-0.10751378536224365
1182,-0.027174506336450577,-0.08212877810001373
1183,-0.0285540372133255,-0.07935212552547455
100,0.15258178114891052,0.05266958475112915
1720,0.09401874244213104,0.05343049764633179
101,-0.07440436631441116,-0.09808462113142014
366,-0.058197181671857834,-0.10060011595487595
386,-0.05711286514997482,-0.10152795910835266
1387,-0.05243130028247833,-0.06319423764944077
102,0.07548254728317261,0.11278470605611801
1446,0.05149272084236145,0.07137488573789597
103,-0.03442718833684921,0.1506088376045227
665,-0.02909318171441555,0.10256153345108032
104,0.14624883234500885,-0.020617743954062462
186,0.17202074825763702,-0.02932678535580635
187,0.1704082041978836,-0.03530830889940262
105,0.12845121324062347,0.05179387703537941
1079,0.08039192110300064,0.02784653753042221
106,-0.13070322573184967,-0.030631721019744873
107,-0.15496784448623657,-0.0856608897447586
1414,-0.09994293004274368,-0.042076047509908676
108,0.142414391040802,0.07364027947187424
390,0.13635490834712982,0.06466294080018997
1657,0.08226824551820755,0.07900749891996384
109,-0.032076869159936905,0.14199452102184296
1008,-0.026396194472908974,0.09835069626569748
110,-0.022358817979693413,0.14876864850521088
1015,-0.01858474127948284,0.10047245770692825
111,-0.0968673974275589,-0.13925336301326752
1436,-0.049921732395887375,-0.09063608199357986
112,-0.1337699592113495,-0.03583020716905594
219,-0.11757105588912964,-0.053219228982925415
220,-0.11782398819923401,-0.05369896814227104
920,-0.0951291173696518,-0.0057662115432322025
921,-0.09341002255678177,-0.007949156686663628
113,-0.09615558385848999,-0.09015810489654541
401,-0.08202900737524033,-0.09892508387565613
415,-0.08192338794469833,-0.09897495806217194
1124,-0.07057318836450577,-0.06117125228047371
114,-0.09397836029529572,-0.09074828028678894
115,-0.1557675302028656,0.047678571194410324
1099,-0.09579110145568848,0.05089327692985535
116,0.07270163297653198,0.11891607940196991
1451,0.05026908591389656,0.07639983296394348
117,-0.13470356166362762,-0.03428260236978531
118,-0.1556585282087326,-0.07263929396867752
1313,-0.10121369361877441,-0.033693961799144745
119,-0.16191677749156952,-0.059930477291345596
1325,-0.10948145389556885,-0.020924855023622513
120,-0.14812539517879486,-0.09962141513824463
1570,-0.09753510355949402,-0.05122385919094086
121,-0.059055160731077194,-0.12912550568580627
242,-0.05273346230387688,-0.13034139573574066
243,-0.052965547889471054,-0.1301897019147873
1187,-0.03143785521388054,-0.09495700895786285
1188,-0.03105875663459301,-0.09579649567604065
122,0.03650088980793953,0.1577691286802292
1626,0.016397373750805855,0.1057446077466011
123,-0.11137428134679794,-0.08359044045209885
245,-0.10749033838510513,-0.082428477704525
247,-0.1069982573390007,-0.0823310911655426
1566,-0.0648888647556305,-0.05330382287502289
1567,-0.06544791907072067,-0.05335363745689392
124,-0.1114046648144722,-0.08225390315055847
125,0.08511027693748474,-0.09812553972005844
727,0.08106774091720581,-0.052703410387039185
126,-0.1624128371477127,-0.044876836240291595
1620,-0.10895183682441711,-0.010012187995016575
127,-0.1310744285583496,-0.06119299679994583
257,-0.1141921877861023,-0.07716265320777893
258,-0.11420577019453049,-0.07715515047311783
1723,-0.09616148471832275,-0.02665710635483265
1724,-0.09671599417924881,-0.025057092308998108
128,-0.11623804271221161,-0.11917488276958466
572,-0.056537751108407974,-0.07738141715526581
129,-0.13113287091255188,-0.0610758401453495
130,-0.15215149521827698,-0.06652625650167465
1650,-0.08831341564655304,-0.03336299955844879
131,-0.06648825109004974,0.06737513095140457
464,-0.11337937414646149,0.09088065475225449
465,-0.12151756882667542,0.09164658933877945
132,0.033840056508779526,0.15087167918682098
1726,0.012198317795991898,0.10454030334949493
133,0.03066800907254219,0.15899547934532166
1633,0.01300328690558672,0.10703136026859283
166,0.1532396823167801,-0.07208418846130371
136,-0.09208258986473083,0.12365417927503586
298,-0.08077821135520935,0.11878737062215805
1356,-0.035294391214847565,0.07961015403270721
137,-0.1313314288854599,-0.05146149545907974
269,-0.11743046343326569,-0.06875178962945938
270,-0.11756914854049683,-0.06832610070705414
818,-0.08848509937524796,-0.023436496034264565
819,-0.0883685052394867,-0.02432200312614441
138,-0.1309293806552887,-0.05152871459722519
139,0.07073244452476501,0.13135312497615814
887,0.04971080273389816,0.08434730023145676
1649,-0.06568533182144165,-0.06226799264550209
142,0.0717853456735611,-0.08823595196008682
1450,0.04169517382979393,-0.01826181448996067
143,0.119734987616539,-0.08751726895570755
1773,0.07682490348815918,-0.041326381266117096
144,-0.10200177878141403,-0.1250125914812088
1731,-0.05017613619565964,-0.06733185052871704
145,-0.14778316020965576,-0.028350766748189926
301,-0.13194485008716583,-0.009943630546331406
309,-0.13195952773094177,-0.00987301580607891
558,-0.10907170176506042,-0.01431402936577797
146,-0.020106997340917587,-0.11713112890720367
282,-0.0454242043197155,-0.10972020030021667
456,-0.04453910142183304,-0.10984774678945541
1115,0.007898559793829918,-0.09309981018304825
1655,0.007766664493829012,-0.09309598803520203
435,-0.10405883193016052,-0.10639620572328568
796,-0.07413046061992645,-0.06424511969089508
149,-0.16343872249126434,-0.05526328459382057
1472,-0.10660992562770844,-0.02076980471611023
150,0.1471565067768097,0.11749368160963058
1639,0.0935683622956276,0.08098423480987549
151,-0.00952667836099863,0.15893538296222687
578,-0.010455922223627567,0.10722669214010239
152,0.16174128651618958,0.027378302067518234
1318,-0.07627326995134354,-0.03190116584300995
154,-0.06429553031921387,-0.08423766493797302
837,-0.01972736045718193,-0.02394089661538601
1660,0.10871544480323792,0.03941257670521736
156,0.011370905674993992,0.13474619388580322
949,0.011204731650650501,0.08475428074598312
157,0.005854835733771324,0.1393422931432724
950,0.009890216402709484,0.08828072994947433
158,0.10385012626647949,-0.06456883996725082
290,0.11857292801141739,-0.09874231368303299
908,0.07321039587259293,-0.04117172211408615
160,0.15221789479255676,0.010632925666868687
168,0.16841422021389008,0.010721108876168728
169,0.18094521760940552,0.005816882010549307
267,0.13225725293159485,-0.04878213629126549
849,0.09171994775533676,-0.03970912843942642
162,-0.1372731328010559,-0.02246023155748844
308,-0.12141294032335281,-0.042833320796489716
311,-0.12210151553153992,-0.04210339114069939
1525,-0.0977739468216896,0.002062002196907997
1526,-0.09884698688983917,0.0018591245170682669
163,-0.1358519047498703,-0.02230023220181465
164,0.1674097627401352,-0.012287016026675701
1611,0.11154495179653168,0.008540173061192036
423,-0.10327686369419098,-0.10130072385072708
706,-0.07415371388196945,-0.05880451574921608
167,0.17938268184661865,0.02246238850057125
1578,0.11987217515707016,0.025544146075844765
1540,0.11319700628519058,0.024967854842543602
175,0.04589550197124481,-0.1399148404598236
172,-0.13786764442920685,0.05479813367128372
348,-0.07704441249370575,0.044932324439287186
173,0.18324507772922516,-0.011617396958172321
1527,0.11970644444227219,0.001657839515246451
174,-0.1628248542547226,0.01578962244093418
1504,-0.10089732706546783,0.03997085988521576
183,0.0418492928147316,-0.13521556556224823
324,0.01095958799123764,-0.1406584233045578
176,0.15368826687335968,-0.008405312895774841
1780,0.10179263353347778,0.005353669170290232
177,-0.1375785768032074,-0.10002700984477997
178,-0.15147656202316284,-0.04549160972237587
1630,-0.09254061430692673,-0.04031053185462952
318,0.15880471467971802,0.0954168289899826
193,0.10171574354171753,-0.13868653774261475
182,0.17084121704101562,0.000525595445651561
195,0.18378670513629913,0.009049645625054836
1221,0.11293105781078339,0.013966956175863743
1393,0.045987557619810104,0.09516429156064987
185,0.18380223214626312,-0.017538486048579216
1502,0.12441376596689224,0.0035855211317539215
188,-0.16470015048980713,-0.04799040034413338
189,-0.12066658586263657,-0.061397384852170944
349,-0.1095179095864296,-0.07037395238876343
350,-0.10940640419721603,-0.07049372047185898
1799,-0.07574965804815292,-0.041566893458366394
1800,-0.07176894694566727,-0.03772120922803879
190,-0.1202598512172699,-0.06069353595376015
450,-0.06215715780854225,-0.11751026660203934
613,-0.059452783316373825,-0.07393968850374222
194,0.15996573865413666,0.037624143064022064
1021,0.10622217506170273,0.04495513439178467
196,0.12242549657821655,0.1327459216117859
417,0.12434849888086319,0.11398987472057343
1335,0.08899511396884918,0.08438839018344879
197,0.14258769154548645,0.111500084400177
418,0.12773741781711578,0.08512220531702042
198,-0.15691420435905457,-0.07776234298944473
200,0.07808014750480652,0.005451702047139406
1194,0.08036790788173676,-0.021268324926495552
201,0.1422884464263916,0.03375108912587166
696,0.10125605762004852,0.024943646043539047
1674,0.0882616937160492,0.034187741577625275
202,0.1340070217847824,0.05634194239974022
335,0.11420705914497375,0.059985630214214325
203,-0.12427518516778946,-0.12629090249538422
1087,-0.06912654638290405,-0.08294172585010529
204,0.11576267331838608,-0.11019370704889297
206,0.15942516922950745,-0.04236743971705437
375,0.13569572567939758,-0.02409672923386097
1262,0.1069934070110321,-0.004871785640716553
207,-0.1438966542482376,-0.10307718068361282
1104,-0.0894603580236435,-0.058550503104925156
208,-0.058253489434719086,0.10099055618047714
599,-0.06580135226249695,0.0912986621260643
209,0.033579353243112564,0.16986270248889923
1319,0.027915021404623985,0.11549768596887589
210,0.1298200488090515,0.11008266359567642
224,0.12894779443740845,0.12763485312461853
860,0.08873127400875092,0.0764227956533432
211,0.15320396423339844,0.10594756156206131
1652,0.1020427718758583,0.07719576358795166
213,0.12555968761444092,0.09668420255184174
754,0.0991925597190857,0.05455664172768593
1586,0.08230326324701309,0.049428097903728485
214,0.1581232100725174,0.053115230053663254
215,0.12862619757652283,0.04142368957400322
216,-0.055425867438316345,-0.11106813699007034
370,-0.07557082921266556,-0.10904057323932648
372,-0.07584128528833389,-0.10856327414512634
713,-0.02782415598630905,-0.06721100956201553
714,-0.027645129710435867,-0.0684913918375969
218,-0.055368583649396896,-0.11116548627614975
936,-0.08047765493392944,-0.03817552700638771
221,0.16138575971126556,0.003730892203748226
222,0.13126978278160095,0.024628574028611183
826,0.10713076591491699,0.01738819107413292
293,0.10551571100950241,0.047619324177503586
380,0.16149230301380157,-0.005629636812955141
223,0.0898786336183548,0.13805386424064636
397,0.10000742971897125,0.1082296147942543
225,-0.15221160650253296,-0.07893649488687515
226,-0.12920089066028595,-0.02167738787829876
381,-0.11686399579048157,-0.041200730949640274
382,-0.11687774211168289,-0.04119681194424629
1237,-0.08724198490381241,-0.001188525464385748
1360,-0.08807835727930069,-0.0017016492784023285
227,-0.12952828407287598,-0.022138837724924088
228,0.1586907058954239,-0.06732892245054245
1080,0.10442355275154114,-0.03555706888437271
229,-0.14301317930221558,-0.0915571078658104
230,0.13749058544635773,-0.045788586139678955
855,0.09038318693637848,-0.026935745030641556
1697,0.08298255503177643,-0.008985033258795738
231,0.1281372308731079,-0.057952702045440674
281,0.11527819186449051,-0.03136909008026123
232,0.10866712778806686,-0.13345812261104584
902,0.07773878425359726,-0.07916063070297241
233,0.07698533684015274,-0.13351859152317047
1340,0.06142841652035713,-0.07164593040943146
334,0.042825847864151,-0.09306090325117111
1212,0.008493520319461823,-0.040548961609601974
235,-0.16256245970726013,-0.06522388011217117
1195,-0.11014221608638763,-0.026269054040312767
236,-0.09753759205341339,0.0949309766292572
884,-0.03441709280014038,0.06330425292253494
987,-0.052214186638593674,0.05178282782435417
238,-0.11490286141633987,0.0674433708190918
239,-0.045819446444511414,0.054658450186252594
240,-0.051136743277311325,-0.12096035480499268
404,-0.06576017290353775,-0.1059596985578537
405,-0.06551898270845413,-0.10714644938707352
1770,-0.022618111222982407,-0.08614106476306915
1794,-0.023712769150733948,-0.08999676257371902
241,-0.05139242485165596,-0.12118653208017349
458,-0.05988367646932602,-0.13001927733421326
508,-0.036318227648735046,-0.09592713415622711
629,0.03696319833397865,0.08032980561256409
776,-0.07829821109771729,-0.0547180250287056
246,0.11482777446508408,0.1390523612499237
1234,0.077974833548069,0.09004878252744675
248,-0.12645214796066284,-0.12359192967414856
961,-0.07588750869035721,-0.07421376556158066
249,0.14173521101474762,-0.08395081758499146
1307,0.1044100970029831,-0.04243876412510872
250,0.02295294590294361,-0.030295563861727715
1106,0.05464636906981468,-0.04070526361465454
1149,0.01741139404475689,0.02234264649450779
251,0.10383819043636322,-0.061907246708869934
400,0.07289387285709381,-0.0051109264604747295
252,-0.10937972366809845,-0.13238635659217834
253,-0.10577474534511566,-0.12978045642375946
969,-0.05304042622447014,-0.08075041323900223
254,0.16697236895561218,-0.01983499899506569
255,0.14042603969573975,-0.010671393945813179
1141,0.10698368400335312,-0.002785183023661375
595,0.10070716589689255,-0.01350531168282032
256,-0.07295753061771393,-0.10638236999511719
338,-0.06032002344727516,-0.12242380529642105
343,-0.060079425573349,-0.12293774634599686
511,-0.05107926204800606,-0.06992214173078537
516,-0.08048849552869797,-0.0540616512298584
259,-0.13375848531723022,0.09380951523780823
261,0.06174023076891899,0.13353699445724487
1261,0.07075346261262894,0.07884863018989563
1282,0.04526692256331444,0.0730973407626152
262,0.1319366842508316,0.09028566628694534
263,0.10468462109565735,0.07377033680677414
264,0.0823666974902153,-0.12930816411972046
265,0.0880059152841568,-0.08896397054195404
266,0.14836671948432922,-0.07955432683229446
268,-0.05336379259824753,-0.048935066908597946
457,-0.003954082261770964,-0.03054405190050602
895,-0.027578754350543022,0.0069282748736441135
683,-0.08122308552265167,-0.04762827977538109
271,-0.11992855370044708,-0.047663576900959015
419,-0.1365392953157425,-0.026652511209249496
425,-0.13612478971481323,-0.02773864194750786
1412,-0.08442023396492004,-0.03385213389992714
272,0.1805991232395172,0.01772712916135788
1169,0.11669721454381943,0.01947871409356594
273,0.15471285581588745,0.004184917081147432
1441,0.10849649459123611,-0.011389870196580887
1456,0.09618546068668365,0.0047111003659665585
274,-0.15109705924987793,0.08983923494815826
518,-0.09446895122528076,0.06723194569349289
275,0.1460445523262024,0.05820116400718689
391,0.13717472553253174,0.037577785551548004
276,0.15525412559509277,-0.04054522514343262
277,0.12638214230537415,-0.02226661518216133
278,-0.15990020334720612,-0.05303594097495079
279,0.16984465718269348,-0.052376292645931244
455,-0.020065270364284515,-0.11717550456523895
1745,-0.03709913417696953,-0.0736834928393364
1746,-0.05189669132232666,-0.04672273248434067
332,0.12864547967910767,-0.018014661967754364
284,0.11016003787517548,-0.09462950378656387
1515,0.07736651599407196,-0.04461691901087761
1676,0.07692467421293259,-0.05880362167954445
285,0.09998773038387299,-0.11104417592287064
329,0.09593302011489868,-0.06902024149894714
978,0.10324722528457642,-0.022509554401040077
287,0.04184213653206825,0.15957631170749664
1279,0.03224589675664902,0.1032620519399643
288,0.05108219012618065,0.15130305290222168
1264,0.0386817529797554,0.09753477573394775
289,0.14902172982692719,0.05390099063515663
1752,0.09395356476306915,0.060231585055589676
1294,0.08504796773195267,-0.04096824303269386
291,-0.12010408937931061,-0.1285853385925293
292,0.11177977919578552,0.061194419860839844
295,-0.08349129557609558,-0.09438752382993698
734,-0.03236648440361023,-0.07720603048801422
873,-0.032157737761735916,-0.07775593549013138
296,-0.10626601427793503,-0.12908965349197388
297,-0.0897209420800209,0.13569654524326324
299,-0.1555224061012268,-0.0822562649846077
300,-0.15100616216659546,-0.09533363580703735
310,-0.1486912965774536,-0.028233133256435394
737,-0.08094450831413269,0.008366158232092857
738,-0.08414704352617264,0.007974148727953434
302,-0.09340319782495499,-0.1407441943883896
320,0.14358554780483246,-0.0020627863705158234
1358,0.10710526257753372,-0.004860931076109409
304,-0.13810871541500092,-0.03313141688704491
306,-0.1230182871222496,-0.05196906998753548
315,-0.12305789440870285,-0.052051909267902374
976,-0.10347471386194229,-0.005815019831061363
1086,-0.10135403275489807,-0.005222141742706299
305,-0.13950949907302856,-0.032111380249261856
1147,-0.08816821873188019,-0.038932863622903824
307,0.07025482505559921,-0.14534558355808258
1708,0.0608968660235405,-0.0858570858836174
1402,-0.08405046910047531,-0.02868364192545414
552,0.046442195773124695,0.07791571319103241
314,0.1514224261045456,0.042374249547719955
1493,0.10055115818977356,0.03624569997191429
316,-0.026964815333485603,0.15892739593982697
694,-0.022394321858882904,0.10498107224702835
319,0.16544753313064575,0.00031281885458156466
321,0.003159159328788519,0.16399012506008148
1341,-0.0026897715870290995,0.10881825536489487
322,-0.11327078193426132,0.09779194742441177
989,-0.08258958160877228,0.0698065310716629
323,0.010735148563981056,-0.11640873551368713
325,-0.10147471725940704,-0.14022459089756012
326,0.16584835946559906,-0.003755786456167698
814,0.11372461169958115,0.019281543791294098
327,-0.036926861852407455,-0.13146382570266724
1664,-0.011524263769388199,-0.08026306331157684
330,-0.030420096591114998,-0.12621791660785675
331,0.12833885848522186,-0.0002130951324943453
333,0.02270451746881008,-0.12970872223377228
1004,0.013515847735106945,0.08800936490297318
337,-0.16261495649814606,-0.0744413435459137
344,-0.07335926592350006,-0.10664558410644531
1093,-0.02947027049958706,-0.08605971932411194
1094,-0.029461130499839783,-0.08609715104103088
339,0.11033258587121964,-0.12058381736278534
1508,0.07889025658369064,-0.06739091128110886
340,0.020242715254426003,-0.1440964639186859
659,0.017047390341758728,-0.07121904194355011
585,-0.09641672670841217,-0.019503608345985413
1584,-0.09586124122142792,-0.020229091867804527
342,-0.13099919259548187,-0.03474493324756622
346,-0.11770971119403839,-0.05752522498369217
351,-0.11769106984138489,-0.05805296450853348
1668,-0.09231951832771301,-0.00456224987283349
1669,-0.09238251298666,-0.005192297976464033
345,-0.13118278980255127,-0.035305920988321304
977,-0.08016989380121231,-0.04174415394663811
546,-0.07670631259679794,-0.04613814875483513
352,0.04802956432104111,0.10022427141666412
958,0.07176771014928818,0.0612841472029686
353,-0.15658418834209442,-0.033178217709064484
711,-0.055838692933321,0.061072349548339844
355,-0.10263261198997498,-0.12437430769205093
356,-0.15019404888153076,-0.06978055834770203
358,-0.09849611669778824,-0.13617096841335297
359,0.17013263702392578,-0.05182824283838272
1107,0.11234693229198456,-0.02626456879079342
360,-0.09826695919036865,-0.09556195884943008
402,-0.08761380612850189,-0.11213450878858566
406,-0.08752841502428055,-0.11158722639083862
609,-0.07166929543018341,-0.0602729432284832
361,-0.01605934090912342,0.14069564640522003
1518,-0.017048701643943787,0.10016882419586182
362,-0.1393018364906311,-0.10940343886613846
363,-0.10767198354005814,-0.06177382171154022
365,-0.10594328492879868,-0.07349122315645218
371,-0.10561668127775192,-0.07291173934936523
759,-0.060709841549396515,-0.034163642674684525
1037,-0.06008799001574516,-0.034014854580163956
364,-0.10765675455331802,-0.061788007616996765
780,-0.0724789947271347,-0.04843626543879509
387,-0.07502741366624832,-0.09697455167770386
1317,-0.030196538195014,-0.05731217935681343
1400,-0.030717870220541954,-0.05718883499503136
367,0.17356596887111664,-0.01589069329202175
1509,0.1156754270195961,0.0024051794316619635
369,-0.08262810111045837,-0.10601147264242172
1259,-0.035817548632621765,-0.09088823199272156
1260,-0.03432958573102951,-0.09269608557224274
509,-0.05431969463825226,-0.07491546124219894
373,0.15797322988510132,-0.012415407225489616
715,0.10702413320541382,-0.003541662124916911
968,0.10358778387308121,-0.012004383839666843
376,-0.046061921864748,0.07539787143468857
443,-0.09623595327138901,0.10853110998868942
1059,-0.03994493559002876,0.06566934287548065
377,-0.1303834170103073,-0.11453410238027573
378,-0.12375280261039734,-0.12704217433929443
379,0.1707986295223236,-0.002935185097157955
990,-0.07942403852939606,-0.02948348969221115
383,-0.13013528287410736,0.11143569648265839
626,-0.0826043039560318,0.07783230394124985
384,0.040759094059467316,0.14866268634796143
1534,0.031593307852745056,0.09764324128627777
385,0.03763178735971451,0.1497012823820114
1537,0.027978530153632164,0.0986049547791481
388,-0.1450115144252777,-0.09832943975925446
392,-0.013786669820547104,-0.04420142248272896
1098,-0.012636845000088215,0.005679694470018148
393,0.07441660761833191,0.14739519357681274
396,0.07526876777410507,0.15152685344219208
394,-0.1600891649723053,-0.05848146975040436
395,0.06590840965509415,0.13253183662891388
889,0.045798055827617645,0.08508844673633575
398,0.05366545170545578,-0.1264188587665558
1078,-0.039275869727134705,-0.06818971037864685
1344,-0.03888939693570137,-0.06856486946344376
407,-0.09739942103624344,-0.09340409189462662
548,-0.043573521077632904,-0.08273301273584366
596,-0.04363640397787094,-0.08173970133066177
1661,-0.046575117856264114,-0.07011961936950684
408,-0.12751643359661102,-0.10267892479896545
409,0.037276286631822586,0.16300560534000397
980,0.031598109751939774,0.11011137813329697
410,-0.1570291668176651,-0.07055850327014923
411,-0.009581881575286388,0.14500468969345093
1601,-0.011341392062604427,0.09780113399028778
412,0.025043589994311333,0.13987575471401215
1602,0.007192726247012615,0.09336303919553757
413,-0.11653314530849457,-0.12599427998065948
1591,-0.06445159763097763,-0.07697958499193192
414,-0.12966996431350708,-0.1213422566652298
416,-0.11986926198005676,-0.1221289336681366
991,0.08322561532258987,0.08177834749221802
426,-0.12158140540122986,-0.049150098115205765
1346,-0.09815515577793121,-0.0025959773920476437
1805,-0.09817662835121155,-0.0025992118753492832
420,-0.14957070350646973,0.05125955864787102
422,-0.16177912056446075,-0.05985630676150322
427,-0.16329748928546906,-0.0661192387342453
428,0.15519821643829346,-0.08281340450048447
1748,0.10269246995449066,-0.044163163751363754
429,0.011755760759115219,0.1660119891166687
1342,0.0018314126646146178,0.11122115701436996
430,0.08010850846767426,-0.14377304911613464
1809,0.06485271453857422,-0.08315712213516235
431,0.15774807333946228,-0.022187914699316025
979,0.10006841272115707,0.0006865745526738465
432,0.10552876442670822,-0.08618133515119553
945,0.07226093113422394,-0.0339556559920311
446,-0.07858189940452576,-0.10214447975158691
1139,-0.03337433189153671,-0.08642079681158066
1140,-0.03291226923465729,-0.08695870637893677
434,-0.10326686501502991,0.10896468162536621
1334,-0.07592219114303589,0.07944432646036148
436,-0.1390342265367508,-0.005610818974673748
439,-0.15003560483455658,-0.02047080546617508
449,-0.14894524216651917,-0.020440373569726944
763,-0.10105286538600922,0.014466996304690838
790,-0.0993216261267662,0.015262017026543617
437,-0.11199796944856644,-0.12381068617105484
438,-0.13937512040138245,-0.007631633430719376
607,-0.10894093662500381,-0.008125963620841503
649,0.07160550355911255,-0.052099041640758514
1531,-0.04074923321604729,0.07229916006326675
444,-0.05362479016184807,-0.11900985985994339
451,-0.0699971467256546,-0.10947344452142715
462,-0.0699346512556076,-0.10942062735557556
1022,-0.0231627207249403,-0.08184042572975159
1067,-0.02378147281706333,-0.08278468996286392
447,-0.05347582697868347,-0.11892121285200119
448,-0.14884671568870544,-0.08354848623275757
1116,-0.0481029748916626,-0.07565722614526749
452,0.1703227460384369,0.06064211577177048
1384,0.11240654438734055,0.04736347496509552
453,-0.001773048541508615,0.16557858884334564
1730,-0.006651020608842373,0.1115076094865799
454,-0.010382390581071377,0.16460493206977844
1735,-0.013649297878146172,0.11071180552244186
1519,-0.02010152116417885,-0.005484265740960836
459,-0.0859631597995758,-0.11124647408723831
461,-0.08998145908117294,-0.09968443959951401
466,-0.08995608985424042,-0.09948202967643738
1215,-0.06157362833619118,-0.06449329853057861
1216,-0.05901370570063591,-0.0668049082159996
460,-0.08572320640087128,-0.11151283979415894
619,-0.06390158832073212,-0.0651753842830658
463,-0.12288729846477509,0.10541661828756332
1463,-0.061002958565950394,0.06752102077007294
675,-0.05139244720339775,0.06515423208475113
467,0.18033528327941895,-0.029102297499775887
469,-0.9999999403953552,-0.6212167143821716
477,-0.9697736501693726,-0.6024470925331116
470,0.6954452991485596,0.7290347814559937
478,0.6860417723655701,0.7193898558616638
471,-0.16303911805152893,-0.1213221475481987
472,-0.07630480825901031,-0.14433366060256958
1631,-0.11846896260976791,-0.0013215231010690331
473,-0.20472180843353271,0.009576220996677876
1769,0.05654133856296539,0.015770314261317253
474,0.137149840593338,-0.028462545946240425
1767,-0.016751784831285477,-0.09198624640703201
475,-0.0157930888235569,-0.18126846849918365
1459,0.0510699637234211,0.012936347164213657
476,0.13246813416481018,-0.04018824175000191
479,0.06465407460927963,0.024590155109763145
1132,0.0806843563914299,0.002463812939822674
1213,0.07285959273576736,0.012091048061847687
1533,0.04152434319257736,0.06712514162063599
1813,0.002161088865250349,0.008719063363969326
480,-0.010154386050999165,-0.04541369155049324
1549,-0.01569928228855133,-0.057030562311410904
481,0.09902447462081909,0.038775596767663956
881,0.11974172294139862,0.04984649643301964
482,-0.08838200569152832,0.04941035807132721
1126,-0.09917125850915909,0.03373182937502861
483,-0.056794386357069016,-0.029103608801960945
484,0.02140171453356743,0.0795145034790039
485,-0.08134368062019348,-0.004211281426250935
486,-0.03537842258810997,0.08896279335021973
487,0.04475622624158859,0.047297194600105286
690,0.06395017355680466,0.05240829288959503
488,-0.09566119313240051,-0.030300892889499664
489,-0.09969446808099747,-0.044669587165117264
490,0.005481766536831856,0.04669816792011261
615,0.04038296267390251,0.02042464353144169
1060,-0.005494262557476759,0.050760623067617416
1729,-0.00528675364330411,0.07874559611082077
491,0.08898697793483734,0.06954038888216019
1641,0.11157689988613129,0.07919290661811829
492,-0.0474131777882576,-0.07519404590129852
493,-0.04041910171508789,-0.06080638989806175
494,-0.031517717987298965,0.07749118655920029
495,-0.030703634023666382,0.07967283576726913
496,-0.08864587545394897,0.0593632273375988
712,-0.10758206248283386,0.06621103733778
497,0.07960765808820724,0.007446299307048321
1438,0.08897225558757782,0.029089678078889847
498,0.10329226404428482,-0.009828740730881691
1528,0.1350337266921997,-0.01210927776992321
499,0.018278328701853752,-0.0014082116540521383
580,0.01906220056116581,0.007692423183470964
500,0.08053163439035416,0.06083531677722931
782,0.06043333560228348,0.09211458265781403
783,0.07478854805231094,0.07686871290206909
786,0.06752364337444305,0.08341538906097412
787,0.08127830922603607,0.06664195656776428
1577,0.0866924300789833,0.0615864060819149
501,-0.0931132361292839,0.0428236685693264
1505,-0.11142419278621674,0.032019324600696564
502,-0.009684630669653416,-0.042473115026950836
539,-0.022425610572099686,-0.036458536982536316
556,-0.02508838102221489,-0.03853674978017807
821,-0.006904128007590771,-0.06981416046619415
503,0.05472617223858833,0.02327566407620907
944,0.06305288523435593,0.005369227845221758
1000,0.06231171637773514,0.05289649963378906
1404,0.019387075677514076,0.0499156191945076
504,-0.10176137834787369,-0.012677285820245743
505,-0.10492091625928879,-0.0278788935393095
506,-0.07178945094347,-0.060397326946258545
507,0.014400423504412174,0.08069800585508347
510,-0.10394127666950226,-0.00931211281567812
512,-0.10385409742593765,-0.02100142277777195
513,-0.048990391194820404,0.10196828842163086
514,-0.0978325605392456,-0.01530457753688097
515,-0.10021930187940598,-0.03392058238387108
517,0.0271457526832819,-0.021311890333890915
525,0.054437167942523956,0.01565486006438732
874,0.013272687792778015,-0.01672236993908882
896,0.05786556005477905,0.0018641474889591336
898,0.03698507696390152,-0.015635110437870026
728,-0.11133754253387451,0.0631924718618393
1065,-0.07763613015413284,0.0705973356962204
519,0.060210879892110825,0.033878084272146225
815,0.061684902757406235,0.029165685176849365
1742,0.056375902146101,0.04934040457010269
520,-0.05201306194067001,-0.06337949633598328
521,-0.07527825236320496,0.04886026307940483
847,-0.0707668587565422,0.022903427481651306
992,-0.07050077617168427,0.04077710211277008
1057,-0.08707994967699051,0.07833210378885269
522,0.08746485412120819,0.00830046832561493
661,0.12675970792770386,0.011748532764613628
523,-0.08240505307912827,-0.013064861297607422
524,-0.08912653475999832,-0.03514114394783974
897,0.02686125785112381,-0.02233649604022503
1640,0.11308402568101883,0.07920126616954803
526,-0.09391401708126068,-0.047377366572618484
527,0.025796983391046524,-0.08882518857717514
775,0.02763214334845543,-0.08763662725687027
528,-0.07361237704753876,-0.056615374982357025
529,-0.050237905234098434,-0.05200451239943504
530,-0.005720441695302725,0.09478234499692917
531,0.05669567734003067,-0.07017681747674942
1600,0.07872430235147476,-0.09477589279413223
532,0.09469401836395264,0.014625647105276585
533,-0.04869163781404495,-0.05005814507603645
534,-0.0006730738678015769,0.09201103448867798
535,0.08893657475709915,0.06904235482215881
536,-0.03664258494973183,0.09419385343790054
537,0.011711583472788334,0.08111392706632614
538,0.025012865662574768,0.09966728836297989
1580,0.049381863325834274,0.10937472432851791
571,0.00812023039907217,-0.05634089931845665
770,-0.004658665973693132,-0.03452552855014801
1103,-0.029528720304369926,-0.0422150120139122
540,-0.037316665053367615,-0.07374762743711472
541,0.0350833423435688,0.06693270057439804
542,-0.07623836398124695,-0.010434605181217194
543,-0.017080774530768394,0.0625501498579979
544,-0.04359981045126915,0.06643883138895035
885,-0.05450085178017616,0.06463812291622162
547,0.0935477614402771,5.1969043852295727e-05
1331,0.1114935427904129,0.004187342710793018
1483,0.01984323188662529,-0.061753854155540466
549,-0.03405856713652611,-0.08752746134996414
550,-0.04324929416179657,-0.0907101035118103
551,0.03203527629375458,-0.04159892722964287
1077,0.019861780107021332,-0.04766204580664635
1343,0.02060321532189846,-0.048681408166885376
1439,0.04079021140933037,-0.02511369064450264
566,0.06424407660961151,0.07245354354381561
553,-0.036945801228284836,-0.08602789044380188
554,-0.047585953027009964,-0.0912436842918396
555,-0.061904001981019974,-0.0583309531211853
557,-0.0722862109541893,-0.022440459579229355
1373,-0.03667473420500755,-0.06582175940275192
1693,0.01160399429500103,-0.08006741851568222
560,-0.05645716190338135,-0.08188694715499878
561,-0.0649445578455925,-0.08532808721065521
562,-0.041330669075250626,-0.057223882526159286
563,-0.01575818471610546,0.09004133194684982
564,-0.02852761186659336,-0.011282183229923248
939,-0.04624806344509125,0.0010051514254882932
1241,-0.04634792357683182,-0.001579432631842792
1606,0.006652797106653452,-0.054066501557826996
565,0.07443360984325409,-0.017884211614727974
999,0.09899269789457321,-0.030416984111070633
567,-0.05851994827389717,-0.06976534426212311
568,-0.05653781071305275,-0.06429336220026016
569,0.06933587044477463,0.056362081319093704
1589,0.06097159534692764,0.048535361886024475
570,0.03585682809352875,0.06669753044843674
1218,0.03689657524228096,-0.07382293045520782
1637,0.04641181230545044,-0.09419464319944382
573,-0.049682147800922394,-0.03665477782487869
767,0.018579386174678802,-0.06764569878578186
985,-0.05155308544635773,-0.040074195712804794
574,0.08162572979927063,0.006651866249740124
800,0.07572925835847855,0.006607664283365011
1407,0.09500771760940552,0.027079228311777115
575,0.04940810427069664,-0.06113149970769882
632,0.06750955432653427,-0.03307564929127693
802,0.07148054242134094,-0.0420437790453434
947,0.03639724850654602,-0.06166102737188339
576,-0.09297077357769012,0.029016932472586632
577,-0.10195918381214142,0.015483932569622993
636,-0.005369374994188547,0.08169011771678925
655,-0.017336871474981308,0.08605125546455383
579,-0.11164219677448273,-0.012829812243580818
581,0.03908224031329155,-0.08467748016119003
1284,0.05516409873962402,-0.09889466315507889
582,0.08865401893854141,-0.04642577841877937
1750,0.11440305411815643,-0.054162733256816864
583,0.08332926034927368,-0.013864046894013882
589,-0.06671443581581116,0.011443529278039932
586,-0.026453712955117226,0.057738710194826126
587,-0.08583837002515793,-0.044837769120931625
588,0.03941250592470169,-0.008283562026917934
590,-0.05968408286571503,0.01689305156469345
682,-0.03457235172390938,-0.024487832561135292
803,-0.054620396345853806,0.019208798184990883
1588,-0.07085388898849487,0.005266907159239054
1062,-0.03772151470184326,-0.022831954061985016
1583,-0.0686163604259491,0.010556184686720371
591,-0.08184101432561874,0.04368536174297333
975,-0.0831935703754425,0.030934346839785576
1074,-0.08666393160820007,0.04281283915042877
1085,-0.08394736796617508,0.029633332043886185
592,-0.08793773502111435,0.020967168733477592
907,-0.05951792001724243,0.016047360375523567
593,-0.06807935237884521,-0.060857124626636505
594,0.06090076267719269,-0.07048184424638748
1444,0.07950827479362488,-0.08687280118465424
1201,0.09619651734828949,-0.003435886465013027
1487,0.021035408601164818,-0.06052796170115471
597,0.019970251247286797,-0.08855529129505157
820,0.020400190725922585,-0.10695847868919373
598,0.0034328235778957605,0.08427435904741287
628,-0.032793495804071426,0.06735991686582565
600,0.04413982480764389,0.08132050186395645
601,0.06607870012521744,0.05950869619846344
1594,0.0590621680021286,0.06877981871366501
602,0.04366247355937958,0.04772372916340828
646,0.06961595267057419,0.03655276075005531
603,0.0879659503698349,0.0025444249622523785
604,-0.07222390919923782,-0.06548552960157394
605,-0.05309881269931793,0.09093406796455383
1112,-0.05338721722364426,0.08577296137809753
606,-0.06296951323747635,-0.07103715091943741
608,0.05719625949859619,0.04407024011015892
846,0.052024271339178085,0.06049863249063492
610,0.05724489316344261,0.028311491012573242
676,0.07011047750711441,0.018207933753728867
611,0.043911807239055634,-0.08324757218360901
1367,0.04379735887050629,-0.09802481532096863
612,-0.03625403344631195,-0.09575216472148895
614,0.0878758579492569,-0.051309362053871155
1749,0.11522578448057175,-0.05879294127225876
1119,0.05133426561951637,-0.016172174364328384
616,-0.07728040963411331,-0.009820973500609398
617,0.05268413946032524,-0.081780344247818
1810,0.05589725077152252,-0.09675751626491547
618,0.025613877922296524,0.08542846143245697
620,0.07848107069730759,-0.002329173730686307
779,0.10487566143274307,0.03043430671095848
621,0.08501851558685303,0.01588696800172329
641,0.09453387558460236,-0.00014801743964198977
622,-0.043655626475811005,0.08740636706352234
1758,-0.04503253847360611,0.09574297815561295
623,-0.0802667886018753,-0.05610162392258644
624,-0.03989735245704651,-0.039559848606586456
633,-0.033246222883462906,-0.01640080288052559
1368,-0.018474910408258438,-0.0630750060081482
625,-0.07343406975269318,0.06956712156534195
1272,-0.06295794993638992,0.07522586733102798
840,-0.09406177699565887,0.07776561379432678
627,-0.03266357257962227,0.0726190060377121
1091,-0.027442840859293938,0.06704477220773697
1557,0.02794170379638672,0.08166351169347763
630,-0.02341509237885475,0.08745821565389633
631,-0.08419640362262726,-0.028702838346362114
1654,0.04940570518374443,-0.06116201728582382
789,-0.05121811479330063,0.009079856798052788
1596,-0.05138910189270973,0.010123697109520435
634,-0.05478176847100258,-0.04527305066585541
635,0.04440724104642868,-0.05107742175459862
1329,0.07569586485624313,-0.0774543508887291
637,0.012517580762505531,0.10363979637622833
707,-0.01913350261747837,0.038782186806201935
638,0.06554612517356873,-0.0670352503657341
639,0.05931782349944115,-0.05130838230252266
1134,0.05670246481895447,-0.046523332595825195
640,0.07917387038469315,0.013114306144416332
799,0.09655819088220596,0.02122659794986248
1719,0.09902918338775635,0.02603818103671074
642,0.07975582033395767,-0.051008034497499466
1701,0.10049788653850555,-0.054463423788547516
643,-0.02746620401740074,0.08328660577535629
644,-0.07652425765991211,-0.03701244667172432
645,-0.07942590117454529,-0.029481958597898483
647,-0.08940471708774567,-0.04872328042984009
648,0.09242276847362518,-0.0075608957558870316
1232,0.11683633178472519,-0.010444331914186478
1061,0.060722801834344864,-0.035010989755392075
650,-0.0607873909175396,-0.08372440934181213
651,-0.07599683851003647,-0.07659761607646942
652,0.0016482346691191196,0.11938938498497009
653,-0.07887092977762222,-0.019838208332657814
654,0.01591414213180542,0.06259045004844666
1348,0.006695822812616825,0.0957593247294426
1721,0.020250482484698296,0.05104381963610649
656,-0.10076957195997238,-0.010575173422694206
657,-0.10375656187534332,-0.024082273244857788
658,0.07395243644714355,0.024047529324889183
720,0.0782797634601593,0.020616641268134117
1109,0.0739251971244812,0.013752342201769352
894,-0.011539124883711338,-0.006940648425370455
1582,0.015435688197612762,-0.09580863267183304
660,0.10232094675302505,0.010602420195937157
1465,0.13159960508346558,0.007339665666222572
662,-0.027878636494278908,0.09137354046106339
664,-0.018919672816991806,0.07928729057312012
983,-0.02512294054031372,0.03855977952480316
666,-0.04887191206216812,0.08669380098581314
1480,-0.054387982934713364,0.07691499590873718
668,-0.0752037912607193,-0.01516033336520195
879,-0.07421418279409409,-0.018978845328092575
669,0.10345598310232162,-0.003884177654981613
1529,0.13317105174064636,-0.010676832869648933
670,-0.08863888680934906,0.05864918604493141
671,-0.08057007938623428,0.0571012869477272
1027,-0.0740019828081131,0.06330545246601105
672,-0.03806484863162041,0.00670797610655427
673,-0.04395079240202904,-0.017935004085302353
1595,-0.018894679844379425,0.00467922305688262
674,0.00044268020428717136,0.009911851957440376
928,0.08994614332914352,-0.023554498329758644
943,-0.040997449308633804,0.020503221079707146
1359,-0.0432116724550724,0.0204029344022274
677,0.11214885115623474,0.009371677413582802
678,0.008674689568579197,0.00488452659919858
679,0.009587590582668781,-0.006252873223274946
1036,-0.0003729961172211915,-0.010184217244386673
1161,0.0005628876970149577,-0.010427352041006088
1205,0.026497621089220047,-0.012015728279948235
680,-0.013724029995501041,-0.008385906927287579
1160,0.04691270738840103,-0.0005027594743296504
681,-0.0507846362888813,-0.04640645906329155
1728,-0.00693954573944211,-0.06218429282307625
684,-0.008771938271820545,0.08599822968244553
1682,0.031142860651016235,0.1112326979637146
685,0.047215115278959274,0.03565056994557381
1257,0.03602831810712814,0.05688317120075226
686,-0.04980862885713577,0.019551582634449005
687,-0.05279972776770592,-0.006061340216547251
960,-0.0077339173294603825,-0.033820539712905884
688,-0.06675857305526733,-0.029554765671491623
691,0.08116317540407181,-0.04386487603187561
809,0.09487288445234299,-0.05190829187631607
692,0.021958574652671814,-0.05612661689519882
733,0.014442297630012035,-0.0573403425514698
1291,0.015807876363396645,-0.05815722048282623
1445,0.012943526729941368,-0.0682111456990242
850,-0.014094049111008644,0.07754050940275192
695,-0.057751428335905075,-0.01485094428062439
1597,-0.04006720334291458,0.014889339916408062
698,0.03370296582579613,0.07326015830039978
1184,0.017369691282510757,0.07385499775409698
699,0.030898720026016235,0.06464167684316635
824,0.03058004565536976,0.07778018712997437
701,0.08136124908924103,0.04286671802401543
1337,0.09594230353832245,0.055570270866155624
702,-0.06670451164245605,-0.024359367787837982
703,-0.10682348906993866,0.01837131381034851
704,-0.11298462003469467,-0.006963190156966448
705,0.059292808175086975,0.00731861824169755
1547,0.04536593705415726,0.04918263480067253
708,0.03739073500037193,-0.055133141577243805
1371,0.05676543712615967,-0.06014816462993622
709,-0.0005470593459904194,-0.049135591834783554
710,0.012289931997656822,0.11081358790397644
1562,-0.0011470187455415726,0.11220364272594452
1768,0.011288553476333618,0.07538466155529022
717,0.02410106733441353,0.1003284826874733
718,0.011782247573137283,0.10404768586158752
719,0.09286750853061676,0.03469042852520943
856,0.07663914561271667,0.06916631758213043
721,-0.011349637061357498,0.04754814878106117
722,-0.041132859885692596,-0.0771840512752533
723,0.09730888903141022,0.05440071225166321
724,-0.055992480367422104,-0.07961167395114899
725,0.06797722727060318,-0.04971369728446007
1775,0.07450032979249954,-0.07028726488351822
726,-0.03025980293750763,0.07303721457719803
903,0.06381887197494507,-0.046979453414678574
1003,0.07050281018018723,-0.020278340205550194
729,-0.050677940249443054,0.082918681204319
1788,-0.04797203466296196,0.0875898152589798
730,-0.06470821052789688,0.08609575033187866
731,0.012604244984686375,-0.030547667294740677
1069,0.03829319775104523,-0.037638820707798004
732,-0.024108920246362686,0.06551706045866013
805,0.006295188330113888,0.057180870324373245
807,-0.04268813505768776,0.0621323361992836
1089,-0.0042997095733881,-0.05726251006126404
1290,0.03892844170331955,-0.067660853266716
1292,0.028053702786564827,-0.05022592470049858
735,0.06662330776453018,0.09331829845905304
1163,0.09258254617452621,0.09453696012496948
736,-0.03413519635796547,-0.045234739780426025
816,-0.04909804090857506,-0.016803251579403877
864,-0.03927235305309296,-0.04140413552522659
877,-0.019766539335250854,-0.04840821027755737
1293,-0.05355537310242653,-0.01699201576411724
1432,-0.0011784305097535253,-0.0024791513569653034
1434,-0.003504271851852536,-0.0031564640812575817
1042,0.07779687643051147,-0.02044120617210865
740,-0.047614388167858124,0.10342719405889511
741,0.01492332387715578,0.10626991093158722
1320,0.032298650592565536,0.1158234179019928
742,0.039878830313682556,0.08540219068527222
1269,-0.007437196560204029,0.08914168924093246
743,-0.010799821466207504,0.0964922308921814
937,-0.035521723330020905,0.09596224874258041
744,0.03183458000421524,-0.06687135994434357
1482,0.051049478352069855,-0.039657220244407654
745,-0.0040007587522268295,-0.06733279675245285
746,0.07037598639726639,-0.025752438232302666
1289,0.06661634892225266,-0.03657442331314087
1666,0.07811944931745529,-0.03317113593220711
747,-0.012985988520085812,0.03648817539215088
1535,0.013852090574800968,0.07669445127248764
748,-0.01541954092681408,0.0495593324303627
1076,-0.04870202764868736,0.03986376151442528
1710,-0.04877842590212822,0.039516907185316086
749,0.02022029459476471,-0.08856889605522156
750,0.09224468469619751,0.0024036846589297056
751,0.021286260336637497,0.06561288982629776
1073,-0.009403444826602936,0.03351746127009392
752,0.02542741782963276,-0.07149548828601837
1382,0.03888176381587982,-0.07431954145431519
753,0.07945887744426727,-0.02593250386416912
942,0.0831548348069191,-0.025620346888899803
1172,0.06245669722557068,-0.004527530632913113
1174,0.0651610940694809,-0.020486755296587944
755,-0.040927570313215256,-0.0872797816991806
756,-0.051369134336709976,-0.0904824286699295
757,0.0684710443019867,0.014136536046862602
758,0.09887868911027908,0.03908013179898262
861,0.11975091695785522,0.04123467952013016
760,0.04626195505261421,-0.056434571743011475
761,0.03139795362949371,-0.06740579754114151
766,0.058654967695474625,-0.05859322473406792
1066,0.031092729419469833,-0.06765030324459076
762,-0.0029333229176700115,0.06533204764127731
764,-0.041426077485084534,-0.06679055094718933
765,-0.04890460893511772,-0.07645587623119354
1171,0.11599451303482056,-0.047256387770175934
768,-0.008011147379875183,0.08848833292722702
769,0.0011421919334679842,0.09442353993654251
771,-0.026739653199911118,-0.027917593717575073
772,0.015982771292328835,-0.09266019612550735
774,0.02577708661556244,-0.09393120557069778
784,0.02030418999493122,-0.08649802953004837
773,-0.027122560888528824,0.05302111804485321
822,-0.010758217424154282,0.019939500838518143
1016,-0.02057609148323536,0.07869613170623779
1811,0.061916619539260864,-0.10544004291296005
1064,-0.004924220032989979,-0.08565077930688858
777,0.028620120137929916,0.049634307622909546
1130,0.022107230499386787,0.058256685733795166
778,0.09215360879898071,0.01934451423585415
1489,0.10284977406263351,0.026708610355854034
781,0.007845512591302395,-0.0877533107995987
785,0.006479983683675528,-0.08717107772827148
788,-0.06543811410665512,-0.062146782875061035
791,-0.04685255512595177,0.10270575433969498
792,-0.0014744409127160907,0.11042934656143188
1791,-0.016296571120619774,0.11109665781259537
793,0.06975353509187698,0.005780227016657591
1755,0.0637410506606102,0.049070440232753754
1756,0.06530997157096863,0.019248662516474724
1757,0.06917621195316315,0.00024004749138839543
1760,0.06749612838029861,0.04179876670241356
1761,0.06815805286169052,0.007553618401288986
794,0.06725571304559708,-0.05817635729908943
795,-0.09308870881795883,0.04271480441093445
1506,-0.11075014621019363,0.0410698801279068
797,0.06478751450777054,0.05860495939850807
1271,0.05225348845124245,0.06696350127458572
798,-0.004907705821096897,-0.01913999579846859
1220,0.03181968256831169,0.0007093125022947788
801,-0.0034502691123634577,-0.05834507942199707
1765,0.12461213767528534,-0.010242557153105736
804,-0.058111999183893204,0.03750292956829071
1135,-0.025832289829850197,0.010969706811010838
1345,-0.06784354150295258,0.02991451881825924
1804,-0.06787978112697601,0.029948992654681206
806,0.011162318289279938,0.053117167204618454
808,-0.014108137227594852,0.05376250296831131
810,-0.04374765604734421,-0.08963731676340103
811,-0.05762282758951187,-0.09000115096569061
812,-0.01376311108469963,-0.06610678136348724
813,0.07843870669603348,0.04303708299994469
1206,0.0616062767803669,0.08009294420480728
817,-0.03382541611790657,-0.04593886062502861
917,-0.03950805217027664,-0.001979038119316101
915,-0.03872562572360039,-0.002447837498039007
1647,-0.008625611662864685,0.04303576052188873
825,-0.02390316314995289,0.037459440529346466
1733,-0.014291095547378063,0.08129321038722992
924,0.07030154764652252,0.022606559097766876
827,0.06681732088327408,0.09105782955884933
1136,0.08336074650287628,0.09686941653490067
828,0.04756010323762894,0.08389893919229507
883,0.05008375272154808,0.0883166715502739
1353,0.05612565949559212,0.083304762840271
1634,0.035415519028902054,0.10685131698846817
829,-0.07679152488708496,-0.05387243255972862
830,-0.015230703167617321,-0.05159420892596245
832,-0.0831640213727951,-0.017572445794939995
1177,-0.08531209826469421,-0.022912099957466125
833,0.051477089524269104,-0.06860832870006561
981,0.01639852486550808,-0.07347460836172104
1552,0.01871015504002571,-0.0735233798623085
834,-0.05280361324548721,0.010842467658221722
1711,-0.04218215495347977,0.045168571174144745
835,0.055047862231731415,-0.001291458960622549
836,0.055867284536361694,-0.012185013853013515
1743,0.04498382657766342,0.0008402029634453356
838,-0.014986318536102772,-0.07074686139822006
1523,-0.028106175363063812,0.044113460928201675
839,-0.08136168122291565,0.06381078064441681
841,0.03698669373989105,0.036322783678770065
1006,0.05199305713176727,0.01270105317234993
1049,0.034549809992313385,0.0673021674156189
842,0.05117833614349365,0.030913226306438446
1046,0.04608755186200142,0.060867879539728165
1612,0.048097092658281326,0.02523174323141575
844,-0.07588925212621689,0.030252525582909584
845,-0.06309320032596588,0.00322766718454659
1295,0.054536230862140656,0.052864596247673035
848,0.02917352505028248,0.020088791847229004
1496,0.03956799581646919,0.02156960405409336
1776,0.057965945452451706,-0.005442391615360975
851,-0.023799017071723938,0.03927458077669144
1740,-8.286624506581575e-05,0.09991998225450516
853,0.09090270102024078,0.015019887126982212
1381,0.08674032986164093,0.04007541015744209
854,0.06018061935901642,-0.034440480172634125
1246,0.037707891315221786,-0.040538061410188675
1532,0.09012152999639511,-0.020951047539711
1796,0.013410537503659725,-0.058338768780231476
1642,0.05839639902114868,0.09434858709573746
1643,0.06882039457559586,0.07813230901956558
1644,0.06625626981258392,0.09029355645179749
1645,0.07841183245182037,0.07411711663007736
1659,0.07961846143007278,0.06672219932079315
857,0.031831443309783936,0.009679154492914677
1164,0.043502941727638245,0.029896412044763565
1316,0.02287561632692814,-0.006700233556330204
1399,0.02031058631837368,-0.004441282711923122
858,0.013489801436662674,-0.011623792350292206
1219,0.05128888785839081,0.023348091170191765
1608,0.014892720617353916,0.015446934849023819
862,0.026725001633167267,-0.005710542667657137
876,0.03076069988310337,-0.03565741702914238
863,-0.021877950057387352,-0.052722375839948654
866,-0.036442831158638,-0.060941606760025024
1366,-0.04099876061081886,-0.05858168378472328
1784,0.019979707896709442,-0.07741507142782211
867,-0.05060611292719841,-0.00701165571808815
868,-0.012042742222547531,-0.07171574980020523
869,-0.013724776916205883,0.06267794966697693
1338,0.020231910049915314,0.03970734030008316
870,-0.07691459357738495,-0.02096949703991413
871,0.012868770398199558,-0.06155538558959961
1025,0.025729773566126823,-0.02689175121486187
872,0.060218941420316696,0.041073307394981384
880,0.06061803176999092,0.03955148160457611
875,0.027603991329669952,-0.0549493134021759
974,0.013944340869784355,-0.051644183695316315
1617,0.056420937180519104,-0.022835800424218178
1619,0.03957010433077812,-0.03981573507189751
1618,0.02526060678064823,-0.053221236914396286
878,-0.05408371239900589,-0.07482904195785522
882,0.05387594923377037,0.08143823593854904
1627,0.04188523814082146,0.10523128509521484
886,0.0600145198404789,-0.05658186599612236
1428,0.022397801280021667,0.06846150755882263
888,-0.015770167112350464,-0.04264621064066887
890,0.027763254940509796,0.10285186022520065
1422,-0.003960771486163139,0.10692541301250458
891,0.07165511697530746,0.07081498950719833
892,0.0829242691397667,0.04867468401789665
1122,0.0787721574306488,0.036855779588222504
893,0.06529921293258667,0.07144048064947128
1121,0.0694674700498581,0.04620136320590973
1501,0.08812683075666428,0.034838542342185974
1014,-0.03885969892144203,0.051036518067121506
1417,-0.04384652152657509,0.05360434204339981
899,-0.003174032084643841,0.07843238860368729
900,-0.028542667627334595,0.08367890864610672
1189,-0.018924327567219734,0.0360882505774498
901,0.07131519913673401,-0.037277646362781525
1301,0.07455430924892426,-0.09942173212766647
904,-0.008294060826301575,0.0025189672596752644
1023,-0.03840590640902519,0.028131473809480667
1386,-0.0476248636841774,0.008822535164654255
905,0.014695331454277039,-0.034115999937057495
916,-0.023113887757062912,-0.0036563321482390165
906,-0.07648550719022751,0.07565975189208984
1689,-0.03604412078857422,-0.012066741473972797
910,0.03571125864982605,0.07781483232975006
1484,0.01783231645822525,0.07375848293304443
911,-0.00018775991338770837,-0.0032807879615575075
1479,0.042266685515642166,-0.006308811716735363
912,-0.04304756969213486,-0.023539282381534576
1028,0.03218816965818405,0.07653195410966873
914,-0.042904745787382126,0.017182249575853348
1113,-0.023087719455361366,0.0018552776891738176
1328,0.005797255784273148,-0.02705479972064495
1413,-0.04669248312711716,-0.009199108928442001
918,-0.05681180581450462,-0.038990993052721024
919,-0.02770312689244747,-0.028800124302506447
1118,-0.045653458684682846,5.3390169341582805e-05
1311,-0.06157998368144035,0.03653247281908989
1013,-0.06224709376692772,0.03426600247621536
922,-0.02236689068377018,0.09842441976070404
1251,-0.02558930218219757,0.10526669025421143
923,-0.030485957860946655,0.08974218368530273
1268,-0.03044302947819233,0.08533147722482681
1392,-0.003063527401536703,0.09086065739393234
926,-0.044292155653238297,-0.08327668160200119
927,-0.05455344542860985,-0.0889798253774643
929,-0.01303279958665371,-0.02922036126255989
930,-0.05944918096065521,-0.00616993336006999
932,-0.07764626294374466,0.024779580533504486
1395,-0.0738665759563446,0.01946614310145378
1475,-0.06948697566986084,-0.0005640393355861306
931,-0.0831422358751297,-0.04090186581015587
1117,-0.06166401505470276,-0.0037903343327343464
933,-0.008985756896436214,-0.05565981566905975
1365,0.02680627442896366,-0.06187457591295242
934,-0.04929498955607414,-0.08142735809087753
935,-0.06584774702787399,-0.08324100822210312
1511,-0.03430374711751938,0.10779105126857758
1512,-0.04152406379580498,0.0888175219297409
1513,-0.02729807049036026,0.09046749770641327
1516,-0.028796633705496788,0.11422426253557205
1517,-0.03986116498708725,0.09871423244476318
938,0.048457249999046326,-0.08357059955596924
1034,-0.03170282021164894,0.003345008008182049
940,0.08974240720272064,-0.035895220935344696
941,0.11172440648078918,-0.04174421355128288
946,0.08510086685419083,-0.0069547127932310104
1166,0.08556979149580002,0.02893918566405773
948,0.06635697185993195,-0.05273412540555
1774,0.06947283446788788,-0.06622505187988281
1694,0.0038597246166318655,0.06887118518352509
1155,-0.008543811738491058,0.06956320255994797
951,0.016319798305630684,0.05301126837730408
952,0.022248826920986176,0.02165631577372551
1443,0.02471746690571308,0.01703200303018093
953,0.010276345536112785,0.0621216781437397
954,0.03070204146206379,0.0035478612408041954
1442,0.00592567166313529,0.03258402645587921
955,-0.01532555092126131,-0.05767129361629486
956,-0.07686685025691986,-0.07658052444458008
957,0.05020638555288315,0.07105785608291626
1305,0.06794120371341705,0.0701739639043808
959,-0.08253215998411179,-0.07557667791843414
1598,0.02800009213387966,-0.06510214507579803
1747,-0.053414326161146164,-0.050282180309295654
962,0.03584398701786995,0.11175576597452164
1288,0.017538584768772125,0.08933307230472565
963,0.0030540451407432556,0.08730204403400421
1759,-0.030119944363832474,0.10194530338048935
964,-0.00854352954775095,0.03457967936992645
965,-0.03219414874911308,0.045195918530225754
1009,-0.026503466069698334,0.07129721343517303
966,-0.05984088405966759,-0.025601528584957123
967,-0.056249912828207016,-0.04439719766378403
970,-0.04296256974339485,-0.04726292937994003
972,-0.05469472333788872,-0.04305218905210495
973,0.041812341660261154,-0.048000629991292953
1192,0.04692817106842995,0.11170678585767746
1364,0.04568527266383171,-0.05878012627363205
984,-0.06899742037057877,-0.033622857183218
986,-0.10974875092506409,-0.01750996522605419
988,-0.06855933368206024,0.06730954349040985
1129,-0.07031457126140594,0.07341138273477554
993,-0.06250816583633423,0.00760548934340477
994,-0.06350759416818619,0.06869251281023026
1026,-0.0697578564286232,0.0628473088145256
1408,-0.06692956387996674,0.05849629268050194
1491,-0.055724047124385834,0.0854315236210823
1286,0.0775490328669548,0.05871100351214409
996,-0.02940712869167328,-0.01215147040784359
997,0.0009975802386179566,-0.027272135019302368
1017,-0.038115691393613815,0.019656622782349586
998,0.07163762301206589,-0.014136339537799358
1001,0.05554131045937538,0.0540633387863636
1458,0.07419946789741516,0.0361177995800972
1495,0.0419856458902359,0.04218447953462601
1592,0.0561191700398922,0.07022750377655029
1593,0.04928397759795189,0.055605676025152206
1771,0.05939081683754921,0.061784110963344574
1002,0.02710970863699913,0.07741033285856247
1007,-0.00988154299557209,-0.06841327995061874
1684,-0.014539350755512714,0.07999525964260101
1010,-0.07656658440828323,-0.07074391096830368
1011,-0.021153226494789124,0.07005912065505981
1012,-0.08311688899993896,-0.07198605686426163
1312,-0.05497989058494568,0.04684079438447952
1681,-0.03226415067911148,0.06259371340274811
1715,-0.06785751134157181,0.030868729576468468
1415,-0.0410640612244606,0.0921744853258133
1416,-0.05001722648739815,0.06776895374059677
1418,-0.0441519059240818,0.08286906033754349
1419,-0.05547655001282692,0.05983866751194
1144,-0.023967308923602104,0.07948897033929825
1133,0.07724560052156448,-0.010832495056092739
1173,0.07600358873605728,-0.030107129365205765
1019,0.08197247982025146,0.01607230305671692
1095,0.07618498057126999,0.03050614707171917
1096,0.08722566813230515,0.03247276321053505
1142,0.08304315060377121,0.014681708067655563
1778,0.08360317349433899,0.023427845910191536
1779,0.08381837606430054,0.006616926286369562
1354,0.07690136879682541,0.05939243361353874
1024,-0.07619608938694,-0.03174256160855293
1032,-0.014443903230130672,-0.044533904641866684
1029,0.012654204852879047,-0.061828646808862686
1030,0.0007057352340780199,-0.05582020431756973
1031,0.03929062932729721,-0.04114760085940361
1033,-0.002616338664665818,-0.05755140259861946
1035,-0.019734429195523262,0.08280832320451736
1695,0.008508099243044853,0.10177552700042725
1309,0.016484428197145462,-0.0023522546980530024
1038,0.09481106698513031,0.03302425891160965
1039,-0.055191028863191605,0.00037725947913713753
1040,-0.08323285728693008,0.056840021163225174
1539,-0.07342613488435745,0.0713859423995018
1041,0.05281326547265053,0.09809550642967224
1043,-0.024678178131580353,0.1062491312623024
1249,-0.026977913454174995,0.10508263111114502
1044,-0.0347733311355114,0.1018604040145874
1047,0.016559453681111336,0.06920284777879715
1054,0.014755140990018845,0.06441260129213333
1448,0.009986264631152153,0.06877423077821732
1050,-0.018767746165394783,0.0392080582678318
1453,-0.003676105523481965,0.08054687082767487
1051,-0.10007815808057785,-0.02623625658452511
1052,-0.10216476023197174,-0.0398649126291275
1053,0.06325965374708176,-0.04589856415987015
1055,0.02139727957546711,0.055732082575559616
1558,-0.00017604789172764868,0.018752984702587128
1056,-0.08140529692173004,0.06403370201587677
1058,0.0013189503224566579,0.08602216839790344
1063,0.01986452378332615,-0.0866251215338707
1084,-0.0642361119389534,0.08446765691041946
1068,-0.08039449155330658,-0.038159292191267014
1466,-0.007711044978350401,-0.040053773671388626
1070,0.01882166415452957,-0.03597783297300339
1071,-0.0020295369904488325,-0.03859131410717964
1072,-0.0024406828451901674,-0.038821879774332047
1332,0.03781415522098541,-0.02662098966538906
1100,-0.1060812771320343,0.043585218489170074
1075,-0.006154962815344334,-0.04726887121796608
1461,-0.05361923947930336,0.03488536551594734
1709,-0.007245553191751242,0.05977804958820343
1623,0.07922682166099548,-0.006010179407894611
1081,-0.053845956921577454,0.09895347058773041
1082,-0.08108561486005783,-0.04749104380607605
1083,-0.05994837358593941,-0.044659197330474854
1151,-0.06322523951530457,0.08948182314634323
1152,-0.05803750082850456,0.09273742139339447
1153,-0.05736798048019409,0.09337210655212402
1226,-0.06153564900159836,0.08858952671289444
1530,-0.05622100085020065,0.08532755821943283
1243,0.0009838835103437304,-0.07944944500923157
1088,0.024986770004034042,-0.04658103361725807
1090,-0.019142715260386467,0.0921698808670044
1477,-0.02071373164653778,0.09546814113855362
1209,0.018608054146170616,-0.05220784246921539
1207,0.018362371250987053,-0.05207312852144241
1798,0.07409482449293137,0.05532529950141907
1101,0.08167306333780289,-0.03819272667169571
1111,0.12309611588716507,-0.034844618290662766
1102,0.07496621459722519,0.04807080328464508
1797,0.07220984995365143,0.064682736992836
1704,-0.0671006515622139,-0.026120398193597794
1105,-0.019784769043326378,-0.03163209557533264
1389,0.12197092920541763,-0.03784984350204468
1108,0.07235313951969147,0.03257197141647339
1296,0.06687963008880615,0.033705443143844604
1702,0.08230488002300262,0.010005474090576172
1110,0.09360703080892563,-0.02871554344892502
1175,-0.05715710297226906,0.07344774156808853
1114,-0.035710304975509644,-0.011692177504301071
1120,-0.0762467086315155,-0.04604470729827881
1123,0.02043316885828972,0.0820595845580101
1125,-0.08813122659921646,0.049649354070425034
1521,-0.05957065150141716,-0.03992707282304764
1576,0.00923610758036375,-0.057525087147951126
1128,-0.05723544955253601,0.08194795250892639
1490,-0.04960665851831436,0.09066446870565414
1138,-0.06466719508171082,-0.03778782859444618
1675,-0.06459501385688782,-0.03767428547143936
1244,0.013853193260729313,-0.08153919875621796
1240,0.01336520817130804,-0.08192961663007736
1143,-0.047051046043634415,-0.06919864565134048
1145,0.08904428780078888,0.042243581265211105
1146,0.09201118350028992,0.03827942907810211
1722,0.03640631213784218,0.050821609795093536
1150,-0.005360027309507132,-0.0530804842710495
1154,0.08301276713609695,0.024106580764055252
1165,0.08080686628818512,0.04720161482691765
1772,0.07264789938926697,0.045124493539333344
1156,0.02693885564804077,-0.08040665835142136
1700,0.04574427381157875,-0.06963880360126495
1157,-0.004013181198388338,-0.07273370027542114
1159,-0.07292182743549347,0.05949007347226143
1162,0.01456137839704752,0.02994151972234249
1603,-0.0059348843060433865,0.06872473657131195
1605,-0.0002191961684729904,0.04151679947972298
1607,0.01418539322912693,0.06866151839494705
1609,0.013558333739638329,0.04200096055865288
1167,-0.07467088848352432,-0.01469516009092331
1168,0.08261046558618546,0.056743163615465164
1170,0.08971782773733139,-0.03588974475860596
1543,0.042587172240018845,0.03940870612859726
1176,-0.04764055833220482,-0.0427335724234581
1179,-0.043375249952077866,-0.05210902541875839
1727,-0.04556687921285629,-0.05354660376906395
1185,-0.012855282053351402,0.03654494509100914
1186,-0.08697416633367538,-0.03629074990749359
1190,-0.05572447553277016,-0.06600089371204376
1191,-0.07192382216453552,-0.07120870053768158
1193,-0.08286365121603012,-0.006047545466572046
1744,0.04714227095246315,0.007816575467586517
1196,-0.08191794157028198,-0.014836537651717663
1276,-0.09151765704154968,0.02440592274069786
1197,0.047549642622470856,-0.015382346697151661
1420,0.028102193027734756,-0.040763430297374725
1672,0.0034594330936670303,-0.0490042120218277
1198,-0.01916944794356823,-0.022564733400940895
1199,-0.022368716076016426,0.10867614299058914
1200,-0.018478119745850563,-0.028640063479542732
1202,-0.08513977378606796,-0.053277287632226944
1203,-0.08858542889356613,-0.06007750332355499
1204,-0.07160615175962448,-0.04674956202507019
1277,0.059496935456991196,0.08702656626701355
1280,0.04304097965359688,0.09918195009231567
1281,0.05505266413092613,0.09713097661733627
1287,0.0667698085308075,0.08520889282226562
1372,0.04982474073767662,0.09877195954322815
1208,0.014318243600428104,-0.025394216179847717
1581,0.0021084584295749664,0.02040134184062481
1210,0.036447279155254364,-0.06886312365531921
1763,0.059677883982658386,-0.05970293655991554
1211,-0.00023566160234622657,-0.06601595133543015
1214,-0.06743332743644714,-0.02505255863070488
1217,-0.10899677872657776,-0.008201700635254383
1223,-0.061122726649045944,0.005362735129892826
1556,-0.07675396651029587,0.033069513738155365
1224,-0.09623949229717255,-0.038844913244247437
1225,-0.0964030921459198,-0.051928065717220306
1401,-0.056350480765104294,0.07579260319471359
1227,0.0463910810649395,-0.08086325973272324
1229,-0.054590992629528046,-0.029536131769418716
1230,0.03588208928704262,-0.04888688400387764
1242,0.023665664717555046,-0.07292834669351578
1231,0.09256651997566223,-0.008348443545401096
1478,0.1170729249715805,-0.0031313737854361534
1233,0.030494166538119316,0.09217071533203125
1551,-0.007872807793319225,0.09899955987930298
1235,0.0023590417113155127,-0.060226891189813614
1236,-0.06394349783658981,-0.065241239964962
1238,-0.011522218585014343,0.03346448764204979
1278,0.01734790951013565,0.07282985001802444
1239,0.025969330221414566,-0.08260580152273178
1245,0.06190968677401543,0.06682839244604111
1247,0.001450281823053956,-0.04434777423739433
1248,-0.034940849989652634,0.09843463450670242
1250,-0.04099463298916817,0.10345017910003662
1550,-0.019288478419184685,0.10583565384149551
1252,-0.03951112553477287,0.10605693608522415
1476,-0.020818466320633888,0.09504897892475128
1253,0.05109679326415062,0.09390105307102203
1254,0.008431701920926571,0.10992616415023804
1347,0.0017877743812277913,0.11698273569345474
1349,0.011344320140779018,0.1118607372045517
1350,0.010862314142286777,0.1185854971408844
1351,0.02009807899594307,0.1030469462275505
1352,0.019025815650820732,0.1111643835902214
1255,0.0047659361734986305,0.10322372615337372
1256,0.03492221608757973,0.08646903932094574
1258,0.007979539223015308,0.07362651079893112
1397,0.011126570403575897,-0.08002190291881561
1391,0.012299585156142712,-0.08109725266695023
1265,-0.050557106733322144,-0.0707387626171112
1266,0.06160002946853638,0.07826121896505356
1267,0.07405611127614975,0.06961458176374435
1270,-0.010058938525617123,0.11549430340528488
1790,-0.05088890343904495,0.07733473926782608
1273,-0.08057829737663269,0.0414804108440876
1274,-0.08603401482105255,0.025569504126906395
1275,-0.08470543473958969,0.04618249461054802
1555,-0.08528083562850952,0.025535495951771736
1554,-0.08847977221012115,0.04025648161768913
1283,0.06771840900182724,0.06644529849290848
1285,0.0546988770365715,0.08443595468997955
1304,0.06452031433582306,0.0752486065030098
1423,0.02084735408425331,0.10005045682191849
1297,-0.018151162192225456,-0.06842987984418869
1299,-0.07798095047473907,-0.0037017592694610357
1300,0.06313006579875946,-0.07656070590019226
1302,-0.00027540407609194517,-0.09536759555339813
1303,-0.017405660822987556,-0.0875190943479538
1306,0.08624771237373352,-0.007663142867386341
1308,0.09689678251743317,-0.014044726267457008
1310,-0.015033338218927383,-0.018180590122938156
1314,-0.07266604155302048,-0.01588273048400879
1315,0.046294763684272766,0.08470341563224792
1801,0.03443751484155655,0.09752026945352554
1803,0.0417146272957325,0.09397868067026138
1806,0.02488008886575699,0.09354308247566223
1807,0.05213556066155434,0.08860722184181213
1808,0.034867431968450546,0.09477975219488144
1321,-0.08439935743808746,-0.034022338688373566
1324,-0.046385642141103745,-0.03804183006286621
1326,-0.08207353949546814,-0.008691350929439068
1717,-0.07246869802474976,0.03533779829740524
1405,0.05622401461005211,0.010171672329306602
1330,-0.04173419252038002,-0.05593602731823921
1333,-0.06806332617998123,0.07511180639266968
1538,-0.07357372343540192,0.07962311804294586
1336,0.08199872076511383,0.04210016876459122
1339,0.04471055418252945,-0.020191872492432594
1706,0.04845810681581497,-0.09944181144237518
1355,0.007541244849562645,-0.037670526653528214
1357,-0.056287508457899094,0.0696689784526825
1629,-0.0007651039049960673,0.06483318656682968
1361,-0.06818757951259613,0.08246538788080215
1362,-0.07215247303247452,0.08118314296007156
1462,-0.06719658523797989,0.07276550680398941
1363,0.04691121354699135,0.04557966813445091
1542,0.03873654082417488,0.08293906599283218
1544,0.04061318188905716,0.05773307383060455
1546,0.037039030343294144,0.08664969354867935
1548,0.04276023432612419,0.06203256547451019
1564,0.01623651571571827,0.10706662386655807
1374,-0.07710748165845871,-0.021532630547881126
1375,-0.016839109361171722,0.07366801798343658
1378,-0.08856263756752014,-0.005353252403438091
1379,0.05551658570766449,-0.048976145684719086
1380,-0.0028669466264545918,-0.0653829276561737
1396,0.019876040518283844,-0.07795815914869308
1699,0.0031916736625134945,-0.0746631771326065
1492,0.08473926037549973,0.04664906486868858
1494,0.08697559684515,0.0399705171585083
1497,0.08213400095701218,0.05531986057758331
1498,0.0886513739824295,0.048255059868097305
1499,0.08470488339662552,0.05605136975646019
1435,0.003933157306164503,-0.08231014758348465
1383,0.07526306062936783,0.05988914147019386
1385,-0.03567879647016525,0.02924288995563984
1388,0.09735450893640518,-0.028723077848553658
1390,0.02878999337553978,-0.07934954017400742
1394,-0.019108179956674576,0.036946192383766174
1679,-0.007739736698567867,0.07558094710111618
1569,0.03470076620578766,0.04617215692996979
1670,-0.03965230658650398,0.07643293589353561
1406,-0.006524504162371159,-0.02234649285674095
1667,0.0632510781288147,-0.0372687391936779
1411,-0.042329851537942886,-0.010704814456403255
1421,-0.0058389585465192795,-0.04961059242486954
1424,0.0018357740482315421,0.10271589457988739
1426,-0.09614231437444687,-0.014686069451272488
1427,-0.09793193638324738,-0.023105250671505928
1429,0.03980407491326332,0.07840195298194885
1430,-0.0007352848188020289,0.07194066792726517
1431,0.024695465341210365,-0.011149062775075436
1433,0.048227470368146896,-0.010327163152396679
1663,0.018456116318702698,-0.02710440568625927
1510,0.1232532486319542,-0.010649194940924644
1437,0.04706724360585213,0.06255605071783066
1440,0.001599720329977572,0.09456197917461395
1563,-0.010011501610279083,0.10552389174699783
1447,0.035257212817668915,0.05324229970574379
1452,0.03345760330557823,0.05763494595885277
1454,0.014655466191470623,0.09772005677223206
1638,-0.061098456382751465,-0.028961962088942528
1457,0.0015043335733935237,-0.03247946500778198
1658,0.05556081235408783,0.04780149832367897
1460,-0.049138642847537994,0.05260678753256798
1464,0.10177545249462128,0.011408540420234203
1469,-0.08124049007892609,-0.004481564275920391
1470,-0.05881180614233017,0.04947381839156151
1691,-0.030200066044926643,0.06631676107645035
1471,-0.060339994728565216,0.010293178260326385
1473,-0.0763578861951828,-0.0066132997162640095
1474,-0.061277590692043304,0.01541317068040371
1481,-0.06666542589664459,0.08117718994617462
1486,0.054871153086423874,-0.027147013694047928
1485,-0.012667153961956501,0.03667304292321205
1488,0.09399494528770447,0.020276453346014023
1500,0.0687868520617485,0.05152175948023796
1503,0.010737892240285873,0.09692106395959854
1736,-0.0037402519956231117,0.11791998893022537
1738,-0.00818044412881136,0.10631421208381653
1739,-0.010586812160909176,0.11568289995193481
1741,-0.007058601826429367,0.10653926432132721
1507,0.06349164247512817,-0.014178410172462463
1514,0.0707491785287857,-0.06007242947816849
1522,-0.016280779615044594,0.10260394960641861
1524,-0.014962662011384964,-0.014967795461416245
1718,-0.06785579025745392,0.044957805424928665
1713,-0.06852987408638,0.04374997317790985
1536,0.03012489341199398,0.08235177397727966
1545,0.0008328033145517111,-0.04237072169780731
1559,-0.04097447916865349,-0.0843089297413826
1560,-0.036991581320762634,0.07340599596500397
1561,-0.057832419872283936,-0.08989360928535461
1565,-0.06669019162654877,-0.015046863816678524
1568,0.023503901436924934,0.07367710769176483
1571,-0.06766749173402786,-0.029912631958723068
1572,9.98952382360585e-05,-0.02844141237437725
1573,-0.03870229795575142,-0.07662079483270645
1574,-0.05050823837518692,-0.08534174412488937
1575,0.038072261959314346,-0.05642884969711304
1579,0.024712126702070236,0.09860537201166153
1585,0.06281384080648422,0.025295302271842957
1587,-0.06965464353561401,0.026698758825659752
1590,0.04970512166619301,0.04403309524059296
1599,0.06020399555563927,-0.07917362451553345
1610,0.08627811819314957,0.0026391013525426388
1613,0.05923993140459061,-0.027722826227545738
1614,-0.04641391709446907,0.00017153950466308743
1615,-0.09630098938941956,-0.008932819589972496
1616,-0.09792881458997726,-0.019132081419229507
1621,-0.08289580792188644,-0.00010352155368309468
1622,0.06768530607223511,0.03149973228573799
1625,-0.072984479367733,-0.019662797451019287
1628,0.01685504801571369,0.08761557191610336
1635,0.01323774829506874,0.0903109535574913
1685,-0.024312766268849373,0.0389670804142952
1696,-0.03250008448958397,0.031123528257012367
1632,-0.08604876697063446,-0.013609495013952255
1636,0.05043736472725868,-0.07763621211051941
1648,0.0380043163895607,0.005911901593208313
1651,-0.06644303351640701,-0.013853609561920166
1662,-0.056344661861658096,0.01233347225934267
1789,-0.05089377984404564,0.08160585910081863
1671,0.02957513928413391,-0.0483737476170063
1673,0.07790875434875488,0.04655071347951889
1680,-0.008027942851185799,0.08913639187812805
1683,-0.10133368521928787,-0.017902759835124016
1686,-0.10208947211503983,-0.031256869435310364
1688,-0.04564838483929634,0.012457060627639294
1690,-0.026640677824616432,0.038480859249830246
1716,-0.05732712522149086,0.04329293221235275
1692,0.035213105380535126,-0.07688438147306442
1698,0.08315902203321457,-0.02699418179690838
1705,0.050082869827747345,-0.07799394428730011
1707,0.045301105827093124,-0.03336204215884209
1712,-0.06897576153278351,0.05131214112043381
1714,-0.06119561940431595,0.04388752579689026
1734,-0.0086467694491148,0.09599633514881134
1732,-0.047734007239341736,-0.03565597161650658
1754,0.042536135762929916,-0.03446565568447113
1751,0.04963916167616844,0.07116764783859253
1753,0.009491223841905594,-0.04579737037420273
1783,0.03575881943106651,-0.05991695076227188
1764,0.09643227607011795,-0.013478138484060764
1766,0.012225441634654999,-0.09025923907756805
1785,0.028158720582723618,-0.07429316639900208
1781,0.04180486872792244,-0.07071691751480103
1793,0.027488291263580322,-0.07679799944162369
1782,-0.04060204699635506,-0.09355858713388443
1786,-0.04275045543909073,-0.09985092282295227
1792,-0.03301354870200157,0.10999587923288345
1795,0.03531765937805176,-0.050375498831272125
1812,-0.04962552338838577,0.09760364890098572
