1,0.5168973207473755,1.0
2,0.5291661024093628,0.9729078412055969
45,0.5051042437553406,0.9439188838005066
46,0.5195351243019104,0.9262799620628357
3,0.5654633045196533,0.9479985237121582
47,0.5499985814094543,0.9026075601577759
4,0.6050595045089722,0.9187986254692078
48,0.5960071682929993,0.8774181008338928
5,0.6541326642036438,0.8894846439361572
49,0.6427903771400452,0.848538875579834
6,0.7069703936576843,0.8609008193016052
50,0.6926388740539551,0.8194448947906494
7,0.7542633414268494,0.8324293494224548
51,0.7387073636054993,0.790509045124054
8,0.7984600067138672,0.809541642665863
52,0.7799322009086609,0.7657811045646667
9,0.837225615978241,0.7950165867805481
53,0.8181816339492798,0.7508686184883118
10,0.8730682134628296,0.7973673343658447
54,0.8458706140518188,0.7473665475845337
11,-0.6431450247764587,-0.503182590007782
12,-0.6093650460243225,-0.45079952478408813
55,-0.6453893780708313,-0.47379907965660095
56,-0.6078714728355408,-0.4310539662837982
13,-0.5654712915420532,-0.37988799810409546
57,-0.5745117664337158,-0.3641560673713684
14,-0.5274078845977783,-0.29312896728515625
58,-0.5364127159118652,-0.28245627880096436
15,-0.4931977689266205,-0.19715207815170288
61,-0.5077323913574219,-0.19121518731117249
16,-0.471009224653244,-0.09355375915765762
64,-0.48631444573402405,-0.09302876889705658
17,-0.4453916549682617,0.014322403818368912
67,-0.47163495421409607,0.0074232192710042
18,-0.43571579456329346,0.12097877264022827
70,-0.4694696366786957,0.10280121117830276
19,-0.45321640372276306,0.21003158390522003
73,-0.48532870411872864,0.18235401809215546
20,-0.4721236526966095,0.27718499302864075
76,-0.5124985575675964,0.227761909365654
21,-0.18583086133003235,-0.6881535053253174
23,-0.1837272047996521,-0.672731339931488
77,-0.18530674278736115,-0.627957820892334
80,-0.18838106095790863,-0.6178616881370544
81,-0.1898779273033142,-0.6179723739624023
22,-0.19808101654052734,-0.6905506253242493
24,-0.19182413816452026,-0.6720253825187683
78,-0.18941599130630493,-0.6271650195121765
25,-0.19505992531776428,-0.6622799634933472
83,-0.1961148977279663,-0.6172579526901245
84,-0.19625923037528992,-0.6172807216644287
26,-0.19580884277820587,-0.6618620753288269
27,-0.2135223150253296,-0.662105917930603
86,-0.20442339777946472,-0.6126748919487
87,-0.20646730065345764,-0.6169087290763855
28,-0.2135930359363556,-0.6620006561279297
29,-0.23010732233524323,-0.6620780229568481
89,-0.21762092411518097,-0.6113550066947937
90,-0.21678249537944794,-0.6105854511260986
30,-0.23013292253017426,-0.6620351076126099
31,-0.24790385365486145,-0.6585288643836975
92,-0.23610718548297882,-0.6210615634918213
93,-0.23622119426727295,-0.6230204701423645
32,-0.24806685745716095,-0.6584287881851196
33,-0.2697204053401947,-0.6696311235427856
95,-0.25263577699661255,-0.62685626745224
96,-0.25232452154159546,-0.6265138387680054
34,-0.2705904543399811,-0.6689242124557495
35,-0.28839176893234253,-0.6693690419197083
98,-0.2665782570838928,-0.6231245994567871
99,-0.26832661032676697,-0.6267354488372803
36,-0.2910526990890503,-0.6684848070144653
37,-0.3013772666454315,-0.6775371432304382
101,-0.27759596705436707,-0.6319975852966309
102,-0.27760085463523865,-0.6319952011108398
38,-0.3079181909561157,-0.6718925833702087
39,-0.9188429713249207,0.2486427128314972
41,-0.8881139755249023,0.21841025352478027
106,-0.8771095871925354,0.24721834063529968
109,-0.8551107048988342,0.22392620146274567
110,-0.8552588224411011,0.2238704264163971
40,-0.9226413369178772,0.2408042997121811
42,-0.8891386985778809,0.2167857438325882
107,-0.8774954080581665,0.2459045648574829
43,-0.8623491525650024,0.1852596253156662
112,-0.8273794651031494,0.19247420132160187
113,-0.8274329304695129,0.1924629807472229
44,-0.8627532720565796,0.18498708307743073
59,-0.8389213681221008,0.15154173970222473
115,-0.804247260093689,0.1578460931777954
116,-0.8042470812797546,0.15784600377082825
60,-0.8390727639198303,0.15157312154769897
79,0.5062505602836609,0.8738152384757996
82,0.5163800716400146,0.8583991527557373
85,0.5482433438301086,0.8394736051559448
88,0.5882371068000793,0.8149160146713257
91,0.6384298801422119,0.7883152365684509
94,0.6856581568717957,0.758732795715332
97,0.7250798940658569,0.7275574207305908
100,0.7666417956352234,0.7030224800109863
103,0.8015356659889221,0.6861733794212341
104,0.8288525342941284,0.6819777488708496
105,-0.6473742723464966,-0.4353450536727905
108,-0.6288842558860779,-0.4017948806285858
111,-0.5981634855270386,-0.3421524465084076
114,-0.5721389055252075,-0.2681219279766083
117,-0.5472119450569153,-0.18515588343143463
62,-0.8218474388122559,0.11650386452674866
118,-0.7852180004119873,0.1227981299161911
119,-0.7871306538581848,0.12497534602880478
63,-0.8219977021217346,0.11670732498168945
120,-0.5321962237358093,-0.09717516601085663
65,-0.8123932480812073,0.08249588310718536
121,-0.7721125483512878,0.08984436094760895
122,-0.7730605006217957,0.0929013192653656
66,-0.8128095865249634,0.08317079395055771
123,-0.527217447757721,-0.009452315978705883
68,-0.8076625466346741,0.05383666977286339
124,-0.7619114518165588,0.060129277408123016
125,-0.7626357674598694,0.062417179346084595
69,-0.807881236076355,0.05411098152399063
126,-0.5314039587974548,0.07120814174413681
71,-0.8027783036231995,0.02809186279773712
127,-0.762785017490387,0.03918113932013512
128,-0.7625499367713928,0.03963261470198631
72,-0.8018386363983154,0.026362039148807526
129,-0.5507184863090515,0.13230936229228973
74,-0.8210551142692566,0.01716724783182144
130,-0.760927140712738,0.024666307494044304
131,-0.7604947686195374,0.023722082376480103
75,-0.8160191178321838,0.008663196116685867
132,-0.5700334310531616,0.17112784087657928
133,-0.2023840993642807,-0.5708980560302734
134,-0.2005710005760193,-0.5721696019172668
136,-0.20140624046325684,-0.5603572726249695
137,-0.20091518759727478,-0.5605711936950684
135,0.5205004215240479,0.7947043180465698
138,0.5272231101989746,0.7805716395378113
139,-0.1996026486158371,-0.558677077293396
140,-0.1943185031414032,-0.5581947565078735
141,0.5538040995597839,0.7629626989364624
142,-0.1978262960910797,-0.5609804391860962
143,-0.1925145536661148,-0.550496518611908
144,0.5927051901817322,0.7406728267669678
145,-0.21089127659797668,-0.5667591094970703
146,-0.21008403599262238,-0.5668767094612122
147,0.6348406076431274,0.712963879108429
148,-0.21506834030151367,-0.5723763108253479
149,-0.21531739830970764,-0.5728553533554077
150,0.680606484413147,0.6833728551864624
151,-0.22427871823310852,-0.5736222267150879
152,-0.22427919507026672,-0.5736200213432312
153,0.7195942997932434,0.652167022228241
154,-0.2310444861650467,-0.5770924091339111
155,-0.23283341526985168,-0.5777608752250671
156,0.7562084794044495,0.6258044838905334
157,-0.2379682958126068,-0.588681161403656
158,-0.2386472076177597,-0.5882958173751831
159,0.7885535359382629,0.6079230904579163
160,0.8134154677391052,0.6023661494255066
161,-0.6654128432273865,-0.3894443213939667
164,-0.6501204967498779,-0.3644423186779022
162,-0.8463788032531738,0.26336225867271423
163,-0.8463701009750366,0.26335659623146057
165,-0.8204923868179321,0.23797419667243958
166,-0.8204923868179321,0.23797419667243958
167,-0.640584409236908,-0.31775689125061035
168,-0.7927470207214355,0.20730708539485931
169,-0.7927469611167908,0.20730704069137573
170,-0.6202582716941833,-0.2539576292037964
171,-0.7675244212150574,0.1733914017677307
172,-0.7675249576568604,0.17339164018630981
173,-0.6066237688064575,-0.18195581436157227
174,-0.7447894215583801,0.14041610062122345
175,-0.7447894215583801,0.14041610062122345
176,-0.5955499410629272,-0.10746262967586517
177,-0.7278725504875183,0.10696467757225037
178,-0.7278725504875183,0.10696467757225037
179,-0.5949796438217163,-0.0341649129986763
180,-0.7205995321273804,0.0813627541065216
181,-0.7205995321273804,0.0813627541065216
182,-0.6061016321182251,0.03015257976949215
183,-0.7071341276168823,0.05783357471227646
184,-0.7071340680122375,0.05783352628350258
185,-0.6233683228492737,0.08075517416000366
186,-0.7110046148300171,0.04520076885819435
187,-0.7116130590438843,0.04568643122911453
188,-0.6467369198799133,0.10633707791566849
189,-0.22452664375305176,-0.4906618297100067
192,-0.21210242807865143,-0.48849308490753174
193,-0.21158678829669952,-0.48786115646362305
190,-0.22425061464309692,-0.4911576211452484
191,0.5447485446929932,0.709500789642334
194,0.5475528240203857,0.6956353783607483
195,-0.2022164911031723,-0.48769617080688477
196,-0.20185574889183044,-0.4877382516860962
197,0.569536566734314,0.6788308024406433
198,-0.1960848867893219,-0.4973791837692261
199,-0.19758857786655426,-0.49864840507507324
200,0.6015987992286682,0.6564016342163086
201,-0.18760444223880768,-0.500922441482544
202,-0.18737664818763733,-0.5017370581626892
203,0.6391116380691528,0.6286559700965881
204,-0.18921682238578796,-0.516193151473999
205,-0.18919888138771057,-0.5162001252174377
206,0.6787258386611938,0.5980163812637329
207,-0.18367083370685577,-0.5245433449745178
208,-0.18366624414920807,-0.5245601534843445
209,0.7116010785102844,0.5651223659515381
210,-0.1844773292541504,-0.5356042981147766
211,-0.18446855247020721,-0.5356044173240662
212,0.744269847869873,0.5373411178588867
213,-0.1879059374332428,-0.5424397587776184
214,-0.1879054605960846,-0.542439877986908
215,0.772628128528595,0.5178393721580505
216,0.7952643632888794,0.5110207796096802
217,-0.6934559941291809,-0.3422066569328308
220,-0.6831281185150146,-0.3237322270870209
218,-0.8174663186073303,0.2829550504684448
219,-0.8144081830978394,0.2868044972419739
221,-0.7871917486190796,0.2625960409641266
222,-0.7871917486190796,0.2625960409641266
223,-0.6846945285797119,-0.293989360332489
224,-0.758017897605896,0.23151032626628876
225,-0.7580177187919617,0.2315102219581604
226,-0.6770978569984436,-0.24449075758457184
227,-0.7297417521476746,0.19924396276474
228,-0.729742169380188,0.19924409687519073
229,-0.6712620258331299,-0.18579313158988953
230,-0.7050999402999878,0.1656738668680191
231,-0.7050999402999878,0.1656738668680191
232,-0.6697028279304504,-0.12447289377450943
233,-0.6854692101478577,0.13790176808834076
234,-0.6854692101478577,0.13790176808834076
235,-0.6712490916252136,-0.0654277577996254
236,-0.6638467907905579,0.10907574743032455
237,-0.6638467907905579,0.10907574743032455
238,-0.682862401008606,-0.014148399233818054
239,-0.6560940742492676,0.08810440450906754
240,-0.6607581973075867,0.08699466288089752
241,-0.7023195624351501,0.023374740034341812
242,-0.661945104598999,0.07519201189279556
243,-0.653549313545227,0.07728910446166992
244,-0.7173411846160889,0.051908377557992935
245,-0.2254367470741272,-0.42081063985824585
246,-0.22548945248126984,-0.4209289848804474
248,-0.2107830047607422,-0.4103137254714966
249,-0.21080729365348816,-0.4103963077068329
247,0.5762978196144104,0.6190409660339355
250,0.5754309892654419,0.6054585576057434
251,-0.19887778162956238,-0.421087384223938
252,-0.19848471879959106,-0.4203188419342041
253,0.5921964049339294,0.5885907411575317
254,-0.18126250803470612,-0.42071211338043213
255,-0.18389321863651276,-0.4251069128513336
256,0.6172018051147461,0.5657888054847717
257,-0.17160913348197937,-0.4381057620048523
258,-0.1735457330942154,-0.4397158920764923
259,0.6450580954551697,0.5365273952484131
260,-0.1602482795715332,-0.45454141497612
261,-0.1602644920349121,-0.45455458760261536
262,0.6741499304771423,0.5034836530685425
263,-0.15033946931362152,-0.4706577956676483
264,-0.14948433637619019,-0.4691016376018524
265,0.7025458812713623,0.47042202949523926
266,-0.14369285106658936,-0.48777225613594055
267,-0.14382712543010712,-0.4874909520149231
268,0.7239608764648438,0.43912211060523987
269,-0.1347070336341858,-0.4986589550971985
270,-0.13506369292736053,-0.49900317192077637
271,0.7454847097396851,0.4168681502342224
272,0.7642373442649841,0.4079468548297882
273,-0.7316723465919495,-0.3043345510959625
276,-0.7228493094444275,-0.29328545928001404
274,-0.7816604971885681,0.3098987638950348
277,-0.7585532665252686,0.28442448377609253
278,-0.7617620825767517,0.2884446084499359
275,-0.7808292508125305,0.3168666362762451
279,-0.7337387204170227,-0.2808218002319336
280,-0.729329526424408,0.25627580285072327
281,-0.7328295707702637,0.2597987949848175
282,-0.7371435165405273,-0.2454201877117157
283,-0.6979233026504517,0.2277638167142868
284,-0.6986640691757202,0.2289009392261505
285,-0.734995424747467,-0.1979374885559082
286,-0.6706299781799316,0.2001066356897354
287,-0.6706299781799316,0.2001066356897354
288,-0.7399714589118958,-0.14943787455558777
289,-0.6444535255432129,0.1704934984445572
290,-0.6444529891014099,0.1704932153224945
291,-0.7509365677833557,-0.10302716493606567
292,-0.623568058013916,0.14564412832260132
293,-0.623568058013916,0.14564412832260132
294,-0.7587924003601074,-0.06022634729743004
295,-0.6033311486244202,0.12940527498722076
296,-0.6046872138977051,0.12613049149513245
297,-0.7686542272567749,-0.024542370811104774
298,-0.6058919429779053,0.11758207529783249
299,-0.605805516242981,0.12666328251361847
300,-0.7878502011299133,-0.007141992449760437
301,-0.21467216312885284,-0.32859840989112854
304,-0.20271818339824677,-0.33233803510665894
305,-0.20261605083942413,-0.33326658606529236
302,-0.21480871737003326,-0.3288559913635254
303,0.6121066808700562,0.523242175579071
306,0.6082606315612793,0.5102985501289368
307,-0.18320611119270325,-0.3326636850833893
308,-0.18464389443397522,-0.33415019512176514
309,0.6202110052108765,0.4933971166610718
310,-0.1655094176530838,-0.3457525372505188
311,-0.16616064310073853,-0.3463967740535736
312,0.6369726657867432,0.4695166051387787
313,-0.1505948305130005,-0.36728301644325256
314,-0.14942000806331635,-0.3667737543582916
315,0.6528431177139282,0.43846744298934937
316,-0.1350696086883545,-0.3870324194431305
317,-0.1376306116580963,-0.3853495121002197
318,0.6674907207489014,0.40227293968200684
319,-0.11783627420663834,-0.4068099558353424
320,-0.11916376650333405,-0.4078022837638855
321,0.6831347346305847,0.36683183908462524
322,-0.10437145829200745,-0.42043182253837585
323,-0.10616423934698105,-0.4229561388492584
324,0.6928911209106445,0.33407872915267944
325,-0.0984400138258934,-0.43589234352111816
326,-0.09869112074375153,-0.43533259630203247
327,0.7037123441696167,0.3086607754230499
328,0.7146673202514648,0.29484206438064575
329,-0.761803150177002,-0.28883522748947144
332,-0.752754807472229,-0.28861507773399353
330,-0.7322054505348206,0.31905606389045715
331,-0.7331371307373047,0.3194781243801117
333,-0.72046959400177,0.3061993718147278
334,-0.7207483649253845,0.3063511848449707
335,-0.7680546641349792,-0.2935141921043396
336,-0.7005226612091064,0.2857130765914917
337,-0.7007118463516235,0.28595831990242004
338,-0.7801875472068787,-0.2635501027107239
339,-0.6707946062088013,0.26060426235198975
340,-0.6707946062088013,0.26060426235198975
341,-0.791914701461792,-0.22828258574008942
342,-0.6375752091407776,0.23818744719028473
343,-0.6375749707221985,0.2381872683763504
344,-0.801231861114502,-0.1853557527065277
345,-0.6092053651809692,0.21479502320289612
346,-0.6092039942741394,0.21479426324367523
347,-0.8130865097045898,-0.14466987550258636
348,-0.5802141427993774,0.19205325841903687
349,-0.5802119970321655,0.19205191731452942
350,-0.8273998498916626,-0.10919464379549026
351,-0.5618395805358887,0.17587721347808838
352,-0.5618388056755066,0.17587678134441376
353,-0.831960916519165,-0.07766833156347275
354,-0.5569494962692261,0.16761517524719238
355,-0.5568920373916626,0.16759093105793
356,-0.8471654653549194,-0.06146225705742836
357,-0.19641625881195068,-0.2366248369216919
360,-0.18196865916252136,-0.2321905493736267
361,-0.18216298520565033,-0.23894652724266052
358,-0.19643546640872955,-0.236883282661438
359,0.6498700976371765,0.4218791127204895
362,0.6433672308921814,0.4101050794124603
363,-0.16694043576717377,-0.25264352560043335
364,-0.1664012372493744,-0.2514537572860718
365,0.6513082981109619,0.3934917449951172
366,-0.14418290555477142,-0.265914648771286
367,-0.14418278634548187,-0.2659115195274353
368,0.6608374118804932,0.36883413791656494
369,-0.1278214454650879,-0.28900623321533203
370,-0.13022755086421967,-0.29175904393196106
371,0.6618433594703674,0.33481845259666443
372,-0.11216762661933899,-0.3166433572769165
373,-0.11211860924959183,-0.3165620267391205
374,0.656462550163269,0.29542770981788635
375,-0.09481080621480942,-0.3386654257774353
376,-0.09481070935726166,-0.3386653661727905
377,0.6504630446434021,0.25624096393585205
378,-0.08018525689840317,-0.3562625050544739
379,-0.0800437480211258,-0.35611945390701294
380,0.6457471251487732,0.22189025580883026
381,-0.0747334286570549,-0.370305597782135
382,-0.07676851749420166,-0.3705841600894928
383,0.6400120854377747,0.19436977803707123
384,0.6451634168624878,0.17985908687114716
385,-0.7035772204399109,-0.3040752708911896
388,-0.710536539554596,-0.32081201672554016
386,-0.6818602681159973,0.3064396381378174
387,-0.6730082035064697,0.2962932288646698
389,-0.6647631525993347,0.29408758878707886
390,-0.6649850010871887,0.29419606924057007
391,-0.7352304458618164,-0.3174270987510681
392,-0.6549334526062012,0.30024826526641846
393,-0.6549466252326965,0.30026674270629883
394,-0.7711055278778076,-0.3021555244922638
395,-0.6369286775588989,0.2948209345340729
396,-0.6369286775588989,0.2948209345340729
397,-0.8058772683143616,-0.268817663192749
398,-0.6051559448242188,0.27554699778556824
399,-0.6051559448242188,0.27554699778556824
400,-0.8352276682853699,-0.23360897600650787
401,-0.5739978551864624,0.26152148842811584
402,-0.5739973187446594,0.26152119040489197
403,-0.8560312390327454,-0.19615086913108826
404,-0.5444625616073608,0.24477024376392365
405,-0.5444623231887817,0.2447701096534729
406,-0.872376024723053,-0.1636391580104828
407,-0.519768476486206,0.2281152904033661
408,-0.5235068202018738,0.22604136168956757
409,-0.879466712474823,-0.13645048439502716
410,-0.5244626998901367,0.22164475917816162
411,-0.5120035409927368,0.22413983941078186
412,-0.8932461142539978,-0.12305957823991776
451,-0.1699502021074295,-0.14161330461502075
452,-0.1709762066602707,-0.14414528012275696
454,-0.1619887351989746,-0.15520714223384857
455,-0.15886306762695312,-0.15208551287651062
453,0.6882558465003967,0.3156984746456146
456,0.6787333488464355,0.3051508069038391
457,-0.14429844915866852,-0.16689015924930573
458,-0.14488068222999573,-0.16763156652450562
459,0.6837155222892761,0.28935372829437256
460,-0.12144962698221207,-0.1854056715965271
461,-0.1207859143614769,-0.18398569524288177
462,0.6860072016716003,0.26415860652923584
463,-0.1072843000292778,-0.21348419785499573
464,-0.10728377848863602,-0.21338170766830444
465,0.6745253801345825,0.22833296656608582
466,-0.09034644812345505,-0.24313081800937653
467,-0.09033603966236115,-0.2431243658065796
468,0.6489131450653076,0.1853569597005844
469,-0.07541506737470627,-0.2665114104747772
470,-0.07500933110713959,-0.266399621963501
471,0.6171945929527283,0.14232122898101807
472,-0.06555071473121643,-0.28546780347824097
473,-0.06517686694860458,-0.2852305471897125
474,0.5839424729347229,0.10357525944709778
475,-0.06194052845239639,-0.2972201108932495
476,-0.06225135549902916,-0.2971069812774658
477,0.5575251579284668,0.07486915588378906
478,0.5480380654335022,0.056425370275974274
437,-0.6116138696670532,-0.33141741156578064
440,-0.6250424981117249,-0.3239218592643738
434,-0.6118788719177246,0.2635226845741272
435,-0.6118736863136292,0.26352015137672424
438,-0.6206163763999939,0.2580714523792267
439,-0.6169689297676086,0.252552330493927
436,-0.6633785963058472,-0.3282962739467621
431,-0.6088765859603882,0.28176799416542053
432,-0.6088348627090454,0.28176194429397583
433,-0.7219856977462769,-0.32734215259552
428,-0.595672607421875,0.3012271821498871
429,-0.5956724882125854,0.3012271523475647
430,-0.7813250422477722,-0.31336089968681335
425,-0.5729568004608154,0.30851346254348755
426,-0.5729568004608154,0.30851346254348755
427,-0.8271997570991516,-0.2828657627105713
422,-0.5477404594421387,0.3014310300350189
423,-0.5477415919303894,0.3014318346977234
424,-0.8630445003509521,-0.2533855140209198
419,-0.5178595781326294,0.28981813788414
420,-0.5178595185279846,0.28981813788414
421,-0.8861516714096069,-0.22316762804985046
416,-0.49498215317726135,0.2870382070541382
417,-0.4936947822570801,0.28133291006088257
418,-0.9065297245979309,-0.2019355744123459
413,-0.48264607787132263,0.2800021767616272
414,-0.4832651615142822,0.2897963225841522
415,-0.9269886612892151,-0.19265781342983246
479,-0.4662313759326935,0.3371168076992035
480,-0.46594589948654175,0.3369000256061554
482,-0.4755849242210388,0.32777833938598633
483,-0.4755849838256836,0.3277783691883087
481,-0.9140790700912476,-0.25666171312332153
484,-0.8891861438751221,-0.2573052644729614
485,-0.4967195987701416,0.3281848132610321
486,-0.4967232048511505,0.32818910479545593
487,-0.8642032146453857,-0.27715760469436646
488,-0.5120351314544678,0.32153627276420593
489,-0.5116925239562988,0.3213268220424652
490,-0.8316774964332581,-0.30356964468955994
491,-0.533386766910553,0.30480560660362244
492,-0.5334020256996155,0.30480271577835083
493,-0.7891671657562256,-0.3279447853565216
494,-0.5528864860534668,0.2784956395626068
495,-0.5528864860534668,0.2784956395626068
496,-0.7323389649391174,-0.3438624143600464
497,-0.5615026354789734,0.24852588772773743
498,-0.5614976286888123,0.24852460622787476
499,-0.6624885201454163,-0.3535892069339752
500,-0.5601291656494141,0.21936342120170593
501,-0.5600888729095459,0.21933488547801971
502,-0.5840018391609192,-0.3452596962451935
503,-0.5603246092796326,0.20476503670215607
504,-0.5603246688842773,0.20476503670215607
505,-0.5068360567092896,-0.33714014291763306
506,-0.47998979687690735,-0.34135445952415466
441,0.42466485500335693,-0.921323299407959
442,0.439274400472641,-0.9057568907737732
566,0.41151162981987,-0.8618896007537842
569,0.42521804571151733,-0.8527039289474487
443,0.4658626317977905,-0.9013345837593079
572,0.45119431614875793,-0.8481980562210083
444,0.4973212778568268,-0.8998885750770569
575,0.4847698211669922,-0.8506500124931335
445,0.5318529009819031,-0.9018742442131042
578,0.5194832682609558,-0.8539082407951355
446,0.5706364512443542,-0.9137694239616394
581,0.5586705207824707,-0.8664970993995667
447,0.6087937951087952,-0.9273866415023804
584,0.5966092944145203,-0.8820593953132629
448,0.6446340084075928,-0.9423263669013977
587,0.6321480870246887,-0.8989698886871338
450,0.6755054593086243,-0.9556592106819153
590,0.6589393615722656,-0.9117629528045654
449,0.6943217515945435,-0.969110369682312
591,0.6802361607551575,-0.9242627620697021
592,-0.1460910141468048,-0.059501394629478455
593,-0.14583681523799896,-0.05848154425621033
595,-0.1363336741924286,-0.06491313129663467
596,-0.13382557034492493,-0.06377659738063812
594,0.7250325679779053,0.20569157600402832
597,0.7118124961853027,0.1967705637216568
598,-0.11832797527313232,-0.08276936411857605
599,-0.11297105997800827,-0.07452116906642914
600,0.7119830846786499,0.18187695741653442
601,-0.09995408356189728,-0.10387184470891953
602,-0.10092310607433319,-0.10431568324565887
603,0.7070162892341614,0.15684767067432404
604,-0.08064631372690201,-0.1345275640487671
605,-0.08081522583961487,-0.13454577326774597
606,0.6826238036155701,0.12020525336265564
607,-0.06751314550638199,-0.16579285264015198
608,-0.0677441656589508,-0.16580307483673096
609,0.6407069563865662,0.07606196403503418
610,-0.056034401059150696,-0.1925090253353119
611,-0.056035444140434265,-0.1925102025270462
612,0.5836839079856873,0.02838357537984848
613,-0.0605211965739727,-0.2083246111869812
614,-0.060523051768541336,-0.2083243727684021
615,0.515504002571106,-0.014298985712230206
616,-0.06623035669326782,-0.21813993155956268
617,-0.06604249030351639,-0.21821682155132294
618,0.44549044966697693,-0.05201224982738495
619,0.4231991171836853,-0.06727574020624161
507,-0.4260893166065216,0.33891406655311584
508,-0.42607423663139343,0.33890625834465027
620,-0.4373716413974762,0.32620659470558167
621,-0.4373685121536255,0.32620546221733093
509,-0.8514227867126465,-0.27809080481529236
622,-0.8302597999572754,-0.2818767726421356
623,-0.4503194987773895,0.315812349319458
624,-0.45028936862945557,0.3158149719238281
625,-0.8055901527404785,-0.30246734619140625
626,-0.4734393358230591,0.30178070068359375
627,-0.473406046628952,0.3017584979534149
628,-0.7703807353973389,-0.32958996295928955
629,-0.49331575632095337,0.2754603624343872
630,-0.49331575632095337,0.2754603624343872
631,-0.7246102094650269,-0.35171177983283997
632,-0.5052117705345154,0.2453218549489975
633,-0.5052117705345154,0.2453218549489975
634,-0.669991135597229,-0.37136372923851013
635,-0.5139558911323547,0.20923499763011932
636,-0.5138963460922241,0.20923219621181488
637,-0.5972175598144531,-0.37600019574165344
638,-0.5086423754692078,0.1719016134738922
639,-0.5087113976478577,0.17191296815872192
640,-0.508418619632721,-0.37357184290885925
641,-0.48282191157341003,0.13446636497974396
642,-0.4828545153141022,0.13424202799797058
643,-0.4054907262325287,-0.3569584786891937
644,-0.27116158604621887,-0.33768317103385925
510,-0.39172449707984924,0.2969554662704468
511,-0.3912044167518616,0.29694128036499023
645,-0.39965349435806274,0.285686194896698
646,-0.39975810050964355,0.28572800755500793
512,-0.7726830244064331,-0.2643737196922302
647,-0.7518064975738525,-0.2692447900772095
513,-0.3631170094013214,0.23444479703903198
514,-0.36309942603111267,0.23444384336471558
648,-0.3712847828865051,0.2279011756181717
649,-0.37131282687187195,0.22790297865867615
515,-0.6874728202819824,-0.2346079796552658
650,-0.669360339641571,-0.24588999152183533
516,-0.34302663803100586,0.15997204184532166
517,-0.3447537124156952,0.15898089110851288
651,-0.34845900535583496,0.15723232924938202
652,-0.3491862714290619,0.15691985189914703
518,-0.604377269744873,-0.19808581471443176
653,-0.5857564210891724,-0.21024736762046814
519,-0.3340812623500824,0.07493449002504349
520,-0.3382231295108795,0.07440755516290665
654,-0.330979585647583,0.07754139602184296
655,-0.332523375749588,0.07714898139238358
521,-0.516435980796814,-0.14549049735069275
656,-0.49759453535079956,-0.15987688302993774
522,-0.32362082600593567,-0.012718655169010162
523,-0.3241980969905853,-0.0147232161834836
657,-0.31147414445877075,-0.005875744856894016
658,-0.3125053644180298,-0.005989386234432459
524,-0.4249155819416046,-0.08726485818624496
659,-0.406705379486084,-0.10649534314870834
525,-0.2894410789012909,-0.09421434998512268
526,-0.2888048589229584,-0.09408159554004669
660,-0.2781173288822174,-0.08461339771747589
661,-0.2774985134601593,-0.08551323413848877
527,-0.32901811599731445,-0.02199898660182953
662,-0.3078438639640808,-0.0504058375954628
528,-0.23324128985404968,-0.1566344052553177
529,-0.23346656560897827,-0.15698757767677307
663,-0.2236650586128235,-0.1468813270330429
664,-0.2222321480512619,-0.148074209690094
530,-0.21575821936130524,0.04391200467944145
665,-0.1998668909072876,0.012652776204049587
531,-0.14992983639240265,-0.2130739688873291
666,-0.14705823361873627,-0.2001514583826065
667,-0.14672227203845978,-0.20027035474777222
532,-0.1474723517894745,-0.21183577179908752
533,-0.0968119204044342,0.08018025755882263
668,-0.08351635187864304,0.045862600207328796
534,-0.06991616636514664,-0.23947714269161224
535,-0.06990896165370941,-0.23947358131408691
669,-0.06859034299850464,-0.22784855961799622
670,-0.06878355890512466,-0.22757582366466522
536,0.028601063415408134,0.07501755654811859
671,0.03372049704194069,0.03824580833315849
537,0.009944445453584194,-0.24298350512981415
538,0.009750541299581528,-0.24304090440273285
672,0.00795010756701231,-0.23272913694381714
673,0.007657492067664862,-0.23255634307861328
539,0.13835571706295013,0.025875281542539597
674,0.13898687064647675,-0.006364878732711077
540,0.08073016256093979,-0.21694312989711761
541,0.08073572814464569,-0.2169400006532669
675,0.08308729529380798,-0.2076023519039154
676,0.08236859738826752,-0.2077386975288391
542,0.23299863934516907,-0.0473320446908474
677,0.22860433161258698,-0.08209400624036789
543,0.14601977169513702,-0.16793791949748993
544,0.14589333534240723,-0.1678282767534256
678,0.15133452415466309,-0.17331454157829285
679,0.15134932100772858,-0.1733282208442688
545,0.3033772110939026,-0.17193962633609772
680,0.30085012316703796,-0.17859797179698944
546,0.2109071910381317,-0.12126024067401886
547,0.210905060172081,-0.12125671654939651
681,0.2171415090560913,-0.12683133780956268
682,0.21714118123054504,-0.12683090567588806
548,0.3467226028442383,-0.2858522832393646
683,0.3459281623363495,-0.2948169410228729
549,0.27633264660835266,-0.07077199965715408
550,0.2762707471847534,-0.07078388333320618
684,0.2815883159637451,-0.07734164595603943
685,0.28166866302490234,-0.0774138942360878
551,0.3653120994567871,-0.39814651012420654
686,0.3686528205871582,-0.40190452337265015
552,0.34151825308799744,-0.016067134216427803
553,0.3415563106536865,-0.01609383337199688
687,0.345962792634964,-0.023026229813694954
688,0.34581372141838074,-0.022918960079550743
554,0.3743324279785156,-0.5094894170761108
689,0.38230839371681213,-0.5082982182502747
555,0.3980751931667328,0.043010909110307693
556,0.39938774704933167,0.04230376332998276
690,0.40264996886253357,0.033292509615421295
691,0.40190041065216064,0.03372567892074585
557,0.3825162351131439,-0.6117781400680542
692,0.39103055000305176,-0.607254147529602
558,0.4497959017753601,0.09653432667255402
559,0.4499378800392151,0.0964595377445221
693,0.4537012577056885,0.08554133772850037
694,0.4537030756473541,0.08554043620824814
560,0.38953131437301636,-0.7042089104652405
695,0.4003886282444,-0.6986345052719116
561,0.4972984492778778,0.14115400612354279
562,0.49624982476234436,0.14201630651950836
696,0.4991018772125244,0.12685956060886383
697,0.49913859367370605,0.12706121802330017
563,0.3987746238708496,-0.7879732251167297
698,0.4113456904888153,-0.7808692455291748
564,0.5387166738510132,0.17149439454078674
565,0.5360337495803833,0.17307187616825104
567,0.536117672920227,0.15297648310661316
568,0.5360915064811707,0.15298865735530853
570,0.549189031124115,0.13181784749031067
571,0.5495201349258423,0.13164885342121124
699,0.5126816034317017,0.10744410753250122
700,0.5127117037773132,0.10742851346731186
701,0.4376392066478729,-0.7808389663696289
573,0.570020854473114,0.10785888135433197
574,0.5700225234031677,0.10785778611898422
702,0.5341252684593201,0.08495777100324631
703,0.5341230630874634,0.08495929092168808
704,0.4687359035015106,-0.7826967239379883
576,0.5954260230064392,0.08126037567853928
577,0.595426082611084,0.08126028627157211
705,0.5613447427749634,0.059066228568553925
706,0.5600427985191345,0.060445379465818405
707,0.5069295763969421,-0.7937523126602173
579,0.6250190138816833,0.05297332629561424
580,0.6250231862068176,0.05296814441680908
708,0.5920212268829346,0.03161218389868736
709,0.5907659530639648,0.03295129910111427
710,0.5421919822692871,-0.8034875392913818
582,0.6567621827125549,0.024778474122285843
583,0.6567758321762085,0.024760596454143524
711,0.6211917996406555,0.005583272315561771
712,0.621192216873169,0.005582939367741346
713,0.5819600224494934,-0.8244799375534058
585,0.6848552823066711,0.0008862140239216387
586,0.684844970703125,0.0009008590714074671
714,0.6479200124740601,-0.016771070659160614
715,0.6479200124740601,-0.016770975664258003
716,0.6160781383514404,-0.842963695526123
588,0.7097676992416382,-0.009460613131523132
589,0.7098298072814941,-0.011496865190565586
717,0.6664267778396606,-0.030190855264663696
718,0.666426956653595,-0.030191093683242798
719,0.6420081853866577,-0.8574156761169434
720,0.6583678126335144,-0.8672957420349121
746,-0.10568629950284958,0.03133164718747139
747,-0.1043688952922821,0.035004645586013794
749,-0.11981002241373062,0.04875032976269722
750,-0.1224888488650322,0.04263703152537346
748,0.7380900979042053,0.08693171292543411
751,0.7538498640060425,0.09379024058580399
743,-0.08991929888725281,0.01395799033343792
744,-0.0898611918091774,0.010686111636459827
745,0.7333182096481323,0.07341393083333969
740,-0.07398175448179245,-0.02150065265595913
741,-0.07291276007890701,-0.024528106674551964
742,0.7192032337188721,0.049600787460803986
737,-0.057709116488695145,-0.05748727545142174
738,-0.05738428607583046,-0.05835786834359169
739,0.6850165724754333,0.014901167713105679
734,-0.044019728899002075,-0.09132234007120132
735,-0.04344567283987999,-0.09121031314134598
736,0.6290484070777893,-0.030085012316703796
731,-0.04397042095661163,-0.11977298557758331
732,-0.04519520327448845,-0.1196531355381012
733,0.5563663840293884,-0.07690056413412094
728,-0.06571490317583084,-0.13329572975635529
729,-0.0660070925951004,-0.13332174718379974
730,0.46558892726898193,-0.1229776069521904
725,-0.10722329467535019,-0.13119836151599884
726,-0.10733141750097275,-0.13126850128173828
727,0.35675156116485596,-0.1632077842950821
724,0.2237529754638672,-0.20927084982395172
752,-0.4171454906463623,0.2766817510128021
753,-0.4171217978000641,0.2766834497451782
754,-0.7262531518936157,-0.2959713935852051
755,-0.43408501148223877,0.26158034801483154
756,-0.4340852200984955,0.2615755498409271
757,-0.6924051642417908,-0.3244374096393585
758,-0.45275163650512695,0.24015216529369354
759,-0.45275163650512695,0.24015216529369354
760,-0.648093044757843,-0.3552289605140686
761,-0.46741244196891785,0.2093486487865448
762,-0.4674126207828522,0.20934878289699554
763,-0.5944055318832397,-0.38185298442840576
764,-0.4711168110370636,0.1721944659948349
765,-0.4711398780345917,0.17223967611789703
766,-0.5275394320487976,-0.4004349112510681
767,-0.46362265944480896,0.1344122588634491
768,-0.46370476484298706,0.13434991240501404
769,-0.43831866979599,-0.4010556936264038
770,-0.4325968027114868,0.09056591242551804
771,-0.4328244924545288,0.09088315814733505
772,-0.3277616500854492,-0.3895910382270813
773,-0.37162524461746216,0.03928322717547417
774,-0.36936166882514954,0.037828996777534485
775,-0.18401862680912018,-0.36569374799728394
723,-0.02063816413283348,-0.3071577548980713
778,-0.013136323541402817,-0.32895585894584656
779,-0.38398441672325134,0.21905505657196045
780,-0.38398095965385437,0.21905577182769775
781,-0.6395593881607056,-0.26832661032676697
782,-0.3584643006324768,0.15745757520198822
783,-0.3582192063331604,0.1574050784111023
784,-0.5571902990341187,-0.23740379512310028
785,-0.33502712845802307,0.08750025182962418
786,-0.3346448838710785,0.08746016770601273
787,-0.4697383642196655,-0.19545526802539825
788,-0.316664457321167,0.002121768891811371
789,-0.3149423599243164,0.002763439668342471
790,-0.37824979424476624,-0.1458052545785904
791,-0.2721848487854004,-0.07474429160356522
792,-0.27520978450775146,-0.07434621453285217
793,-0.2797761559486389,-0.09280995279550552
794,-0.21221864223480225,-0.14001965522766113
795,-0.2160961776971817,-0.13709409534931183
796,-0.17226330935955048,-0.03964519128203392
797,-0.14212147891521454,-0.1870729774236679
798,-0.14278076589107513,-0.18758419156074524
799,-0.0611688569188118,-0.013140198774635792
800,-0.06386277824640274,-0.21284818649291992
801,-0.06326977908611298,-0.21539306640625
802,0.04788784310221672,-0.02373325638473034
803,0.013768889009952545,-0.22224648296833038
804,0.014699750579893589,-0.22184346616268158
805,0.14663703739643097,-0.06284623593091965
806,0.09048555791378021,-0.2133321911096573
807,0.09168544411659241,-0.21123723685741425
808,0.23536020517349243,-0.13070976734161377
809,0.16264010965824127,-0.18064585328102112
810,0.16262713074684143,-0.1806175410747528
811,0.3046327829360962,-0.20716530084609985
812,0.22757099568843842,-0.14012794196605682
813,0.22758345305919647,-0.14014235138893127
814,0.35776662826538086,-0.31769177317619324
815,0.29674962162971497,-0.08996755629777908
816,0.29677268862724304,-0.08999684453010559
817,0.38867124915122986,-0.4209558665752411
818,0.3612138628959656,-0.036014772951602936
819,0.3612152338027954,-0.03601950407028198
820,0.4020611047744751,-0.5187389254570007
821,0.4197502136230469,0.021504027768969536
822,0.4197467863559723,0.02150573953986168
823,0.41317716240882874,-0.6129792928695679
824,0.4679320454597473,0.06897848099470139
825,0.46795153617858887,0.06896574050188065
826,0.42521536350250244,-0.701511800289154
827,0.4896124005317688,0.048376407474279404
828,0.4896131455898285,0.04837588593363762
829,0.45655199885368347,-0.7089770436286926
830,0.5153568387031555,0.024867676198482513
831,0.515347421169281,0.024875760078430176
832,0.48974961042404175,-0.7181521058082581
833,0.5443369150161743,-0.00026646332116797566
834,0.5443360805511475,-0.00026565499138087034
835,0.5285320281982422,-0.737515926361084
836,0.5747655034065247,-0.026491062715649605
837,0.5747655034065247,-0.026491038501262665
838,0.5651524662971497,-0.75874924659729
839,0.5983286499977112,-0.047690991312265396
840,0.5983286499977112,-0.047690991312265396
841,0.5982998609542847,-0.7813515663146973
842,0.6141246557235718,-0.06095365434885025
843,0.6141246557235718,-0.06095365434885025
844,0.6175138354301453,-0.7947012782096863
845,0.6366475820541382,-0.8082924485206604
721,-0.3049684464931488,-0.025215305387973785
776,-0.2863815128803253,-0.007991403341293335
846,-0.2068159580230713,-0.05043577030301094
847,-0.20636846125125885,-0.05109196528792381
722,-0.30491793155670166,-0.026967262849211693
777,-0.28533124923706055,-0.008066816255450249
848,0.15757602453231812,-0.2943231463432312
851,0.3052203953266144,-0.25528931617736816
849,-0.12902985513210297,-0.06914157420396805
850,-0.12921187281608582,-0.0691443607211113
852,-0.07381260395050049,-0.06538857519626617
853,-0.07379833608865738,-0.06532248109579086
854,0.4322022795677185,-0.21572540700435638
855,-0.037504687905311584,-0.04712104797363281
856,-0.03731068968772888,-0.04707642272114754
857,0.5334377884864807,-0.17165419459342957
858,-0.02494480088353157,-0.02004152350127697
859,-0.024710550904273987,-0.019780384376645088
860,0.616573691368103,-0.1274843066930771
861,-0.03160462528467178,0.013993319123983383
862,-0.03384438529610634,0.01360237319022417
863,0.6811031103134155,-0.08686625957489014
864,-0.04764465615153313,0.052560653537511826
865,-0.04876592755317688,0.050319869071245193
866,0.7246171832084656,-0.054161831736564636
867,-0.0640869066119194,0.08763191103935242
868,-0.06001090258359909,0.09520101547241211
869,0.7453840970993042,-0.031964901834726334
870,-0.07844779640436172,0.11663072556257248
871,-0.07887913286685944,0.11618809401988983
872,0.75570148229599,-0.02023266814649105
873,-0.08969274908304214,0.13223318755626678
874,-0.08659915626049042,0.13612490892410278
875,0.7717409729957581,-0.01606437750160694
876,-0.401572585105896,0.20909354090690613
877,-0.40157341957092285,0.20909230411052704
878,-0.6079087853431702,-0.3049065172672272
879,-0.4192630648612976,0.19324348866939545
880,-0.4192676842212677,0.193240687251091
881,-0.5642209053039551,-0.3402143716812134
882,-0.4322097897529602,0.1672215759754181
883,-0.4322058856487274,0.1671844869852066
884,-0.5135469436645508,-0.3767431378364563
885,-0.43246856331825256,0.13829408586025238
886,-0.4325762391090393,0.13857656717300415
887,-0.4523155987262726,-0.40885674953460693
888,-0.42116579413414,0.10057307779788971
889,-0.4212808609008789,0.10058001428842545
890,-0.37044060230255127,-0.4250296950340271
891,-0.3955213725566864,0.06847779452800751
892,-0.39544257521629333,0.06820666790008545
893,-0.2631678581237793,-0.42348578572273254
894,-0.3407469093799591,0.02951347641646862
895,-0.34095820784568787,0.030961954966187477
896,-0.13528035581111908,-0.4073590338230133
897,-0.27288544178009033,0.004127281252294779
898,-0.2723841071128845,0.002551229437813163
899,0.008543230593204498,-0.3882495164871216
900,-0.20015820860862732,-0.014633134938776493
901,-0.2001674771308899,-0.014765891246497631
902,0.15163308382034302,-0.36040717363357544
903,-0.37252646684646606,0.15321356058120728
904,-0.3715432584285736,0.15356294810771942
905,-0.5210108757019043,-0.27468371391296387
906,-0.3449271619319916,0.0897352322936058
907,-0.34514138102531433,0.08972129970788956
908,-0.43365028500556946,-0.2382068932056427
909,-0.3104756474494934,0.013284081593155861
910,-0.31130868196487427,0.013226737268269062
911,-0.3421461582183838,-0.19558365643024445
912,-0.2703063189983368,-0.06309646368026733
913,-0.2705325186252594,-0.06291031092405319
914,-0.24476376175880432,-0.14951519668102264
915,-0.21182402968406677,-0.12438076734542847
916,-0.21032831072807312,-0.125870943069458
917,-0.1399414837360382,-0.11081591248512268
918,-0.1366632580757141,-0.17318229377269745
919,-0.13771405816078186,-0.17129184305667877
920,-0.03180808573961258,-0.09119778871536255
921,-0.057006582617759705,-0.1969030201435089
922,-0.0573890395462513,-0.19833506643772125
923,0.06846685707569122,-0.09925002604722977
924,0.01935192383825779,-0.21263393759727478
925,0.019385967403650284,-0.2125793993473053
926,0.16152113676071167,-0.13345211744308472
927,0.0992288738489151,-0.20866349339485168
928,0.10227703303098679,-0.21081511676311493
929,0.2468026727437973,-0.19140639901161194
930,0.1747325211763382,-0.18834201991558075
931,0.1747429370880127,-0.18849705159664154
932,0.31880995631217957,-0.26540061831474304
933,0.24482963979244232,-0.15126129984855652
934,0.24488702416419983,-0.15132437646389008
935,0.36908847093582153,-0.33532071113586426
936,0.314956933259964,-0.10416088998317719
937,0.31498900055885315,-0.10421409457921982
938,0.41115137934684753,-0.4459173083305359
939,0.38043659925460815,-0.05109115689992905
940,0.38047391176223755,-0.05113692209124565
941,0.4313775897026062,-0.5369495749473572
942,0.44014766812324524,0.0032895668409764767
943,0.44015538692474365,0.0032769187819212675
944,0.4443090558052063,-0.6262972950935364
945,0.4623030424118042,-0.01919059082865715
946,0.46229293942451477,-0.019181150943040848
947,0.4774508476257324,-0.6422820091247559
948,0.4899452328681946,-0.042144663631916046
949,0.4899459779262543,-0.04214544966816902
950,0.511030912399292,-0.661736786365509
951,0.5220841765403748,-0.06524999439716339
952,0.5220910310745239,-0.0652451440691948
953,0.5498321652412415,-0.6931391954421997
954,0.5422962307929993,-0.08520545065402985
955,0.5422930717468262,-0.0852217897772789
956,0.5783834457397461,-0.7170025110244751
957,0.5532445311546326,-0.10006722807884216
958,0.5532445311546326,-0.1000673696398735
959,0.596555769443512,-0.7364148497581482
960,0.6079579591751099,-0.7484738826751709
961,-0.13454090058803558,-0.018128659576177597
962,-0.13461612164974213,-0.018071861937642097
963,0.2876449227333069,-0.32910090684890747
964,-0.0784773975610733,-0.007934464141726494
965,-0.07824752479791641,-0.008042494766414165
966,0.40856245160102844,-0.29261747002601624
967,-0.03615352138876915,0.015735886991024017
968,-0.03690205514431,0.015917284414172173
969,0.5168749690055847,-0.25436869263648987
970,-0.01026941742748022,0.04352410137653351
971,-0.01049275416880846,0.04357859492301941
972,0.605500340461731,-0.2131860852241516
973,-0.008702138438820839,0.08120636641979218
974,-0.009565196931362152,0.08137340098619461
975,0.6737992167472839,-0.1762779802083969
976,-0.01986963488161564,0.12087967991828918
977,-0.017587363719940186,0.12279518693685532
978,0.7228884100914001,-0.1469506323337555
979,-0.03086818754673004,0.15723542869091034
980,-0.026063432916998863,0.15949784219264984
981,0.7505214214324951,-0.12716200947761536
982,-0.03918943926692009,0.1846488118171692
983,-0.03898564353585243,0.18467801809310913
984,0.7643527984619141,-0.11788199096918106
985,-0.04844435676932335,0.20534095168113708
986,-0.047680698335170746,0.20600934326648712
987,0.7817507386207581,-0.11647975444793701
988,-0.387162446975708,0.14108853042125702
989,-0.38684627413749695,0.14139388501644135
990,-0.4784732162952423,-0.3165256381034851
991,-0.39670082926750183,0.12281068414449692
992,-0.3957030475139618,0.12329559028148651
993,-0.42910513281822205,-0.360196977853775
994,-0.393257200717926,0.10121160745620728
995,-0.3935774564743042,0.10130432993173599
996,-0.37006938457489014,-0.40054646134376526
997,-0.3837902545928955,0.08112438768148422
998,-0.3842898905277252,0.08092934638261795
999,-0.296511709690094,-0.43563762307167053
1000,-0.35734325647354126,0.05561646819114685
1001,-0.3573727309703827,0.05508620664477348
1002,-0.20007464289665222,-0.45178601145744324
1003,-0.30806371569633484,0.03338214010000229
1004,-0.3081367313861847,0.03228447586297989
1005,-0.08487546443939209,-0.45047685503959656
1006,-0.25086313486099243,0.018137574195861816
1007,-0.25047606229782104,0.016874726861715317
1008,0.0392104797065258,-0.4386577308177948
1009,-0.19153794646263123,0.018998730927705765
1010,-0.19110850989818573,0.017346030101180077
1011,0.16539393365383148,-0.41789913177490234
1012,-0.12983939051628113,0.022881992161273956
1013,-0.1324562132358551,0.023273032158613205
1014,0.2854304015636444,-0.38947993516921997
1015,-0.3520679175853729,0.08161889761686325
1016,-0.35359883308410645,0.08143530786037445
1017,-0.3905242085456848,-0.28536590933799744
1018,-0.3137790262699127,0.01833837293088436
1019,-0.31800827383995056,0.016218744218349457
1020,-0.29938822984695435,-0.25161612033843994
1021,-0.2687857449054718,-0.053707122802734375
1022,-0.26887261867523193,-0.05348683148622513
1023,-0.20321521162986755,-0.217417910695076
1024,-0.21003708243370056,-0.10736299306154251
1025,-0.20844697952270508,-0.10855337232351303
1026,-0.10034512728452682,-0.18750111758708954
1027,-0.12954813241958618,-0.15765903890132904
1028,-0.13265854120254517,-0.1545872986316681
1029,0.0005914592184126377,-0.17345716059207916
1030,-0.0527278333902359,-0.18327082693576813
1031,-0.05261000618338585,-0.18294298648834229
1032,0.09448108077049255,-0.18131227791309357
1033,0.027824923396110535,-0.20354503393173218
1034,0.027748940512537956,-0.20365945994853973
1035,0.1819067746400833,-0.21286867558956146
1036,0.11011920124292374,-0.20538578927516937
1037,0.11005301773548126,-0.2053995281457901
1038,0.2626543939113617,-0.25837650895118713
1039,0.18978351354599,-0.19268840551376343
1040,0.18955451250076294,-0.19231142103672028
1041,0.3346744179725647,-0.32027366757392883
1042,0.2670641541481018,-0.1609046459197998
1043,0.2671714723110199,-0.16094428300857544
1044,0.39562851190567017,-0.3911040425300598
1045,0.33608272671699524,-0.11780570447444916
1046,0.33610397577285767,-0.11784659326076508
1047,0.43765851855278015,-0.47343727946281433
1048,0.40157487988471985,-0.06849688291549683
1049,0.40157753229141235,-0.06850042939186096
1050,0.46129053831100464,-0.5581893920898438
1051,0.4323062300682068,-0.08734674006700516
1052,0.4322971999645233,-0.0873711109161377
1053,0.4959943890571594,-0.5888338088989258
1054,0.4549349844455719,-0.11047199368476868
1055,0.45497435331344604,-0.11041638255119324
1056,0.5273197889328003,-0.6205499172210693
1057,0.47316545248031616,-0.12817411124706268
1058,0.47335487604141235,-0.12810195982456207
1059,0.547961950302124,-0.6501328349113464
1060,0.48462167382240295,-0.14111247658729553
1061,0.4846213757991791,-0.1411122828722
1062,0.5608081221580505,-0.6756508350372314
1063,0.5706417560577393,-0.6927739977836609
1064,-0.07268120348453522,0.03811001032590866
1065,-0.07529488950967789,0.037683118134737015
1066,0.4037715494632721,-0.35655006766319275
1067,-0.029820166528224945,0.06209936365485191
1068,-0.031525883823633194,0.060721781104803085
1069,0.5085718631744385,-0.321899950504303
1070,0.0016441415064036846,0.09566584974527359
1071,0.002854828489944339,0.09655629843473434
1072,0.5977303981781006,-0.2862113416194916
1073,0.013113618828356266,0.13179141283035278
1074,0.012729614973068237,0.13023971021175385
1075,0.6676101088523865,-0.2511947453022003
1076,0.01394125260412693,0.16830164194107056
1077,0.01438212487846613,0.1657230257987976
1078,0.7176425457000732,-0.22434048354625702
1079,0.010945680551230907,0.1989867240190506
1080,0.01049006823450327,0.19849269092082977
1081,0.7465456128120422,-0.20690467953681946
1082,0.006218095775693655,0.22734780609607697
1083,0.006045398768037558,0.2257891148328781
1084,0.761615514755249,-0.19955115020275116
1085,0.000471826468128711,0.24878673255443573
1086,0.00046497947187162936,0.24880313873291016
1087,0.7783640027046204,-0.20252156257629395
1088,-0.3581148386001587,0.06885357201099396
1089,-0.3598186671733856,0.06888105720281601
1090,-0.34127768874168396,-0.3362977206707001
1091,-0.35771670937538147,0.055178213864564896
1092,-0.35606494545936584,0.05757828429341316
1093,-0.28338703513145447,-0.38485416769981384
1094,-0.33888572454452515,0.04806063696742058
1095,-0.33717307448387146,0.0481874980032444
1096,-0.21399924159049988,-0.42958804965019226
1097,-0.31198781728744507,0.04727698490023613
1098,-0.3117007613182068,0.04774415120482445
1099,-0.12588906288146973,-0.4630257785320282
1100,-0.2751169204711914,0.04079988971352577
1101,-0.2751206159591675,0.0407644659280777
1102,-0.025889070704579353,-0.4792519807815552
1103,-0.22714203596115112,0.035398636013269424
1104,-0.2272293120622635,0.035849444568157196
1105,0.0818406194448471,-0.4743916094303131
1106,-0.17316816747188568,0.039884958416223526
1107,-0.17317193746566772,0.039882056415081024
1108,0.19266819953918457,-0.45955052971839905
1109,-0.11814603209495544,0.053252771496772766
1110,-0.11813019961118698,0.0532466396689415
1111,0.30415505170822144,-0.4344851076602936
1112,-0.06505442410707474,0.07490229606628418
1113,-0.06505109369754791,0.07487961649894714
1114,0.40936973690986633,-0.4036659300327301
1115,-0.3201836347579956,0.011821766383945942
1116,-0.317587673664093,0.011109390296041965
1117,-0.25037992000579834,-0.30997905135154724
1118,-0.26281803846359253,-0.04432748630642891
1119,-0.26299023628234863,-0.04427313804626465
1120,-0.15478920936584473,-0.28599637746810913
1121,-0.20153997838497162,-0.09573272615671158
1122,-0.20126642286777496,-0.09462914615869522
1123,-0.0560113862156868,-0.2675849497318268
1124,-0.12092654407024384,-0.13971132040023804
1125,-0.12041717767715454,-0.14010225236415863
1126,0.03782328963279724,-0.25794169306755066
1127,-0.04234320670366287,-0.1697094887495041
1128,-0.043876081705093384,-0.16989105939865112
1129,0.125385120511055,-0.26789334416389465
1130,0.039897747337818146,-0.19103924930095673
1131,0.03742045536637306,-0.19053411483764648
1132,0.20768900215625763,-0.29250508546829224
1133,0.12189822643995285,-0.20066575706005096
1134,0.12113644182682037,-0.20160691440105438
1135,0.2842193841934204,-0.330098032951355
1136,0.20379765331745148,-0.19715271890163422
1137,0.20472799241542816,-0.19650478661060333
1138,0.3540414571762085,-0.370978444814682
1139,0.2804275453090668,-0.17243674397468567
1140,0.28034481406211853,-0.1729561686515808
1141,0.4169917106628418,-0.438718318939209
1142,0.3604303002357483,-0.1357981115579605
1143,0.3605588376522064,-0.13607391715049744
1144,0.4644182026386261,-0.5083773732185364
1145,0.38030117750167847,-0.15171998739242554
1146,0.3801812529563904,-0.15152738988399506
1147,0.48860207200050354,-0.5485267639160156
1148,0.39691606163978577,-0.16620081663131714
1149,0.39893069863319397,-0.1671832650899887
1150,0.5092211365699768,-0.5929931998252869
1151,0.408353328704834,-0.17611689865589142
1152,0.40823495388031006,-0.17618659138679504
1153,0.5135219097137451,-0.6175003051757812
1154,0.5239920616149902,-0.6442432999610901
1155,-0.017364075407385826,0.09950103610754013
1156,-0.018530113622546196,0.0996391698718071
1157,0.5063644647598267,-0.3709275424480438
1158,0.022658560425043106,0.1270093321800232
1159,0.022443924099206924,0.12721797823905945
1160,0.5921045541763306,-0.33817124366760254
1161,0.04748624563217163,0.15947259962558746
1162,0.045983944088220596,0.16226346790790558
1163,0.6604593396186829,-0.30827796459198
1164,0.057042885571718216,0.1914055496454239
1165,0.05710969120264053,0.1913098692893982
1166,0.7019457817077637,-0.28071820735931396
1167,0.061318472027778625,0.21829955279827118
1168,0.05619275942444801,0.22182820737361908
1169,0.7187579870223999,-0.26258230209350586
1170,0.06270751357078552,0.24453726410865784
1171,0.05966225266456604,0.24584414064884186
1172,0.7262281179428101,-0.25506994128227234
1173,0.05869197100400925,0.26703500747680664
1174,0.05865783244371414,0.26658642292022705
1175,0.7376214861869812,-0.263871967792511
1176,-0.3081131875514984,0.006318090949207544
1177,-0.3072063624858856,0.011605942621827126
1178,-0.19264057278633118,-0.3665185868740082
1179,-0.2901581823825836,0.012906591407954693
1180,-0.28811177611351013,0.010930654592812061
1181,-0.12414626032114029,-0.4153037667274475
1182,-0.26409852504730225,0.01872808299958706
1183,-0.2645329535007477,0.01888342574238777
1184,-0.04614023491740227,-0.45362386107444763
1185,-0.23256990313529968,0.03149997070431709
1186,-0.23315708339214325,0.031575001776218414
1187,0.04055843874812126,-0.4764113128185272
1188,-0.19704408943653107,0.04969170317053795
1189,-0.1970473974943161,0.04986092820763588
1190,0.13501697778701782,-0.48234593868255615
1191,-0.1519850492477417,0.06105386093258858
1192,-0.15177635848522186,0.060728151351213455
1193,0.23337580263614655,-0.4724244177341461
1194,-0.09866884350776672,0.07388271391391754
1195,-0.09876524657011032,0.07493239641189575
1196,0.3296808898448944,-0.45175105333328247
1197,-0.04517349973320961,0.0919884741306305
1198,-0.045011285692453384,0.09317515045404434
1199,0.42595914006233215,-0.4217976927757263
1200,0.007762052118778229,0.11319142580032349
1201,0.006197031587362289,0.11568545550107956
1202,0.5124632120132446,-0.39050641655921936
1203,-0.25214269757270813,-0.0397525355219841
1204,-0.24916498363018036,-0.04036983475089073
1205,-0.09924548864364624,-0.3486434519290924
1206,-0.18567724525928497,-0.0855860561132431
1207,-0.18758314847946167,-0.08266611397266388
1208,-0.0064456164836883545,-0.3347410261631012
1209,-0.10840947180986404,-0.12378586083650589
1210,-0.10935863852500916,-0.12338550388813019
1211,0.07989335060119629,-0.33113807439804077
1212,-0.030951589345932007,-0.15346656739711761
1213,-0.034462638199329376,-0.1540682017803192
1214,0.16155903041362762,-0.3402900695800781
1215,0.05027702823281288,-0.17793884873390198
1216,0.04574035108089447,-0.17798303067684174
1217,0.23762723803520203,-0.3629601001739502
1218,0.12994766235351562,-0.19522935152053833
1219,0.129713773727417,-0.19520676136016846
1220,0.30929839611053467,-0.39548516273498535
1221,0.21770913898944855,-0.19699537754058838
1222,0.21619528532028198,-0.1962832808494568
1223,0.37635111808776855,-0.4412669241428375
1224,0.2981187701225281,-0.18366657197475433
1225,0.2982233464717865,-0.1835494339466095
1226,0.439090758562088,-0.49302443861961365
1227,0.310520201921463,-0.1917126178741455
1228,0.3108518123626709,-0.19048437476158142
1229,0.45523613691329956,-0.5376245975494385
1230,0.32437074184417725,-0.20134791731834412
1231,0.3243193030357361,-0.20068052411079407
1232,0.4695914089679718,-0.5799509882926941
1233,0.4796890616416931,-0.6093834638595581
1234,0.05195825546979904,0.13693466782569885
1235,0.051433078944683075,0.13817645609378815
1236,0.5807212591171265,-0.3548862338066101
1237,0.08317559957504272,0.1630735546350479
1238,0.08303394913673401,0.16319139301776886
1239,0.6305372714996338,-0.31826210021972656
1240,0.10825558006763458,0.18850626051425934
1241,0.10786453634500504,0.1879752278327942
1242,0.6495006680488586,-0.287727028131485
1243,0.11829821020364761,0.21638058125972748
1244,0.11767208576202393,0.21452651917934418
1245,0.6562331914901733,-0.2676553428173065
1246,0.12208109349012375,0.23641987144947052
1247,0.12286213040351868,0.23580417037010193
1248,0.6541407704353333,-0.26516127586364746
1249,0.1315462440252304,0.25304505228996277
1250,0.12997333705425262,0.2552724778652191
1251,0.6597966551780701,-0.2755827009677887
1252,-0.23571565747261047,-0.02990998513996601
1253,-0.2329186499118805,-0.030990174040198326
1254,-0.034260958433151245,-0.4000532329082489
1255,-0.21156826615333557,-0.012674815021455288
1256,-0.2097507119178772,-0.01308499462902546
1257,0.0381818562746048,-0.43403810262680054
1258,-0.17937399446964264,0.009311951696872711
1259,-0.1805237978696823,0.01023378036916256
1260,0.11628185957670212,-0.45130082964897156
1261,-0.15077707171440125,0.03545250743627548
1262,-0.15098725259304047,0.0357699915766716
1263,0.19885538518428802,-0.4535645544528961
1264,-0.11410992592573166,0.06220891699194908
1265,-0.11405377089977264,0.06461607664823532
1266,0.28234562277793884,-0.4444183111190796
1267,-0.06876018643379211,0.07822419703006744
1268,-0.06948423385620117,0.08085702359676361
1269,0.36132103204727173,-0.4228283166885376
1270,-0.015598565340042114,0.09104401618242264
1271,-0.01754934899508953,0.09572647511959076
1272,0.44129276275634766,-0.3954195976257324
1273,0.038377802819013596,0.10785288363695145
1274,0.038553688675165176,0.10785131901502609
1275,0.5108792185783386,-0.35904550552368164
1276,0.08418229967355728,0.12631888687610626
1277,0.08430079370737076,0.12628032267093658
1278,0.5579633712768555,-0.3193814754486084
1279,-0.1721179485321045,-0.06791562587022781
1280,-0.1700437366962433,-0.06971178203821182
1281,0.050959113985300064,-0.38619640469551086
1282,-0.09885012358427048,-0.10497093200683594
1283,-0.09346921741962433,-0.1055428683757782
1284,0.1306629776954651,-0.38158005475997925
1285,-0.020047632977366447,-0.1351056545972824
1286,-0.02219146490097046,-0.13542385399341583
1287,0.2049386352300644,-0.3916926383972168
1288,0.05711820349097252,-0.16211450099945068
1289,0.05893532559275627,-0.1647995561361313
1290,0.2721654176712036,-0.42132478952407837
1291,0.1373216211795807,-0.18766550719738007
1292,0.1369767040014267,-0.18571971356868744
1293,0.3370065987110138,-0.45705774426460266
1294,0.2275819331407547,-0.1971527636051178
1295,0.23016920685768127,-0.19835563004016876
1296,0.4001884460449219,-0.497877299785614
1297,0.23747825622558594,-0.20552293956279755
1298,0.23549005389213562,-0.2074221819639206
1299,0.417754590511322,-0.5393421053886414
1300,0.432696133852005,-0.5614943504333496
1301,0.12100254744291306,0.14745521545410156
1302,0.1213538870215416,0.14678415656089783
1303,0.5818700194358826,-0.28163594007492065
1304,0.1507616639137268,0.16541025042533875
1305,0.1490909904241562,0.16796894371509552
1306,0.5871012806892395,-0.25345340371131897
1307,0.16526289284229279,0.18817289173603058
1308,0.16561271250247955,0.18613885343074799
1309,0.5759603977203369,-0.23968571424484253
1310,0.1774546355009079,0.1963869035243988
1311,0.1772698163986206,0.19593504071235657
1312,0.5680769085884094,-0.23716019093990326
1313,0.18435116112232208,0.2084881067276001
1314,0.18139158189296722,0.20666252076625824
1315,0.5657857060432434,-0.246461883187294
1316,-0.15372991561889648,-0.044182486832141876
1317,-0.15540087223052979,-0.04421277716755867
1318,0.1194995790719986,-0.4121117889881134
1319,-0.13030119240283966,-0.017069177702069283
1320,-0.12540799379348755,-0.015156527981162071
1321,0.19428443908691406,-0.41667988896369934
1322,-0.10069463402032852,0.015954039990901947
1323,-0.10116208344697952,0.017587482929229736
1324,0.26842910051345825,-0.4046623706817627
1325,-0.0657932385802269,0.04646741971373558
1326,-0.06577469408512115,0.047061920166015625
1327,0.339035302400589,-0.38463839888572693
1328,-0.024528296664357185,0.0731230229139328
1329,-0.024132002145051956,0.07393372803926468
1330,0.408423513174057,-0.3591177463531494
1331,0.02083805948495865,0.0833631306886673
1332,0.02116752602159977,0.08484727144241333
1333,0.46395638585090637,-0.32782644033432007
1334,0.07136353105306625,0.0946006178855896
1335,0.07157288491725922,0.09291234612464905
1336,0.5054830312728882,-0.2921432554721832
1337,0.11579914391040802,0.10485869646072388
1338,0.11598557978868484,0.10460958629846573
1339,0.5291348099708557,-0.25218382477760315
1340,0.15942685306072235,0.11894168704748154
1341,0.1594458669424057,0.11883945763111115
1342,0.5319223403930664,-0.21625885367393494
1343,-0.08240076154470444,-0.07881221175193787
1344,-0.08538587391376495,-0.07922032475471497
1345,0.19447286427021027,-0.39861154556274414
1346,-0.023810500279068947,-0.11092453449964523
1347,-0.02212715521454811,-0.10878904908895493
1348,0.260029137134552,-0.40552404522895813
1349,0.05221112072467804,-0.1428188979625702
1350,0.05563981458544731,-0.14189215004444122
1351,0.3177211880683899,-0.43762174248695374
1352,0.14251156151294708,-0.18766747415065765
1353,0.14490531384944916,-0.1870081126689911
1354,0.368308961391449,-0.4847497045993805
1355,0.392527312040329,-0.4951626658439636
1356,0.18724992871284485,0.13381019234657288
1357,0.18731682002544403,0.13370947539806366
1358,0.5165752172470093,-0.192427396774292
1359,0.20928074419498444,0.1360822170972824
1360,0.20904386043548584,0.13614706695079803
1361,0.49554580450057983,-0.18121881783008575
1362,0.21640360355377197,0.13435618579387665
1363,0.21575546264648438,0.13405649363994598
1364,0.4779747426509857,-0.17919062077999115
1365,0.22911570966243744,0.14043159782886505
1366,0.22089409828186035,0.1367100477218628
1367,0.47223272919654846,-0.18469423055648804
1368,-0.07103292644023895,-0.043194424360990524
1369,-0.07309263944625854,-0.04216078296303749
1370,0.2657252848148346,-0.3759533762931824
1371,-0.043247465044260025,-0.0024186635855585337
1372,-0.04228619486093521,-0.0016453302232548594
1373,0.33474987745285034,-0.34035730361938477
1374,-0.011945178732275963,0.03651893138885498
1375,-0.011411087587475777,0.036628007888793945
1376,0.39893049001693726,-0.3076136112213135
1377,0.02733731083571911,0.063344806432724
1378,0.029078500345349312,0.06429640203714371
1379,0.4488655626773834,-0.2703225910663605
1380,0.06791267544031143,0.07894789427518845
1381,0.06801789999008179,0.07961338758468628
1382,0.4841911494731903,-0.23329682648181915
1383,0.11169768124818802,0.08129352331161499
1384,0.11197265237569809,0.08138595521450043
1385,0.5047076940536499,-0.19621963798999786
1386,0.15496815741062164,0.08144477009773254
1387,0.15499697625637054,0.08135414868593216
1388,0.5025715231895447,-0.160322904586792
1389,0.1960197240114212,0.08885396271944046
1390,0.19599775969982147,0.08878273516893387
1391,0.4813098907470703,-0.1289566457271576
1392,0.2288561463356018,0.09276214241981506
1393,0.2284262627363205,0.09333986043930054
1394,0.4508695602416992,-0.10645683109760284
1395,-0.015716509893536568,-0.0667387917637825
1396,-0.017654670402407646,-0.06792934238910675
1397,0.3268212080001831,-0.36468973755836487
1398,0.37180444598197937,-0.3940424919128418
1399,0.24632009863853455,0.08406328409910202
1400,0.2461690902709961,0.08397408574819565
1401,0.41881662607192993,-0.09543540328741074
1402,0.24675369262695312,0.06949310004711151
1403,0.24647904932498932,0.06934437155723572
1404,0.39217421412467957,-0.09292639791965485
1405,0.2518409788608551,0.061362359672784805
1406,0.2445908933877945,0.05871398746967316
1407,0.38195785880088806,-0.09514310210943222
1408,-0.009801252745091915,-0.015050850808620453
1409,-0.014715251512825489,-0.011500122956931591
1410,0.3913014829158783,-0.2842508554458618
1414,0.035655684769153595,0.03677460178732872
1415,0.03920115903019905,0.035358693450689316
1416,0.44486215710639954,-0.21699519455432892
1417,0.07730641216039658,0.07774143666028976
1418,0.077942855656147,0.07819101214408875
1419,0.48118171095848083,-0.1629733443260193
1420,0.11459986865520477,0.09089452028274536
1421,0.11433207243680954,0.090511754155159
1422,0.5039794445037842,-0.12342225760221481
1423,0.1545339971780777,0.09340400248765945
1424,0.1545349359512329,0.0934048593044281
1425,0.498496413230896,-0.08403223752975464
1426,0.19333027303218842,0.08675283193588257
1427,0.1932782083749771,0.0863460972905159
1428,0.47343742847442627,-0.05162075534462929
1429,0.2313801348209381,0.07683496922254562
1430,0.23138003051280975,0.07683458924293518
1431,0.4367399513721466,-0.02277127467095852
1432,0.26333048939704895,0.06742092967033386
1433,0.2633330523967743,0.06742734462022781
1434,0.393527626991272,-0.0016457581659778953
1435,0.27669188380241394,0.04545135051012039
1436,0.27658921480178833,0.04534046724438667
1437,0.3498205244541168,0.010684304870665073
1411,0.018241848796606064,-0.022672181949019432
1412,0.02100723795592785,-0.022242221981287003
1413,0.4270683526992798,-0.2743447422981262
1438,0.27550795674324036,0.023846471682190895
1439,0.2752164900302887,0.023587806150317192
1440,0.31265267729759216,0.013075008988380432
1441,0.27278056740760803,0.00917434599250555
1442,0.2745652198791504,0.010485170409083366
1443,0.2947990298271179,0.012821574695408344
1444,0.47995248436927795,-0.10523444414138794
1445,0.13463088870048523,0.11340458691120148
1446,0.13457605242729187,0.11284545809030533
1447,0.5055863857269287,-0.037042707204818726
1448,0.1663997918367386,0.12468001991510391
1449,0.16685990989208221,0.12451563775539398
1450,0.5021371245384216,0.0032900897786021233
1451,0.1985575407743454,0.12015441805124283
1452,0.19855816662311554,0.12016326189041138
1453,0.48083487153053284,0.03818066790699959
1454,0.23542453348636627,0.11070077121257782
1455,0.2354244887828827,0.11070053279399872
1456,0.4428756535053253,0.06795794516801834
1457,0.26752087473869324,0.09392005205154419
1458,0.2675209641456604,0.09392052888870239
1459,0.39347314834594727,0.09399545937776566
1460,0.29382583498954773,0.06848825514316559
1461,0.2938341200351715,0.06851726025342941
1462,0.3397737443447113,0.113736093044281
1463,0.30380627512931824,0.031668055802583694
1464,0.30380570888519287,0.03166753053665161
1465,0.2869252860546112,0.1268315464258194
1466,0.30211183428764343,0.0006939743761904538
1467,0.3021678030490875,0.0007669141632504761
1468,0.24181124567985535,0.13254986703395844
1469,0.3015292286872864,-0.02275605872273445
1470,0.30140188336372375,-0.022854650393128395
1471,0.2218906730413437,0.13911962509155273
1472,0.5283450484275818,0.08382230997085571
1475,0.5142692923545837,0.10188351571559906
1473,0.2062245011329651,0.17780330777168274
1474,0.2070152908563614,0.17839211225509644
1476,0.21754933893680573,0.17083214223384857
1477,0.21754534542560577,0.1708754599094391
1478,0.49366307258605957,0.1315748244524002
1479,0.24196629226207733,0.15803219377994537
1480,0.24205592274665833,0.15852661430835724
1481,0.4580669105052948,0.16382074356079102
1482,0.26781153678894043,0.14129284024238586
1483,0.26962488889694214,0.14328014850616455
1484,0.406705766916275,0.18907441198825836
1485,0.29610636830329895,0.12000031769275665
1486,0.29610636830329895,0.12000031769275665
1487,0.34718242287635803,0.21145810186862946
1488,0.3071521520614624,0.08364704251289368
1489,0.30715176463127136,0.08364538103342056
1490,0.28278011083602905,0.23057693243026733
1491,0.3009238839149475,0.04481058195233345
1492,0.30092382431030273,0.04481044039130211
1493,0.22287550568580627,0.2448168396949768
1494,0.28782954812049866,0.005616413429379463
1495,0.28782954812049866,0.005616413429379463
1496,0.17605452239513397,0.25353696942329407
1497,0.2823319137096405,-0.02330978773534298
1498,0.2823510468006134,-0.023358477279543877
1499,0.15514327585697174,0.2630155086517334
1500,0.5349651575088501,0.23535345494747162
1503,0.5122578740119934,0.2429194152355194
1501,0.25740504264831543,0.2303033471107483
1502,0.2571055293083191,0.22943291068077087
1504,0.2624516785144806,0.2204517126083374
1505,0.2602878510951996,0.2153841108083725
1506,0.47656604647636414,0.26239490509033203
1507,0.27557963132858276,0.20500539243221283
1508,0.27507147192955017,0.20331798493862152
1509,0.4262073338031769,0.28411704301834106
1510,0.29222431778907776,0.18451786041259766
1511,0.2920492887496948,0.18574528396129608
1512,0.36469733715057373,0.3054637908935547
1513,0.2972690463066101,0.15277016162872314
1514,0.2970797121524811,0.15382570028305054
1515,0.2968154847621918,0.3253467381000519
1516,0.2858806848526001,0.11192567646503448
1517,0.2871206998825073,0.11459896713495255
1518,0.22540971636772156,0.34313833713531494
1519,0.2693338394165039,0.06578120589256287
1520,0.2719172239303589,0.0692102387547493
1521,0.16154468059539795,0.3568204641342163
1522,0.25128424167633057,0.02776891179382801
1523,0.2534310221672058,0.031204596161842346
1524,0.11323845386505127,0.36756908893585205
1525,0.24231602251529694,0.004036415368318558
1526,0.24330782890319824,0.005669953301548958
1527,0.0891815796494484,0.37661823630332947
1528,0.5234119296073914,0.36910516023635864
1531,0.49441662430763245,0.3671552836894989
1529,0.29148438572883606,0.2854772210121155
1530,0.2919457256793976,0.2764178216457367
1532,0.2853352427482605,0.26850268244743347
1533,0.28546109795570374,0.27460286021232605
1534,0.44908401370048523,0.38160887360572815
1535,0.286712110042572,0.2558077871799469
1536,0.28671249747276306,0.25580865144729614
1537,0.38879477977752686,0.3965621590614319
1538,0.28212210536003113,0.22919826209545135
1539,0.28212398290634155,0.2292037308216095
1540,0.31967583298683167,0.4148288667201996
1541,0.26670417189598083,0.1923993080854416
1542,0.2667037844657898,0.19239778816699982
1543,0.24677304923534393,0.4336012005805969
1544,0.2499624788761139,0.15098194777965546
1545,0.24995657801628113,0.15096688270568848
1546,0.1707356572151184,0.44919463992118835
1547,0.23071050643920898,0.11013380438089371
1548,0.23090597987174988,0.1104428693652153
1549,0.10469631105661392,0.4628244936466217
1550,0.21048852801322937,0.0740344375371933
1551,0.21043594181537628,0.07390325516462326
1552,0.05336955189704895,0.4735390543937683
1553,0.20197568833827972,0.05493756756186485
1554,0.20241570472717285,0.05555884167551994
1555,0.028661450371146202,0.4841392934322357
1556,0.4976953864097595,0.48063284158706665
1559,0.4672909080982208,0.482597291469574
1557,0.29343944787979126,0.3372659683227539
1558,0.29345858097076416,0.3372781574726105
1560,0.27961212396621704,0.32460007071495056
1561,0.27965226769447327,0.32469654083251953
1562,0.41578996181488037,0.4890326261520386
1563,0.2659028172492981,0.30437201261520386
1564,0.2656760513782501,0.30393466353416443
1565,0.3494877815246582,0.5004351735115051
1566,0.24815814197063446,0.2746114730834961
1567,0.24818409979343414,0.27470624446868896
1568,0.276197224855423,0.516572117805481
1569,0.22811728715896606,0.23964771628379822
1570,0.22812175750732422,0.23965804278850555
1571,0.19902247190475464,0.5333477258682251
1572,0.20605969429016113,0.20331332087516785
1573,0.20602746307849884,0.20318466424942017
1574,0.1202959269285202,0.5489537119865417
1575,0.18138068914413452,0.1668175458908081
1576,0.18181082606315613,0.1675184667110443
1577,0.052241504192352295,0.5607438683509827
1578,0.1621413230895996,0.14124281704425812
1579,0.16233760118484497,0.14141608774662018
1580,0.0012374093057587743,0.5706654787063599
1581,0.15162909030914307,0.12981119751930237
1582,0.1533275842666626,0.13291817903518677
1583,-0.02446812391281128,0.5801342725753784
1584,0.46891286969184875,0.5797374248504639
1587,0.43615055084228516,0.5802904963493347
1585,0.26976943016052246,0.39029431343078613
1586,0.2698330581188202,0.39038923382759094
1588,0.2529396414756775,0.374172180891037
1589,0.2529509663581848,0.37419354915618896
1590,0.38045960664749146,0.5829525589942932
1591,0.23473940789699554,0.350251168012619
1592,0.2347404509782791,0.35025259852409363
1593,0.3125801682472229,0.5944666862487793
1594,0.21030403673648834,0.324306458234787
1595,0.21036846935749054,0.32442817091941833
1596,0.23408100008964539,0.6062275171279907
1597,0.1844273805618286,0.29123401641845703
1598,0.18445001542568207,0.2912721335887909
1599,0.15614894032478333,0.6241028904914856
1600,0.15951548516750336,0.2605827748775482
1601,0.15961889922618866,0.2607281804084778
1602,0.0776917040348053,0.6372988224029541
1603,0.1335921734571457,0.23199418187141418
1604,0.1342477798461914,0.23288261890411377
1605,0.008444043807685375,0.6491577625274658
1606,0.11141733080148697,0.2141522616147995
1607,0.11174722760915756,0.21456493437290192
1608,-0.04500294104218483,0.6577587127685547
1609,0.10141568630933762,0.2075342833995819
1610,0.10206259042024612,0.20857858657836914
1611,-0.0711430013179779,0.6673192977905273
1612,0.4407443106174469,0.669069766998291
1615,0.4054681658744812,0.6619117856025696
1613,0.23751872777938843,0.44096481800079346
1614,0.23759546875953674,0.4410468637943268
1616,0.22056862711906433,0.4226258099079132
1617,0.2205689251422882,0.42262619733810425
1618,0.34818559885025024,0.663332998752594
1619,0.1960068941116333,0.40332138538360596
1620,0.19601169228553772,0.4033282399177551
1621,0.2762022316455841,0.6701036095619202
1622,0.17103208601474762,0.37400150299072266
1623,0.1711307018995285,0.37414005398750305
1624,0.1981694996356964,0.6842606663703918
1625,0.14262326061725616,0.3458087742328644
1626,0.14261674880981445,0.3457995653152466
1627,0.11576766520738602,0.6975151896476746
1628,0.11434662342071533,0.31876516342163086
1629,0.11432546377182007,0.3187348246574402
1630,0.04168905317783356,0.7160286903381348
1631,0.08565065264701843,0.29905450344085693
1632,0.08576338738203049,0.2991943955421448
1633,-0.030921585857868195,0.7257077693939209
1634,0.06285548210144043,0.2829025983810425
1635,0.06288938969373703,0.2829378843307495
1636,-0.08426850289106369,0.7361911535263062
1637,0.04839642718434334,0.28153637051582336
1638,0.04860701784491539,0.2817903757095337
1639,-0.11260802298784256,0.7454075217247009
1640,0.4163764417171478,0.7372394800186157
1643,0.3794829249382019,0.7289943695068359
1641,0.20776864886283875,0.48922252655029297
1642,0.20773355662822723,0.4891934394836426
1644,0.18991565704345703,0.47248926758766174
1645,0.18969132006168365,0.47228291630744934
1646,0.3201006352901459,0.7264388799667358
1647,0.16451504826545715,0.4501461088657379
1648,0.16451437771320343,0.450147420167923
1649,0.2471180111169815,0.7322808504104614
1650,0.1355990171432495,0.4251430630683899
1651,0.1355990171432495,0.4251430630683899
1652,0.16751570999622345,0.7454777359962463
1653,0.1058431938290596,0.39927423000335693
1654,0.10585156083106995,0.3992810845375061
1655,0.08592405915260315,0.7608101963996887
1656,0.07471685856580734,0.37474390864372253
1657,0.07471700012683868,0.3747442066669464
1658,0.0069680348969995975,0.7769541144371033
1659,0.04641155153512955,0.3548240661621094
1660,0.046422723680734634,0.3548363447189331
1661,-0.062319230288267136,0.7929059863090515
1662,0.022122161462903023,0.3418920934200287
1663,0.022108135744929314,0.34187501668930054
1664,-0.12075531482696533,0.8023515343666077
1665,0.007389887701719999,0.3389928638935089
1666,0.007491309195756912,0.33910754323005676
1667,-0.1474795639514923,0.815447211265564
1668,0.3999635577201843,0.7957456111907959
1671,0.3609357178211212,0.7800326347351074
1669,0.1852535903453827,0.5368910431861877
1670,0.1841655820608139,0.5362464785575867
1672,0.16713394224643707,0.518586277961731
1673,0.16713418066501617,0.5185863971710205
1674,0.29974794387817383,0.7737184762954712
1675,0.14064089953899384,0.4965239465236664
1676,0.140700101852417,0.49655741453170776
1677,0.22600136697292328,0.7801568508148193
1678,0.11002881079912186,0.4724152684211731
1679,0.1115865558385849,0.47337767481803894
1680,0.1456485539674759,0.7933493256568909
1681,0.07643703371286392,0.4467891454696655
1682,0.07800594717264175,0.44781726598739624
1683,0.062423646450042725,0.8075714111328125
1684,0.04599834978580475,0.4247775971889496
1685,0.047290679067373276,0.4255520701408386
1686,-0.016968755051493645,0.8258911967277527
1687,0.015027266927063465,0.40523436665534973
1688,0.017381692305207253,0.40658923983573914
1689,-0.09089052677154541,0.8424813747406006
1690,-0.01018932182341814,0.39405253529548645
1691,-0.008823126554489136,0.3947184085845947
1692,-0.14829932153224945,0.8595836758613586
1693,-0.026235558092594147,0.3933041989803314
1694,-0.025444775819778442,0.39364340901374817
1695,-0.1800711303949356,0.8734519481658936
1696,0.39121827483177185,0.8331071734428406
1699,0.35183510184288025,0.8108935356140137
1697,0.17511656880378723,0.5786938071250916
1698,0.17509332299232483,0.5786583423614502
1700,0.15561573207378387,0.5557435750961304
1701,0.15562660992145538,0.5557466149330139
1702,0.2886106073856354,0.809355616569519
1703,0.12789830565452576,0.5327844619750977
1704,0.12789902091026306,0.5327848196029663
1705,0.21365390717983246,0.8164135813713074
1706,0.09531883895397186,0.5087153315544128
1707,0.09528769552707672,0.5086970925331116
1708,0.13142409920692444,0.8273844122886658
1709,0.06273708492517471,0.48546475172042847
1710,0.06273708492517471,0.48546475172042847
1711,0.04627451300621033,0.8389945030212402
1712,0.029162993654608727,0.4629853069782257
1713,0.029162993654608727,0.4629853069782257
1714,-0.04022364690899849,0.847141683101654
1715,-0.0005919822142459452,0.44640544056892395
1716,-0.0006026331684552133,0.44639506936073303
1717,-0.11098499596118927,0.8749954104423523
1718,-0.027098307386040688,0.43572503328323364
1719,-0.02676296979188919,0.4361184537410736
1720,-0.1726953685283661,0.8982646465301514
1721,-0.047326553612947464,0.44003570079803467
1722,-0.04789076745510101,0.4395175278186798
1723,-0.20540307462215424,0.9217202663421631
1724,0.3515615165233612,0.8332061171531677
1725,0.3990738093852997,0.8508223295211792
1726,0.28662586212158203,0.8370510935783386
1727,0.20990952849388123,0.843592643737793
1728,0.12449533492326736,0.8467116951942444
1729,0.03444723039865494,0.8485784530639648
1730,-0.04762924835085869,0.8696330189704895
1731,-0.12467804551124573,0.8900560140609741
1732,-0.17992328107357025,0.9271088242530823
1733,-0.22425727546215057,0.9552679657936096
