1,-0.8242814540863037,0.23134294152259827
10,-0.7836606502532959,0.20631541311740875
11,-0.7936081290245056,0.19258888065814972
12,-0.815984308719635,0.200456440448761
13,-0.8059960007667542,0.20211102068424225
14,-0.7996972799301147,0.2090481072664261
15,-0.7869601845741272,0.2193702608346939
16,-0.7938089966773987,0.1931477189064026
17,-0.8121334314346313,0.1832982301712036
18,-0.8120309710502625,0.18321913480758667
19,-0.8765894770622253,0.27042248845100403
37,-0.886564314365387,0.3993063271045685
949,-0.5100857019424438,0.16555829346179962
2,-0.8124936819076538,0.24950756132602692
20,-0.7522507905960083,0.28684788942337036
3,-0.8416709899902344,0.24968858063220978
21,-0.9380667805671692,0.38933122158050537
4,-0.8347569108009338,0.252697616815567
22,-0.9220238924026489,0.3832261562347412
5,-0.8419784307479858,0.2566883862018585
23,-0.9502736926078796,0.4045909345149994
6,-0.8474421501159668,0.24095185101032257
24,-0.947357177734375,0.37804484367370605
7,-0.8311051726341248,0.2665036916732788
25,-0.9322161674499512,0.42286691069602966
8,-0.8035041093826294,0.2599055767059326
26,-0.9260950684547424,0.41872164607048035
9,-0.8157762885093689,0.2778204679489136
27,-0.9213940501213074,0.4187381863594055
951,-0.48999398946762085,0.13571220636367798
950,-0.35548749566078186,0.1363874077796936
28,-0.9825923442840576,0.4331211745738983
29,-0.9827670454978943,0.4415660500526428
30,-0.9767326712608337,0.3545992076396942
31,-0.9566369652748108,0.35869941115379333
32,-0.9963122010231018,0.3658384680747986
33,-0.9935401678085327,0.36364689469337463
34,-1.0,0.38241273164749146
35,-0.9989308714866638,0.3642992079257965
36,-0.9961085915565491,0.3833448886871338
38,-0.9093818068504333,0.44440850615501404
56,-0.8218615651130676,0.5495384931564331
39,-0.9197328686714172,0.4682759940624237
40,-0.7907109260559082,0.39315077662467957
41,-0.7824032306671143,0.3994377553462982
42,-0.8525394797325134,0.566834568977356
43,-0.8510216474533081,0.5699524283409119
44,-0.8329047560691833,0.5612267851829529
45,-0.8385401368141174,0.5589139461517334
46,-0.8477457761764526,0.5872960686683655
952,-0.3517554998397827,0.16275443136692047
953,-0.33080023527145386,0.172936350107193
47,-0.8757902979850769,0.5897738337516785
48,-0.8694703578948975,0.6131863594055176
49,-0.8719170093536377,0.611522376537323
50,-0.8666214346885681,0.615271270275116
51,-0.8973194360733032,0.5128992795944214
52,-0.8779193758964539,0.5258454084396362
53,-0.8996006846427917,0.5379310250282288
54,-0.8974899053573608,0.5347518920898438
55,-0.9132326245307922,0.5597079992294312
57,-0.8104007840156555,0.5870113968849182
75,-0.6772316694259644,0.6567143201828003
58,-0.7990261316299438,0.5772079825401306
59,-0.791282057762146,0.5788695812225342
60,-0.7857027053833008,0.6005463004112244
61,-0.7090269327163696,0.512977123260498
62,-0.7160826325416565,0.5178618431091309
63,-0.6984443664550781,0.6903172135353088
64,-0.6985288262367249,0.6884275078773499
65,-0.6908784508705139,0.7012534141540527
954,-0.36172956228256226,0.1924624741077423
955,-0.3582953214645386,0.19982925057411194
66,-0.7233715057373047,0.7304245829582214
67,-0.7169569730758667,0.7078713774681091
68,-0.7185302972793579,0.7074374556541443
69,-0.7008488178253174,0.7290170788764954
70,-0.7005338668823242,0.7285062074661255
71,-0.6906129121780396,0.7447344064712524
72,-0.7600976824760437,0.6711568236351013
73,-0.7610445022583008,0.6742478609085083
74,-0.7422903180122375,0.6582987904548645
76,-0.6459972262382507,0.6765464544296265
94,-0.5127775073051453,0.7327939867973328
77,-0.6432417631149292,0.6775453686714172
78,-0.6368809938430786,0.6992733478546143
79,-0.6364407539367676,0.696515679359436
80,-0.6360571980476379,0.704217791557312
81,-0.616493284702301,0.7160250544548035
82,-0.5957859754562378,0.6010946035385132
83,-0.5949519872665405,0.6014863848686218
84,-0.5033869743347168,0.7787938117980957
956,-0.3374435305595398,0.2124776691198349
957,-0.33948254585266113,0.2169777750968933
85,-0.5273422002792358,0.794468879699707
86,-0.5076412558555603,0.8134173154830933
87,-0.5198764801025391,0.8059244751930237
88,-0.5191888809204102,0.8081603050231934
89,-0.5034372210502625,0.817467987537384
90,-0.5122284293174744,0.7849956154823303
91,-0.5108427405357361,0.7860005497932434
92,-0.48424220085144043,0.8108972311019897
93,-0.5726304650306702,0.7564722895622253
95,-0.4819616973400116,0.7387373447418213
113,-0.31044018268585205,0.7755410671234131
96,-0.4759640395641327,0.7444310784339905
97,-0.4668930172920227,0.727889895439148
98,-0.4633459746837616,0.7298752665519714
99,-0.45437487959861755,0.750884473323822
100,-0.45446401834487915,0.7506372928619385
101,-0.445233553647995,0.7686796188354492
102,-0.41882777214050293,0.7777503132820129
103,-0.4484286308288574,0.6583770513534546
958,-0.32393819093704224,0.2349788099527359
104,-0.42297253012657166,0.7043672204017639
959,-0.3152085840702057,0.24157366156578064
105,-0.34041401743888855,0.8153510093688965
106,-0.3212449848651886,0.8199872970581055
107,-0.3332461714744568,0.8073019981384277
108,-0.3299553692340851,0.8237150311470032
109,-0.320911705493927,0.8229264616966248
110,-0.3228997588157654,0.8232284784317017
111,-0.3121214509010315,0.8354367017745972
112,-0.3043936789035797,0.8333680033683777
114,-0.30774277448654175,0.75429368019104
132,-0.12749585509300232,0.7641435861587524
115,-0.3033188283443451,0.75496506690979
116,-0.30023306608200073,0.7606584429740906
117,-0.2990025579929352,0.7572968006134033
118,-0.29473310708999634,0.7730156779289246
119,-0.2827647924423218,0.768142819404602
120,-0.28283122181892395,0.7456569075584412
121,-0.27289754152297974,0.7491943836212158
122,-0.2606150507926941,0.7697948217391968
123,-0.22261148691177368,0.7896387577056885
124,-0.25475576519966125,0.7159428000450134
960,-0.281835675239563,0.24058875441551208
125,-0.25408118963241577,0.7163863778114319
961,-0.28412967920303345,0.23781561851501465
126,-0.1537339985370636,0.7927495241165161
127,-0.1422920525074005,0.8048122525215149
128,-0.14253020286560059,0.8036139011383057
129,-0.14623789489269257,0.7960752248764038
130,-0.14515171945095062,0.8090673089027405
131,-0.1370275914669037,0.8103570938110352
133,-0.072688527405262,0.7670705914497375
151,0.04203414171934128,0.7180001735687256
134,-0.0698491558432579,0.769065260887146
135,-0.13912957906723022,0.7436453104019165
136,-0.1302880495786667,0.7435120940208435
137,-0.12663447856903076,0.7335670590400696
138,-0.11710868775844574,0.7326930165290833
139,-0.11018833518028259,0.7459699511528015
140,-0.11282078176736832,0.7459754347801208
141,-0.10683409124612808,0.749181866645813
142,-0.07173549383878708,0.7514071464538574
143,-0.07297965884208679,0.7422024011611938
144,-0.04771657660603523,0.757453203201294
145,-0.09408865123987198,0.6989914774894714
962,-0.2485746592283249,0.24745985865592957
146,-0.09392471611499786,0.7002074718475342
963,-0.2284010797739029,0.2459903508424759
147,0.03746373951435089,0.7645286917686462
148,0.03861026093363762,0.7642152905464172
149,0.02275330200791359,0.7563543915748596
150,0.025291580706834793,0.756407618522644
152,0.07564813643693924,0.720947265625
170,0.19729696214199066,0.6496953964233398
153,0.08590757846832275,0.7176284193992615
154,0.08042863011360168,0.7186784744262695
155,0.09495967626571655,0.7153922319412231
156,0.039792146533727646,0.7101364731788635
157,0.041200511157512665,0.7070997357368469
158,0.03310638293623924,0.6982797384262085
159,0.03479984402656555,0.6995280981063843
160,0.03356792405247688,0.7041550874710083
161,0.08523783832788467,0.6958879232406616
162,0.08571942150592804,0.6952387094497681
163,0.08701379597187042,0.693356454372406
164,0.08844295144081116,0.6939154863357544
165,0.11252740770578384,0.6978974342346191
166,0.06768909096717834,0.6527652144432068
964,-0.15704701840877533,0.25352564454078674
167,0.06733532249927521,0.6507973074913025
965,-0.16331683099269867,0.2511250376701355
168,0.18213044106960297,0.6893314719200134
169,0.18317323923110962,0.6892367005348206
171,0.2288048416376114,0.649449348449707
189,0.32292044162750244,0.5511989593505859
172,0.23445555567741394,0.6387776732444763
173,0.23576755821704865,0.6374778151512146
174,0.23369614779949188,0.6366670727729797
175,0.22516359388828278,0.6336584687232971
176,0.2209523320198059,0.6329757571220398
177,0.1876903474330902,0.6369124054908752
178,0.1880570650100708,0.6339097023010254
179,0.17861570417881012,0.6143218278884888
180,0.2207956314086914,0.6179383993148804
181,0.2186136692762375,0.6169345378875732
182,0.21983924508094788,0.617008626461029
183,0.2216654121875763,0.6172307133674622
184,0.2217385321855545,0.6152330040931702
185,0.2247895747423172,0.6177940368652344
186,0.2533499002456665,0.6167868971824646
187,0.21492742002010345,0.5799141526222229
966,0.11928743124008179,0.1894831359386444
188,0.2211691290140152,0.5814281105995178
967,0.12527896463871002,0.1886894553899765
190,0.345661461353302,0.5540094971656799
208,0.3755640983581543,0.4468516409397125
191,0.3531729578971863,0.5400725603103638
192,0.34934648871421814,0.5494106411933899
193,0.34930911660194397,0.5533637404441833
194,0.33847904205322266,0.5470688939094543
195,0.33119648694992065,0.5356571078300476
196,0.32065048813819885,0.5168222784996033
197,0.31850966811180115,0.523162305355072
198,0.3098441958427429,0.5407301187515259
199,0.3551732003688812,0.5303105115890503
200,0.3549783527851105,0.5253186225891113
201,0.35850173234939575,0.5299881100654602
202,0.3478100299835205,0.5223706364631653
203,0.3442751169204712,0.5219785571098328
204,0.34095636010169983,0.520967423915863
205,0.34449851512908936,0.5185902118682861
206,0.34230977296829224,0.5204259157180786
207,0.367294043302536,0.516159176826477
968,0.1521998792886734,0.16632862389087677
209,0.3296779990196228,0.46090421080589294
969,0.14417816698551178,0.1683342307806015
210,0.43577712774276733,0.4412789046764374
227,0.45757418870925903,0.351516455411911
211,0.4452383816242218,0.44321930408477783
212,0.4601840674877167,0.4464196562767029
213,0.4600863754749298,0.43661370873451233
214,0.44169527292251587,0.44463497400283813
215,0.454214483499527,0.4296835958957672
216,0.4372440576553345,0.4348832964897156
217,0.42560532689094543,0.42168882489204407
218,0.46767735481262207,0.40348315238952637
219,0.45291435718536377,0.4171976149082184
220,0.44940903782844543,0.4108993411064148
221,0.45044392347335815,0.411772757768631
222,0.45041194558143616,0.4111722409725189
223,0.44585511088371277,0.41148391366004944
224,0.44351741671562195,0.40531134605407715
225,0.43725183606147766,0.4023783206939697
226,0.43534743785858154,0.4069127142429352
228,0.4448108971118927,0.37452322244644165
229,0.4101112186908722,0.3610643148422241
970,0.15298916399478912,0.15042586624622345
230,0.4110661745071411,0.3545251190662384
971,0.1669076383113861,0.14251919090747833
231,0.5026029944419861,0.3162987232208252
246,0.520022988319397,0.2297857105731964
232,0.5133619904518127,0.31139588356018066
233,0.5158178806304932,0.3134723901748657
234,0.5335173010826111,0.31472986936569214
235,0.5367952585220337,0.3143324851989746
236,0.5295707583427429,0.31636980175971985
237,0.5414543151855469,0.27789780497550964
238,0.5395476818084717,0.27344393730163574
239,0.5378842353820801,0.27342262864112854
240,0.5102858543395996,0.2879180908203125
241,0.5204997062683105,0.28423815965652466
242,0.5193859338760376,0.2889939248561859
243,0.5231772065162659,0.28559067845344543
244,0.5176339149475098,0.2886684238910675
245,0.5176403522491455,0.2880149781703949
247,0.4903232157230377,0.26915085315704346
248,0.48540762066841125,0.274921178817749
249,0.5072791576385498,0.25116804242134094
250,0.46616309881210327,0.24982336163520813
972,0.169938862323761,0.1266993135213852
251,0.47221577167510986,0.247681125998497
973,0.1881207525730133,0.12353754043579102
252,0.5671932697296143,0.18843910098075867
265,0.5595465302467346,0.10786592215299606
253,0.5590055584907532,0.18791928887367249
254,0.5726170539855957,0.1818140298128128
255,0.5834565758705139,0.1836743801832199
256,0.5844982266426086,0.142710343003273
257,0.5886626243591309,0.13520930707454681
258,0.5901491641998291,0.14047658443450928
259,0.5929677486419678,0.1389295607805252
260,0.5905352830886841,0.1411294937133789
261,0.5533061027526855,0.16065676510334015
262,0.5675877928733826,0.15605667233467102
263,0.5629979968070984,0.15539442002773285
264,0.5720638632774353,0.1584157794713974
266,0.5429957509040833,0.13638317584991455
267,0.5448755025863647,0.14182311296463013
268,0.54761803150177,0.13991589844226837
269,0.5401491522789001,0.13788263499736786
270,0.5570816397666931,0.11622035503387451
271,0.5058349967002869,0.13819438219070435
974,0.20814333856105804,0.10112201422452927
272,0.48459023237228394,0.13628223538398743
975,0.10463270545005798,0.1404433697462082
273,0.6037681698799133,0.05466881021857262
284,0.5630145072937012,-0.01525892410427332
274,0.5985905528068542,0.04585243761539459
275,0.6047049760818481,0.016550658270716667
276,0.5977311134338379,0.012417706660926342
277,0.6021958589553833,0.013370211236178875
278,0.6091058850288391,0.01102431770414114
279,0.6015115976333618,0.011064926162362099
280,0.6098206043243408,0.0011448905570432544
281,0.6140141487121582,0.010652406141161919
282,0.5809919834136963,0.031743425875902176
283,0.57829350233078,0.03862730413675308
285,0.5539124608039856,0.03382522985339165
286,0.5577850937843323,0.035644177347421646
287,0.570919394493103,0.024680817499756813
288,0.572026252746582,0.023633969947695732
289,0.5737451910972595,0.021610833704471588
290,0.5735925436019897,0.020028317347168922
291,0.5738305449485779,-0.0032554108183830976
292,0.49471622705459595,0.03447127342224121
976,0.11750108003616333,0.11404896527528763
293,0.49626728892326355,0.04033138230443001
977,0.11490879952907562,0.11836813390254974
294,0.6017506718635559,-0.111178457736969
303,0.5542340278625488,-0.1273937225341797
295,0.5963221192359924,-0.10969001799821854
296,0.5983988046646118,-0.11310945451259613
297,0.5994601845741272,-0.11260677129030228
298,0.6076734066009521,-0.11839548498392105
299,0.5955842137336731,-0.11394563317298889
300,0.592219352722168,-0.1136634424328804
301,0.6084011793136597,-0.11787796765565872
302,0.6083654165267944,-0.12375304847955704
304,0.5589801669120789,-0.0743139386177063
305,0.5696912407875061,-0.07976840436458588
306,0.5508258938789368,-0.07610883563756943
307,0.5643330812454224,-0.07972259819507599
308,0.5672050714492798,-0.09258435666561127
309,0.554278552532196,-0.09096334874629974
310,0.5690773129463196,-0.1036803349852562
311,0.5697636008262634,-0.10380031168460846
312,0.5795412063598633,-0.12932850420475006
313,0.5083518624305725,-0.11920374631881714
978,0.13754260540008545,0.07876277714967728
314,0.5009583830833435,-0.1244722530245781
979,0.09922854602336884,0.07785757631063461
315,0.5765880346298218,-0.21530258655548096
322,0.542144238948822,-0.2485363483428955
316,0.5743724703788757,-0.21705837547779083
317,0.575840950012207,-0.22997963428497314
318,0.5793423056602478,-0.22068393230438232
319,0.5788286328315735,-0.23226606845855713
320,0.5818894505500793,-0.23033291101455688
321,0.5840187668800354,-0.22875960171222687
323,0.5582431554794312,-0.22064028680324554
324,0.5627708435058594,-0.1884194165468216
325,0.5490502119064331,-0.1786470115184784
326,0.5458319783210754,-0.18800072371959686
327,0.5385329127311707,-0.1857185661792755
328,0.543030858039856,-0.1939454972743988
329,0.5391271710395813,-0.19393672049045563
330,0.5275044441223145,-0.18181177973747253
331,0.5516133308410645,-0.20509929955005646
332,0.5336070656776428,-0.24932773411273956
333,0.5460351705551147,-0.27191534638404846
334,0.4823109209537506,-0.204964742064476
980,0.1197376549243927,0.02619347907602787
335,0.48469656705856323,-0.20911742746829987
981,0.12941201031208038,0.027069345116615295
336,0.5430731177330017,-0.31469130516052246
341,0.49651041626930237,-0.33857929706573486
337,0.545415997505188,-0.31227895617485046
338,0.5415021181106567,-0.31091561913490295
339,0.5420995354652405,-0.31190159916877747
340,0.5398139357566833,-0.3144243359565735
342,0.5207306742668152,-0.31251415610313416
343,0.5108293294906616,-0.30590707063674927
344,0.5225571990013123,-0.32256752252578735
345,0.49673062562942505,-0.27355414628982544
346,0.4970765709877014,-0.26837509870529175
347,0.5019831657409668,-0.2695707678794861
348,0.5108678936958313,-0.27859023213386536
349,0.5083721280097961,-0.2775975465774536
350,0.5082195997238159,-0.2807787358760834
351,0.49122586846351624,-0.32843613624572754
352,0.483124703168869,-0.3174595534801483
353,0.487817645072937,-0.32323500514030457
354,0.5003784894943237,-0.3539254367351532
355,0.4551328718662262,-0.29107409715652466
982,0.13931751251220703,-0.0008425696869380772
356,0.45856454968452454,-0.28570225834846497
983,0.15032772719860077,0.01225932314991951
357,0.4954843521118164,-0.3944924473762512
360,0.4428407847881317,-0.39868345856666565
358,0.4953623414039612,-0.3911563754081726
359,0.4980548620223999,-0.3918115794658661
361,0.4761594235897064,-0.377023845911026
362,0.47696906328201294,-0.3697521686553955
363,0.48546865582466125,-0.3800565302371979
364,0.4777475893497467,-0.3781593143939972
365,0.49670588970184326,-0.38447245955467224
366,0.4706132709980011,-0.3452998399734497
367,0.47536054253578186,-0.3492857813835144
368,0.46277379989624023,-0.33442968130111694
369,0.4907068610191345,-0.3513911962509155
370,0.44170084595680237,-0.38341715931892395
371,0.4398960769176483,-0.387786328792572
372,0.44549569487571716,-0.3875444829463959
373,0.4396771788597107,-0.38601547479629517
374,0.4455759525299072,-0.39289170503616333
375,0.44589537382125854,-0.4162750542163849
376,0.4187353849411011,-0.3523121774196625
984,0.1908641904592514,-0.00928931962698698
377,0.3965747654438019,-0.3496072292327881
985,0.03463485464453697,-0.040287427604198456
378,0.43849414587020874,-0.4574650228023529
379,0.398202121257782,-0.4594745337963104
380,0.4506776034832001,-0.45740455389022827
381,0.43648070096969604,-0.43957504630088806
382,0.4400451183319092,-0.4478422999382019
383,0.43374255299568176,-0.4332748353481293
384,0.4405835270881653,-0.43883436918258667
385,0.41986924409866333,-0.42611637711524963
386,0.45201340317726135,-0.4397277235984802
387,0.4327023923397064,-0.42061132192611694
388,0.4384936988353729,-0.41703301668167114
389,0.38460543751716614,-0.4549139738082886
390,0.3865288496017456,-0.4479527175426483
391,0.38563627004623413,-0.4509809613227844
392,0.3869779407978058,-0.45254650712013245
393,0.3907232880592346,-0.45772242546081543
394,0.38561001420021057,-0.4530765414237976
395,0.3903844356536865,-0.457643061876297
396,0.39276114106178284,-0.47708699107170105
397,0.35193586349487305,-0.4129491150379181
986,0.025227893143892288,-0.05831973999738693
398,0.3416343033313751,-0.4375447630882263
987,0.17029200494289398,-0.08206500858068466
399,0.3831325173377991,-0.5112070441246033
400,0.37805622816085815,-0.5058103799819946
401,0.3798467814922333,-0.5023021697998047
402,0.36368468403816223,-0.4951269030570984
403,0.39269956946372986,-0.5060613751411438
404,0.3616330325603485,-0.49356400966644287
405,0.39041295647621155,-0.49278444051742554
406,0.3764588236808777,-0.48958584666252136
407,0.3734533190727234,-0.4838290512561798
408,0.3331994414329529,-0.49564874172210693
409,0.33147308230400085,-0.49396419525146484
410,0.33682551980018616,-0.4983462691307068
411,0.3303183317184448,-0.48947370052337646
412,0.3268240988254547,-0.4836067259311676
413,0.3215692639350891,-0.48220133781433105
414,0.3259204924106598,-0.49058616161346436
415,0.32914894819259644,-0.4810280203819275
416,0.3295072913169861,-0.48434019088745117
417,0.2860937714576721,-0.5122668743133545
418,0.3312598168849945,-0.4101369380950928
988,0.17498670518398285,-0.0633857250213623
419,0.32769080996513367,-0.39934828877449036
989,0.17374227941036224,-0.05219360068440437
420,0.33635345101356506,-0.548979640007019
421,0.3100444972515106,-0.5377310514450073
422,0.3312172591686249,-0.5528385639190674
423,0.3147236108779907,-0.5521595478057861
424,0.31831279397010803,-0.5392427444458008
425,0.31443873047828674,-0.5498809814453125
426,0.3204590678215027,-0.5381451845169067
427,0.26936259865760803,-0.5601363182067871
428,0.2670632302761078,-0.5578739643096924
429,0.27039995789527893,-0.5452656149864197
430,0.27112069725990295,-0.5435194373130798
431,0.27072015404701233,-0.5471293330192566
432,0.27220964431762695,-0.5498100519180298
433,0.2718665301799774,-0.5444557666778564
434,0.26372554898262024,-0.5338945388793945
435,0.2679590880870819,-0.5387250781059265
436,0.23430316150188446,-0.524827778339386
437,0.29108303785324097,-0.49843186140060425
438,0.26680856943130493,-0.509351909160614
439,0.28275009989738464,-0.4357985854148865
990,0.16262413561344147,-0.06844255328178406
440,0.2844882607460022,-0.4323510527610779
991,0.16967706382274628,-0.062482114881277084
441,0.2480529546737671,-0.5617354512214661
442,0.2469152808189392,-0.5597531199455261
443,0.24465791881084442,-0.5807242393493652
444,0.24376170337200165,-0.5813462734222412
445,0.2442777305841446,-0.5806583762168884
446,0.20021745562553406,-0.5564367175102234
447,0.19948869943618774,-0.5524413585662842
448,0.20269830524921417,-0.5588641166687012
449,0.19729995727539062,-0.548844575881958
450,0.2104167342185974,-0.5358256697654724
451,0.20687168836593628,-0.5342950820922852
452,0.20619076490402222,-0.5334855914115906
453,0.20388194918632507,-0.5295677781105042
454,0.20633646845817566,-0.5316017866134644
455,0.17516614496707916,-0.537326991558075
456,0.2345927208662033,-0.5185707807540894
457,0.2239455133676529,-0.5115940570831299
458,0.2284591794013977,-0.5059331655502319
459,0.21841396391391754,-0.5402727723121643
460,0.22579440474510193,-0.4643043279647827
992,0.14600829780101776,-0.09269393980503082
461,0.22617600858211517,-0.464253306388855
993,0.14674243330955505,-0.08921465277671814
462,0.17504721879959106,-0.5883790254592896
463,0.1826741248369217,-0.5827362537384033
464,0.1765003353357315,-0.5893842577934265
465,0.13396400213241577,-0.5770518779754639
466,0.12361567467451096,-0.5908653140068054
467,0.12251967191696167,-0.5907978415489197
468,0.12317487597465515,-0.5905205607414246
469,0.12252645939588547,-0.5917081236839294
470,0.12240102142095566,-0.5912811160087585
471,0.13626620173454285,-0.5617323517799377
472,0.13600580394268036,-0.5629417896270752
473,0.13583315908908844,-0.5811522603034973
474,0.11969766020774841,-0.5423053503036499
475,0.18085430562496185,-0.5637526512145996
476,0.16928435862064362,-0.5707758069038391
477,0.1704837828874588,-0.5661642551422119
478,0.1755269467830658,-0.5669367909431458
479,0.1685381531715393,-0.5501676201820374
480,0.15178516507148743,-0.5651249289512634
481,0.19195939600467682,-0.4552333652973175
994,0.1487656533718109,-0.07779596000909805
482,0.19659946858882904,-0.4533921480178833
995,0.14194078743457794,-0.07163789123296738
483,0.13043366372585297,-0.5406114459037781
484,0.07577189803123474,-0.5451920628547668
485,0.08062224835157394,-0.5288465619087219
486,0.08131814748048782,-0.5299137234687805
487,0.07519020140171051,-0.545121431350708
488,0.07494377344846725,-0.5443553924560547
489,0.06794921308755875,-0.5619768500328064
490,0.06904429197311401,-0.5634859800338745
491,0.06918954849243164,-0.5612486600875854
492,0.09600599110126495,-0.5194191336631775
493,0.060143619775772095,-0.5108748078346252
494,0.1192765086889267,-0.5191487669944763
495,0.12134131044149399,-0.5158650279045105
496,0.11011853069067001,-0.5600453615188599
497,0.10480034351348877,-0.54460209608078
498,0.10242845863103867,-0.5378687977790833
499,0.09658526629209518,-0.555631160736084
500,0.10408523678779602,-0.5235291719436646
501,0.08237309753894806,-0.5504339933395386
502,0.1343538761138916,-0.46114248037338257
996,0.11462277173995972,-0.10338889062404633
503,0.08081172406673431,-0.4744070768356323
997,0.09929347038269043,-0.11567032337188721
504,0.009266328066587448,-0.5509299039840698
505,0.006577637046575546,-0.5502351522445679
506,0.008311621844768524,-0.5519037246704102
507,0.004443376790732145,-0.5531021356582642
508,0.016359858214855194,-0.5353700518608093
509,0.012508349493145943,-0.5366753339767456
510,0.010364223271608353,-0.542603611946106
511,0.010759434662759304,-0.5396374464035034
512,-0.01588003896176815,-0.5173074007034302
513,0.041873421519994736,-0.5661088824272156
514,0.04364907369017601,-0.5481897592544556
515,0.0547514371573925,-0.5236805081367493
516,0.05079801008105278,-0.5348498225212097
517,0.03262224420905113,-0.5457543730735779
518,0.034204188734292984,-0.5561268925666809
519,0.02688140794634819,-0.5782929062843323
520,0.024190954864025116,-0.5752971768379211
521,0.027905220165848732,-0.5773463845252991
522,-0.03278930485248566,-0.5282003879547119
523,0.017681719735264778,-0.46193554997444153
998,0.07056624442338943,-0.11747456341981888
524,0.01602926105260849,-0.46367278695106506
999,0.07854035496711731,-0.1167280524969101
525,-0.050216227769851685,-0.51720130443573
526,-0.052591368556022644,-0.5196070671081543
527,-0.05675303563475609,-0.5239681601524353
528,-0.053837914019823074,-0.5221565961837769
529,-0.054056018590927124,-0.5198650360107422
530,-0.05606827884912491,-0.522014319896698
531,-0.037909600883722305,-0.46625807881355286
532,-0.0011137070832774043,-0.4959920048713684
533,0.001925577875226736,-0.4955329895019531
534,0.05011030286550522,-0.4758256673812866
535,0.025577913969755173,-0.49199357628822327
536,0.03253552317619324,-0.4885481595993042
537,0.017165077850222588,-0.5024118423461914
538,0.039052024483680725,-0.48013025522232056
539,0.038589250296354294,-0.47715386748313904
540,0.019227368757128716,-0.4863157570362091
541,0.028280215337872505,-0.448418527841568
542,0.021231258288025856,-0.4549831449985504
543,0.006567198783159256,-0.45209136605262756
544,0.051910970360040665,-0.422188937664032
1000,0.08904600888490677,-0.094294473528862
545,0.0539943128824234,-0.42094817757606506
1001,0.10298421233892441,-0.09540434181690216
546,-0.01919354312121868,-0.4532473385334015
547,-0.019022122025489807,-0.45246678590774536
548,-0.01950366050004959,-0.4511834979057312
549,-0.020745623856782913,-0.45413991808891296
550,-0.0537802129983902,-0.42787572741508484
551,-0.09083438664674759,-0.506068766117096
552,-0.086109958589077,-0.49971890449523926
553,-0.09304981678724289,-0.5071172714233398
554,-0.07719361037015915,-0.49356600642204285
555,-0.055480021983385086,-0.48960012197494507
556,-0.057304032146930695,-0.4901370108127594
557,-0.04232954606413841,-0.4849274456501007
558,-0.04803964123129845,-0.5013326406478882
559,-0.04061295837163925,-0.4852730929851532
560,-0.06874998658895493,-0.44202756881713867
561,-0.06085903197526932,-0.42710310220718384
562,-0.060171015560626984,-0.43712443113327026
563,-0.06284860521554947,-0.4347372055053711
564,-0.08616717159748077,-0.4318985342979431
565,-0.026603708043694496,-0.4054005742073059
1002,0.06524365395307541,-0.09190263599157333
566,-0.024046842008829117,-0.4050791263580322
1003,0.08996450901031494,-0.09261003881692886
567,-0.10801646113395691,-0.4308803975582123
568,-0.10690399259328842,-0.4289281368255615
569,-0.11028911173343658,-0.39465343952178955
570,-0.11936996877193451,-0.4682978391647339
571,-0.12102749198675156,-0.4622347950935364
572,-0.12262745201587677,-0.4742456078529358
573,-0.13101214170455933,-0.47164368629455566
574,-0.11913437396287918,-0.4556824862957001
575,-0.13125918805599213,-0.4728425145149231
576,-0.09825846552848816,-0.45850324630737305
577,-0.09270001947879791,-0.46182599663734436
578,-0.09169673174619675,-0.4666890799999237
579,-0.13309086859226227,-0.42019888758659363
580,-0.14026565849781036,-0.4110492765903473
581,-0.1379256546497345,-0.4255164861679077
582,-0.13890992105007172,-0.41962555050849915
583,-0.14025962352752686,-0.41602233052253723
584,-0.12911179661750793,-0.41435351967811584
585,-0.16099797189235687,-0.4089778959751129
586,-0.09660310298204422,-0.40478217601776123
1004,0.06864370405673981,-0.09711124002933502
587,-0.10005076974630356,-0.4001288414001465
1005,0.06362643092870712,-0.1031995490193367
588,-0.10955259948968887,-0.35658496618270874
589,-0.03590654954314232,-0.38557344675064087
590,-0.03601172938942909,-0.3854310214519501
591,-0.05136191099882126,-0.3735644817352295
592,-0.051399171352386475,-0.3938600420951843
593,-0.0662115290760994,-0.38396748900413513
594,-0.047668829560279846,-0.3857719600200653
595,-0.06912630051374435,-0.38785868883132935
596,-0.060629427433013916,-0.37992140650749207
597,-0.0647517666220665,-0.39856579899787903
598,-0.021749485284090042,-0.3534199595451355
599,-0.02308988943696022,-0.3505895435810089
600,-0.007102338131517172,-0.3483048379421234
601,-0.01867086812853813,-0.35181736946105957
602,-0.006974565330892801,-0.3524565100669861
603,-0.02094210684299469,-0.3551362156867981
604,-0.015379737131297588,-0.35461169481277466
605,-0.024848230183124542,-0.3557277321815491
606,-0.028274137526750565,-0.3395094573497772
607,-0.07069216668605804,-0.31722739338874817
1006,0.06790327280759811,0.0020200530998408794
608,-0.011304792016744614,-0.33037400245666504
1007,0.10193877667188644,0.004214345943182707
609,-0.14761750400066376,-0.3735857903957367
610,-0.138584166765213,-0.3585053086280823
611,-0.15041005611419678,-0.3734126687049866
612,-0.16766735911369324,-0.3757874071598053
613,-0.15395928919315338,-0.36925822496414185
614,-0.1686582714319229,-0.3761442005634308
615,-0.16127082705497742,-0.37403616309165955
616,-0.16600266098976135,-0.3761366307735443
617,-0.11815725266933441,-0.31129851937294006
618,-0.10818074643611908,-0.3166370391845703
619,-0.1136711910367012,-0.31960341334342957
620,-0.09929100424051285,-0.3146880269050598
621,-0.10168679803609848,-0.31542134284973145
622,-0.09742026031017303,-0.31362226605415344
623,-0.09903184324502945,-0.31547147035598755
624,-0.09582453221082687,-0.3127891719341278
625,-0.09656540304422379,-0.3156397342681885
626,-0.11890287697315216,-0.2834831178188324
627,-0.15602311491966248,-0.33211439847946167
628,-0.13801352679729462,-0.3347932696342468
1008,-0.11242830753326416,0.08065730333328247
629,-0.13801494240760803,-0.3314283788204193
1009,-0.10756456851959229,0.08009485900402069
630,-0.18867364525794983,-0.33369576930999756
631,-0.19112026691436768,-0.32811763882637024
632,-0.19181299209594727,-0.3383532464504242
633,-0.19382397830486298,-0.33303964138031006
634,-0.20009884238243103,-0.3306346535682678
635,-0.1768982708454132,-0.32460299134254456
636,-0.19919197261333466,-0.28462275862693787
637,-0.19984325766563416,-0.28141069412231445
638,-0.20101743936538696,-0.282982736825943
639,-0.21395094692707062,-0.29379087686538696
640,-0.2125243991613388,-0.29201558232307434
641,-0.21281473338603973,-0.29499390721321106
642,-0.21559156477451324,-0.29192879796028137
643,-0.20857016742229462,-0.29144376516342163
644,-0.2030404806137085,-0.29253262281417847
645,-0.14571835100650787,-0.2525862753391266
646,-0.13426640629768372,-0.31598150730133057
647,-0.13763408362865448,-0.3158338665962219
648,-0.15300197899341583,-0.2992982268333435
649,-0.13567407429218292,-0.2927487790584564
1010,-0.08746784925460815,0.09163828194141388
650,-0.13741646707057953,-0.29007193446159363
1011,-0.0881895199418068,0.09223728626966476
651,-0.03779860958456993,-0.2728911340236664
652,-0.04416598007082939,-0.2742529511451721
653,-0.034423135221004486,-0.2606686055660248
654,-0.024905268102884293,-0.27113574743270874
655,-0.06618959456682205,-0.23781998455524445
656,-0.06221573427319527,-0.23609498143196106
657,-0.07364675402641296,-0.23981383442878723
658,-0.06533953547477722,-0.2370295226573944
659,-0.0722709372639656,-0.24062751233577728
660,-0.06153925508260727,-0.2510311007499695
661,-0.06199057772755623,-0.2509966492652893
662,-0.0689520612359047,-0.2516191005706787
663,-0.06749727576971054,-0.2523481249809265
664,-0.09901656210422516,-0.20914195477962494
665,-0.06847462058067322,-0.2726420760154724
666,-0.08451947569847107,-0.26717132329940796
667,-0.043334685266017914,-0.26005819439888
668,-0.07222998142242432,-0.2712205946445465
669,-0.039626143872737885,-0.23709118366241455
670,-0.07710974663496017,-0.22376742959022522
1012,-0.0712861493229866,0.12466225773096085
671,-0.07468435168266296,-0.22001472115516663
1013,-0.05879070609807968,0.12149995565414429
672,-0.12434817850589752,-0.21706634759902954
673,-0.12314620614051819,-0.21789516508579254
674,-0.08735135197639465,-0.1889764368534088
675,-0.09803670644760132,-0.19192926585674286
676,-0.10272382199764252,-0.19132766127586365
677,-0.10049169510602951,-0.19105860590934753
678,-0.10330411046743393,-0.19147473573684692
679,-0.09958720207214355,-0.19015824794769287
680,-0.09821350127458572,-0.1899150311946869
681,-0.07199883460998535,-0.19820871949195862
682,-0.07628461718559265,-0.19703057408332825
683,-0.11682213097810745,-0.15575717389583588
684,-0.1506912261247635,-0.23108704388141632
685,-0.15964137017726898,-0.23204003274440765
686,-0.1526641994714737,-0.2242230772972107
687,-0.15577492117881775,-0.22034668922424316
688,-0.17388638854026794,-0.22450923919677734
689,-0.18007361888885498,-0.2281256765127182
690,-0.1904020756483078,-0.2196367233991623
691,-0.1899101883172989,-0.20689204335212708
1014,-0.1152963861823082,0.12256328016519547
692,-0.18061403930187225,-0.20157358050346375
1015,-0.09525199234485626,0.12893395125865936
693,-0.2268388271331787,-0.15093646943569183
694,-0.22222262620925903,-0.15180392563343048
695,-0.22951139509677887,-0.15046268701553345
696,-0.23311300575733185,-0.1505753993988037
697,-0.23391583561897278,-0.1479453295469284
698,-0.21652063727378845,-0.15186774730682373
699,-0.2176307737827301,-0.15274542570114136
700,-0.21533751487731934,-0.14934219419956207
701,-0.21027658879756927,-0.15130120515823364
702,-0.17589010298252106,-0.12831059098243713
703,-0.19781650602817535,-0.19150763750076294
704,-0.18826337158679962,-0.1881670355796814
705,-0.20338156819343567,-0.1899237483739853
706,-0.21087682247161865,-0.1969156265258789
707,-0.22496239840984344,-0.20033206045627594
708,-0.23215614259243011,-0.1954360008239746
709,-0.22730010747909546,-0.20130112767219543
710,-0.2271721512079239,-0.19589529931545258
711,-0.22694048285484314,-0.18271896243095398
712,-0.1991322934627533,-0.14483006298542023
1016,-0.1297355592250824,0.151536226272583
713,-0.19316577911376953,-0.14965741336345673
1017,-0.05487440899014473,0.11688463389873505
714,-0.15708604454994202,-0.14171889424324036
715,-0.1591329574584961,-0.1427791863679886
716,-0.15491649508476257,-0.14175933599472046
717,-0.1570720374584198,-0.14066839218139648
718,-0.15692351758480072,-0.13947796821594238
719,-0.14444327354431152,-0.1328044831752777
720,-0.14516621828079224,-0.13382622599601746
721,-0.11480490118265152,-0.09488466382026672
722,-0.024002665653824806,-0.15758726000785828
723,-0.049154359847307205,-0.1635981798171997
724,-0.031429171562194824,-0.18134340643882751
725,-0.05639054998755455,-0.16536960005760193
726,-0.0604097805917263,-0.16914360225200653
727,-0.04691404104232788,-0.17583046853542328
728,-0.03866434842348099,-0.17652292549610138
729,-0.049995653331279755,-0.1602032333612442
730,-0.07277573645114899,-0.157126784324646
731,-0.016034280881285667,-0.13815785944461823
732,-0.008976604789495468,-0.1282043606042862
733,-0.02388334833085537,-0.1288563460111618
1018,-0.002665744163095951,0.15639132261276245
734,-0.025901200249791145,-0.12874288856983185
1019,-0.006411765702068806,0.1555233895778656
735,-0.029160751029849052,-0.10589264333248138
736,-0.031368475407361984,-0.10556759685277939
737,-0.024971334263682365,-0.10521677881479263
738,-0.028456877917051315,-0.10551267117261887
739,-0.032551202923059464,-0.10195458680391312
740,-0.065177321434021,-0.06437443941831589
741,-0.11069004982709885,-0.08527915179729462
742,-0.12160328775644302,-0.08785746991634369
743,-0.10581269860267639,-0.08461183309555054
744,-0.09473064541816711,-0.11278872191905975
745,-0.11048440635204315,-0.11235109716653824
746,-0.0856470987200737,-0.10757487267255783
747,-0.11640860140323639,-0.10791753977537155
748,-0.0948028713464737,-0.09742779284715652
749,-0.10136725753545761,-0.10175149887800217
750,-0.04708687216043472,-0.06896258890628815
751,-0.05591258034110069,-0.0676472932100296
752,-0.056799810379743576,-0.06906146556138992
753,-0.06136897951364517,-0.05374370142817497
754,-0.04535390064120293,-0.07146994769573212
1020,-0.0001718172716209665,0.17933574318885803
755,-0.04166381433606148,-0.07103566825389862
1021,0.00199653347954154,0.18107883632183075
756,-0.11476706713438034,-0.046182774007320404
757,-0.11486069858074188,-0.04597329720854759
758,-0.11560729891061783,-0.04534213989973068
759,-0.11554889380931854,-0.01959439180791378
760,-0.27050071954727173,-0.06174110993742943
761,-0.2701117694377899,-0.061870865523815155
762,-0.2660720646381378,-0.0681336298584938
763,-0.2569422721862793,-0.05434543639421463
764,-0.2519364356994629,-0.06103146821260452
765,-0.21701890230178833,-0.07526754587888718
766,-0.23496471345424652,-0.07563108950853348
767,-0.2118040919303894,-0.07584355771541595
768,-0.22397461533546448,-0.07677862048149109
769,-0.2016235738992691,-0.024395762011408806
770,-0.21161051094532013,-0.020261753350496292
771,-0.21162685751914978,-0.019928952679038048
772,-0.2267199158668518,-0.013440946117043495
773,-0.22660385072231293,-0.013135895133018494
774,-0.23124797642230988,-0.00474930927157402
775,-0.1809818148612976,-0.027534103021025658
1022,-0.027719222009181976,0.1828160434961319
776,-0.18148568272590637,-0.0276319682598114
1023,-0.03011070005595684,0.18439511954784393
777,-0.1814265251159668,-0.013517319224774837
778,-0.15926764905452728,0.0057161725126206875
779,-0.15093910694122314,-0.05287197232246399
780,-0.19189710915088654,-0.06514186412096024
781,-0.17265869677066803,-0.06278866529464722
782,-0.16382981836795807,-0.05453861504793167
783,-0.1620733141899109,-0.06792116165161133
784,-0.15437161922454834,-0.05671370401978493
785,-0.16261343657970428,-0.04824308305978775
786,-0.1832277625799179,-0.06484510004520416
787,-0.18439313769340515,-0.06143403425812721
788,-0.21180343627929688,-0.020748266950249672
789,-0.2185259312391281,-0.022489607334136963
790,-0.22360050678253174,-0.024185845628380775
791,-0.22521311044692993,-0.0228424035012722
792,-0.21945486962795258,-0.020542316138744354
793,-0.2211887687444687,-0.020973598584532738
794,-0.21155774593353271,-0.014232336543500423
795,-0.20455363392829895,-0.00010288775956723839
796,-0.23064321279525757,-0.016597609966993332
1024,-0.040283024311065674,0.17445923388004303
797,-0.14264431595802307,0.006385559216141701
1025,-0.021017245948314667,0.20117411017417908
798,-0.008685250766575336,-0.04004456475377083
799,-0.004952398128807545,-0.039711061865091324
800,0.0009853176306933165,-0.04512376710772514
801,-0.031863801181316376,-0.022481150925159454
802,-0.023624103516340256,-0.02834487147629261
803,-0.020757252350449562,-0.02801145613193512
804,-0.036662351340055466,-0.023752361536026
805,-0.0354747399687767,-0.017828738316893578
806,-0.035052571445703506,-0.01611197553575039
807,0.04426789656281471,-0.03575463965535164
808,0.03959152474999428,-0.029697036370635033
809,0.04531425982713699,-0.03954166918992996
810,0.03424603119492531,-0.030452396720647812
811,0.03090781718492508,-0.03179504722356796
812,0.028777211904525757,-0.029425546526908875
813,0.03644160181283951,-0.03865373134613037
814,0.03022547997534275,-0.028221283107995987
815,0.029738392680883408,-0.027785595506429672
816,-0.03590025007724762,0.040795523673295975
817,-0.04742416366934776,-0.01848570629954338
1026,-0.01826539635658264,0.21550016105175018
818,-0.00879355613142252,-0.014783243648707867
1027,0.055012136697769165,0.19991716742515564
819,-0.0702260434627533,0.04026981070637703
1028,-0.021114980801939964,0.14313475787639618
820,-0.061315640807151794,0.03510287031531334
821,-0.06608477234840393,0.03664935752749443
822,-0.05897362157702446,0.03448016941547394
823,-0.06839697062969208,0.03218034654855728
824,-0.05265488103032112,0.04180775210261345
825,-0.06755778938531876,0.04960000142455101
826,-0.008590775541961193,0.027196193113923073
827,-0.01028410717844963,0.02591661550104618
828,0.011834911070764065,0.01943935453891754
829,0.007139732129871845,0.014741489663720131
830,0.010222268290817738,0.012514692731201649
831,0.009717078879475594,0.013667510822415352
832,0.006479550153017044,0.011054531671106815
833,0.011970039457082748,0.010715565644204617
834,0.007293711416423321,0.010226937010884285
835,-0.019476132467389107,0.06492173671722412
836,-0.1187734305858612,0.04102472960948944
837,-0.11449645459651947,0.060272492468357086
838,-0.1311211884021759,0.047666363418102264
839,-0.14463983476161957,0.05241840332746506
1029,-0.24793028831481934,0.2677074372768402
840,-0.21532553434371948,0.059138260781764984
841,-0.21544259786605835,0.06121988967061043
842,-0.19755378365516663,0.05374537408351898
843,-0.22381341457366943,0.0617729090154171
844,-0.21698860824108124,0.07081258296966553
845,-0.19158832728862762,0.09950866550207138
846,-0.18195487558841705,0.10273087024688721
847,-0.19395984709262848,0.09821455180644989
848,-0.19238698482513428,0.09944269061088562
849,-0.17530545592308044,0.09561082720756531
850,-0.17569220066070557,0.09507876634597778
851,-0.1736622452735901,0.09338587522506714
852,-0.17719174921512604,0.09035289287567139
853,-0.17022615671157837,0.0918629989027977
854,-0.138042151927948,0.0964631736278534
855,-0.20126770436763763,0.08187125623226166
856,-0.1923503279685974,0.07593908905982971
857,-0.17988048493862152,0.07781238853931427
858,-0.19261354207992554,0.10160879790782928
859,-0.25234177708625793,0.07719973474740982
1030,-0.2789079248905182,0.26449984312057495
860,-0.23221395909786224,0.0730501338839531
1031,-0.2668572664260864,0.26428455114364624
861,-0.19000831246376038,0.0694451853632927
862,-0.1722443699836731,0.06909468024969101
863,-0.16387857496738434,0.07153967022895813
864,-0.2764131426811218,0.10783623158931732
865,-0.27449721097946167,0.10702669620513916
866,-0.2735113799571991,0.10791375488042831
867,-0.2749767303466797,0.1096169501543045
868,-0.2786794602870941,0.10720111429691315
869,-0.27642351388931274,0.10885797441005707
870,-0.29881376028060913,0.1033092588186264
871,-0.30128270387649536,0.10283225774765015
872,-0.3004201054573059,0.10307582467794418
873,-0.14882265031337738,0.11476151645183563
874,-0.10755637288093567,0.029149474576115608
875,-0.10119037330150604,0.02397460862994194
876,-0.10670579224824905,0.026116136461496353
877,-0.10068178921937943,0.01576376147568226
878,-0.1408153772354126,0.031026296317577362
879,-0.10244382917881012,0.014984526671469212
880,-0.12192454189062119,0.03824905306100845
1032,-0.23072543740272522,0.2605538070201874
881,-0.088604636490345,0.03470462188124657
1033,-0.21957485377788544,0.26677465438842773
882,0.018721871078014374,0.05525662750005722
883,0.12872421741485596,0.05773342028260231
884,0.11463017016649246,0.0673835501074791
885,0.11903946101665497,0.06397539377212524
886,0.1219278946518898,0.06458091735839844
887,0.11565236002206802,0.06801118701696396
888,0.11097334325313568,0.06805100291967392
889,0.1145089641213417,0.06859900057315826
890,0.11775406450033188,0.06963440030813217
891,0.09001410007476807,0.0642378106713295
892,-0.022537263110280037,0.06289155036211014
893,0.05827309563755989,0.017902381718158722
894,0.05776002258062363,0.028133634477853775
895,0.050350870937108994,0.024694647639989853
896,0.0595080591738224,0.03155086562037468
897,0.05189951881766319,0.04206717386841774
898,0.048682115972042084,0.033551715314388275
899,0.03819659352302551,0.03494008257985115
900,0.08649160712957382,0.03488018363714218
901,0.04884723946452141,0.07066979259252548
1034,-0.13924241065979004,0.28373396396636963
902,0.09038187563419342,-0.030443765223026276
1035,-0.11482647806406021,0.23952895402908325
903,0.08752497285604477,-0.02689228765666485
904,0.08961805701255798,-0.023967914283275604
905,0.08430030941963196,-0.019631654024124146
906,0.08372790366411209,-0.020138956606388092
907,0.06818846613168716,-0.02647906169295311
908,0.06853526830673218,-0.026474306359887123
909,0.06997785717248917,-0.029637839645147324
910,0.06741619110107422,-0.026217086240649223
911,0.07841438800096512,0.047508686780929565
912,0.01607462577521801,0.09945598989725113
913,0.02992963418364525,0.1009797528386116
914,0.03061492182314396,0.11025682836771011
915,0.03111165389418602,0.11743738502264023
916,0.04979564622044563,0.1089547872543335
917,0.04606129974126816,0.09778468310832977
918,0.04031975567340851,0.10626789927482605
919,0.046908799558877945,0.10871289670467377
920,0.019167248159646988,0.11836355179548264
921,-0.015713198110461235,0.12757641077041626
922,-0.05731803923845291,0.15123988687992096
1036,-0.20154090225696564,0.29573526978492737
923,-0.05827058479189873,0.15114255249500275
1037,-0.21511992812156677,0.2920520007610321
924,-0.10235468298196793,0.1666048765182495
925,-0.10191304981708527,0.16827988624572754
926,-0.10054071992635727,0.16625939309597015
927,-0.10299038141965866,0.1693466454744339
928,-0.11408397555351257,0.16297632455825806
929,-0.11386807262897491,0.16465581953525543
930,-0.02489456534385681,0.09896516054868698
931,-0.23718486726284027,0.16634634137153625
932,-0.2343449592590332,0.16746224462985992
933,-0.18125951290130615,0.1586645543575287
934,-0.1566247195005417,0.1668713390827179
935,-0.17561675608158112,0.1711546629667282
936,-0.15528163313865662,0.1761796921491623
937,-0.18418198823928833,0.16744373738765717
938,-0.171929270029068,0.17738483846187592
939,-0.19890096783638,0.16678017377853394
940,-0.16708892583847046,0.2055172324180603
941,-0.16920001804828644,0.20668907463550568
942,-0.17283636331558228,0.2175053358078003
943,-0.18505190312862396,0.20148752629756927
1038,-0.16480359435081482,0.26473769545555115
944,-0.1850787252187729,0.20146232843399048
1039,-0.14250870048999786,0.26101213693618774
945,-0.20707407593727112,0.20193518698215485
946,-0.2060585916042328,0.20005634427070618
947,-0.20657460391521454,0.20061703026294708
948,-0.2059427946805954,0.2008921355009079
1040,-0.13420958817005157,0.2629563510417938
1041,-0.13532963395118713,0.2675102651119232
1042,-0.10101181268692017,0.21579280495643616
1043,-0.10516785085201263,0.2067583203315735
1044,-0.09716404974460602,0.22993387281894684
1045,-0.0870496928691864,0.22773368656635284
1046,-0.11147399246692657,0.2626110315322876
1047,-0.1587112843990326,0.28555554151535034
1048,-0.2588222920894623,0.26495736837387085
