1,-0.3078416585922241,-0.030360499396920204
2,0.49667951464653015,0.04043879359960556
4,0.29456645250320435,-0.02640802226960659
5,0.18489086627960205,0.23427800834178925
6,0.1663147360086441,-0.003665164578706026
7,0.2069072723388672,0.19408033788204193
8,0.12172658741474152,-0.2777498662471771
9,0.16139569878578186,-0.07759822905063629
10,-0.009396664798259735,-0.19989994168281555
12,-0.2739063799381256,-0.35802650451660156
13,-0.29061317443847656,-0.23888322710990906
14,-0.27609050273895264,-0.35697636008262634
15,-0.31302469968795776,-0.2748766839504242
16,-0.2980037033557892,-0.28968825936317444
17,-0.24690505862236023,-0.4017317593097687
18,-0.3122408092021942,-0.34067970514297485
19,-0.28125810623168945,-0.13881033658981323
20,-0.28048175573349,-0.3830152451992035
21,-0.2948688566684723,-0.16121594607830048
22,-0.2528630495071411,-0.3790232241153717
23,-0.3091239035129547,-0.29236945509910583
24,-0.5974180102348328,-0.27002203464508057
25,-0.7201900482177734,0.016482006758451462
26,-0.4786040484905243,0.030396468937397003
27,-0.6934612393379211,0.006353897508233786
28,-0.5646244287490845,-0.31587547063827515
29,-0.5860157012939453,-0.07717593759298325
30,-0.5906714797019958,0.009867803193628788
31,-0.7674208283424377,-0.11377822607755661
32,-0.58720463514328,0.19901253283023834
33,-0.5806781649589539,0.10357005894184113
34,-0.6115243434906006,-0.25448593497276306
35,-0.6233606338500977,0.19469615817070007
36,-0.6231935620307922,-0.23256786167621613
37,-0.5495828986167908,-0.35445648431777954
38,-0.6597151756286621,0.11134089529514313
39,-0.6329306960105896,0.009058970957994461
40,-0.6240901350975037,-0.17961780726909637
41,-0.707273542881012,-0.15219499170780182
42,-0.5116163492202759,-0.2574962377548218
43,-0.546549916267395,-0.20029619336128235
44,-0.5538796782493591,0.192135751247406
45,-0.5200774073600769,0.22256751358509064
46,-0.7487649917602539,-0.061237409710884094
47,-0.5249837636947632,0.034036897122859955
48,-0.5090370774269104,-0.1818307489156723
49,-0.6481350064277649,-0.05104859545826912
50,-0.628065824508667,-0.23273630440235138
51,-0.7281057834625244,0.10850532352924347
52,-0.6392752528190613,-0.25255945324897766
53,-0.7032933235168457,0.17074379324913025
54,-0.5566266179084778,-0.18263544142246246
55,-0.6285350918769836,-0.2725846469402313
56,-0.7211466431617737,0.017154105007648468
57,-0.5064398646354675,-0.12449934333562851
58,-0.5602608323097229,-0.2558339834213257
59,-0.7391347885131836,-0.12849284708499908
60,-0.5017471313476562,0.19093021750450134
61,-0.6094801425933838,-0.30778083205223083
62,-0.6201179623603821,0.13582544028759003
63,-0.7346232533454895,-0.1793181151151657
64,-0.6607858538627625,0.19535157084465027
65,-0.6869816780090332,-0.2639674246311188
66,-0.6006998419761658,0.18065199255943298
67,-0.7510630488395691,0.13052263855934143
68,-0.5948086380958557,-0.014992905780673027
69,-0.5260639190673828,0.095243901014328
70,-0.7786229252815247,-0.11834220588207245
71,-0.525249183177948,-0.207869753241539
72,-0.7265009880065918,-0.2363024652004242
73,-0.7395634651184082,-0.19597357511520386
74,-0.6307958364486694,0.037802599370479584
75,-0.5586978197097778,0.24663005769252777
76,-0.7424395680427551,-0.2172553539276123
77,-0.47769254446029663,-0.2780146598815918
78,-0.71158367395401,-0.2579212486743927
79,-0.674942135810852,-0.293846070766449
80,-0.7739664316177368,-0.07945611327886581
81,-0.7790622115135193,0.054619576781988144
82,-0.4938295781612396,0.14545823633670807
83,-0.4695638120174408,-0.2259419709444046
84,-0.673825204372406,0.16944465041160583
85,-0.5608243942260742,0.05558931455016136
86,-0.5554569363594055,-0.07649169862270355
87,-0.6693453192710876,-0.2879529297351837
88,-0.6196102499961853,0.24153605103492737
89,-0.5681979656219482,0.20957274734973907
90,-0.5776624083518982,0.22857782244682312
91,-0.6936965584754944,-0.07082102447748184
92,-0.5635813474655151,0.08877482265233994
93,-0.4939470887184143,0.14530640840530396
94,-0.665241003036499,0.21819518506526947
95,-0.6063939332962036,-0.34016692638397217
96,-0.5000833868980408,0.19237427413463593
97,-0.6901282668113708,-0.10838566720485687
98,-0.6154962182044983,-0.07160619646310806
99,-0.4897768497467041,-0.3112916052341461
100,-0.48210883140563965,0.11807820945978165
101,-0.6482939720153809,0.1769515424966812
102,-0.6936918497085571,-0.0713028833270073
103,-0.740267813205719,0.006836496293544769
104,-0.6195110082626343,0.06815504282712936
105,-0.6044830083847046,-0.007370384875684977
106,-0.6596082448959351,-0.12165345251560211
107,-0.6613287925720215,-0.043964728713035583
108,-0.5194846391677856,0.22166723012924194
109,-0.7734106183052063,0.07650492340326309
110,-0.6601760387420654,0.05010586231946945
111,-0.6494982838630676,-0.3075450360774994
112,-0.7656237483024597,0.03208153694868088
113,-0.6324526071548462,-0.15186382830142975
114,-0.5728154182434082,-0.19522249698638916
115,-0.7875882983207703,-0.017155921086668968
116,-0.638587474822998,0.12033427506685257
117,-0.7417947053909302,0.10586629062891006
118,-0.6803581714630127,0.14664414525032043
119,-0.7821087837219238,0.05444948002696037
120,-0.5532786250114441,0.19222266972064972
121,-0.6937262415885925,0.20250840485095978
122,-0.7411835193634033,-0.0982319712638855
123,-0.780920684337616,-0.017050618305802345
124,-0.525175154209137,-0.2862148582935333
125,-0.6577050685882568,-0.18446409702301025
126,-0.7034140825271606,-0.1599878966808319
127,-0.7802102565765381,-0.09191892296075821
128,-0.7804149389266968,-0.017103949561715126
129,-0.6838352680206299,0.06332258135080338
130,-0.6276325583457947,-0.3280181586742401
131,-0.5231887698173523,-0.049415383487939835
132,-0.6979387998580933,-0.026853855699300766
133,-0.726111650466919,0.14262017607688904
134,-0.6340627074241638,-0.12547855079174042
135,-0.7694191336631775,-0.03814676031470299
136,-0.6289615035057068,0.11408670246601105
137,-0.5322937965393066,-0.13486461341381073
138,-0.5968373417854309,-0.10288979113101959
139,-0.6228063106536865,-0.09785666316747665
140,-0.5214422345161438,0.09419246017932892
141,-0.5572112202644348,0.24733154475688934
142,-0.6163187623023987,-0.0321490541100502
143,-0.7228816747665405,-0.014079111628234386
144,-0.647808849811554,0.23570798337459564
145,-0.6261248588562012,-0.3271770477294922
146,-0.6940056085586548,0.20229700207710266
147,-0.6774460077285767,-0.24270062148571014
148,-0.5825866460800171,-0.1775883436203003
149,-0.4734250009059906,-0.2520015239715576
150,-0.662584662437439,0.08519487828016281
151,-0.6512178182601929,-0.3075113296508789
152,-0.6858587265014648,-0.17632193863391876
153,-0.6377983093261719,0.21734459698200226
154,-0.6467720866203308,0.0667332261800766
155,-0.5029597282409668,-0.01734541915357113
156,-0.5286233425140381,0.12539595365524292
157,-0.7097480297088623,-0.21024955809116364
158,-0.5211533904075623,0.19978448748588562
159,-0.6688458919525146,0.2184830754995346
160,-0.7447614669799805,-0.029698612168431282
161,-0.7475818991661072,-0.030725199729204178
162,-0.5256837010383606,-0.09909754246473312
163,-0.6605175733566284,-0.12135989964008331
164,-0.5204340815544128,-0.33270037174224854
165,-0.48766466975212097,-0.17447170615196228
166,-0.583584725856781,-0.28007978200912476
167,-0.6121529340744019,-0.292438268661499
168,-0.47072240710258484,0.0926983654499054
169,-0.6685497760772705,0.2184559553861618
170,-0.479079008102417,0.03154458478093147
171,-0.6273293495178223,0.1642700731754303
172,-0.5025156140327454,-0.2530292868614197
173,-0.5680562853813171,0.20940855145454407
174,-0.7146143317222595,-0.11887700110673904
175,-0.6786420941352844,0.02876439318060875
176,-0.7540043592453003,0.12384466081857681
177,-0.715839684009552,-0.052825234830379486
178,-0.510161280632019,-0.3102762699127197
179,-0.6875641345977783,0.08974024653434753
180,-0.620103657245636,-0.12109210342168808
181,-0.5438563227653503,-0.1583154797554016
182,-0.5434995293617249,-0.15963687002658844
183,-0.5257923007011414,-0.24064642190933228
184,-0.739916980266571,0.006620785221457481
185,-0.5046066045761108,-0.33334848284721375
186,-0.5676913261413574,-0.2901343107223511
187,-0.4696336090564728,-0.1951206475496292
188,-0.5012128353118896,-0.20704077184200287
189,-0.64024817943573,-0.017595399171113968
190,-0.5287551879882812,0.1261657476425171
191,-0.539789617061615,-0.02636580914258957
192,-0.6271771788597107,-0.3279799222946167
193,-0.5161443948745728,-0.025570139288902283
194,-0.5630027055740356,-0.21532666683197021
195,-0.6923032999038696,0.01938554272055626
196,-0.7367283701896667,-0.1691836565732956
197,-0.771579921245575,-0.06429839134216309
198,-0.6588330864906311,-0.2674888074398041
199,-0.5460777282714844,0.2233731746673584
200,-0.7542017698287964,-0.007560111116617918
201,-0.4834791123867035,-0.1868245005607605
202,-0.4922008514404297,-0.2357354462146759
203,-0.6710802912712097,-0.089339978992939
204,-0.5728546977043152,0.1374993920326233
205,-0.5361632108688354,-0.004074800759553909
206,-0.5476601719856262,-0.12241218239068985
207,-0.5280233025550842,-0.2414141744375229
208,-0.5452454090118408,-0.29786428809165955
209,-0.6359284520149231,0.09113585203886032
210,-0.564477801322937,-0.26062196493148804
211,-0.7018120884895325,-0.2340119630098343
212,-0.6852954626083374,-0.17497529089450836
213,-0.5404891967773438,0.17007793486118317
214,-0.7370252013206482,0.1570485532283783
215,-0.5835322737693787,0.2498268038034439
216,-0.6343848705291748,-0.071795754134655
217,-0.6842082738876343,-0.2387189269065857
218,-0.7036529183387756,0.033451832830905914
219,-0.7070726156234741,0.14990466833114624
220,-0.7154874205589294,-0.05194196477532387
221,-0.7480118870735168,-0.14058414101600647
222,-0.4880547821521759,-0.3098202645778656
223,-0.4776212275028229,-0.2917191982269287
224,-0.733431339263916,-0.1723889708518982
225,-0.5910643935203552,-0.30054593086242676
226,-0.6162348985671997,-0.05109080672264099
227,-0.7160874605178833,0.18334537744522095
228,-0.6344621777534485,0.008898293599486351
229,-0.6487423181533813,0.1773938536643982
230,-0.6851101517677307,-0.13867518305778503
231,-0.7649574875831604,0.06806119531393051
232,-0.5563197135925293,0.08851905912160873
233,-0.5734108090400696,-0.3512647747993469
234,-0.5241153240203857,0.0645933598279953
235,-0.7707096934318542,-0.14625300467014313
236,-0.5980510115623474,0.21713761985301971
237,-0.640467643737793,-0.21090911328792572
238,-0.7079325318336487,-0.0056811184622347355
239,-0.6378440856933594,-0.2084452360868454
240,-0.7290284633636475,0.16539491713047028
241,-0.707237184047699,0.04937056079506874
242,-0.7263510823249817,0.12781688570976257
243,-0.7638533115386963,-0.17390598356723785
244,-0.743619441986084,0.10536474734544754
245,-0.7041689157485962,0.12491890788078308
246,-0.6001924872398376,0.23855671286582947
247,-0.7900211811065674,-0.05783096328377724
248,-0.7931427955627441,-0.03765871375799179
249,-0.6828154921531677,0.14673548936843872
250,-0.5453053712844849,-0.23027655482292175
251,-0.5684042572975159,0.1351597011089325
252,-0.7755206227302551,0.007705242373049259
253,-0.6771993041038513,-0.016558941453695297
254,-0.6832044720649719,0.11560496687889099
255,-0.6645269989967346,-0.16051746904850006
256,-0.6592679023742676,0.19679585099220276
257,-0.6614454388618469,0.013893811032176018
258,-0.7103621363639832,-0.21319694817066193
259,-0.5099629163742065,-0.2280336618423462
260,-0.5735865831375122,0.028322530910372734
261,-0.6621750593185425,-0.24214239418506622
262,-0.6896812319755554,-0.11171138286590576
263,-0.49482205510139465,0.08780089020729065
264,-0.7070019841194153,0.07128915190696716
265,-0.6812765002250671,-0.21360726654529572
266,-0.49879592657089233,-0.2823866307735443
267,-0.5645499229431152,-0.28797900676727295
268,-0.5865764617919922,0.1646738052368164
269,-0.7320498824119568,0.16261065006256104
270,-0.5734915733337402,-0.3525216579437256
271,-0.5566311478614807,0.11610151827335358
272,-0.5247653126716614,-0.14185208082199097
273,-0.6011822819709778,-0.2350517213344574
274,-0.6077296733856201,0.09774347394704819
275,-0.5758227705955505,-0.050875209271907806
276,-0.4837590157985687,0.05963551998138428
277,-0.5957603454589844,0.14698830246925354
278,-0.7710325121879578,-0.14900493621826172
279,-0.643681526184082,-0.2794475257396698
280,-0.7676535248756409,0.07215109467506409
281,-0.7262845039367676,-0.23637939989566803
282,-0.4823293089866638,-0.027961915358901024
283,-0.651531994342804,-0.1428234577178955
284,-0.779466450214386,-0.11715085804462433
285,-0.592439591884613,0.12057948857545853
286,-0.6639193892478943,-0.26770293712615967
287,-0.5459563136100769,-0.23153042793273926
288,-0.5262290239334106,0.06412778794765472
289,-0.6363843679428101,0.21649378538131714
290,-0.7543016672134399,0.038033969700336456
291,-0.5823051929473877,-0.21095682680606842
292,-0.4790719151496887,0.11926990002393723
293,-0.6317800283432007,-0.1503397822380066
294,-0.5143246650695801,-0.07407677918672562
295,-0.49350351095199585,-0.08183762431144714
296,-0.6902819871902466,-0.1081814169883728
297,-0.6210938096046448,0.24533261358737946
298,-0.6038771867752075,0.026984803378582
299,-0.6264722347259521,-0.18046583235263824
300,-0.5429720282554626,-0.3306068181991577
301,-0.5834537744522095,0.24984236061573029
302,-0.6328346729278564,0.042583879083395004
303,-0.7131258249282837,-0.08112949877977371
304,-0.7694861888885498,-0.0381237268447876
305,-0.6372205018997192,0.2167503386735916
306,-0.6662557721138,0.1298763006925583
307,-0.6799871921539307,-0.047749150544404984
308,-0.7130175232887268,-0.18725070357322693
309,-0.533341646194458,-0.11497315019369125
310,-0.5615095496177673,-0.10210104286670685
311,-0.7638082504272461,-0.17410053312778473
312,-0.6829215884208679,0.11418179422616959
313,-0.5967549681663513,0.14785273373126984
314,-0.5065361261367798,-0.30822041630744934
315,-0.5472899675369263,-0.05670951306819916
316,-0.7470740079879761,-0.030468298122286797
317,-0.5267506241798401,-0.1738058477640152
318,-0.7545785307884216,-0.007104064803570509
319,-0.5598081350326538,-0.2551894187927246
320,-0.7636021971702576,-0.10823111981153488
321,-0.7316271066665649,0.03986632451415062
322,-0.5632968544960022,-0.3146717846393585
323,-0.6506085991859436,0.1488725244998932
324,-0.7266473174095154,-0.012537812814116478
325,-0.5554355978965759,-0.1365174502134323
326,-0.5762068033218384,-0.23507872223854065
327,-0.5245957374572754,-0.28415781259536743
328,-0.677506685256958,-0.13720861077308655
329,-0.4927341639995575,-0.23326916992664337
330,-0.7840380072593689,0.010468981228768826
331,-0.7776780724525452,-0.056648124009370804
332,-0.5788999199867249,0.22842179238796234
333,-0.5819493532180786,0.24991804361343384
334,-0.5545656085014343,0.11459789425134659
335,-0.6495963931083679,-0.1786821037530899
336,-0.6042274832725525,0.2137850821018219
337,-0.48833024501800537,-0.09498058259487152
338,-0.6850119829177856,0.1864883452653885
339,-0.674562394618988,0.16947664320468903
340,-0.6493759751319885,0.17728888988494873
341,-0.7462154626846313,-0.12954188883304596
342,-0.6246581077575684,-0.2694486677646637
343,-0.7385231852531433,-0.20912164449691772
344,-0.6935332417488098,-0.2731493413448334
345,-0.7618523240089417,-0.08374112099409103
346,-0.4798429608345032,-0.0008975681848824024
347,-0.566020667552948,-0.16350600123405457
348,-0.7644774317741394,0.09554925560951233
349,-0.5430492758750916,-0.2718650698661804
350,-0.7106713056564331,0.09864421933889389
351,-0.6104211807250977,-0.2114270031452179
352,-0.48679789900779724,-0.14417673647403717
353,-0.4702567160129547,-0.16049546003341675
354,-0.5992048382759094,0.12156908214092255
355,-0.53954017162323,-0.3234213888645172
356,-0.7133013010025024,-0.11604245752096176
357,-0.6901232004165649,0.09283396601676941
358,-0.635799765586853,0.0909891277551651
359,-0.5448093414306641,-0.29748019576072693
360,-0.5187437534332275,0.15520690381526947
361,-0.5014208555221558,-0.3288011848926544
362,-0.4920046031475067,-0.14721304178237915
363,-0.6489601731300354,-0.013805529102683067
364,-0.6231464147567749,0.19464735686779022
365,-0.5173229575157166,0.008083219639956951
366,-0.5713668465614319,-0.2360447645187378
367,-0.7426181435585022,0.08327242732048035
368,-0.6611099243164062,0.007480680476874113
369,-0.7061554789543152,0.1491336226463318
370,-0.775722086429596,0.00776651781052351
371,-0.5374981760978699,0.14796984195709229
372,-0.619782567024231,0.13532082736492157
373,-0.6618871092796326,-0.22701461613178253
374,-0.5200132131576538,-0.3165895342826843
375,-0.657966136932373,0.11080359667539597
376,-0.5746724009513855,0.18074753880500793
377,-0.6016114950180054,-0.2731102406978607
378,-0.6813611388206482,-0.050304438918828964
379,-0.5778890252113342,-0.09096183627843857
380,-0.5895289182662964,-0.30173012614250183
381,-0.4859696626663208,-0.27022600173950195
382,-0.6459523439407349,0.14414694905281067
383,-0.5002748966217041,0.11053455621004105
384,-0.5453080534934998,0.2236795425415039
385,-0.48820632696151733,0.16799865663051605
386,-0.7303457856178284,0.06638702750205994
387,-0.6945804953575134,-0.02540220133960247
388,-0.6313709020614624,-0.29074162244796753
389,-0.5724326968193054,-0.31686124205589294
390,-0.7266078591346741,-0.032584335654973984
391,-0.7823874354362488,0.035044874995946884
392,-0.5259848833084106,-0.345599502325058
393,-0.7482254505157471,-0.06271369010210037
394,-0.5437221527099609,-0.27256613969802856
395,-0.6624237298965454,0.08448885381221771
396,-0.7254788875579834,-0.22234131395816803
397,-0.6933615207672119,-0.18158234655857086
398,-0.6598412990570068,0.05136631801724434
399,-0.6455056071281433,-0.07240833342075348
400,-0.6179412007331848,0.1631908267736435
401,-0.6640830636024475,-0.15999357402324677
402,-0.7078486680984497,0.06877005845308304
403,-0.6049330234527588,-0.19991277158260345
404,-0.5469927787780762,-0.20110110938549042
405,-0.5124960541725159,-0.16055792570114136
406,-0.6798723340034485,0.14678756892681122
407,-0.698478639125824,0.1691763997077942
408,-0.7437154054641724,0.062203969806432724
409,-0.6047619581222534,-0.1997034102678299
410,-0.6467738747596741,0.2356901615858078
411,-0.5754798650741577,-0.1228383332490921
412,-0.5683989524841309,-0.010362089611589909
413,-0.6155444979667664,0.2278442233800888
414,-0.4746435284614563,-0.06429345160722733
415,-0.7165120840072632,-0.2564637064933777
416,-0.5421977639198303,-0.07852058857679367
417,-0.7147067785263062,-0.11895087361335754
418,-0.7484262585639954,-0.06217719241976738
419,-0.6598381996154785,-0.06494206190109253
420,-0.7297179102897644,0.13555411994457245
421,-0.7504916191101074,-0.20137321949005127
422,-0.4733198583126068,0.13097618520259857
423,-0.5643065571784973,0.056388385593891144
424,-0.5009710192680359,-0.1164214015007019
425,-0.6476296186447144,-0.10203080624341965
426,-0.7138476371765137,-0.08322244137525558
427,-0.7455004453659058,0.08183393627405167
428,-0.6395319104194641,-0.25249767303466797
429,-0.5252397656440735,-0.20798055827617645
430,-0.7860217094421387,-0.06468096375465393
431,-0.5568536520004272,0.024053465574979782
432,-0.7830966711044312,-0.09184709191322327
433,-0.6061490178108215,-0.24654188752174377
434,-0.5588889122009277,0.15403291583061218
435,-0.6826491355895996,-0.21555979549884796
436,-0.5993022918701172,-0.3423357307910919
437,-0.7086455225944519,-0.1491297036409378
438,-0.7532797455787659,0.03969815745949745
439,-0.6642448902130127,-0.28584912419319153
440,-0.5282917022705078,-0.1822453737258911
441,-0.6045845150947571,-0.17326679825782776
442,-0.4984397888183594,-0.2828114330768585
443,-0.6006925702095032,-0.3396526277065277
444,-0.719774067401886,-0.027375603094697
445,-0.5371382832527161,0.14791695773601532
446,-0.473093718290329,-0.2524571120738983
447,-0.5011717677116394,0.0032276143319904804
448,-0.5595267415046692,0.0007062533986754715
449,-0.5743569135665894,-0.14510300755500793
450,-0.7445075511932373,-0.09460113197565079
451,-0.6717303991317749,-0.08624614775180817
452,-0.686480700969696,-0.2635570466518402
453,-0.573800265789032,-0.03764033317565918
454,-0.7342758774757385,-0.07440385967493057
455,-0.5455064177513123,0.022868584841489792
456,-0.5855898261070251,-0.16881537437438965
457,-0.5915148854255676,-0.3186906576156616
458,-0.6019797921180725,0.18319740891456604
459,-0.476230651140213,-0.21559394896030426
460,-0.6019856929779053,-0.14691278338432312
461,-0.5082354545593262,0.13743197917938232
462,-0.6773427724838257,0.027250781655311584
463,-0.5034652948379517,-0.2053889036178589
464,-0.5247716307640076,0.17237405478954315
465,-0.5172423124313354,-0.26366037130355835
466,-0.6486979126930237,-0.10145385563373566
467,-0.6924543976783752,0.2034822255373001
468,-0.7511789798736572,0.13027481734752655
469,-0.6025465726852417,-0.14719437062740326
470,-0.5483997464179993,-0.3503049612045288
471,-0.511730968952179,0.040823694318532944
472,-0.619687557220459,0.24587103724479675
473,-0.531663715839386,0.19634206593036652
474,-0.7036932110786438,0.1236729770898819
475,-0.588019609451294,-0.12732969224452972
476,-0.7644994854927063,0.09846243262290955
477,-0.6095337867736816,-0.29123029112815857
478,-0.7148470282554626,0.1830713450908661
479,-0.4702840745449066,0.07262665778398514
480,-0.6187881231307983,0.16337011754512787
481,-0.6200101971626282,-0.09175489842891693
482,-0.6028116345405579,0.21290238201618195
483,-0.723156213760376,0.0819794088602066
484,-0.6579883694648743,-0.23154416680335999
485,-0.7317327857017517,0.039129093289375305
486,-0.7118210196495056,0.10075877606868744
487,-0.6314893364906311,-0.2907083034515381
488,-0.6215839982032776,0.06610266119241714
489,-0.5426107048988342,0.22798991203308105
490,-0.5848158001899719,-0.2537650465965271
491,-0.5749085545539856,-0.3513886332511902
492,-0.5899808406829834,0.07466859370470047
493,-0.5347768068313599,-0.2607843577861786
494,-0.5896879434585571,-0.21899636089801788
495,-0.6273321509361267,0.19544190168380737
496,-0.5012642741203308,0.1689663529396057
497,-0.5502400398254395,0.16942048072814941
498,-0.49468204379081726,0.06307510286569595
499,-0.5256217122077942,0.1967252641916275
500,-0.6072835922241211,0.09723829478025436
501,-0.6933192014694214,-0.2743542492389679
502,-0.7528014183044434,0.05452948063611984
503,-0.5024279356002808,-0.05586232617497444
504,-0.27313482761383057,-0.09655172377824783
505,-0.27176395058631897,-0.38998791575431824
506,-0.29945847392082214,-0.3665858507156372
507,-0.2498311847448349,-0.402386337518692
508,-0.3046756088733673,-0.23411114513874054
509,-0.300835520029068,-0.31521549820899963
510,-0.31023621559143066,-0.3079066872596741
511,-0.27433621883392334,-0.3258933424949646
512,-0.3022278845310211,-0.25873634219169617
513,-0.24991315603256226,-0.4023073613643646
514,-0.2938077747821808,-0.19100233912467957
515,-0.2679048180580139,-0.35150381922721863
516,-0.3104555606842041,-0.35334184765815735
517,-0.28453370928764343,-0.21748870611190796
518,-0.3001526892185211,-0.3659909665584564
519,-0.28570201992988586,-0.2987139821052551
520,-0.3016197979450226,-0.20853833854198456
521,-0.25200843811035156,-0.3812343180179596
522,-0.2879607379436493,-0.1293124556541443
523,-0.28935134410858154,-0.27066728472709656
524,-0.3137899935245514,-0.3202422261238098
525,-0.2706132233142853,-0.09909606724977493
526,-0.27182698249816895,-0.3880879878997803
527,-0.32285067439079285,-0.3344729244709015
528,-0.6401269435882568,-0.21063433587551117
529,-0.5708025097846985,0.16120369732379913
530,-0.7526459693908691,-0.19517682492733002
531,-0.7815227508544922,0.03496521711349487
532,-0.47604894638061523,-0.11658922582864761
533,-0.6488128900527954,0.14724770188331604
534,-0.6814289689064026,-0.02129925787448883
535,-0.7036902904510498,-0.235023632645607
536,-0.7396199107170105,-0.09949582815170288
537,-0.6643307209014893,-0.19445984065532684
538,-0.6829270720481873,-0.14254653453826904
539,-0.6040354371070862,0.026813006028532982
540,-0.7449737787246704,-0.14454948902130127
541,-0.6828960180282593,-0.2161327749490738
542,-0.6842745542526245,0.06521360576152802
543,-0.5275585651397705,-0.34950992465019226
544,-0.6082750558853149,0.051814306527376175
545,-0.5781300067901611,0.18560007214546204
546,-0.6332715749740601,-0.024009324610233307
547,-0.6492754220962524,-0.30814310908317566
548,-0.6834712624549866,0.18745410442352295
549,-0.7272807359695435,-0.14662252366542816
550,-0.7144697904586792,-0.18646053969860077
551,-0.5902909636497498,0.07460255175828934
552,-0.283820241689682,-0.33507877588272095
553,-0.2817159593105316,-0.17614808678627014
554,-0.2775087356567383,-0.31275439262390137
555,-0.28251582384109497,-0.3386513292789459
556,-0.3122551739215851,-0.3541867434978485
557,-0.25025710463523865,-0.38518157601356506
558,0.1493196040391922,0.3248487710952759
559,0.17793193459510803,0.37133336067199707
560,-0.16137900948524475,0.42199206352233887
561,-0.08022285252809525,0.3981708884239197
562,0.22066673636436462,0.2860269546508789
563,-0.09935807436704636,0.3438247740268707
564,-0.02642345428466797,0.34667861461639404
570,0.1938953697681427,0.24271151423454285
571,0.2597559988498688,0.26541703939437866
572,-0.017287662252783775,0.3276338279247284
573,0.01887661963701248,0.30347302556037903
574,-0.09025678038597107,0.32040175795555115
575,-0.012512622401118279,0.3097538352012634
581,0.18007531762123108,0.3179374933242798
582,-0.13547305762767792,0.3950713872909546
583,-0.0509975329041481,0.3811034858226776
584,-0.17792314291000366,0.3951811194419861
585,-0.08166173845529556,0.3958434462547302
586,-0.17734511196613312,0.3950076103210449
587,-0.07767657935619354,0.39578887820243835
588,-0.1331697255373001,0.37612441182136536
589,-0.046199116855859756,0.3806314170360565
599,0.24881486594676971,0.178683802485466
600,-0.051277581602334976,0.2164817601442337
601,0.03589818626642227,0.22689785063266754
602,-0.12029927223920822,0.3050396144390106
603,0.00443371431902051,0.2965864837169647
604,-0.11681441217660904,0.29549726843833923
605,0.009030034765601158,0.2781495749950409
606,-0.02408398874104023,0.21352840960025787
607,0.04058755561709404,0.2523898184299469
617,0.1478927880525589,0.2539491653442383
618,-0.15773320198059082,0.41908785700798035
619,-0.07831112295389175,0.37308526039123535
620,-0.05010177940130234,0.32627612352371216
621,0.0005285553052090108,0.30810827016830444
622,-0.11938360333442688,0.3929204046726227
623,-0.07178287208080292,0.35736557841300964
624,-0.04212624579668045,0.237649604678154
625,0.001944693154655397,0.24370916187763214
626,-0.04800071939826012,0.23285460472106934
627,0.0016117646591737866,0.2408958375453949
628,-0.14263226091861725,0.3549739122390747
629,-0.07860206067562103,0.3489706516265869
630,-0.04283760488033295,0.31192514300346375
631,-0.004145947750657797,0.30011898279190063
632,-0.13039419054985046,0.41841915249824524
633,-0.04200505465269089,0.3695620596408844
653,0.12762635946273804,0.28373265266418457
654,0.1473686695098877,-0.028027161955833435
655,-0.12798011302947998,0.007732589263468981
656,-0.05254336819052696,0.10013536363840103
657,-0.17116227746009827,0.3292354941368103
658,-0.09968794137239456,0.32341787219047546
664,-0.18087677657604218,0.36074376106262207
665,-0.053058307617902756,0.3500306010246277
666,-0.18007992208003998,0.3597984313964844
667,-0.06897328794002533,0.33559757471084595
668,-0.17683857679367065,0.3646905720233917
669,-0.054201655089855194,0.3496769070625305
674,0.11604943871498108,0.22515162825584412
675,-0.07359156757593155,0.3220432698726654
676,-0.03285950422286987,0.29306861758232117
677,-0.14411728084087372,0.41296815872192383
678,-0.05472816899418831,0.3498248755931854
679,-0.12189821153879166,0.36376646161079407
680,-0.052102867513895035,0.3083217144012451
681,-0.11104155331850052,0.3738230764865875
682,-0.04933198168873787,0.3127736747264862
683,-0.1422189325094223,0.4167708456516266
684,-0.053194474428892136,0.35707271099090576
685,-0.09423433244228363,0.3030957281589508
686,-0.0363926999270916,0.28227564692497253
701,0.21967361867427826,0.027921179309487343
702,-0.06221974268555641,0.27874746918678284
703,0.02619401179254055,0.1716807335615158
704,-0.016815615817904472,0.2591794431209564
705,0.04784549027681351,0.15514209866523743
706,-0.0248466394841671,0.1521347463130951
707,0.04187444970011711,0.10020219534635544
708,-0.041258517652750015,0.15544450283050537
709,0.034494079649448395,0.10577596724033356
710,-0.013621816411614418,0.26915958523750305
711,0.044297996908426285,0.17556297779083252
712,-0.060535866767168045,0.27265501022338867
713,0.01889931410551071,0.17171862721443176
728,-0.19157004356384277,0.2658270001411438
729,-0.0810668021440506,0.2919537425041199
730,0.14209389686584473,0.17136436700820923
731,-0.16267594695091248,0.1914912313222885
732,-0.05709492415189743,0.25249114632606506
733,-0.164709210395813,0.20406955480575562
734,-0.06153595820069313,0.25189894437789917
735,-0.18119359016418457,0.2884158790111542
736,-0.07328014075756073,0.30743467807769775
746,-0.05763426050543785,0.01907905377447605
747,0.03217458352446556,0.07482235133647919
748,0.19758595526218414,-0.04433793947100639
749,-0.09050522744655609,-0.01575169712305069
750,0.021756893023848534,0.049818892031908035
751,-0.08577251434326172,-0.025843722745776176
752,0.022393928840756416,0.048876501619815826
753,-0.039682839065790176,0.014947744086384773
754,0.03410305082798004,0.07452277839183807
764,0.13208356499671936,0.06291476637125015
765,-0.16296422481536865,0.06357381492853165
766,-0.07695983350276947,0.10042914003133774
767,-0.16724656522274017,0.10830232501029968
768,-0.07788463681936264,0.12198223918676376
769,-0.166374072432518,0.08895592391490936
770,-0.07717122882604599,0.11556865274906158
775,-0.11993706226348877,-0.18407562375068665
776,-0.02851906605064869,-0.14486892521381378
777,-0.10659416019916534,-0.19517642259597778
778,-0.025646619498729706,-0.14522896707057953
779,-0.09821903705596924,-0.206586554646492
780,-0.021946847438812256,-0.15707936882972717
785,0.08146627992391586,-0.0019156442722305655
786,-0.2021767795085907,0.19778919219970703
787,-0.12385391443967819,0.12488929182291031
788,-0.1988021582365036,0.2209734469652176
789,-0.12037353962659836,0.1391240805387497
790,-0.19562435150146484,0.19328433275222778
791,-0.11860097944736481,0.1220683604478836
796,0.1437893956899643,-0.1699095368385315
797,-0.05563493072986603,-0.03191915899515152
798,-0.005585234146565199,-0.09355797618627548
799,-0.02435098960995674,-0.07234354317188263
800,0.02945748344063759,-0.1276596188545227
801,-0.0554339699447155,-0.02865772880613804
802,-0.007920727133750916,-0.08602305501699448
807,0.08301291614770889,-0.22936253249645233
808,-0.17975442111492157,-0.09984884411096573
809,-0.11587468534708023,-0.16455641388893127
810,-0.1721729189157486,-0.12342390418052673
811,-0.11274324357509613,-0.16851773858070374
814,0.13077419996261597,-0.2730323374271393
815,-0.11339837312698364,-0.3433779180049896
816,-0.07224300503730774,-0.33389177918434143
817,-0.11341357976198196,-0.34511899948120117
818,-0.07261236011981964,-0.33448514342308044
821,0.0853043794631958,-0.11678712069988251
822,-0.18844471871852875,-0.40360593795776367
823,-0.11729797720909119,-0.2921175956726074
824,-0.18792450428009033,-0.40725964307785034
825,-0.11572746187448502,-0.2981749176979065
826,-0.18800485134124756,-0.40894198417663574
827,-0.11504804342985153,-0.30070945620536804
833,-0.13634423911571503,-0.4385738670825958
834,-0.04062477499246597,-0.3303353786468506
835,-0.1497606635093689,-0.42676955461502075
836,-0.0398530475795269,-0.32964882254600525
837,-0.14924748241901398,-0.42023488879203796
838,-0.04395928233861923,-0.3146366775035858
843,0.045498307794332504,0.08132795989513397
844,0.12124421447515488,0.012855082750320435
845,0.11780780553817749,0.039971061050891876
846,0.12052570283412933,0.017828132957220078
847,0.11766642332077026,0.04661794379353523
848,0.1251249760389328,-0.1967477947473526
849,0.14099399745464325,-0.05201481282711029
850,0.13446637988090515,-0.07177679985761642
851,0.1356409341096878,-0.05061909928917885
852,0.13434892892837524,-0.07863247394561768
853,0.023754918947815895,0.028139499947428703
854,-0.24076874554157257,0.12935636937618256
855,-0.1922105848789215,0.08292236179113388
856,-0.24511882662773132,0.12785160541534424
857,-0.19390104711055756,0.0779964029788971
861,-0.13409209251403809,-0.3429104685783386
862,-0.048148348927497864,-0.27178800106048584
863,-0.13979721069335938,-0.34651005268096924
864,-0.05361852049827576,-0.269263356924057
868,0.13355746865272522,-0.006600700318813324
869,0.10999034345149994,-0.05893528088927269
871,0.1336716115474701,-0.00495591526851058
872,0.1165652796626091,-0.039750467985868454
873,-0.07003891468048096,-0.19405435025691986
874,-0.1348104327917099,-0.06336768716573715
875,-0.11588331311941147,-0.0958254411816597
876,-0.05041598528623581,-0.08659405261278152
877,-0.2448979616165161,0.014499413780868053
878,-0.2077195644378662,-0.01318256463855505
885,0.13565295934677124,0.001538915210403502
886,0.15621964633464813,-0.05415411293506622
891,-0.24667924642562866,-0.3179449737071991
892,-0.3013787567615509,-0.3976379632949829
893,-0.22586746513843536,-0.34980371594429016
894,-0.29430705308914185,-0.40958401560783386
895,-0.23922818899154663,-0.3362327218055725
896,-0.30945897102355957,-0.3994050621986389
897,-0.2290441393852234,-0.3473209738731384
898,-0.31252896785736084,-0.3973877429962158
899,-0.17328710854053497,-0.28961876034736633
900,-0.07358504086732864,-0.22490516304969788
901,-0.1823493093252182,-0.2886463403701782
902,-0.0734529048204422,-0.23427176475524902
903,-0.18284904956817627,-0.2891237735748291
904,-0.07368983328342438,-0.23459260165691376
905,-0.20643137395381927,-0.257427841424942
906,-0.09062352031469345,-0.22309742867946625
915,-0.24041840434074402,-0.2284771054983139
916,-0.2298443466424942,-0.2973060607910156
917,-0.24354666471481323,-0.18945519626140594
918,-0.23327802121639252,-0.2615357041358948
919,-0.2433505356311798,-0.20780734717845917
920,-0.23369310796260834,-0.27883097529411316
921,-0.24344493448734283,-0.20180702209472656
922,-0.23655244708061218,-0.2761702537536621
923,0.11425656825304031,0.1456068903207779
925,-0.23252388834953308,0.3537311553955078
926,-0.22698931396007538,0.2178829163312912
928,-0.16837476193904877,0.19258169829845428
929,-0.23100170493125916,0.35026615858078003
930,0.09264945983886719,-0.10817801207304001
931,-0.1735171675682068,-0.15370327234268188
932,-0.14066095650196075,-0.030669938772916794
933,-0.15057256817817688,0.2965554893016815
934,-0.15197190642356873,-0.007877153344452381
935,-0.14653651416301727,0.09162718802690506
936,-0.35703322291374207,0.27690771222114563
937,-0.22980746626853943,0.26430681347846985
938,-0.33440855145454407,0.31788551807403564
939,-0.2120208591222763,0.2854674160480499
940,-0.33021146059036255,0.3795504868030548
941,-0.22058650851249695,0.32651567459106445
942,-0.3285846710205078,0.3441998064517975
943,-0.20219533145427704,0.3074522614479065
944,-0.33163514733314514,0.3569839596748352
945,-0.2009294331073761,0.3225754499435425
946,-0.36084696650505066,0.3030557930469513
947,-0.23431260883808136,0.2797359228134155
948,-0.3497851490974426,0.33267587423324585
949,-0.23361662030220032,0.30289214849472046
950,-0.34119611978530884,0.32875585556030273
951,-0.22078736126422882,0.30034831166267395
952,-0.34229663014411926,0.2931327223777771
953,-0.21902960538864136,0.2756480574607849
954,-0.33978816866874695,0.280970960855484
955,-0.2109682857990265,0.26897814869880676
956,-0.3320741355419159,0.38031813502311707
957,-0.21811212599277496,0.3332044184207916
958,-0.32745420932769775,0.3818609118461609
959,-0.21771593391895294,0.32938629388809204
960,-0.3619155287742615,0.3240734040737152
961,-0.2354825735092163,0.29671844840049744
962,-0.33188173174858093,0.3560805022716522
963,-0.19749921560287476,0.30521005392074585
964,-0.35985299944877625,0.294658362865448
965,-0.22774170339107513,0.27927350997924805
966,-0.3862030506134033,0.3355656862258911
967,-0.40246060490608215,0.3358401656150818
968,-0.3596154451370239,0.3660980761051178
969,-0.3556406795978546,0.38803085684776306
970,-0.41949447989463806,0.37708666920661926
971,-0.3766011595726013,0.3744944930076599
972,-0.35595983266830444,0.3927152454853058
973,-0.3789019286632538,0.39597031474113464
974,-0.4112812876701355,0.3836328983306885
975,-0.38567739725112915,0.3786294162273407
976,-0.38704246282577515,0.309177964925766
977,-0.408733606338501,0.3353888988494873
978,-0.40972402691841125,0.2979661822319031
979,-0.42056477069854736,0.31709393858909607
980,-0.4331459105014801,0.35477328300476074
981,-0.41741567850112915,0.3488749861717224
982,-0.3835596442222595,0.3550843298435211
983,-0.39863502979278564,0.38238003849983215
984,-0.43207189440727234,0.3320397436618805
985,-0.3891189992427826,0.2867976427078247
986,-0.4300975203514099,0.3188164532184601
987,-0.3888867199420929,0.3153458833694458
988,-0.3682658076286316,0.3499239385128021
989,-0.3712433874607086,0.34932342171669006
990,-0.4030822515487671,0.28208252787590027
991,-0.4127960801124573,0.3042849004268646
992,-0.3886823058128357,0.38633909821510315
993,-0.3768952786922455,0.39512720704078674
994,-0.41476699709892273,0.3663228750228882
995,-0.41866007447242737,0.3258229196071625
1040,0.24187248945236206,-0.30100101232528687
1041,0.255489319562912,-0.18621158599853516
1042,-0.0008205202757380903,-0.30466708540916443
1043,0.05297490581870079,-0.31446096301078796
1044,0.2709906995296478,-0.3555109202861786
1045,-0.060183703899383545,-0.3984430432319641
1046,0.030923210084438324,-0.3622417747974396
1047,-0.05817722529172897,-0.404375284910202
1048,0.02077512815594673,-0.37786319851875305
1049,-0.06501230597496033,-0.4073146879673004
1050,0.01990468055009842,-0.3782735764980316
1051,-0.03936738520860672,-0.3915617763996124
1052,0.03786841407418251,-0.3564887046813965
1054,-0.029713818803429604,-0.41498810052871704
1055,0.05331464111804962,-0.3737069368362427
1056,-0.04224936291575432,-0.42810899019241333
1057,0.038255125284194946,-0.4057522118091583
1058,-0.015634480863809586,-0.4300740361213684
1059,0.055453259497880936,-0.3675016164779663
1060,-0.014471045695245266,-0.42114198207855225
1061,0.058332741260528564,-0.3757665157318115
1062,-0.035415928810834885,-0.44569796323776245
1063,0.047568731009960175,-0.40155401825904846
1064,-0.02321433462202549,-0.4174918532371521
1065,0.05367877334356308,-0.39595574140548706
1066,-0.05626248940825462,-0.43646782636642456
1067,0.031811244785785675,-0.393583744764328
1068,-0.047909487038850784,-0.432582288980484
1069,0.03713447228074074,-0.3873443007469177
1070,-0.014209832064807415,-0.42990174889564514
1071,0.05857761204242706,-0.3789900541305542
1072,-0.038831114768981934,-0.44852548837661743
1073,0.03674140200018883,-0.4114280641078949
1074,-0.03831356391310692,-0.4491710960865021
1075,0.03659627214074135,-0.4121764600276947
1076,-0.013564173132181168,-0.40170934796333313
1077,0.06094612553715706,-0.355497807264328
1112,-0.1317017823457718,-0.4228701889514923
1113,-0.08364960551261902,-0.30228257179260254
1114,-0.1512947529554367,-0.41459086537361145
1115,-0.08679626137018204,-0.29660990834236145
1116,-0.14148959517478943,-0.41969403624534607
1117,-0.08702195435762405,-0.3077886700630188
1118,-0.13497473299503326,-0.41829684376716614
1119,-0.08387552946805954,-0.3031557500362396
1120,-0.15709802508354187,-0.1896827071905136
1121,-0.07114379853010178,-0.12770295143127441
1122,-0.1402001976966858,-0.24868278205394745
1123,-0.0731654241681099,-0.16027140617370605
1124,-0.1537371426820755,-0.21794986724853516
1125,-0.08104569464921951,-0.1349928379058838
1126,-0.14709338545799255,-0.23078423738479614
1127,-0.06771589815616608,-0.15414762496948242
1137,0.2191312313079834,-0.16532739996910095
1138,-0.047771163284778595,-0.2851005494594574
1139,0.037135038524866104,-0.29483094811439514
1140,0.22806651890277863,-0.16018283367156982
1141,0.081385038793087,-0.28256723284721375
1142,0.06788963079452515,-0.24668191373348236
1143,0.1826951801776886,-0.11535464227199554
1145,-0.003779885359108448,0.12596262991428375
1146,0.023583462461829185,-0.0544884018599987
1147,0.2373759150505066,-0.12320882081985474
1148,-0.03699592128396034,-0.028123386204242706
1149,0.0028503178618848324,0.12770329415798187
1150,-0.010428471490740776,-0.2691836953163147
1151,0.043705329298973083,-0.20219510793685913
1152,0.19921758770942688,-0.2693870961666107
1153,0.021005704998970032,-0.17985983192920685
1154,-0.015953678637742996,-0.23620669543743134
1155,0.1692180335521698,-0.25977280735969543
1156,-0.12176857143640518,-0.39951810240745544
1157,-0.04319912940263748,-0.35628417134284973
1158,-0.09400159865617752,-0.4204171895980835
1159,-0.029048755764961243,-0.3703296482563019
1160,0.216398686170578,-0.07821381837129593
1161,-0.11598782241344452,-0.37805309891700745
1162,-0.026400191709399223,-0.2558761537075043
1163,-0.10562998801469803,-0.3790539801120758
1164,-0.022450551390647888,-0.2515313923358917
1165,-0.08916489034891129,-0.392132431268692
1166,-0.00044322392204776406,-0.31576845049858093
1167,-0.08723074942827225,-0.40145063400268555
1168,-0.004105324856936932,-0.3161890506744385
1169,-0.0020882359240204096,-0.2952527105808258
1170,0.03508481755852699,-0.21790096163749695
1198,0.13735085725784302,0.197903573513031
1199,0.17773529887199402,0.14407660067081451
1200,-0.12730637192726135,0.192799910902977
1201,-0.0575433112680912,0.1992197334766388
1202,-0.1640390306711197,0.233006089925766
1203,-0.07784917205572128,0.15221667289733887
1204,-0.16552087664604187,0.24042798578739166
1205,-0.07821103930473328,0.15469513833522797
1206,-0.1630726456642151,0.22409428656101227
1207,-0.08368217200040817,0.1447247564792633
1208,-0.1579112857580185,0.24723407626152039
1209,-0.08044446259737015,0.16269393265247345
1221,0.2224215865135193,0.03962905332446098
1222,-0.07024730741977692,0.034126538783311844
1223,0.03387383744120598,0.020816205069422722
1224,0.198319673538208,0.04439932852983475
1225,0.04274739325046539,-0.029283756390213966
1226,0.005674764048308134,-0.020949648693203926
1227,0.15195965766906738,0.04531652480363846
1229,-0.12165237218141556,0.2748216390609741
1230,-0.03941504284739494,0.10553166270256042
1231,0.20257988572120667,0.0769934207201004
1232,-0.12093743681907654,0.15774278342723846
1233,-0.12027452886104584,0.30115047097206116
1234,-0.10252968966960907,0.03827646002173424
1235,-0.011318436823785305,0.05663745850324631
1236,0.22051513195037842,-0.06842709332704544
1237,-0.027243973687291145,0.05018824338912964
1238,-0.015168788842856884,-0.011913941241800785
1239,0.23770590126514435,-0.04740237817168236
1240,0.01462139654904604,-0.14758636057376862
1241,0.05421220883727074,-0.11998483538627625
1242,-0.05530007183551788,-0.1225673034787178
1243,0.022280683740973473,-0.11084496229887009
1244,0.2012496441602707,0.08800536394119263
1245,-0.04425431042909622,-0.059209201484918594
1246,0.018332291394472122,0.006795873399823904
1247,-0.021987242624163628,-0.07173299789428711
1248,0.03364303335547447,-0.0018275894690304995
1249,-0.044161148369312286,-0.09419059008359909
1250,0.016968009993433952,-0.04132183641195297
1251,-0.059284549206495285,-0.09132500737905502
1252,0.009374764747917652,-0.034624457359313965
1253,-0.07363661378622055,-0.0986262857913971
1254,-0.016466006636619568,-0.03981923311948776
1282,0.2286275178194046,0.0684589222073555
1283,0.014748485758900642,-0.20466852188110352
1284,0.06140444427728653,-0.090149886906147
1288,-0.0392477847635746,0.12291453033685684
1289,0.037532418966293335,0.17495089769363403
1292,0.1868169605731964,0.14622940123081207
1293,-0.08723148703575134,0.22401496767997742
1294,-0.007967137731611729,0.19074423611164093
1296,0.01986870914697647,0.19672538340091705
1297,0.004657936282455921,0.1972498595714569
1298,0.01891837641596794,0.2294238656759262
1299,-0.020185524597764015,0.16581125557422638
1307,0.162058487534523,0.15776899456977844
1308,-0.14589987695217133,0.15781450271606445
1309,-0.037139009684324265,0.1396467387676239
1310,0.1541147232055664,0.050092361867427826
1311,0.0025725369341671467,0.09374026954174042
1312,-0.03126589581370354,0.07175347954034805
1313,0.10588967055082321,0.07288003712892532
1315,-0.12500378489494324,-0.22498834133148193
1316,-0.08925997465848923,-0.03938860446214676
1317,0.1746664196252823,0.029365798458456993
1318,-0.1060696393251419,-0.1101546511054039
1319,-0.10301058739423752,-0.2600037157535553
1320,-0.14562679827213287,0.04111679270863533
1321,-0.06859452277421951,0.022683965042233467
1322,0.11369193345308304,0.17265501618385315
1323,-0.08558755367994308,0.05347009748220444
1324,-0.1126648336648941,0.12102259695529938
1325,0.10016009956598282,0.20784467458724976
1326,-0.23672759532928467,0.23689116537570953
1327,-0.13697843253612518,0.2233264148235321
1328,-0.22302748262882233,0.20292337238788605
1329,-0.13355684280395508,0.20822900533676147
1330,0.15124863386154175,0.21140657365322113
1331,-0.22049380838871002,0.23961450159549713
1332,-0.11980713903903961,0.23806901276111603
1333,-0.22421173751354218,0.247437983751297
1334,-0.12312411516904831,0.2401539534330368
1335,-0.20268258452415466,0.16854378581047058
1336,-0.08792894333600998,0.18675126135349274
1337,-0.21509012579917908,0.180594339966774
1338,-0.09535753726959229,0.1817404180765152
1339,-0.10667983442544937,0.08903490751981735
1340,-0.05216675251722336,0.07961327582597733
1369,-0.04045036807656288,-0.21368181705474854
1370,0.04370226338505745,-0.09075877815485
1374,-0.07377505302429199,0.05675286054611206
1375,0.016286607831716537,0.10037648677825928
1378,0.16929838061332703,0.15049313008785248
1379,-0.14201582968235016,0.27262187004089355
1380,-0.047331344336271286,0.22743980586528778
1381,0.17309221625328064,0.17594242095947266
1382,0.02527828887104988,0.1416996866464615
1383,-0.020305011421442032,0.21556422114372253
1384,0.0017571230418980122,0.1707596778869629
1385,-0.047488391399383545,0.17296740412712097
1393,-0.14168748259544373,0.20967884361743927
1394,-0.04567249119281769,0.1814284771680832
1398,-0.13143053650856018,0.17596125602722168
1399,-0.01648631878197193,0.19046010076999664
1403,0.12689979374408722,0.26142698526382446
1404,-0.16552087664604187,0.32094836235046387
1405,-0.0612456388771534,0.2871650755405426
1408,0.17829550802707672,0.15903761982917786
1409,-0.12240271270275116,0.26651012897491455
1410,-0.020552609115839005,0.2264837920665741
1411,0.17085227370262146,0.1164480671286583
1412,0.0077953399159014225,0.23166778683662415
1413,-0.03335651382803917,0.18092931807041168
1414,-0.014858894981443882,0.2014445960521698
1415,-0.036247458308935165,0.13421548902988434
1423,-0.12693440914154053,0.08501150459051132
1424,-0.020426655188202858,0.08388426899909973
1427,0.15961474180221558,0.018384261056780815
1428,-0.12036020308732986,-0.04407093673944473
1429,-0.05215710774064064,-0.016874168068170547
1430,0.16969269514083862,0.07011175900697708
1431,-0.005639701150357723,0.05292520299553871
1432,-0.039637450128793716,0.01621648110449314
1433,-0.007676987908780575,0.02498825266957283
1434,-0.041311852633953094,0.035320840775966644
1441,-0.13538981974124908,0.07008112221956253
1442,-0.022011639550328255,0.10442859679460526
1446,-0.1791219860315323,0.33374297618865967
1447,-0.09936091303825378,0.3151276707649231
1448,0.12177163362503052,0.18091411888599396
1449,-0.08083798736333847,0.26746079325675964
1450,-0.07986456155776978,0.22453808784484863
1451,0.09850078821182251,0.1669146567583084
1453,-0.1553640067577362,-0.10179483890533447
1454,-0.09421072900295258,0.0851312205195427
1455,0.1463513821363449,0.12341528385877609
1456,-0.15512411296367645,0.02780759148299694
1457,-0.14594805240631104,-0.13079161942005157
1458,-0.1865173876285553,0.210820272564888
1459,-0.09443126618862152,0.1855824887752533
1460,0.10204226523637772,0.30659350752830505
1461,-0.10634832829236984,0.16531583666801453
1462,-0.11306057125329971,0.26035627722740173
1463,0.0994044840335846,0.32071053981781006
1464,-0.2117496132850647,0.39489755034446716
1465,-0.13002489507198334,0.3664650619029999
1466,-0.20682847499847412,0.3853839933872223
1467,-0.13311032950878143,0.3655363917350769
1469,-0.21952089667320251,0.3831207752227783
1470,-0.11741825938224792,0.38072049617767334
1471,-0.20472173392772675,0.3991226851940155
1472,-0.10250063985586166,0.39755597710609436
1473,-0.20490868389606476,0.36768442392349243
1474,-0.11788678169250488,0.3310431241989136
1475,-0.20093907415866852,0.3706001043319702
1476,-0.11862673610448837,0.3329782783985138
1477,-0.16791991889476776,0.27207332849502563
1478,-0.10651660710573196,0.2264857292175293
1506,0.24930404126644135,-0.10961979627609253
1507,-0.24855484068393707,-0.2608329653739929
1508,-0.07677680253982544,-0.19869963824748993
1509,-0.24353639781475067,-0.1490025520324707
1510,-0.07927342504262924,-0.1362900584936142
1511,0.24520984292030334,-0.19937871396541595
1512,-0.22183199226856232,-0.3538539409637451
1513,-0.07791952788829803,-0.2917044460773468
1514,-0.23150154948234558,-0.32835182547569275
1515,-0.08189991861581802,-0.2763652801513672
1517,-0.05314874276518822,-0.33309945464134216
1518,0.023273227736353874,-0.3339897692203522
1519,-0.05248459056019783,-0.3397923707962036
1520,0.023026084527373314,-0.33586829900741577
1521,0.17839105427265167,-0.23274606466293335
1522,-0.04768276959657669,-0.12024729698896408
1523,0.002613841090351343,-0.18641304969787598
1524,-0.044251132756471634,-0.17231470346450806
1525,-0.0010988685535266995,-0.20839376747608185
1526,0.19758856296539307,-0.22352714836597443
1527,-0.10810782760381699,-0.37128549814224243
1528,-0.024021578952670097,-0.32033130526542664
1529,-0.1163358986377716,-0.3718467652797699
1530,-0.0301279928535223,-0.30105140805244446
1571,-0.11326907575130463,-0.13897356390953064
1572,0.17469842731952667,-0.09518131613731384
1573,-0.10797478258609772,-0.16426926851272583
1574,0.17581771314144135,-0.09842878580093384
1584,-0.1905699521303177,-0.3491206467151642
1585,0.02628445066511631,-0.2781582474708557
1586,-0.17966511845588684,-0.3538806140422821
1587,0.03160256892442703,-0.28269368410110474
1589,-0.1872238665819168,-0.37470749020576477
1590,0.019982069730758667,-0.2958095371723175
1591,-0.18664930760860443,-0.3750234842300415
1592,0.020547615364193916,-0.2953071892261505
1616,-0.20533937215805054,-0.11395813524723053
1617,0.013441849499940872,-0.08403456211090088
1618,-0.20478977262973785,-0.08534840494394302
1619,0.008767573162913322,-0.06735965609550476
1620,-0.21985796093940735,-0.24057498574256897
1621,-0.0033405194990336895,-0.17740723490715027
1622,-0.21612919867038727,-0.16148675978183746
1623,0.005158690735697746,-0.1435747593641281
1648,-0.167551189661026,-0.35870087146759033
1649,0.056339479982852936,-0.28255632519721985
1650,-0.16381050646305084,-0.35896173119544983
1651,0.05347089469432831,-0.28105297684669495
1653,-0.15790504217147827,-0.34926146268844604
1654,0.06970065087080002,-0.27216923236846924
1655,-0.1592136174440384,-0.3100392818450928
1656,0.06383922696113586,-0.2476859837770462
1678,-0.19896873831748962,-0.28942742943763733
1679,0.027493387460708618,-0.2323518544435501
1680,-0.1796109974384308,-0.2854986786842346
1681,0.04392342269420624,-0.22740603983402252
1682,-0.18933315575122833,-0.33012688159942627
1683,0.02895321138203144,-0.25053805112838745
1684,-0.1959376037120819,-0.31165286898612976
1685,0.022427402436733246,-0.2434854507446289
1708,-0.18606866896152496,-0.3204455077648163
1709,0.04412971809506416,-0.24096448719501495
1710,-0.16912254691123962,-0.3322644829750061
1711,0.04493366926908493,-0.24696962535381317
1713,-0.1529279202222824,-0.2949140667915344
1714,0.07186275720596313,-0.2186516970396042
1715,-0.18025988340377808,-0.2626666724681854
1716,0.051058124750852585,-0.20508751273155212
1738,-0.16825437545776367,-0.1741952896118164
1739,0.07624144107103348,-0.12156011909246445
1740,-0.17831763625144958,-0.19460996985435486
1741,0.0715537741780281,-0.12818436324596405
1742,-0.153329998254776,-0.2637973129749298
1743,0.08758824318647385,-0.18799372017383575
1744,-0.17633980512619019,-0.2532033622264862
1745,0.07541989535093307,-0.1834164708852768
1770,-0.18682381510734558,-0.13707290589809418
1771,0.04745786637067795,-0.08705458045005798
1772,-0.18090611696243286,-0.0823519378900528
1773,0.04700443148612976,-0.059618499130010605
1775,-0.19436469674110413,-0.16582168638706207
1776,0.04432545602321625,-0.12114185839891434
1777,-0.18761971592903137,-0.217356339097023
1778,0.047585636377334595,-0.14428091049194336
1800,-0.17665015161037445,-0.10702893137931824
1801,0.05345761775970459,-0.05943353846669197
1802,-0.18330952525138855,-0.1718827188014984
1803,0.04851429536938667,-0.09137623757123947
1804,-0.17992348968982697,-0.22831036150455475
1805,0.05924074724316597,-0.16046833992004395
1806,-0.17433661222457886,-0.23171426355838776
1807,0.05817126855254173,-0.15237456560134888
1829,0.26070815324783325,-0.10548321157693863
1830,-0.1119430884718895,-0.06644194573163986
1831,0.002354215830564499,-0.10358759015798569
1834,0.29265907406806946,-0.18108931183815002
1835,0.021342718973755836,-0.19539974629878998
1836,0.08955109119415283,-0.18762777745723724
1837,0.02965674176812172,-0.01745208352804184
1838,0.086783267557621,-0.09732475876808167
1844,0.2385127991437912,-0.23162506520748138
1845,-0.10618628561496735,-0.12879064679145813
1846,0.004440976772457361,-0.1738257110118866
1847,-0.07762205600738525,-0.3693762421607971
1848,0.019913077354431152,-0.320651113986969
1854,0.04525173455476761,-0.25302860140800476
1855,0.0845731645822525,-0.2239707112312317
1856,-0.020088165998458862,-0.3538593351840973
1857,0.05457032844424248,-0.2989998161792755
1858,-0.022024689242243767,-0.35353440046310425
1859,0.053594350814819336,-0.3006446063518524
1860,0.0518745593726635,-0.27580612897872925
1861,0.08270721882581711,-0.23028364777565002
1878,-0.5492270588874817,0.3563438653945923
11,-0.60248863697052,-0.05323918163776398
566,0.47202882170677185,0.4505280554294586
567,0.5363425016403198,0.4968569874763489
568,0.5576505661010742,0.4586896598339081
569,0.4133244752883911,0.4043619632720947
577,0.608444094657898,0.3431517779827118
578,0.6337930560112,0.41667088866233826
579,0.5852949023246765,0.43222978711128235
580,0.4384612441062927,0.3729296028614044
591,0.5038659572601318,0.4033605456352234
592,0.5002068877220154,0.4584282338619232
593,0.44989213347435,0.47346529364585876
594,0.367125004529953,0.4372890889644623
595,0.44927018880844116,0.4789503216743469
596,0.35948148369789124,0.4442988634109497
597,0.515730082988739,0.3940526247024536
598,0.5095149278640747,0.44592955708503723
609,0.5921333432197571,0.263606458902359
610,0.621941328048706,0.30986902117729187
611,0.5595101714134216,0.3714865446090698
612,0.4648822247982025,0.34133678674697876
613,0.5585764050483704,0.3678414821624756
614,0.46472710371017456,0.34222424030303955
615,0.5962017774581909,0.25808534026145935
616,0.6211050152778625,0.31256285309791565
635,0.48663389682769775,0.42550474405288696
636,0.5372852087020874,0.4607328474521637
638,0.6080752015113831,0.4100647270679474
639,0.6176127791404724,0.38997429609298706
641,0.5391744375228882,0.4212462306022644
642,0.5376736521720886,0.41239649057388306
643,0.5825220942497253,0.3325689733028412
644,0.4364575445652008,0.31278252601623535
645,0.5837362408638,0.3314245045185089
646,0.4406888484954834,0.3147316575050354
647,0.53944993019104,0.4240931272506714
648,0.5391660332679749,0.4134576916694641
649,0.6042479872703552,0.4099133610725403
650,0.5946670770645142,0.404661625623703
651,0.4756663143634796,0.4434640407562256
652,0.5345962643623352,0.467578649520874
660,0.5077552199363708,0.06407558917999268
661,0.5784867405891418,0.16475743055343628
662,0.5561153292655945,0.33461546897888184
663,0.3826751708984375,0.3572600483894348
670,0.4288705587387085,0.42050909996032715
671,0.372995525598526,0.39500194787979126
672,0.4302838444709778,0.41829240322113037
673,0.3704937994480133,0.40637916326522827
688,0.5342540144920349,0.37586796283721924
689,0.5606380701065063,0.43534642457962036
691,0.5155638456344604,0.48261559009552
692,0.4904055893421173,0.48262080550193787
693,0.47419604659080505,0.4546612799167633
694,0.3756396472454071,0.37664151191711426
695,0.47099804878234863,0.46590709686279297
696,0.3770357072353363,0.3728524148464203
697,0.5199225544929504,0.47892943024635315
698,0.4972062408924103,0.4718618094921112
699,0.5543486475944519,0.3481576144695282
700,0.5630978345870972,0.42714521288871765
715,0.5678588151931763,0.3445616662502289
716,0.5939558148384094,0.39054712653160095
718,0.6316814422607422,0.372001051902771
719,0.6397146582603455,0.34200412034988403
720,0.6174697279930115,0.28914597630500793
721,0.48969754576683044,0.18253836035728455
722,0.6173458099365234,0.285256028175354
723,0.48838114738464355,0.18401089310646057
724,0.6317883729934692,0.371232271194458
725,0.6398879289627075,0.3427094519138336
726,0.552418053150177,0.35861989855766296
727,0.5901711583137512,0.39418846368789673
738,0.4317692220211029,0.3448375165462494
739,0.46425163745880127,0.39984527230262756
740,0.47287964820861816,0.3580152094364166
741,0.37338927388191223,0.31453737616539
742,0.47908318042755127,0.3567425012588501
743,0.37833768129348755,0.32093700766563416
744,0.4614400267601013,0.3182126581668854
745,0.46379366517066956,0.40082207322120667
756,0.5722201466560364,0.03610629588365555
757,0.6051749587059021,-0.05032271146774292
758,0.566036581993103,-0.09564457088708878
759,0.4408878684043884,0.03073892928659916
760,0.5636439919471741,-0.10399825125932693
761,0.4463669955730438,0.02649267204105854
762,0.5745163559913635,0.008234252221882343
763,0.609665036201477,-0.0666513592004776
771,0.4561619460582733,0.11606146395206451
772,0.3524456322193146,0.13742108643054962
773,0.45563793182373047,0.13809114694595337
774,0.35507774353027344,0.14506369829177856
781,0.4435475468635559,-0.19483578205108643
782,0.3726212978363037,-0.14532162249088287
783,0.46141234040260315,-0.16490291059017181
784,0.3787432312965393,-0.1268976926803589
792,0.41321611404418945,0.26173144578933716
793,0.3093406856060028,0.15474483370780945
794,0.4139499366283417,0.26855114102363586
795,0.3089572489261627,0.16416749358177185
803,0.5250306129455566,-0.03282478451728821
804,0.39711445569992065,-0.10049767792224884
805,0.5179599523544312,-0.05018892511725426
806,0.3917807936668396,-0.10838237404823303
812,0.3516015112400055,-0.07514523714780807
813,0.3060978651046753,-0.1443030834197998
819,0.440176397562027,-0.2744371294975281
820,0.3550277054309845,-0.2732018828392029
828,0.3604864180088043,-0.31607580184936523
829,0.3098355531692505,-0.2419845461845398
830,0.35685664415359497,-0.3182395398616791
831,0.3128994107246399,-0.22891443967819214
832,0.21643716096878052,-0.1675286591053009
839,0.41376417875289917,-0.35785946249961853
840,0.37128138542175293,-0.29437437653541565
841,0.415565550327301,-0.3600917458534241
842,0.3718355894088745,-0.2949160933494568
858,0.3295905590057373,0.1322755664587021
859,0.2733194828033447,0.09729809314012527
860,0.19212372601032257,-0.15176567435264587
865,0.4102105498313904,-0.2875550389289856
866,0.36092111468315125,-0.24578757584095
879,0.11532968282699585,0.22113288938999176
880,0.3785446584224701,0.18783695995807648
881,0.2556159496307373,0.03517979383468628
882,0.37293627858161926,0.17548580467700958
883,0.255910187959671,0.0242216307669878
887,0.21354950964450836,-0.09466825425624847
888,0.2315112054347992,-0.15616902709007263
889,0.5155723690986633,-0.25334611535072327
890,0.42594069242477417,-0.23673927783966064
907,0.45143434405326843,-0.21155409514904022
908,0.5113623738288879,-0.19751589000225067
909,0.4495563805103302,-0.2134224772453308
910,0.5067636966705322,-0.19975657761096954
911,0.39738723635673523,-0.19133026897907257
912,0.31479838490486145,-0.2015211284160614
913,0.39600685238838196,-0.19461888074874878
914,0.3137335479259491,-0.20189905166625977
996,0.3783726394176483,0.06686463207006454
997,0.681607723236084,0.20894047617912292
998,0.6771736741065979,0.20920827984809875
999,0.4209614098072052,0.16371098160743713
1000,0.4402526617050171,0.2068910449743271
1001,0.4108995497226715,0.16981059312820435
1002,0.42247456312179565,0.21403051912784576
1003,0.6740022301673889,0.18614259362220764
1004,0.6801707744598389,0.18547388911247253
1005,0.3848494291305542,0.25902727246284485
1006,0.30450618267059326,0.24041743576526642
1007,0.3749152421951294,-0.08088019490242004
1008,0.31288942694664,0.041269753128290176
1009,0.45336246490478516,0.3659495413303375
1010,0.48418503999710083,0.3300834596157074
1011,0.48061415553092957,0.3271341025829315
1012,0.46595385670661926,0.35389524698257446
1013,0.4308163821697235,0.352353036403656
1014,0.4275614321231842,0.36557328701019287
1015,0.25609639286994934,0.3001081049442291
1016,0.32345473766326904,0.36057254672050476
1017,0.2090531587600708,0.3400405943393707
1018,0.3520788848400116,0.33284425735473633
1019,0.2214965671300888,0.32591062784194946
1020,0.3334859609603882,0.3486180901527405
1021,0.213994100689888,0.33476388454437256
1022,0.32907071709632874,0.36584198474884033
1023,0.21128550171852112,0.35481709241867065
1024,0.3467351198196411,0.3341047167778015
1025,0.224509596824646,0.3265424370765686
1026,0.3525586426258087,0.3542160391807556
1027,0.22700123488903046,0.3504716753959656
1028,0.35249829292297363,0.3881068825721741
1029,0.2205977439880371,0.37343159317970276
1030,0.3500162959098816,0.3674597442150116
1031,0.22276552021503448,0.3674347996711731
1032,0.3212586045265198,0.3692181408405304
1033,0.20417360961437225,0.360910564661026
1034,0.3358457386493683,0.3814556896686554
1035,0.21423113346099854,0.3730572462081909
1036,0.3593132197856903,0.35016220808029175
1037,0.22917048633098602,0.34706440567970276
1038,0.3404604196548462,0.32950443029403687
1039,0.20951125025749207,0.3404204845428467
1078,0.5743351578712463,-0.2654039263725281
1079,0.4792802929878235,-0.28383108973503113
1080,0.5622054934501648,-0.3068886697292328
1081,0.4928453862667084,-0.3329554796218872
1082,0.5451586246490479,-0.327392578125
1083,0.4747644364833832,-0.3487553894519806
1084,0.5460888743400574,-0.312216579914093
1085,0.4733942449092865,-0.35484108328819275
1086,0.5574485063552856,-0.3100249767303467
1087,0.48912936449050903,-0.3369519114494324
1088,0.5685074329376221,-0.37105149030685425
1089,0.49413806200027466,-0.36492466926574707
1090,0.6050192713737488,-0.3568223714828491
1091,0.523553192615509,-0.37686505913734436
1092,0.5806646347045898,-0.34483230113983154
1093,0.5067727565765381,-0.3714030981063843
1094,0.5855109691619873,-0.3574216365814209
1095,0.5066035985946655,-0.3726818263530731
1096,0.5812017321586609,-0.3458267152309418
1097,0.5083763599395752,-0.38203713297843933
1098,0.6010931134223938,-0.33112072944641113
1099,0.5160806775093079,-0.34378620982170105
1100,0.5729649662971497,-0.3769267201423645
1101,0.48563942313194275,-0.38111838698387146
1102,0.5727099776268005,-0.37496086955070496
1103,0.4864038825035095,-0.3856954276561737
1104,0.6003333926200867,-0.33289334177970886
1105,0.5184205174446106,-0.3634643256664276
1106,0.5890637636184692,-0.36795422434806824
1107,0.49955523014068604,-0.39112237095832825
1108,0.6081394553184509,-0.35048067569732666
1109,0.5241234302520752,-0.35675036907196045
1110,0.6112431287765503,-0.341320276260376
1111,0.524529755115509,-0.3548000752925873
1128,0.4128347337245941,-0.3418320417404175
1129,0.3356034755706787,-0.2543136775493622
1130,0.41219472885131836,-0.3441525399684906
1131,0.3357842266559601,-0.25424763560295105
1132,0.3692450225353241,-0.20659664273262024
1133,0.3396677076816559,-0.12462557852268219
1134,0.37294524908065796,-0.20275287330150604
1135,0.3402864634990692,-0.12118957191705704
1171,0.5336519479751587,-0.24354587495326996
1172,0.470430463552475,-0.25180917978286743
1173,0.44163668155670166,-0.23886995017528534
1174,0.41901329159736633,-0.17762595415115356
1176,0.6519760489463806,-0.2809940278530121
1177,0.5017126798629761,-0.23241375386714935
1178,0.5672463774681091,-0.18522436916828156
1179,0.644992470741272,-0.23844408988952637
1180,0.5445160269737244,-0.22111228108406067
1181,0.46684369444847107,-0.17388761043548584
1182,0.4685427248477936,-0.2115103006362915
1183,0.4415915012359619,-0.2746865451335907
1184,0.45357683300971985,-0.33435702323913574
1185,0.39217409491539,-0.327534019947052
1186,0.4673141539096832,-0.3542484939098358
1187,0.3944413959980011,-0.3185589611530304
1188,0.45037826895713806,-0.3364720940589905
1189,0.38780879974365234,-0.25104618072509766
1190,0.46235936880111694,-0.3155618906021118
1191,0.3908466696739197,-0.24502022564411163
1192,0.5114157199859619,-0.30245715379714966
1193,0.4184618294239044,-0.2718348205089569
1194,0.4975079596042633,-0.31321632862091064
1195,0.4246480166912079,-0.2713664472103119
1196,0.5656339526176453,-0.24261370301246643
1197,0.4654252827167511,-0.2025558352470398
1210,0.4965798854827881,0.30322951078414917
1211,0.37243393063545227,0.27574679255485535
1212,0.4715636074542999,0.271541953086853
1213,0.352115660905838,0.19676204025745392
1214,0.4488002061843872,0.29117918014526367
1215,0.33593127131462097,0.20479124784469604
1216,0.4577149450778961,0.2771711051464081
1217,0.3364166021347046,0.1961686909198761
1218,0.4734112620353699,0.26617422699928284
1219,0.34709131717681885,0.18608948588371277
1255,0.5571300983428955,0.10864955186843872
1256,0.47469475865364075,0.0775102898478508
1257,0.42202532291412354,0.0748821496963501
1258,0.38990044593811035,0.07168460637331009
1260,0.6241552829742432,-0.09243959188461304
1261,0.4622873365879059,-0.02378430776298046
1262,0.5655615329742432,0.13488928973674774
1263,0.6370643973350525,0.043849553912878036
1264,0.529310941696167,0.13477729260921478
1265,0.4347335696220398,0.10693486779928207
1266,0.40605711936950684,-0.009625992737710476
1267,0.42157018184661865,-0.08596711605787277
1268,0.5570993423461914,-0.11322124302387238
1269,0.4621083736419678,-0.09708158671855927
1270,0.5263583660125732,-0.13223692774772644
1271,0.44844481348991394,-0.11502750217914581
1272,0.5662379860877991,-0.03706547990441322
1273,0.46273723244667053,0.016113335266709328
1274,0.5616270303726196,-0.00373222678899765
1275,0.4605211317539215,0.04435303062200546
1276,0.5186204314231873,-0.0889970064163208
1277,0.43017706274986267,-0.03209095448255539
1278,0.5315036773681641,-0.09289314597845078
1279,0.44403764605522156,-0.03096122294664383
1280,0.511471688747406,-0.1182691901922226
1281,0.40083327889442444,-0.04317427799105644
1285,0.569881021976471,-0.1956363320350647
1286,0.470256507396698,-0.08406100422143936
1290,0.5616512894630432,0.19537188112735748
1291,0.4954609274864197,0.20902252197265625
1300,0.5588762164115906,0.2750470042228699
1301,0.4614751935005188,0.2344134896993637
1302,0.4535435736179352,0.2083016335964203
1303,0.39185386896133423,0.21799252927303314
1304,0.4909512996673584,0.27945348620414734
1305,0.43457460403442383,0.25051307678222656
1341,0.5129175186157227,0.23562730848789215
1342,0.42485499382019043,0.1947547048330307
1343,0.34623709321022034,0.11285223066806793
1344,0.336170494556427,0.07902628183364868
1346,0.5941694974899292,0.23568017780780792
1347,0.42073866724967957,0.1338137984275818
1348,0.5277222990989685,0.10876449942588806
1349,0.5969851613044739,0.20118598639965057
1350,0.4494357705116272,0.06699036061763763
1351,0.38062065839767456,0.04138016328215599
1352,0.39121273159980774,0.09936295449733734
1353,0.34670528769493103,0.16319377720355988
1354,0.3919123113155365,0.3077530860900879
1355,0.29721125960350037,0.27737748622894287
1356,0.37948715686798096,0.27870580554008484
1357,0.2976604998111725,0.26797980070114136
1358,0.37865960597991943,0.330520898103714
1359,0.3086734712123871,0.3116039037704468
1360,0.38665318489074707,0.33570432662963867
1361,0.3173694312572479,0.30288955569267273
1362,0.4462627172470093,0.2482994645833969
1363,0.3463844954967499,0.2337731570005417
1364,0.40534767508506775,0.27234897017478943
1365,0.33386075496673584,0.23401610553264618
1366,0.5226187705993652,0.16834010183811188
1367,0.38239842653274536,0.1254020780324936
1371,0.5373135805130005,-0.19560495018959045
1372,0.4542927145957947,-0.10313200205564499
1376,0.5519769787788391,0.15414513647556305
1377,0.47120046615600586,0.15728923678398132
1386,0.5142795443534851,0.32235053181648254
1387,0.4066343605518341,0.2807019054889679
1388,0.4428060054779053,0.1783672273159027
1389,0.3784971237182617,0.22631971538066864
1390,0.4192888140678406,0.31304317712783813
1391,0.3818459212779999,0.2888852059841156
1395,0.5106940269470215,0.26676133275032043
1396,0.42488232254981995,0.22601152956485748
1400,0.5146682262420654,0.2429056614637375
1401,0.442415326833725,0.2448495626449585
1406,0.43392449617385864,0.38434720039367676
1407,0.3806871473789215,0.3658720552921295
1416,0.5233247876167297,0.30866801738739014
1417,0.4230457842350006,0.27054134011268616
1418,0.4357748031616211,0.22523559629917145
1419,0.3940829336643219,0.178117573261261
1420,0.415191650390625,0.30560585856437683
1421,0.38353633880615234,0.2277470827102661
1425,0.4995957612991333,0.14076818525791168
1426,0.41306301951408386,0.12280479818582535
1435,0.454032301902771,-0.07365307211875916
1436,0.3663494288921356,-0.04341268166899681
1437,0.3841171860694885,0.07051118463277817
1438,0.36753273010253906,0.03666265308856964
1439,0.38395583629608154,0.005132932681590319
1440,0.369528591632843,0.020069215446710587
1443,0.5043147206306458,0.13882236182689667
1444,0.42409300804138184,0.1440131664276123
1479,0.42179304361343384,0.4044858515262604
1480,0.3460708558559418,0.39129534363746643
1481,0.3082221746444702,0.29540273547172546
1482,0.30905836820602417,0.24884243309497833
1484,0.579987645149231,0.21583110094070435
1485,0.3899496793746948,0.24296432733535767
1486,0.5120280385017395,0.20181269943714142
1487,0.5901812314987183,0.16706977784633636
1488,0.4129556715488434,0.32279911637306213
1489,0.33931708335876465,0.2437494397163391
1490,0.33026912808418274,0.259595662355423
1491,0.30954140424728394,0.3374219834804535
1492,0.39390918612480164,0.4409503936767578
1493,0.309579998254776,0.41159310936927795
1494,0.38854512572288513,0.45248907804489136
1495,0.3169880509376526,0.42077985405921936
1496,0.4019301235675812,0.4280753433704376
1497,0.33823320269584656,0.4324128329753876
1498,0.40077847242355347,0.4283173680305481
1499,0.3381471633911133,0.43222445249557495
1500,0.39513593912124634,0.43287375569343567
1501,0.3248978853225708,0.3972400724887848
1502,0.40358999371528625,0.44376111030578613
1503,0.3202790915966034,0.39634987711906433
1504,0.4797341823577881,0.3025621771812439
1505,0.3409484624862671,0.28163543343544006
1532,0.7047222852706909,-0.010262574069201946
1533,0.8379009962081909,0.1382043957710266
1534,0.7595500946044922,0.1120045930147171
1535,0.8200502991676331,0.2030554562807083
1536,0.7554519176483154,0.13740690052509308
1537,0.8284012675285339,0.18635080754756927
1538,0.753183126449585,0.14227601885795593
1539,0.8541370034217834,0.10393555462360382
1540,0.7623640894889832,0.088717520236969
1541,0.3883100152015686,-0.05056905746459961
1542,0.6393805742263794,0.0571487657725811
1543,0.5454460382461548,-0.0249367356300354
1544,0.6352315545082092,0.03894311189651489
1545,0.5414468050003052,-0.0405554436147213
1546,0.3847326636314392,-0.11303679645061493
1547,0.6218958497047424,-0.12168539315462112
1548,0.5290485620498657,-0.19670087099075317
1549,0.6211608648300171,-0.0899662896990776
1550,0.5333994626998901,-0.17616556584835052
1551,0.8446226716041565,0.13502272963523865
1552,0.7639985680580139,0.08879955857992172
1553,0.8388945460319519,0.13268542289733887
1554,0.7648396492004395,0.10664357990026474
1555,0.8599396347999573,0.0928516685962677
1556,0.7673830986022949,0.062161874026060104
1557,0.825258195400238,0.19528473913669586
1558,0.7601098418235779,0.12782755494117737
1559,0.5366516709327698,-0.2801632583141327
1560,0.4444938004016876,-0.31431594491004944
1561,0.5152357816696167,-0.2936074137687683
1562,0.43568775057792664,-0.32253676652908325
1563,0.5303919911384583,-0.1758902221918106
1564,0.41579148173332214,-0.22799989581108093
1565,0.5475255250930786,-0.16236281394958496
1566,0.4326159358024597,-0.20226244628429413
1567,0.4656780958175659,-0.3079465627670288
1568,0.3975932002067566,-0.2943144142627716
1569,0.4685658812522888,-0.3018314242362976
1570,0.39790627360343933,-0.29376333951950073
1575,0.8908916711807251,0.0731188952922821
1576,0.8975396752357483,0.03867962956428528
1577,0.9124824404716492,0.08767527341842651
1578,0.9181910157203674,0.07823242992162704
1579,0.9239663481712341,0.026888690888881683
1580,0.9192118048667908,0.013117430731654167
1581,0.8956050872802734,0.1486961841583252
1582,0.8938854336738586,0.15167631208896637
1583,0.4251817762851715,-0.20061130821704865
1588,0.4227246642112732,-0.20324590802192688
1594,0.873923659324646,-0.03806732967495918
1595,0.7904779314994812,-0.10662945359945297
1596,0.8944070339202881,-0.02578766644001007
1597,0.7918450832366943,-0.08134032785892487
1598,0.872668445110321,-0.01455660443753004
1599,0.7862787842750549,-0.07954972982406616
1600,0.42545729875564575,-0.15332064032554626
1601,0.6948301196098328,-0.1958114206790924
1602,0.6318039298057556,-0.2174610197544098
1603,0.6927318572998047,-0.17741893231868744
1604,0.6409429907798767,-0.20492242276668549
1605,0.428803950548172,-0.15864205360412598
1606,0.6844639182090759,-0.1975080668926239
1607,0.6299070119857788,-0.2075817584991455
1608,0.6817546486854553,-0.2039509266614914
1609,0.6147859692573547,-0.21922574937343597
1610,0.8648963570594788,-0.11869703233242035
1611,0.7897019386291504,-0.1461772620677948
1612,0.8749651312828064,-0.03650708124041557
1613,0.7880538702011108,-0.10236413031816483
1614,0.861174464225769,-0.07960186898708344
1615,0.7907755970954895,-0.13274426758289337
1625,0.862156331539154,0.13122129440307617
1626,0.7905612587928772,0.05940062925219536
1627,0.8685224652290344,0.0832362249493599
1628,0.7932665348052979,0.030146261677145958
1629,0.8685880899429321,0.1145082488656044
1630,0.7899294495582581,0.05347894877195358
1631,0.4800581634044647,-0.05985565483570099
1632,0.7231453657150269,-0.0007094306056387722
1633,0.6457456946372986,-0.011981570161879063
1634,0.7140499949455261,0.021191231906414032
1635,0.6434080600738525,0.007710689213126898
1636,0.4812829792499542,-0.10404607653617859
1637,0.7164014577865601,-0.0650680735707283
1638,0.6429983377456665,-0.11768009513616562
1639,0.7164719104766846,-0.07404886186122894
1640,0.6487221121788025,-0.10004951804876328
1641,0.8423428535461426,0.16386713087558746
1642,0.7856314182281494,0.0905313789844513
1643,0.8423693180084229,0.16126100718975067
1644,0.7859111428260803,0.08083923161029816
1645,0.866646409034729,0.05827055498957634
1646,0.7930713891983032,0.018870718777179718
1647,0.4435374438762665,-0.19059281051158905
1652,0.44431066513061523,-0.17908617854118347
1658,0.8818812370300293,-0.10760650783777237
1659,0.82314532995224,-0.15216419100761414
1660,0.9000129103660583,-0.06309739500284195
1661,0.8278506994247437,-0.12016213685274124
1662,0.8708676099777222,-0.12147609144449234
1663,0.8224579691886902,-0.15452390909194946
1664,0.704951286315918,-0.23265749216079712
1665,0.6350066661834717,-0.25082024931907654
1666,0.7065256237983704,-0.24012614786624908
1667,0.6417116522789001,-0.26486051082611084
1668,0.6962350010871887,-0.2463042289018631
1669,0.6318258047103882,-0.25516432523727417
1670,0.7015220522880554,-0.2406681478023529
1671,0.6292197108268738,-0.2505413889884949
1672,0.896785318851471,-0.06053490191698074
1673,0.8304412961006165,-0.11731136590242386
1674,0.8892335891723633,-0.08684204518795013
1675,0.8292698264122009,-0.1355968415737152
1676,0.8868783712387085,-0.08830425143241882
1677,0.8285468816757202,-0.13302618265151978
1687,0.8996486663818359,-0.00321093387901783
1688,0.842758059501648,-0.03012005053460598
1689,0.8816985487937927,0.017611399292945862
1690,0.8325192332267761,-0.01073949970304966
1691,0.8761537075042725,0.05851202458143234
1692,0.8408628702163696,-0.004890101030468941
1693,0.7467527985572815,-0.062281470745801926
1694,0.6802861094474792,-0.11961020529270172
1695,0.749474048614502,-0.04850953072309494
1696,0.6785284876823425,-0.10124194622039795
1697,0.736582338809967,-0.11543747782707214
1698,0.669073760509491,-0.163208469748497
1699,0.7439326643943787,-0.10720407962799072
1700,0.6734529137611389,-0.15613487362861633
1701,0.9122915863990784,0.047573383897542953
1702,0.8342434167861938,0.013239300809800625
1703,0.8978976011276245,0.09509876370429993
1704,0.8426703810691833,0.03056429512798786
1705,0.8960211873054504,0.07516060769557953
1706,0.8420037031173706,0.021636726334691048
1707,0.4416203200817108,-0.14549081027507782
1712,0.4484765827655792,-0.13947471976280212
1718,0.9056105613708496,-0.021459821611642838
1719,0.8231258392333984,-0.06527833640575409
1720,0.9033440351486206,-0.0046290005557239056
1721,0.8242517113685608,-0.06233707442879677
1722,0.9039497375488281,-0.05063725635409355
1723,0.8239799737930298,-0.08860138058662415
1724,0.7226794362068176,-0.21811558306217194
1725,0.651494562625885,-0.21503105759620667
1726,0.7186500430107117,-0.2132929414510727
1727,0.6443967819213867,-0.19735129177570343
1728,0.7249148488044739,-0.19489756226539612
1729,0.6511719822883606,-0.18589481711387634
1730,0.7272017598152161,-0.19454115629196167
1731,0.6523336172103882,-0.180682972073555
1732,0.8756375312805176,-0.06990325450897217
1733,0.8219245076179504,-0.09366027265787125
1734,0.8780877590179443,-0.06080576032400131
1735,0.8217315077781677,-0.09215415269136429
1736,0.8770169019699097,-0.09740935266017914
1737,0.8214313387870789,-0.11639098823070526
1747,0.8972351551055908,0.10879456996917725
1748,0.8207275867462158,0.09841727465391159
1749,0.8898108601570129,0.007924017496407032
1750,0.8341042995452881,0.03700908273458481
1751,0.8864606618881226,0.04277133569121361
1752,0.8270764946937561,0.06718791276216507
1753,0.44056254625320435,-0.004484776873141527
1754,0.7091550827026367,0.09161527454853058
1755,0.6731139421463013,0.04834476858377457
1756,0.710810661315918,0.08143008500337601
1757,0.6739420890808105,0.04299340024590492
1758,0.4444013237953186,-0.0649373009800911
1759,0.7225706577301025,-0.019929643720388412
1760,0.679390013217926,-0.057539794594049454
1761,0.7226899862289429,-0.028426585718989372
1762,0.6768593192100525,-0.06294738501310349
1763,0.8775310516357422,0.12686234712600708
1764,0.8165202736854553,0.0927182212471962
1765,0.9111838340759277,0.04598340392112732
1766,0.8275124430656433,0.06051935628056526
1767,0.8820661306381226,0.12528927624225616
1768,0.8184356689453125,0.09098640829324722
1769,0.44067737460136414,-0.024638529866933823
1774,0.4402923583984375,-0.07033604383468628
1780,0.8822342753410339,-0.031740326434373856
1781,0.8278217911720276,-0.039174821227788925
1782,0.8928043842315674,0.09524219483137131
1783,0.8249205350875854,0.041225384920835495
1784,0.9062893390655518,-0.03204238787293434
1785,0.8345835208892822,-0.04275340586900711
1786,0.7149497270584106,-0.1312393844127655
1787,0.6623337268829346,-0.0877513587474823
1788,0.7240397334098816,-0.15449258685112
1789,0.6645739674568176,-0.10616472363471985
1790,0.7296693921089172,-0.14271844923496246
1791,0.6665844917297363,-0.13431750237941742
1792,0.7300989627838135,-0.14509478211402893
1793,0.6654794216156006,-0.1330891102552414
1794,0.9020211696624756,0.01768368110060692
1795,0.8293842077255249,-0.02114799991250038
1796,0.8871804475784302,0.0396404005587101
1797,0.8350504636764526,-0.007145595736801624
1798,0.9032582640647888,0.06019652634859085
1799,0.8237423300743103,0.008460176177322865
1809,0.8652278184890747,0.180908665060997
1810,0.7969670295715332,0.16636602580547333
1811,0.8680198192596436,0.14746318757534027
1812,0.8058770895004272,0.1357431709766388
1813,0.8450616598129272,0.19531424343585968
1814,0.7892854809761047,0.17790333926677704
1815,0.700176477432251,0.1149064302444458
1816,0.6501032710075378,0.09013445675373077
1817,0.6952410936355591,0.12992827594280243
1818,0.6485062837600708,0.09565625339746475
1819,0.7048847079277039,0.02852882444858551
1820,0.6634044647216797,-0.019358990713953972
1821,0.7124502658843994,0.006124229170382023
1822,0.6652703881263733,-0.03281649947166443
1823,0.848405122756958,0.19202375411987305
1824,0.7901914715766907,0.1753949224948883
1825,0.8739254474639893,0.1675841510295868
1826,0.8065767884254456,0.1477646827697754
1827,0.8640204668045044,0.18129447102546692
1828,0.8003455400466919,0.15385079383850098
1832,0.4757242798805237,-0.045968540012836456
1833,0.4107830226421356,-0.09005099534988403
1840,0.5898417234420776,-0.16162161529064178
1841,0.6986139416694641,-0.1698278933763504
1842,0.7095212936401367,-0.0911172404885292
1843,0.550811231136322,-0.09579242020845413
1850,0.4784957468509674,-0.1322728395462036
1851,0.5440453290939331,-0.23511946201324463
1852,0.5623078346252441,-0.3348085880279541
1853,0.45389488339424133,-0.2822566628456116
1863,0.6245056986808777,-0.2445087432861328
1864,0.6518935561180115,-0.2815926671028137
1865,0.6092671155929565,-0.3001153767108917
1866,0.4962504506111145,-0.2638915181159973
1867,0.611574113368988,-0.3013720214366913
1868,0.4977557957172394,-0.26406994462013245
1869,0.6342844367027283,-0.23951753973960876
1870,0.6599031090736389,-0.2785188555717468
1872,0.939772367477417,0.16601142287254333
3,0.2347809076309204,-0.001321955700404942
867,-0.05361636355519295,-0.1721462607383728
870,-0.004828485660254955,-0.13921532034873962
884,0.2529200613498688,-0.19677604734897614
927,0.02871684730052948,0.12073006480932236
1053,0.28004422783851624,-0.3480188250541687
1136,0.2720055878162384,-0.2562699615955353
1220,0.26789379119873047,0.013944419100880623
1287,0.268331915140152,0.22966988384723663
1295,0.2375369369983673,0.1624782234430313
1306,0.21136561036109924,0.1312045007944107
1368,0.2635424733161926,0.0645051971077919
1373,0.24156782031059265,0.18449553847312927
1392,0.21719606220722198,0.14700475335121155
1397,0.22213949263095856,0.22901150584220886
1402,0.20570549368858337,0.25459423661231995
1422,0.21897293627262115,0.09440907835960388
1445,0.15019197762012482,0.27342355251312256
1468,0.1334177851676941,0.36515751481056213
1516,0.24944055080413818,-0.33882853388786316
1531,0.5268957614898682,0.0007311038789339364
1593,0.5646520853042603,-0.1494063436985016
1624,0.5622842311859131,-0.022669780999422073
1657,0.6369020938873291,-0.15958744287490845
1686,0.6557511687278748,-0.05282682180404663
1717,0.6391758918762207,-0.13116739690303802
1746,0.6467803716659546,0.021414319053292274
1779,0.6476356983184814,-0.05878685787320137
1808,0.6312946677207947,0.07098618149757385
1877,0.36163973808288574,-0.41265010833740234
1873,0.6627246141433716,0.2624783217906952
1876,0.24424724280834198,0.6498624086380005
1875,0.29911622405052185,-0.4149656891822815
1871,0.3010668456554413,0.6115432381629944
1874,0.2342764139175415,-0.6746129989624023
1879,0.27924254536628723,-0.5013822913169861
565,0.7052136659622192,0.7023245096206665
576,0.7962700724601746,0.6282574534416199
590,0.5715229511260986,0.6485506296157837
608,0.7422218322753906,0.4754489064216614
634,0.6908080577850342,0.6018219590187073
637,0.6953222155570984,0.5694707036018372
640,0.698348879814148,0.5242497324943542
659,0.8298089504241943,0.3891589939594269
687,0.6529066562652588,0.6225419640541077
690,0.5737775564193726,0.6488657593727112
714,0.7558141350746155,0.5284134745597839
717,0.7889300584793091,0.4430232048034668
737,0.5776744484901428,0.5620043277740479
755,0.7873238921165466,-0.20023708045482635
924,-0.32366466522216797,0.6321027874946594
1144,0.03121165744960308,0.44221457839012146
1175,0.9043729901313782,-0.39553481340408325
1228,-0.17037710547447205,0.5914445519447327
1259,0.940385103225708,-0.11977814882993698
1314,-0.15396851301193237,-0.5655214190483093
1345,0.8441691994667053,0.3908228576183319
1452,-0.21489660441875458,-0.448028028011322
1483,0.8840789794921875,0.11619899421930313
1839,1.0,-0.2051532119512558
1849,0.7662320733070374,-0.49540168046951294
1862,0.804506242275238,-0.41936376690864563
