1,-0.007631834130734205,-0.9704407453536987
2,-0.02754214033484459,-0.9693916440010071
3,-0.04332561418414116,-0.987311601638794
4,-0.022633016109466553,-0.9885545372962952
301,-0.07707386463880539,-0.8855833411216736
302,-0.09307155758142471,-0.8949725031852722
303,-0.08494407683610916,-0.8889172673225403
304,-0.10071200132369995,-0.9032299518585205
305,0.0031371572986245155,-0.8265923857688904
306,0.02361559122800827,-0.819529116153717
307,0.023843897506594658,-0.8195587396621704
308,0.02412840537726879,-0.8197193741798401
309,-0.17707902193069458,-0.90110844373703
310,-0.19459277391433716,-0.9069939851760864
311,-0.1955515593290329,-0.9127361178398132
312,-0.17720384895801544,-0.901821494102478
5,-0.19791768491268158,-0.834467887878418
6,-0.18369165062904358,-0.8190023303031921
7,-0.18258221447467804,-0.8195978403091431
8,-0.19082261621952057,-0.8389478325843811
313,-0.13431987166404724,-0.6457242965698242
314,-0.154120072722435,-0.6504967212677002
315,-0.1547187864780426,-0.6514889597892761
316,-0.1527501791715622,-0.6484224796295166
317,-0.3723653256893158,-0.7455626726150513
318,-0.3590313792228699,-0.726229190826416
319,-0.3724979758262634,-0.7456347346305847
320,-0.36951786279678345,-0.7307605147361755
9,-0.042941175401210785,-0.7231131792068481
10,-0.06023230403661728,-0.7294939756393433
11,-0.041684944182634354,-0.7218687534332275
12,-0.05478677526116371,-0.7263990044593811
321,-0.04826364666223526,-0.5128627419471741
322,-0.044588733464479446,-0.5111077427864075
323,-0.032839566469192505,-0.5092886090278625
324,-0.029619017615914345,-0.5077248811721802
325,-0.2286643087863922,-0.6674584746360779
326,-0.22039932012557983,-0.6631174683570862
327,-0.22958222031593323,-0.667986273765564
328,-0.22436584532260895,-0.664984941482544
13,-0.2618725597858429,-0.8116835951805115
14,-0.274502158164978,-0.8265625238418579
15,-0.27459457516670227,-0.8263059854507446
16,-0.2615514099597931,-0.8124215006828308
329,-0.4476580321788788,-0.6450247168540955
330,-0.4479074776172638,-0.6454049944877625
331,-0.44309601187705994,-0.6428015828132629
332,-0.4554637670516968,-0.6509498953819275
17,0.018155507743358612,-0.6255656480789185
18,0.03811481222510338,-0.6175103187561035
19,0.037486620247364044,-0.6177165508270264
20,0.018087459728121758,-0.625684380531311
333,-0.011951537802815437,-0.42185744643211365
334,0.004524578340351582,-0.41178223490715027
335,-0.012364523485302925,-0.4226294159889221
336,-0.016626302152872086,-0.41908830404281616
337,-0.13507413864135742,-0.5703441500663757
338,-0.12221616506576538,-0.5682983994483948
339,-0.12229935079813004,-0.5670680403709412
340,-0.13939452171325684,-0.5719855427742004
21,-0.1363089233636856,-0.7547100782394409
22,-0.1369817852973938,-0.7599524259567261
23,-0.13099698722362518,-0.7532649040222168
24,-0.1487647145986557,-0.7593697905540466
341,-0.3083387613296509,-0.6149250864982605
342,-0.308420866727829,-0.6147312521934509
343,-0.29070186614990234,-0.6072705984115601
344,-0.2911633253097534,-0.6059186458587646
25,-0.34321314096450806,-0.7313130497932434
26,-0.3354657292366028,-0.7181186676025391
27,-0.346044659614563,-0.7345253229141235
28,-0.3630238473415375,-0.7421496510505676
345,-0.42132768034935,-0.45746418833732605
346,-0.427060067653656,-0.4582917094230652
347,-0.4372764229774475,-0.45956772565841675
348,-0.42561420798301697,-0.4580910801887512
29,-0.1354764848947525,-0.4102937579154968
30,-0.1348147839307785,-0.4110260009765625
31,-0.12381639331579208,-0.41007766127586365
32,-0.1224769800901413,-0.4095962941646576
349,-0.1629098653793335,-0.15525272488594055
350,-0.15478286147117615,-0.15367577970027924
351,-0.15374141931533813,-0.15200045704841614
352,-0.17262792587280273,-0.15841363370418549
353,-0.31526610255241394,-0.36328670382499695
354,-0.3173053562641144,-0.3642822504043579
355,-0.3182624280452728,-0.3638676106929779
356,-0.3182913362979889,-0.36385366320610046
33,-0.32430633902549744,-0.5737627744674683
34,-0.334646075963974,-0.5792427062988281
35,-0.33464670181274414,-0.5792642831802368
36,-0.33442023396492004,-0.5792079567909241
357,-0.5227673649787903,-0.4220506250858307
358,-0.5255921483039856,-0.42237454652786255
359,-0.5065694451332092,-0.4173121452331543
360,-0.5082635879516602,-0.42052924633026123
37,-0.5387290716171265,-0.5550839304924011
38,-0.5569955110549927,-0.5646286010742188
39,-0.548864483833313,-0.5557565689086914
40,-0.5498547554016113,-0.554423987865448
361,-0.6435474157333374,-0.2754351794719696
362,-0.6477661728858948,-0.2730810344219208
363,-0.6289083361625671,-0.2715722918510437
364,-0.6439871788024902,-0.26880648732185364
41,-0.06450900435447693,-0.2817923128604889
42,-0.0637705996632576,-0.2804965674877167
43,-0.056390658020973206,-0.28109288215637207
44,-0.05957363173365593,-0.2804117798805237
365,-0.12418074160814285,-0.09303058683872223
366,-0.1408403366804123,-0.08802121877670288
367,-0.12330827862024307,-0.09275229275226593
368,-0.12264616787433624,-0.09198873490095139
369,-0.24025076627731323,-0.2504628896713257
370,-0.2377079278230667,-0.24927371740341187
371,-0.23788833618164062,-0.2501987814903259
372,-0.24373212456703186,-0.25382235646247864
45,-0.21590730547904968,-0.4661121070384979
46,-0.2125794142484665,-0.4643383026123047
47,-0.21715033054351807,-0.46680134534835815
48,-0.21464528143405914,-0.46542733907699585
373,-0.40679052472114563,-0.3448718786239624
374,-0.4008539617061615,-0.3409000337123871
375,-0.4073592722415924,-0.34519851207733154
376,-0.40437424182891846,-0.34122326970100403
49,-0.40804949402809143,-0.5200289487838745
50,-0.4048735797405243,-0.5180801153182983
51,-0.40564146637916565,-0.5185796022415161
52,-0.4056294560432434,-0.518570601940155
377,-0.4573175609111786,-0.2534000873565674
378,-0.47035107016563416,-0.25533127784729004
379,-0.47201627492904663,-0.25511449575424194
380,-0.4563422203063965,-0.25264549255371094
53,-0.5385830402374268,-0.36562642455101013
54,-0.5495654940605164,-0.3674084544181824
55,-0.5302125811576843,-0.3635326325893402
56,-0.5312399864196777,-0.36371558904647827
381,-0.512795090675354,-0.039476457983255386
382,-0.5128633379936218,-0.03942088037729263
383,-0.5111370086669922,-0.0401025116443634
384,-0.5187915563583374,-0.044152941554784775
57,-0.07065040618181229,-0.249576136469841
58,-0.07556433230638504,-0.24423748254776
59,-0.09812632203102112,-0.2710709571838379
60,-0.09849594533443451,-0.27302107214927673
385,-0.2517719268798828,-0.22148631513118744
386,-0.26299941539764404,-0.2423095852136612
387,-0.26400354504585266,-0.23469027876853943
388,-0.26555973291397095,-0.2543453872203827
61,-0.18550808727741241,-0.3837692439556122
62,-0.17849957942962646,-0.38372012972831726
63,-0.1784825176000595,-0.38376089930534363
64,-0.17865927517414093,-0.38515976071357727
389,-0.3399297893047333,-0.28851890563964844
390,-0.3306798040866852,-0.28901350498199463
391,-0.34772923588752747,-0.28522273898124695
392,-0.35355982184410095,-0.2880633771419525
65,-0.2873803973197937,-0.4440348446369171
66,-0.3016917109489441,-0.4543623626232147
67,-0.28678247332572937,-0.4445780813694
68,-0.28704118728637695,-0.4474964737892151
393,-0.30525103211402893,-0.21177619695663452
394,-0.2933700382709503,-0.21851223707199097
395,-0.29246053099632263,-0.2162773460149765
396,-0.3057438135147095,-0.2127704620361328
69,-0.3431042432785034,-0.3596388101577759
70,-0.3502284288406372,-0.34489238262176514
71,-0.3557645380496979,-0.35707083344459534
72,-0.337996244430542,-0.3600236177444458
397,-0.27719059586524963,-0.05097070336341858
398,-0.26731839776039124,-0.05632005259394646
399,-0.273029625415802,-0.05283326283097267
400,-0.27466118335723877,-0.0520281121134758
73,-0.3894198536872864,-0.14031818509101868
74,-0.39091426134109497,-0.14219175279140472
75,-0.3916706144809723,-0.14274610579013824
76,-0.3906190097332001,-0.1352664977312088
401,-0.3067494034767151,0.16925212740898132
402,-0.29868295788764954,0.1699344962835312
403,-0.30498865246772766,0.172707661986351
404,-0.30924803018569946,0.1751767098903656
77,-0.22114989161491394,0.05522611737251282
78,-0.22510795295238495,0.07486449182033539
79,-0.21366620063781738,0.07079767435789108
80,-0.23502138257026672,0.0653102919459343
405,-0.42885369062423706,0.0657288134098053
406,-0.42347925901412964,0.07188048958778381
407,-0.42369338870048523,0.07180795818567276
408,-0.4293275773525238,0.06323587149381638
81,-0.3533991873264313,-0.12779715657234192
82,-0.35723984241485596,-0.12852931022644043
83,-0.35748475790023804,-0.12818880379199982
84,-0.35490861535072327,-0.126434326171875
409,-0.5460322499275208,-0.018875492736697197
410,-0.5348865389823914,-0.00926619116216898
411,-0.5471240282058716,-0.020216261968016624
412,-0.547309160232544,-0.02043449506163597
85,-0.5233224034309387,-0.22715388238430023
86,-0.5128321647644043,-0.22545549273490906
87,-0.5212746262550354,-0.2270391881465912
88,-0.5096842050552368,-0.22564952075481415
413,-0.5125907063484192,0.021067071706056595
414,-0.515186071395874,0.023598214611411095
415,-0.526755154132843,0.029438460245728493
416,-0.5202816128730774,0.026282569393515587
89,-0.5784463286399841,-0.13847775757312775
90,-0.579125165939331,-0.14440754055976868
91,-0.5820069313049316,-0.14594009518623352
92,-0.5851736068725586,-0.14766186475753784
417,-0.5062934160232544,0.15664255619049072
418,-0.5053892135620117,0.15626640617847443
419,-0.5109862685203552,0.1608508974313736
420,-0.5131670236587524,0.16319197416305542
93,-0.6239922642707825,0.06272362917661667
94,-0.625153124332428,0.06145085394382477
95,-0.6289046406745911,0.063510462641716
96,-0.6286395192146301,0.06404869258403778
421,-0.4993583858013153,0.36278900504112244
422,-0.5042584538459778,0.3665918707847595
423,-0.5038930773735046,0.3730688691139221
424,-0.5039251446723938,0.366514652967453
97,-0.3229469954967499,-0.07582754641771317
98,-0.3233269453048706,-0.07889363169670105
99,-0.3223540782928467,-0.07663442194461823
100,-0.3194676637649536,-0.0773632749915123
425,-0.48317158222198486,0.023964548483490944
426,-0.4825640618801117,0.027638105675578117
427,-0.4773700535297394,0.013106374070048332
428,-0.478768914937973,0.016314761713147163
101,-0.4355486035346985,-0.14481182396411896
102,-0.43444687128067017,-0.15231068432331085
103,-0.4345964193344116,-0.15038399398326874
104,-0.43571963906288147,-0.14378462731838226
429,-0.35771602392196655,0.06719654053449631
430,-0.3790174722671509,0.06961079686880112
431,-0.3738790452480316,0.0672803521156311
432,-0.3754601776599884,0.06657889485359192
105,-0.40294551849365234,-0.09736944735050201
106,-0.4133647382259369,-0.09370366483926773
107,-0.41121339797973633,-0.09152111411094666
108,-0.4129675030708313,-0.0938519686460495
433,-0.2686808705329895,0.14684642851352692
434,-0.2728983461856842,0.14842729270458221
435,-0.27278557419776917,0.14815740287303925
436,-0.26870623230934143,0.14810407161712646
109,-0.39860934019088745,0.051555898040533066
110,-0.3767774999141693,0.05554381385445595
111,-0.39619895815849304,0.051244042813777924
112,-0.40206557512283325,0.05066239833831787
437,-0.2476336807012558,0.32048600912094116
438,-0.2483551800251007,0.32117483019828796
439,-0.24766869843006134,0.3206116557121277
440,-0.24843595921993256,0.32113412022590637
113,-0.4102340340614319,0.2781330943107605
114,-0.41004660725593567,0.2780361473560333
115,-0.4109397232532501,0.27851101756095886
116,-0.41019201278686523,0.278110146522522
441,-0.21566778421401978,0.47697991132736206
442,-0.2155025601387024,0.4771939814090729
443,-0.2156747728586197,0.47697386145591736
444,-0.21749573945999146,0.47454312443733215
117,-0.4171088933944702,-0.1603003442287445
118,-0.4217338562011719,-0.160633385181427
119,-0.44824740290641785,-0.14072898030281067
120,-0.4503035247325897,-0.1465432345867157
445,-0.34079328179359436,0.026053376495838165
446,-0.3269065320491791,0.02656133845448494
447,-0.3407662808895111,0.026064753532409668
448,-0.33882638812065125,0.040777042508125305
121,-0.2820495069026947,-0.08883059769868851
122,-0.27494344115257263,-0.08569730073213577
123,-0.2733810544013977,-0.0869390219449997
124,-0.2885541617870331,-0.08431181311607361
449,-0.11676933616399765,0.10478419065475464
450,-0.09700874984264374,0.09396818280220032
451,-0.09703218191862106,0.09416209906339645
452,-0.11331421881914139,0.10526648163795471
125,-0.17862221598625183,0.025964559987187386
126,-0.1788099855184555,0.02896389737725258
127,-0.16452893614768982,0.015739483758807182
128,-0.17708513140678406,0.02437461167573929
453,0.009547202847898006,0.22060158848762512
454,0.007785621099174023,0.22476765513420105
455,0.009559727273881435,0.2205905169248581
456,0.003786172019317746,0.23524238169193268
129,-0.15804296731948853,0.21197041869163513
130,-0.15278102457523346,0.2063855677843094
131,-0.15839265286922455,0.21249300241470337
132,-0.15336747467517853,0.2068781852722168
457,0.0432763509452343,0.36996549367904663
458,0.04439215362071991,0.3802696764469147
459,0.04313754290342331,0.3683682382106781
460,0.0422121100127697,0.3653022050857544
133,-0.1329522281885147,0.37857377529144287
134,-0.13256299495697021,0.3704690635204315
135,-0.13427108526229858,0.36928823590278625
136,-0.13985589146614075,0.3618508279323578
461,0.0869666337966919,0.3158368170261383
462,0.08061528950929642,0.3194197714328766
463,0.09167667478322983,0.3350728452205658
464,0.08721043169498444,0.3163318336009979
137,-0.5636557936668396,0.16683411598205566
138,-0.5686092376708984,0.17079834640026093
139,-0.5679502487182617,0.153222918510437
140,-0.5725639462471008,0.16863656044006348
465,-0.42378461360931396,0.34734591841697693
466,-0.4165504574775696,0.34882357716560364
467,-0.4147602319717407,0.3435312807559967
468,-0.4287753999233246,0.3520919680595398
141,-0.470161110162735,0.2042618840932846
142,-0.4531373381614685,0.20481346547603607
143,-0.468062162399292,0.203019380569458
144,-0.46896061301231384,0.20512542128562927
469,-0.25073331594467163,0.39955297112464905
470,-0.24092023074626923,0.3877442181110382
471,-0.24921944737434387,0.39768093824386597
472,-0.24093422293663025,0.38775986433029175
145,-0.3569895327091217,0.2754823565483093
146,-0.3584540784358978,0.27618077397346497
147,-0.3582346439361572,0.2759525179862976
148,-0.3588669002056122,0.27773773670196533
473,-0.1314641386270523,0.4790023863315582
474,-0.12873053550720215,0.47096526622772217
475,-0.13178879022598267,0.4799748957157135
476,-0.13243168592453003,0.4806901216506958
149,-0.33929574489593506,0.42960941791534424
150,-0.33512336015701294,0.4243844151496887
151,-0.33927294611930847,0.42958322167396545
152,-0.3412025570869446,0.43150943517684937
477,-0.09714562445878983,0.5792340040206909
478,-0.0970764309167862,0.5788993239402771
479,-0.09674239903688431,0.5795976519584656
480,-0.09722045809030533,0.5795809626579285
153,-0.2989928424358368,0.5584834814071655
154,-0.3058280348777771,0.5603778958320618
155,-0.29759493470191956,0.560654878616333
156,-0.30217254161834717,0.5610200762748718
481,-0.07443104684352875,0.5192316174507141
482,-0.09247080981731415,0.5140993595123291
483,-0.0700145959854126,0.5220345854759216
484,-0.07535799592733383,0.5186148881912231
157,-0.36668941378593445,0.19780386984348297
158,-0.3785493075847626,0.2013460397720337
159,-0.3786301910877228,0.20137213170528412
160,-0.36658456921577454,0.19776619970798492
485,-0.11602712422609329,0.31861624121665955
486,-0.11499596387147903,0.31765052676200867
487,-0.11672341823577881,0.31925997138023376
488,-0.11475549638271332,0.3174203932285309
161,-0.17728719115257263,0.25019127130508423
162,-0.17728598415851593,0.25020524859428406
163,-0.17873431742191315,0.2550930380821228
164,-0.17876264452934265,0.25521180033683777
489,0.08812125772237778,0.3808215856552124
490,0.08625347912311554,0.3910596966743469
491,0.08685005456209183,0.3867199420928955
492,0.08762717992067337,0.3827837109565735
165,-0.06055798381567001,0.3528362214565277
166,-0.060952913016080856,0.35374027490615845
167,-0.06317121535539627,0.3595886528491974
168,-0.06382184475660324,0.3614347279071808
493,0.19047534465789795,0.45832669734954834
494,0.18806254863739014,0.45827868580818176
495,0.19042126834392548,0.45829400420188904
496,0.19041553139686584,0.45829087495803833
169,-0.026555441319942474,0.4810979962348938
170,-0.02651306800544262,0.4812876284122467
171,-0.026125704869627953,0.4834628701210022
172,-0.02900741994380951,0.47238531708717346
497,0.2028101086616516,0.40221500396728516
498,0.19783884286880493,0.40606996417045593
499,0.1991441696882248,0.4021528959274292
500,0.20464815199375153,0.4026414453983307
173,0.010355483740568161,0.4321001470088959
174,-0.0018203412182629108,0.41616466641426086
175,0.01010176446288824,0.43165868520736694
176,0.009181078523397446,0.43052491545677185
501,0.10337970405817032,0.20295049250125885
502,0.09999243170022964,0.1990128755569458
503,0.10315395891666412,0.20409874618053436
504,0.10092631727457047,0.19948650896549225
177,-0.09230569750070572,0.1690824329853058
178,-0.08248928189277649,0.1618017852306366
179,-0.08719681203365326,0.1517876386642456
180,-0.09255065023899078,0.16914212703704834
505,0.20974507927894592,0.21896424889564514
506,0.2101965844631195,0.21971946954727173
507,0.20896503329277039,0.2170390784740448
508,0.20159734785556793,0.20597049593925476
181,0.1326012909412384,0.24511970579624176
182,0.1308729499578476,0.2494981735944748
183,0.13037365674972534,0.25133973360061646
184,0.1287572979927063,0.24971170723438263
509,0.39262762665748596,0.30049026012420654
510,0.3886350095272064,0.28201037645339966
511,0.38812434673309326,0.28569772839546204
512,0.3934488892555237,0.3024028241634369
185,0.2347579002380371,0.3429153859615326
186,0.2305694967508316,0.3359369933605194
187,0.2425907552242279,0.34151172637939453
188,0.2299838811159134,0.33536016941070557
513,0.4581601023674011,0.26961109042167664
514,0.45078858733177185,0.25540655851364136
515,0.4511597156524658,0.2558598518371582
516,0.4568203389644623,0.2546429932117462
189,0.2630210816860199,0.2997342348098755
190,0.2641032636165619,0.3003438413143158
191,0.2639754116535187,0.30028414726257324
192,0.2654227018356323,0.2940621078014374
517,0.3794981837272644,0.10399840027093887
518,0.376478910446167,0.09896732866764069
519,0.38002607226371765,0.10492321103811264
520,0.37144991755485535,0.08947783708572388
193,0.20617881417274475,0.12554797530174255
194,0.20690573751926422,0.124385304749012
195,0.21679839491844177,0.1262200027704239
196,0.214088574051857,0.13304704427719116
521,0.27493545413017273,-0.03900231048464775
522,0.2586091160774231,-0.056338369846343994
523,0.27689602971076965,-0.0620979405939579
524,0.2656526267528534,-0.06366737931966782
197,-0.15366539359092712,0.4643170237541199
198,-0.15912140905857086,0.48663368821144104
199,-0.15941905975341797,0.4753831923007965
200,-0.15326085686683655,0.46416348218917847
525,0.17621642351150513,0.528496503829956
526,0.176771879196167,0.5279694199562073
527,0.17335036396980286,0.5428001880645752
528,0.17484460771083832,0.5411444902420044
201,0.04238608852028847,0.5323538184165955
202,0.04219551384449005,0.5325796604156494
203,0.04240550100803375,0.532309889793396
204,0.04291576147079468,0.5298285484313965
529,0.3336825370788574,0.5396819710731506
530,0.335629940032959,0.5513723492622375
531,0.33589255809783936,0.5511937737464905
532,0.3355456292629242,0.5511324405670166
205,0.13415220379829407,0.5709875822067261
206,0.13431553542613983,0.5714570879936218
207,0.13431334495544434,0.5714507699012756
208,0.13418059051036835,0.5710626840591431
533,0.354766309261322,0.45882338285446167
534,0.3507264256477356,0.4551384449005127
535,0.35397228598594666,0.4577943980693817
536,0.3512406349182129,0.4569503664970398
209,0.11652073264122009,0.4915659427642822
210,0.11484499275684357,0.4935629069805145
211,0.11633788049221039,0.49155664443969727
212,0.1154806986451149,0.49300214648246765
537,0.2030254304409027,0.25504618883132935
538,0.19550317525863647,0.24617205560207367
539,0.19561798870563507,0.2461996078491211
540,0.19557102024555206,0.24676747620105743
213,-0.02252275124192238,0.2719425857067108
214,-0.026863640174269676,0.2743619382381439
215,-0.02125493623316288,0.2712661623954773
216,-0.01670181192457676,0.2685699164867401
541,-0.03103754110634327,0.04452647641301155
542,-0.00823863223195076,0.05109458789229393
543,-0.061445899307727814,0.02822444774210453
544,-0.046970002353191376,0.03818891569972038
217,0.19355931878089905,0.3792169988155365
218,0.19267188012599945,0.3743877708911896
219,0.19232776761054993,0.3691617548465729
220,0.19349680840969086,0.3787638545036316
545,0.4985201060771942,0.3783957362174988
546,0.4964582920074463,0.3612403869628906
547,0.4985063374042511,0.3783973157405853
548,0.49665024876594543,0.36131346225738525
221,0.3742196559906006,0.4218790531158447
222,0.3715376853942871,0.41730281710624695
223,0.3702356815338135,0.4152402877807617
224,0.3760873079299927,0.4253574311733246
549,0.6052852272987366,0.31435883045196533
550,0.6068763136863708,0.318205326795578
551,0.6067799925804138,0.318043053150177
552,0.6068382263183594,0.318139910697937
225,0.41071006655693054,0.36173009872436523
226,0.4103591740131378,0.3613331615924835
227,0.4137786030769348,0.36525198817253113
228,0.4088934361934662,0.3596942722797394
553,0.5162078142166138,0.1370055377483368
554,0.5144979357719421,0.1350412219762802
555,0.5157020688056946,0.13642586767673492
556,0.5161940455436707,0.13698966801166534
229,0.29869168996810913,0.17921262979507446
230,0.2966828942298889,0.1763535588979721
231,0.2926177680492401,0.1700977236032486
232,0.2981583774089813,0.1784573197364807
557,0.33475011587142944,-0.031087325885891914
558,0.33782148361206055,-0.011927950195968151
559,0.33621296286582947,-0.017920052632689476
560,0.33521217107772827,-0.030117012560367584
233,0.1277730017900467,0.0008450708701275289
234,0.12642498314380646,-0.008890829980373383
235,0.1355794370174408,0.010576588101685047
236,0.13202184438705444,-0.010652046650648117
237,0.49493348598480225,0.22229433059692383
238,0.49490904808044434,0.2221352756023407
239,0.49466338753700256,0.2207884043455124
240,0.5003601312637329,0.24251508712768555
561,0.7476295828819275,0.16584429144859314
562,0.7475672960281372,0.1658882349729538
563,0.7367839217185974,0.14934459328651428
564,0.7376378774642944,0.1492415815591812
241,0.6209053993225098,0.21414817869663239
242,0.6211743354797363,0.2132040560245514
243,0.611946702003479,0.19615569710731506
244,0.6122950911521912,0.19548940658569336
565,0.7654852271080017,0.03458257019519806
566,0.7595779895782471,0.025457432493567467
567,0.7653937339782715,0.027582373470067978
568,0.7575252056121826,0.015583452768623829
245,0.5713495016098022,0.057347819209098816
246,0.571471095085144,0.05699651688337326
247,0.5823805332183838,0.07233606278896332
248,0.5713879466056824,0.05729928985238075
569,0.6402063369750977,-0.10856618732213974
570,0.6295493841171265,-0.1279653012752533
571,0.6402339935302734,-0.10870306938886642
572,0.6292619705200195,-0.12753984332084656
249,0.4399421811103821,-0.07264185696840286
250,0.4382515251636505,-0.07364562153816223
251,0.43570253252983093,-0.09262365847826004
252,0.42962881922721863,-0.09355545789003372
253,0.48519715666770935,0.5134453177452087
254,0.48199576139450073,0.49496352672576904
255,0.48348844051361084,0.5041353106498718
256,0.4819253087043762,0.5110575556755066
573,0.725322425365448,0.3810073435306549
574,0.7361457347869873,0.3994269073009491
575,0.7219268083572388,0.38844621181488037
576,0.7307033538818359,0.38410916924476624
257,0.5745829343795776,0.43172892928123474
258,0.5681535601615906,0.42066389322280884
259,0.5692440867424011,0.42116716504096985
260,0.5711040496826172,0.4229619801044464
577,0.6958751082420349,0.22004331648349762
578,0.6865659356117249,0.20543810725212097
579,0.687201976776123,0.20542287826538086
580,0.6854522228240967,0.2051975429058075
261,0.44812247157096863,0.2190808355808258
262,0.4497109651565552,0.22174493968486786
263,0.44761693477630615,0.21747784316539764
264,0.4463919401168823,0.21514959633350372
581,0.48720240592956543,0.024055974557995796
582,0.4880114495754242,0.027104783803224564
583,0.48663339018821716,0.008233622647821903
584,0.48809579014778137,0.018716800957918167
265,0.2182060182094574,0.03672013804316521
266,0.2181381732225418,0.030742648988962173
267,0.21774929761886597,0.03752022609114647
268,0.2197817713022232,0.026283612474799156
269,0.749448299407959,0.2805008888244629
270,0.7390010356903076,0.2652209401130676
271,0.7495672106742859,0.28043827414512634
272,0.7390134930610657,0.2652148902416229
585,0.8958567976951599,0.10291453450918198
586,0.8951324224472046,0.10192304104566574
587,0.894900381565094,0.10167798399925232
588,0.8780804872512817,0.09265951067209244
273,0.7153125405311584,0.10447797924280167
274,0.7259258031845093,0.1112493947148323
275,0.7294769287109375,0.10831820964813232
276,0.7266460061073303,0.11127350479364395
589,0.7799302339553833,-0.07066532969474792
590,0.7822251319885254,-0.06849811971187592
591,0.7822563052177429,-0.06846389174461365
592,0.7693726420402527,-0.08514749258756638
277,0.5582867860794067,-0.06272900104522705
278,0.5577505230903625,-0.06284929066896439
279,0.5662673115730286,-0.04548155143857002
280,0.5667693018913269,-0.0453844889998436
281,0.9028599262237549,0.005144318100064993
282,0.8897773623466492,-0.012538870796561241
283,0.9040091633796692,0.003742232918739319
284,0.8879408836364746,-0.011919235810637474
593,1.0,-0.13808710873126984
594,0.9837433695793152,-0.14469613134860992
595,0.983392059803009,-0.1637534350156784
596,0.9643381237983704,-0.16682614386081696
285,0.8222466111183167,-0.1540524959564209
286,0.8222465515136719,-0.154044970870018
287,0.8354885578155518,-0.13528846204280853
288,0.8357288241386414,-0.13498172163963318
289,0.8717380166053772,0.19787557423114777
290,0.8736192584037781,0.19865551590919495
291,0.885796844959259,0.21381764113903046
292,0.8680907487869263,0.20764248073101044
597,0.9521573185920715,0.040678832679986954
598,0.9349371194839478,0.017053376883268356
599,0.9548425078392029,0.03766863793134689
600,0.9336695075035095,0.040740616619586945
293,0.7431812286376953,0.016028793528676033
294,0.7361169457435608,0.035551004111766815
295,0.7320436239242554,0.01169635634869337
296,0.7316514253616333,0.007836918346583843
297,0.9492065906524658,-0.0813605859875679
298,0.9702681303024292,-0.06313734501600266
299,0.9575181007385254,-0.06351656466722488
300,0.9428620338439941,-0.07531337440013885
