0,0.22607303632749812,0.4446981212875516
1,-0.08406270583845454,0.8765987591590014
2,0.514449785937999,0.1315777587008356
3,0.5888125592346583,-0.046990059573749854
4,0.29406978117457866,0.9079989665315125
5,0.47549019294210176,0.5743648527224512
6,0.13338412153046975,0.8368296748425125
8,0.014439490612663437,0.11683041032648286
9,-0.3609940911081207,0.655578779829515
11,-0.21351640635282637,0.02435555560354241
15,-0.6165059737846115,0.12440158842310697
18,-0.5240459436430849,0.34973193116331985
25,-0.39278941025760683,0.4146559698808019
35,0.5097626742599821,-0.3516529323717889
38,0.7954512651941245,0.5954926221556621
39,0.8464698440358258,-0.333946826970145
40,-0.2860747106893282,-0.6604981589512111
46,-0.21195277541123148,-0.17055147069625576
47,0.6781634412973003,-0.20713222166326006
48,0.01997539841168646,-0.15780066344764498
7,-0.2404533168043127,0.32042101658553923
13,-0.5161150398121203,-0.1452223798955226
20,0.044834810028668175,-0.3147785675102786
21,-0.7861965153037553,0.3035724037028813
22,-0.08423202688765978,0.468133915699611
27,-0.9005371371962217,-0.18030263885759812
34,0.22140699957770585,-0.005520682156340569
36,0.6085488003394034,0.7235810447365688
30,0.07210096564364728,0.4618421881249059
12,-1.0,0.19754452042953055
14,-0.6832982900373217,-0.5739888594578417
16,-0.45805530358329116,0.8132473185848046
23,-0.44066226287853466,-0.3690273054815718
37,0.3932730455450409,-0.6242325399393669
42,0.9582157502381942,-0.03586062939121518
10,-0.8972741069977697,-0.46361730110330335
31,0.3606669940569027,0.20518038158590865
41,-0.1609301934736424,-0.7684446089661852
44,0.19054175758173061,-0.9836285754838068
45,0.47808996990247876,-0.9138503013484832
24,0.2981047899395333,-0.3083759296706977
29,-0.6848702348127129,-0.01777248512560842
19,-0.04714781596369667,-0.6557505405653821
28,-0.8580466290339991,0.5524724264763831
33,0.6928903531808793,0.34024549754435174
26,-0.22154176710557916,-0.4876564712626402
32,0.9560688142375972,0.33174714382388726
43,0.13507262972035708,-0.5029448116972045
49,0.7399388659264824,-0.6738176250031135
17,-0.5769934799016273,-0.8177382613304516
