0,0.03426078646453618,0.6264390325556646
1,0.30348185599937566,0.7779841824728422
5,0.4317250955663811,0.4235717518292722
6,0.1753062180492911,-0.05121259532634398
7,-0.7339426763045199,0.6455956252565467
8,-0.09614969036307817,0.06181865900474514
9,-0.41807015368109407,0.7092350171954362
12,-0.5701070768603127,-0.09121573477362178
14,-0.3438902969135221,0.44694148338200285
18,-0.7426822373455823,0.05751250823576455
21,0.17313533446202095,0.4584978621770531
23,0.6581092689371267,0.13897583019118645
24,0.6380887801563252,0.35959410369317135
25,0.6235643199574408,0.7705751713100552
28,0.22314083757077618,0.17907918450324617
29,0.3486049009393066,0.5825329458431789
35,0.5486095249204143,0.20701749665567923
39,0.06135261022385809,-0.5160421396147721
46,0.6272241825629038,-0.1296904880158076
48,0.22847899804851823,-0.3101938566401385
2,-0.545014694819515,0.2791676793163949
11,-0.1752361461414801,0.4963483214185977
26,-0.17269638931800133,0.7030242450187519
27,0.010760305086916448,0.8959938563167027
32,0.48027300025844394,-0.3790780367716446
36,0.3177467864047993,-0.7520660464263925
3,-0.11462479048830164,0.2062226912892676
4,-0.5691561897753231,0.09915961033928687
13,-0.7293651596567516,-0.3946515997789512
16,-1.0,-0.09965846464835584
17,-0.21261229313573576,-0.3551821803223092
20,-0.27536142588916973,0.20701309414488225
44,-0.1829238948952001,-0.7246117142158734
19,-0.6499244434966368,0.4010038343901119
34,-0.10989995568587174,-0.13032782316295324
37,-0.27183982667703016,-0.8465796345468058
31,0.559996626665629,-0.5979839199300971
10,0.05593969647436939,0.21894593455133593
15,-0.442105570055521,-0.31650194366858125
22,0.7924947192018115,-0.12335887531514035
38,-0.5228198384612444,-0.4661595614998735
41,0.02572495472450016,-0.7213876331855108
43,0.4383050997482,-0.5872245243270636
49,-0.3372320079202898,-0.09288035037777055
40,0.8832765361349156,-0.49133240522144556
45,-0.04523295111565713,-0.2744467787258324
33,-0.3647602946476967,-0.6133637966905184
30,0.3652289333911425,-0.10041529402218155
42,0.15431182661290738,-0.8221096090224078
47,0.46650680508562553,0.035424885139215864
