0,0.5516030862296177,0.638602673181313
1,-0.04168415613816038,0.7903792016084238
3,0.26286998250152876,0.2336589741153416
5,0.1255657835086818,0.8054289897170279
6,-0.24165562597576187,0.6337897258328248
8,0.7062824427867637,0.26569672342327816
12,0.9124749662429554,-0.29866010276576344
17,0.12479166956706349,-0.38365020027537594
21,-0.5153248058384744,0.34153707775084036
24,-0.40097867302541357,0.7079027876838057
26,-0.12070696696673713,0.3597175219769838
44,0.16092343649568255,-0.8283371775236991
49,-0.30258130170168857,0.27820977558829063
2,-0.09420723362752219,0.053135311089347576
4,0.3803843574958944,0.7753372185111183
7,-0.3431957529079768,0.12268943893316037
9,0.26728955629910994,0.5543470299029413
14,0.6138233512522918,0.5297932225328785
18,0.4935497519175448,0.27464865254492965
20,-0.5331459626980399,0.5303296529609428
22,0.0002778507635759642,0.2237752628402761
27,-0.8523352944196545,0.047662108515690124
32,0.21458825811213206,-0.12767767168117958
35,-0.7157347639315194,0.21809121847559804
36,-0.2706497229191091,-0.15786784301251078
37,-0.16676673217602514,-0.53851196007233
45,0.6858338542314165,-0.18515343455744154
48,0.436747037425939,0.011774574635585745
10,0.9572193858786806,0.007734721707001498
11,0.7383733434671481,0.14165592356560805
23,-0.28961383693597814,0.8090428520647377
25,-0.8491496018515732,0.40660955445056696
39,-0.3824928139028969,-0.7998616900157194
30,-0.4608108885346493,-0.558655312386665
40,-0.6218656125235345,-0.13208814343798392
42,-0.6311803031202209,-0.319838523117096
43,-0.09211660614486807,-0.39760146396421375
34,-0.08690118137680035,-0.7387908811331264
15,0.15811290101706985,0.3428267340191848
16,0.5505890487742131,-0.3776406968944855
47,-0.3646167308320065,-0.3940051076938917
29,-0.48135175257276014,-0.07126328489847567
41,0.4554703555059679,-0.2234946771270137
46,0.09190124452898529,-0.09618778119897807
13,0.2766496282834691,-0.5623903582738214
28,-1.0,-0.06712844051065232
33,-0.6658080501181032,-0.7448760992047414
38,0.4433849709697379,-0.6034521632056489
31,0.25745173945942107,-0.8969304475574458
19,0.6587163675245824,-0.6003134671194379
