0,0.11326063118166783,0.6402061618335247
1,0.7750824769494649,0.6253864324981789
3,0.7783329014529854,0.35530071170826094
4,-0.12545002092726226,0.4024972947978394
5,0.3218053368202516,0.7518066708942074
6,0.6142843091805744,-0.1607850928241057
8,0.8782870304188612,-0.03849493982707377
9,0.34717834581779283,0.09240191561471114
12,0.7121226992673325,-0.364596696526575
16,-0.8284168567965468,-0.22009664846938118
26,-0.48745371157709166,-0.5280520816710136
27,0.020495079204005215,-0.31971125007632645
35,-0.5349659860441888,0.4410279499477937
36,-0.5564044280050313,0.19938921782617405
37,-0.6341117544460576,0.7544992649390722
38,-0.7587443158705951,0.562048111215579
39,-0.3356026091019599,0.863079227940188
30,-0.05128708139849616,0.25104378176050474
31,-0.769300983042102,0.05702354711972529
42,-0.1443415188583809,0.83144855329787
43,0.48952018958805993,-0.24165388724651457
46,0.48593919522716605,0.1328763038616909
49,0.7903305345097233,0.052152383760333675
2,-0.23044573612884756,0.1483369482859969
7,0.09060357380473862,-0.18755948955909443
21,0.7668348721432262,-0.55044961443962
28,-0.4860344668282448,-0.7343098815734305
32,-0.2028569474162942,0.6038529610602559
33,0.029804485701350403,0.7878407710619912
17,0.23593523679412,-0.4649680714425357
19,-0.37796958086539684,-0.3308975297072554
22,-0.3453760309393655,-0.8133681611489453
23,-0.6207795123421913,-0.28043381140657736
24,-0.7620036435099242,-0.5247602074974533
25,0.48383241586319453,-0.41012951181576485
34,-1.0,0.33851055540846847
44,-0.11945129814946141,-0.11943315760583248
11,0.17971221672576557,0.026850406186326878
14,0.05829265409066721,-0.8473585542496521
18,-0.563958245174581,0.040531523622932254
40,0.4506281188595939,0.3636044212840534
20,0.1629395385069858,-0.6109570870852654
47,0.3444558115339483,0.40347328311552433
15,-0.13379712375442082,-0.5274205495541456
29,-0.120294490349769,-0.7199150477473956
48,0.5784913040890586,-0.6907303745531974
13,-0.36613332808946614,-0.037915868047573915
10,0.26558949456701764,-0.7560189030039893
45,0.5653271781523581,0.6261541137348382
41,0.01609403916576519,0.1286739043026763
