input_data/5_10_graphs_0.75g_0.25ng/graph_sample_48 0.49538731575012207
0,0.3906894049387692,0.48291569463817274
2,0.054124047190778464,0.5187120484832803
3,0.6357749772167589,0.001611004972656477
4,-0.14317578429140165,0.8438609281997117
5,0.18212379055597702,0.7303536166543072
8,0.8735285534813526,0.6217542602113714
9,0.1268812521531899,1.0
17,0.33062402990375583,-0.2668008143088265
29,-0.6302566912354646,0.6743126843456677
34,0.8101674002086665,0.3395721141201683
37,0.8545793308614926,-0.16822958657128814
30,0.06385628568827621,-0.23510160300744826
40,-0.8156295621694499,0.07583437185835386
49,0.24407645760613197,-0.4935960990736744
1,-0.438571489587369,0.83076052056835
6,-0.19990241330091785,0.4239206575526169
7,0.4398469753986155,0.7585381716610697
15,0.5329791721746401,0.5095969288425739
19,-0.5508639339060719,0.03605806301996547
20,-0.3608314754831841,0.49522570954493617
28,-0.9533769349020529,0.01375963816587847
32,0.08527002962753993,-0.5645496595545526
46,-0.8006097396150266,-0.1532317903836019
48,-0.47447886837299474,-0.32770847963666583
10,0.7281283549315637,0.16388171357028292
11,0.7161945582497902,-0.14042105927167883
12,0.1624876295849795,-0.7893682446537799
13,0.2388158310602972,0.12232051700366671
26,-0.19357596758230664,-0.33470015616337767
27,-0.8263114466995068,-0.42388146968198853
36,0.4865082190079195,0.22998338004243657
41,-0.6199597088423653,-0.5638284598013186
43,-0.3851826306220488,0.03303343611545674
14,0.5536762434717374,-0.7916607596238333
38,-0.18670281719134263,-0.09708551743844891
47,-0.13858899395342533,0.14067080982192134
22,-0.20134577159171857,0.6400677469539646
23,-0.9163171001340227,0.5086299057101196
25,-0.43546054734682305,-0.13807868772993478
44,-0.17247328702592038,-0.9186898443722284
42,-0.5493264480383241,-0.8054584845881808
45,-0.7036585941773335,0.3580878890499022
21,-0.2976957130952239,-0.6731745274694436
24,0.04242340330803262,0.32106229605031766
35,0.18076968764307857,0.014613727872247904
16,0.4994397427988719,-0.43544630179147253
18,-0.17160670712964626,-0.7820380633078675
33,0.8252429422360278,-0.36688075016368954
39,0.8254482856823115,-0.6039761616544385
31,0.28224602131338605,-0.8152313147816567
