input_data/5_10_graphs_0.75g_0.25ng/graph_sample_31 0.569676399230957
0,0.4003057908173497,0.6035587852180088
2,0.08361886036208373,1.0
3,0.19686928712183996,0.7665312076543667
4,0.7469385229067256,0.3946235281210935
5,0.509896538455708,-0.003743903669856617
6,0.7017639880442602,0.6657000549089829
9,0.19135994828944924,0.43515353205313717
12,-0.07874302341565428,0.5514583046054762
14,-0.7424332360176207,0.27799060173482654
15,0.029025223100481147,0.3593286667247105
17,-0.6091951236046323,0.49455509103023726
23,0.2025679806651138,-0.3014778825560998
38,-0.48034729213506355,0.6163469572254112
41,0.38976189871714084,-0.490113476859978
46,0.4927129113748912,0.3462192460627159
47,0.0682949225527782,-0.8143187756181642
1,-0.08428597186047675,0.25633420465780066
7,-0.3038284398374424,0.8060634130389683
8,-0.06709804220666188,0.8589063353742037
10,-0.49102522954091304,0.14119874582967953
11,-0.8361569096410895,0.07951723985574065
33,0.2462389581745319,0.25501541365132335
35,-0.7416673977092573,-0.05474086593674953
37,0.5160202109043848,-0.21494549828275408
30,-0.6207497470308443,-0.46340211653233115
44,0.6233557518580415,0.11217002997909267
13,0.6134396427656226,0.3056685010170041
19,-0.3518505922262854,0.5521099397563102
36,0.030773875693335617,0.011436550048238663
21,-0.774393957320453,-0.2565942215860443
22,0.10736358604151751,-0.6289023288078553
24,-0.641389536769974,-0.6498363805470948
29,0.037124961661094816,-0.16338893394368703
32,-0.3583680009589039,0.33241786808795226
26,-0.4021265055699446,-0.7918721507130542
39,-0.06394076347439376,-0.4234267528076029
43,0.5932640096831636,-0.397888160855609
18,-0.09988921476898589,-0.0014178773554309502
48,0.8836770541378243,-0.3224311217239358
16,-0.34060542985730285,-0.15973851236207878
28,-0.4249859487687028,-0.41674272441419163
34,-0.43482296728212083,-0.02065549862823692
40,0.7592796389641114,-0.06881077076557812
25,-0.13928664913598934,-0.6502827230569785
27,-0.5710060054005125,-0.11335971138394425
49,-0.2538709602290359,-0.5338184736541274
42,0.33724547074630273,-0.06099655487476083
45,0.4338316187280532,-0.6632516500635696
20,0.5690857694056106,-0.7729926343386362
31,0.14825052359084484,-0.7831545152969308
