0,0.06604937106438244,0.7873832626550273
1,-0.14862492125426607,0.9100480186045941
2,-0.1894396912919859,0.11346114021491842
3,0.5264280579673222,0.3485974047491195
4,0.36268449428766397,0.7748940117059033
5,0.06170018763531961,0.36848250898347384
7,0.29956085240799124,0.01595145968824722
8,0.8187940278670237,0.5881829450032672
17,-0.43761952527870285,0.06566084059508384
22,0.3084612876672669,0.20930119685844487
27,0.5743495021281027,0.7094808603267231
34,0.5717234417259847,-0.4855655209219378
35,-0.7658477690469396,0.0828414317647441
37,-0.6011479679006364,-0.38147887320824103
39,-0.554023226940086,0.23166131642324844
40,0.8173726280210143,-0.4824937339527478
41,0.4403904382026526,-0.2687260118958354
6,0.2796206937430604,-0.0989646780528727
9,0.8194269356570794,0.006744584509521732
12,-0.3423093113333824,0.35555816156500564
21,0.20896564696694728,0.5452651940952451
23,-0.2005942782540625,0.5961695293080452
26,-0.03261132018479024,0.10410389788361632
31,-0.134908261043417,-0.3895611563457209
46,0.130375608735628,-0.3206519332955021
48,-0.18865213898766506,-0.2662975929479037
16,-0.9775175198173985,0.35748400335452674
18,-1.0,-0.017695447759142533
25,-0.39318276135390057,0.752071926407075
32,-0.48607040867584067,-0.8098951730448053
42,-0.16256549267729234,-0.8748809213356691
44,0.5058101773322276,-0.6862230477107526
47,0.09719764865500015,-0.7838319395578814
49,-0.3866592312661849,-0.5117348476549143
13,-0.7463676935443008,0.4788434331506224
19,-0.11588443930362646,0.33094428807106885
20,0.7564969937144036,0.17281703233328946
28,0.5433551840022199,-0.07191783239400774
29,0.20709315672861558,0.785488693482937
10,-0.6526266579284015,-0.18543502094930508
38,0.12889780154614655,-0.6520759267412601
33,0.3534506479524464,-0.5234611168158482
30,-0.08555835113184987,-0.7426468928771779
43,0.8961003400190234,-0.2111332529172303
11,-0.5007904404133544,-0.5522785207525052
24,0.7466927945885578,0.3967021125011615
36,-0.3637690942889755,-0.14779945040301418
45,0.46949107764007697,-0.9976680971883877
14,-0.914927094751528,-0.3075253624774566
15,-0.6087913995875698,0.681803096965209
