0,0.4059183821605053,0.3406954602984823
1,-0.1514596063749927,0.7887933225401462
2,-0.7592560546579328,0.16096980754964513
3,0.7169218985233682,-0.13760521276637896
4,0.0780505177131661,-0.624932068812061
5,-0.6453923856631908,0.5754000061771521
6,0.3372955730345558,0.6625347615964984
7,-0.12439593243733862,-0.021814993068166144
8,-0.33671009991013745,0.6623116922648724
9,-0.3533892050075948,0.2251019395181333
10,0.6777355635237451,-0.5625570438204341
11,0.06826357271062136,0.7695037253227958
15,0.63577882240705,0.5695405490167734
20,0.4676547905997886,0.7624201196751909
22,0.17266334021850774,0.4536986638696522
24,0.03806966431970061,-0.06184994441557848
29,0.17611537982702677,0.8891158726722884
33,0.6267615173751446,-0.39094392869529165
36,-0.6173446151699955,-0.2628557058609943
44,-0.44426270398331225,0.17536130433919805
46,-0.8626048433130864,0.007185383921610369
49,-0.25130564396704574,0.0249134785397874
12,0.045546725760591066,0.38462411151651826
21,0.5606404992494594,-0.12642558742286555
37,0.11421113153214531,-0.3811223058290184
30,-0.12983573724236974,-0.29326322935971344
41,-0.5830802565459142,-0.05740466165113238
45,-0.7163369466142585,-0.25282691327011164
47,-0.7463846754026454,0.4375947645444559
19,-0.4037995601549965,0.4812094659484057
23,-0.38988285123045857,0.9005666791336594
34,-0.17690148327075886,-1.0
38,0.283272709719584,-0.5341153205206102
48,-0.4754545675537036,-0.8674914248768806
17,0.12776290514303593,0.12921810149847263
28,0.5601109765700474,0.2684003362714934
39,-0.4236420539534612,-0.6875807055493337
31,-0.28870987103736984,-0.4571969002206994
16,0.6743425664163996,0.26471143660253443
18,0.45211723610396004,-0.2656189136943585
35,0.44465153250983736,-0.7856789753426211
42,-0.48115911043179416,-0.5057758874202597
26,0.2361400771153308,-0.26150601386513755
32,0.1265315454117787,-0.92120899724426
40,-0.1273512071548165,-0.7274120914411223
13,0.4172868339851452,0.01687926988459413
14,0.931970353964419,-0.06875658941709369
25,-0.11274670755031141,0.5704837560614127
43,-0.6885592190565688,-0.46144855853088257
27,0.9141512217891401,0.1961579643312329
