input_data/5_10_graphs_0.75g_0.25ng/graph_sample_15 0.4074079990386963
0,0.24459227447821605,1.0
1,-0.5529181324267411,0.3083367841306467
2,0.5103034408335518,0.34088710425776175
4,0.19560073069973272,0.6236691582932316
5,0.564266251757481,0.04534681190723598
6,0.7389907743731722,0.43349245131272135
7,0.06617336773668074,0.3428953365770617
8,0.03252617328474481,0.19546628256795937
9,-0.30206922662540836,0.808718434422645
14,0.25891403049407274,-0.03474958213220171
18,0.726859391869168,-0.061293274953821676
22,0.40893893191441166,0.18935878242002904
26,-0.1371767080640631,0.4621840159946268
27,0.6172535743845888,0.5893412922183145
35,-0.4580854416697856,0.08434572073020336
36,-0.4310969868284878,0.6711662808079307
38,0.3486416506809829,0.5822688787885888
31,-0.07286581722309923,0.8520138466364086
43,-0.2760876214906979,0.22018621267844896
44,-0.6886146682013657,-0.09275440193673089
3,-0.4752957522121925,-0.1408198070532975
13,-0.10697074697928222,-0.5041402683477028
17,0.022620802714902306,-0.8339620538887799
21,-0.018795554086326112,0.620813828687629
32,0.15694631029906378,-0.17864289971419064
34,-0.10603692495886909,-0.1672208369862285
39,0.24201830413603279,0.3375001011156349
30,-0.6676669574864781,-0.2976567939365479
40,-0.750166567066116,-0.6494103524073739
19,0.6419251338019938,-0.40467084897541195
23,0.37465324690303886,-0.4754044620163898
24,0.4884585343127892,-0.15456851163099775
47,-0.2980752706863348,-0.4430226744494492
20,-0.4566081855279704,0.3999193168086954
28,-0.2358495509319885,-0.24114905109719334
41,-0.686794783836895,-0.44211442375029353
45,-0.4682359001773119,-0.6353264385516094
48,-0.7138732306939337,0.16538067930261613
33,-0.6708766404094042,0.3886702051917614
49,0.006491708693682813,-0.04487113340150571
12,0.7674660596736309,-0.26499517004490214
15,0.32279928534364294,-0.7576147098546322
16,0.7830009644977618,-0.5666087303268701
10,0.513963364843108,-0.6863974090251365
37,-0.1988144557386388,0.055309145538150466
42,-0.9393974448142833,-0.013875676461857972
11,0.1692592767730386,-0.4849924475211985
46,-0.2231071939244695,-0.6580856079164802
29,0.704773580213195,0.15226852303337854
25,0.028042597347459338,-0.6351916270408768
