input_data/5_10_graphs_0.75g_0.25ng/graph_sample_25 0.5504968166351318
0,-0.40179120095081605,0.2924847830087309
1,-0.6894668804365818,0.14570238790528767
2,-0.7653039240934453,0.42261156850535797
3,-0.34630337105986564,0.9536722380665819
4,0.7094213742091949,0.14125015906784388
5,0.1402061021652311,0.40289305736360753
6,-0.03561931187949963,0.2557012873344872
7,-0.5453123819192014,0.7441845425127089
9,0.09088946179542538,0.8653957086807917
10,0.5242320299085695,0.013888244227208876
12,0.8763417390276207,-0.11974020728280026
19,0.5699720305838912,0.5391518331019568
21,0.3667127237053742,-0.7133788429393755
26,-0.33579379453340485,-0.7081367100458027
29,-0.23924263929114836,-0.26441204754084535
39,0.540083817657108,0.21093994383772477
41,-0.015146569939085908,0.5590081591206183
47,-0.5662486635640417,-0.12301020378119261
49,0.43437137852870955,0.7131629212211132
8,-0.8806924334659529,0.0021472937360982602
11,0.1646379557984308,-0.35728424511738577
14,-0.6491927862162996,-0.4943645945168642
15,-0.11129019754321935,-0.06403146974512419
16,-0.16183042733660752,0.3549482482109875
24,-0.3337096960243631,-0.01522039614894353
27,-0.5325476824197019,-0.6369355875065811
28,0.03590393597252947,-0.40967715401447513
33,0.2524081119327795,0.2797089032884826
35,-0.278741705135242,0.6590912929453362
37,-0.10521180912350818,-0.7781360568758156
38,-0.7375200745636846,-0.14622798269582807
42,0.22202061410124133,0.6666832580186773
43,-0.08169292420674805,0.7603782140186729
23,-0.10389327403511503,-0.5643602758219195
34,0.46187786332990394,-0.33873075330045554
30,-0.12125320327389381,0.06050562279225518
17,0.1752297021325503,-0.6090014100601133
40,0.8641032983854045,0.31705382574161156
44,-0.5521596041544361,0.5232188494476664
36,0.3143012111514836,-0.5200214086782272
46,0.2117979488257373,-0.13563675315569748
20,0.15380739589256123,-0.9990650472057583
25,0.6116011200165433,-0.6062018594193109
13,0.22798414572815548,0.05984913432342715
32,-0.458039303498357,-0.3573265264684937
31,-0.4962467938705321,0.14748105622231003
45,0.5768169169865031,0.4249203480475068
22,-0.4129774792028017,-1.0
18,0.8413280406878603,-0.39022466805707867
48,0.5911792132147443,-0.16490868036896317
