0,0.3838368196406824,0.2577351830964198
1,-0.2859985862127803,0.6072271840214054
2,-0.17532962973654503,0.24670207653238124
5,0.033786995814012996,0.6191255553783438
7,-0.305556239238998,0.04279861029054671
8,0.22726202859489394,0.9410134749909299
9,-0.33279069200187267,0.985133574979337
11,0.6365451434100204,-0.023199121064710504
14,0.44480857133900903,-0.16877754096743347
29,0.19934162927080692,-0.7403317812872432
44,0.026327016921662255,0.7481553121324022
46,-0.4674180142721673,-0.38134599341766456
48,-0.8494186966822856,0.48835023006494754
49,-0.37813593093618614,-0.8055874342846505
3,0.3961003957017194,0.5482405263377278
6,-0.663068333629275,0.1113748477421189
13,0.8709062616980281,0.4640650205278099
17,0.5473020886572828,-0.41285083292891345
18,0.48661303296990344,0.7808073490829269
21,-0.08379500835873264,-0.7063783719163804
23,0.07081278000293022,-0.49361951183711333
34,-0.24776673989931225,-0.4034855672759939
35,-0.8759917707985435,0.13114374642658624
36,-0.6523217843531451,-0.4683399792402523
42,-0.179622195602023,-0.07100407028195367
43,-0.4698968922032789,0.3317188637243738
4,-0.43875386588280624,0.7258059482187992
10,0.5685454965685574,0.5615661661141221
12,0.7605706717957248,0.19250819483166803
15,0.1923155065139111,0.4376446205143117
22,0.09509311597155802,-0.1782450134505898
32,-0.8487917155299072,-0.27690633884432825
39,-0.5322919435799754,-0.12129037652624806
45,-0.8213969626560255,-0.12073539275289988
24,0.49385108304027725,-0.9162658209698765
38,-0.011775932469596673,-0.3025364354949298
30,0.277023772380489,-0.37156993758241974
40,-0.024554796931380466,0.1479041563638878
47,-0.6616005031626255,0.7695895315135416
20,0.3200714730895962,0.12363035099255329
37,-0.43237664892661043,-1.0
41,-0.6697944711481106,0.28138509339807577
25,0.05923079833225527,-0.8924908777160602
16,0.9615326470218657,-0.27092555858186435
33,-0.6255782331379011,-0.6579599937658699
31,0.006913190275467163,0.3781251504554026
28,0.45017487134137674,-0.5944079373896061
19,0.9302340470111974,0.13247808898754343
27,0.7902853410849048,-0.5528714290391061
26,0.8045408089019509,-0.12310354010205449
