0,0.3777121379220905,0.7763989019986425
1,-0.21346786805516688,0.889739547466274
2,-0.2806177358736987,0.5909946773075455
3,0.11436015961528462,0.9525242791588631
4,-0.47745753248308265,0.1010112717359491
5,0.3297537008303731,0.3405305753760023
6,-0.1190713308669306,0.5352239887676351
8,0.01765782204685179,0.05760471347102134
9,0.6133514368343558,0.34301186602616396
14,0.1568111982443874,0.13334084266566162
15,0.5001074432003596,-0.1993918596631019
17,0.6426174077375765,-0.07828654156855717
21,-0.6331567570678812,0.362088424198193
29,-0.944821137611298,0.40913451243526155
38,0.27226557971771936,-0.48785514767484933
43,0.3173819661513032,-0.048448276307640155
44,0.7323110014709026,0.5427791521306292
12,0.05811416542727778,-0.05891802493671814
19,0.1838714215083505,-0.34050244644906114
23,-0.8037409095555578,0.09378951734422028
25,-0.9101168232645435,-0.200334251622798
26,-0.45006461065325265,0.2169166067813322
28,-0.43727024710056167,-0.5743351098126145
41,0.12731282668209037,0.6723388650985032
46,0.03056045924013339,0.2544360121459426
47,0.9370924901163866,0.3792457924394427
49,0.25230641854438846,0.45009172857608837
7,0.4946540687653306,-0.06597674649423267
10,-0.36108925564552347,-0.28207504166661707
16,0.024546340089034453,-0.7459625882913216
27,-0.4495672147041051,-0.0609469980827398
36,-0.23941148534671283,-0.5684284656442358
37,-0.23418943639710413,-0.7802334207934972
30,0.48942692208596383,-0.4174275718856635
40,0.49274272290584453,0.11430793726309249
11,-0.1264534434964232,-0.21740423002015258
32,-0.5516301729946537,-0.3191616058429534
33,-0.07796050344179128,-0.5118552885062198
39,-0.5519522637041434,-0.8105429004384211
31,-0.6260092814495787,-0.5015205937535746
42,1.0,0.014685969701405222
13,0.5748749205262642,-0.7157651208606132
18,0.6260720341335375,-0.4550225960029579
20,-0.5078037302326516,0.537507861438388
34,0.2771358462147731,-0.850679990367452
35,0.12682727504788147,-0.7029774006485686
45,-0.29566259543926154,0.47877760352098125
48,0.4384720191929073,0.6251834805207341
22,-0.6590702272026253,-0.1318663783178091
24,-0.25775522166482145,0.2542544680843966
