0,0.24536981760210508,0.3422652902007916
2,0.8826676954349153,0.268544031806263
3,0.237177449854971,-0.05236864268596337
4,-0.3953775008037669,0.4420050333130424
6,-0.1477068338642324,0.5965771862066049
9,0.386451658997132,0.6535926498873601
13,-0.2563220299431051,0.06331532984767561
14,-0.10318427600697272,-0.5702437482026308
15,-0.3935313522515499,0.24714204976504195
17,0.4113934457420136,-0.4507889503728037
20,-0.4715965801555241,0.7795075721041608
25,-0.8361189427681641,0.48298454000416036
32,0.41811932434774807,0.7931977945981527
38,0.6438294539583403,0.5885297010319754
30,0.47506820665890853,0.09553775289481208
31,0.30998069672090617,-0.1954179563647501
41,-0.3150882553480252,-0.15637676757729196
42,-0.08450896195087007,-1.0
1,-0.369621526127667,0.6147245451358554
7,0.023364976722653225,-0.32539234652576066
8,0.5718742955284913,0.307317744366838
11,-0.2952164908460791,-0.4611955253461377
18,-0.6127141235745278,-0.209138399519484
21,-0.6942654138601458,0.2521794804730185
28,-0.6826294080930946,0.07420444039873053
29,-0.5433898504640441,-0.02606064388443319
34,0.25128392976096026,0.8991741113484006
44,0.5672760656575674,-0.4551439329188115
45,-0.10724376775093455,-0.264137055197401
5,0.048536052779638385,0.7375035204843589
24,-0.1872611307570562,-0.6991503265646739
35,0.8513917216315363,-0.027785577232122206
39,0.04997502977032543,0.19735461575301924
40,0.2289145302135647,-0.5287507040995613
10,-0.7464752537827603,-0.8205521271927858
12,0.5048583874957644,-0.0519426506719157
22,-0.9207010759019622,0.15603374100930908
23,-0.24930098181530835,0.7977626913206209
27,-0.8762800909059518,-0.28344497402594526
43,-0.4916231293555226,-0.5849468371219402
47,0.5428033241524088,-0.8367023637189898
48,0.8140136370474866,-0.19308562947457447
16,-0.6251577852897221,-0.4719490842762526
46,0.01633334174705213,-0.6375213868264255
49,0.041123951922614366,-0.06754831881388368
36,0.6664786489975765,0.3492050086288511
26,-0.04052577085455388,0.3163723317769612
33,0.10240341462851107,0.5419737422168124
37,0.8417793230238025,-0.3764505623805971
19,0.3133721520745471,-0.8509103935776825
