0,-0.20350145848182352,0.4576845151612654
1,-0.4321460707541611,0.7414311454829277
3,-0.018751902272094688,0.11347314372651064
4,0.14510435138109087,0.7810335393448278
5,0.3897955522697794,0.4061055179364776
7,0.2525474941468154,0.20360170225929042
8,0.021297706270560598,0.9144782992328339
9,0.7346616244722897,0.6632729425380454
13,0.7594496010795669,0.3652643529608797
17,0.3605867301106368,0.038707955136109876
18,0.3196618523108554,-0.2268077633570647
19,0.384111850865847,-0.7053076423952249
22,-0.24209697109078254,-0.24275448993987356
23,-0.5079758594525732,0.3672295092285737
28,-0.056649717754850254,-0.20461435300891462
36,0.49863591759191045,-0.36511434975060275
39,0.5616631971101355,0.2717617730505961
44,-0.8323330457989991,0.07305228774633832
46,-0.15578244129675944,-0.8344621325320664
48,-1.0,0.0841212452893992
49,-0.4769297031646372,-0.2934957170064566
6,-0.27199210092096626,0.873928307947977
20,-0.8796925043930393,-0.22913072085814953
21,-0.6331157928369117,0.24804446815828946
29,-0.9386527908329992,0.39959488808803906
33,0.8883017525908081,0.18295279853644159
34,0.33453620503202913,0.601720150033328
37,0.14589314641240422,-0.012836117085334752
31,-0.2691967376213637,0.0778853467627508
41,-0.8348434855067142,-0.3470784540957114
45,-0.5200750236440275,-0.7019770449242062
2,0.4474673429345188,0.8414682088567353
11,0.8177314931049251,-0.27173432879290216
24,0.006263695978029047,0.3210537314336442
40,-0.5692556067632202,-0.3587624884537935
12,0.41242603564957536,-0.513737919453711
32,0.1318213990689371,-0.4059151206154409
35,-0.012622448030144449,-0.7730530009344686
30,0.9271159055224162,-0.0504273884329354
42,-0.2259457081494859,0.3072585204892048
43,-0.14955365148663752,-0.5001161549711617
14,0.6419416004233811,-0.0884477902483332
25,-0.4822167171310854,-0.525313243873123
26,-0.5186945990887808,-0.0057786536438994614
15,0.0647394506007069,-0.6002034937711094
47,-0.493470474749533,0.5333834327241224
16,0.08634154547144351,-0.9814706157348674
27,-0.10753223823347986,0.5446946304201861
38,0.7492033267207369,-0.46862316557578726
10,0.7517282723356705,-0.7060402630896556
