input_data/5_10_graphs_0.75g_0.25ng/graph_sample_4 0.522092342376709
0,0.221786712609388,0.9137257306111346
1,0.5168461578906547,0.6575164119133189
3,0.057711017693556604,0.08026381321163432
4,0.7011615726998098,0.41994667599731705
6,0.4430742133966715,0.18725688877931632
7,-0.09563625766040626,0.26087224295014555
8,-0.27700192529214224,0.43346783269692146
9,0.3373665279519547,0.7618231590224901
15,-0.10382886780074849,0.06733161874063384
16,0.6010672804537968,-0.19892603551949703
20,-0.6698359886590919,0.6315219834013504
23,0.007748195986895292,0.37213304771898836
26,-0.2665480575351229,0.5544762410431062
33,0.8080321794383527,0.018883216316224943
30,-0.027132694424195643,0.6618102887006024
41,0.05946084182437366,-0.14602199684572748
49,0.7324245655661729,0.16695248040149818
13,-0.40040290850373866,0.1902903367585733
29,0.10401303810120253,0.5304571488086425
39,0.22186329929542212,0.2909339583835164
2,-0.2148415681444579,0.7393040118609379
5,-0.47145002201368313,-0.1864617238159184
11,-0.2672659117448873,-0.20052163944628038
18,-0.30148398401451326,-0.46642566963383003
22,-0.7439780107882498,-0.07314389642847738
25,-0.45500251532429276,0.48367471655296573
27,-0.7692981547604126,0.29036895817028785
35,-0.3664682341003248,0.08553037656874796
38,0.46107797380403154,0.039810248719449284
47,0.27090290477911877,0.04926738876526298
12,0.31746424302343046,-0.6630215762308561
14,0.045791006022282414,-0.8273503800661283
21,-1.0,0.25466926899854625
24,-0.7021876926007479,-0.31541628774344643
32,-0.49490549920208643,-0.38193775682214454
40,0.606383086742907,-0.34527356230489786
45,0.34157396511709925,-0.3497036663963952
34,-0.02987221983545882,-0.2885446260521622
43,-0.15011963667898634,-0.3653326901232191
10,-0.3981011185860799,-0.6600898359619289
19,0.45669218630036085,-0.43653132087761926
31,0.02407126085344822,-0.6196746391747353
17,-0.19319595281532184,-0.6353020207963342
42,0.8021425316114593,-0.46512949526758735
36,0.4504043557874105,0.3950779295818255
48,0.35507774959319033,-0.8891281733860151
46,0.894641193601783,-0.08603485526508284
44,0.2987193971922359,-0.5482087132686849
28,-0.8068740344082359,0.07889028372780865
37,-0.932066202443824,-0.4680756969742783
