input_data/5_10_graphs_0.75g_0.25ng/graph_sample_21 0.5589697360992432
0,-0.07154449190441317,0.4261185984149215
1,0.20007307302199032,0.5263945185348681
2,-0.5911546956995323,0.1446067895010645
5,-0.29769160878572404,-0.004146698638048549
8,-0.2708516054281675,0.6083120080870893
10,-0.012897565883324302,-0.8475351456180975
17,-0.5506139799075813,-0.22050664025716318
21,1.0,-0.13208257686119976
25,0.14182902768310782,0.22212301015191102
26,0.7695419672647098,-0.03969215901087345
27,0.6348242984381224,-0.7104010114365434
33,0.019398273027198727,0.8771719239277701
37,0.0920091706425767,0.7223915314343878
38,0.3312053722747165,0.9111674526501365
39,-0.37962428073678733,0.6365257784739636
42,0.19728329596999475,-0.29989035222719623
49,-0.2745688459601555,0.25366353308189676
4,0.33942606734262126,0.22010962082076893
7,-0.7231089848799954,0.5349993236748984
9,-0.4990664940409665,-0.3375119343137822
14,-0.8843243924727924,-0.20588965834915995
23,0.09390023161053321,-0.1148119868441224
32,-0.22722161906845606,0.945139537604654
35,-0.7032490820734354,0.26724126613095656
44,0.7173513310957,0.2572057454369799
48,0.32497790323819203,-0.48894913962942066
11,0.22698652425740692,-0.7623918011254343
16,-0.18485784898214996,-0.4815416267482435
18,-0.3912005828674492,-0.6813835634285839
31,0.5560730553528082,0.15691542722261048
3,-0.3347939357017682,-0.13722526025595497
6,-0.8011449391279387,0.00515809084193914
12,-0.6360140405927512,-0.7345736626075677
22,0.5136471640109274,-0.3121807030272963
24,0.5416673815825029,0.46561614409371876
28,0.44651662789891916,-0.63795886220647
34,-0.5393287278379788,0.5509834590651369
43,0.40287458655356734,0.39206277944937173
47,-0.10282836181966179,-0.5420697242842476
15,-0.20200552856687626,-0.15841624582953376
13,-0.7081169353707673,-0.4653897333986014
20,0.14688489574596322,-0.46866921092476804
29,0.37302848125137844,-0.11168526759349924
40,0.47591938846587856,-0.011869843821639045
41,-0.054957415145795635,-0.011282014896654358
46,0.055810663479946766,0.3652714838602514
30,-0.4653139785094399,0.33391690279666464
45,0.7715256135762827,-0.4358230240273918
19,-0.20352925504300168,-0.9848913401376163
36,0.737254802621864,0.5156742622431497
