0,0.6393047522355506,0.4926182260696707
1,0.6079123929463409,0.0027936715353944945
2,0.4935502385660229,-0.42233276220193405
4,0.7932751130357801,-0.13807338856826185
5,0.21230927217738635,-0.1263835296104269
6,1.0,-0.0025025380857025175
7,0.47534328049410185,-0.27555075913513066
8,0.5054268703643819,0.6279167325634617
18,0.6617221817849207,-0.37381826284232617
27,-0.18057363925098405,0.0724630868240036
32,0.12175062769204785,0.7540497499411286
39,-0.10596412050995238,-0.1101206876362589
40,-0.11040127392129431,0.8729002805157312
41,-0.06911293992514765,0.27744113149228605
43,-0.34039218418557976,0.28411031048918645
45,0.31536929809794134,0.8613919173263881
47,-0.3279146534114128,0.558744378766242
49,-0.29392288449183257,0.8555705313991473
9,0.68249674782754,0.38159771297284234
12,0.34906136283365424,-0.7904719932234621
16,0.04599743316670527,-0.04634764257881031
17,0.060859001822870684,-0.49807641207128195
24,-0.6409621526199655,0.3390164431200931
25,0.20001213289609487,-0.3798716565248608
29,-0.4879950481483772,-0.22711857425665438
33,-0.6191689998996969,-0.482379691723108
36,-0.8170768889722765,-0.4011471949138422
46,0.06317026016670237,0.5246507944033394
10,-0.06616667970395888,-0.9298717418109477
11,0.15418070667113218,-0.9143290692533842
15,0.66053476367632,-0.8208640855427892
23,0.1501481681677894,0.05838797192185231
37,-0.348828879828609,-0.3809611796562537
38,-0.8268622126790159,-0.08535547806101776
42,0.36006368341538664,0.4683348864486566
48,-0.8040536641830519,0.3631658550526129
3,0.21698699769198565,0.42081040033090444
21,-0.7995020672758265,0.1694198520260264
28,0.7186032030499306,0.19019439032850816
34,-0.4136841623605321,0.011139930218469273
30,-0.5376311470109166,0.4013313428970314
20,0.3833877513666749,0.14579344519320273
22,-0.16989472382365806,0.6189594637137341
26,-0.2817782953847717,-0.6066648090946681
14,-0.4130915720890165,-0.6963797856649534
19,-0.15378275541656955,-0.347579833630851
35,-0.2684433810512954,-0.75228395421776
31,-0.5492810617258473,-0.12706399989302544
13,0.35351708621753203,-0.5065194242702356
44,-0.5984979384952047,0.689265948918033
