input_data/5_10_graphs_0.75g_0.25ng/graph_sample_5 0.6029720306396484
0,0.4297207887208114,0.8339154265781926
1,-0.15712536852771958,0.8946048643625688
3,-0.4009910568995348,0.49316920766022543
4,0.7008343627736033,0.37038153777585264
6,0.6563482215867047,0.6965916868486696
7,-0.6380080843688339,0.40428005896947367
8,0.1631020334960468,0.5440103732635445
9,0.6352335700074432,-0.07727500780523906
20,0.4981331180957986,-0.1861750719838754
23,0.8256645278195102,0.00799858208613699
27,0.9366548610117346,0.21879322655586592
29,0.48860891058393613,0.0926630399274421
34,0.6531279857569514,-0.47332352097981933
36,0.2235309990784638,-0.1251972719271208
45,0.06113265111246132,0.9698683633083232
47,-0.21957576482205643,0.6945765530217547
48,-0.2962605802908827,0.38418734586555936
49,-0.5547615560648715,0.8687921426663983
5,-0.19222486323270893,0.08282438859720818
13,-0.8086687600690718,-0.012575127483195619
15,-0.6610752226082225,-0.23414912027060467
18,-0.3812354048512315,0.07175148908078556
24,0.2939894110041684,0.3755584628961646
38,0.016036162406329175,-0.6881994633826266
39,-0.11228520307728163,-0.9408770927120219
44,-0.4903769305794958,0.17974471953022178
46,-0.7992411667714773,0.6699666944852591
2,0.40738628769032664,0.2538901574299849
10,-0.05659542025088757,-0.28615610561110955
17,-0.4116029841582857,-0.3457325296012317
32,0.33703253136449174,-0.6889170227493381
33,-0.21322960458545298,-0.8049477512465841
37,0.6806619515138599,-0.6682013374274354
31,0.20607637591511319,-0.6330924761850534
42,-0.31103347140496385,-0.07188278671558378
43,-0.0109872831447383,0.44809524402669215
21,0.24357996192729986,-0.36970961691264714
28,-0.018061715061111535,-0.04304609977168145
22,0.8269447886316043,-0.30618177108018135
26,-0.007171184102280658,0.6536583577830932
41,-0.8731631131854376,0.22536505764787096
11,0.16395700518610784,0.10361710177488206
19,0.46545293148406247,-0.6894752274369995
30,-0.5256431896352641,-0.5261596847859912
40,-1.0,-0.16634538009532795
16,-0.7059273745338698,-0.6122356807052549
35,0.09758804016608202,-0.9210626358522295
25,0.45678368342304454,0.5075653576602475
12,-0.4417468040479356,-0.6952052578540117
14,-0.18058905448233875,-0.479746399227254
