input_data/5_10_graphs_0.75g_0.25ng/graph_sample_0 0.6146001815795898
0,0.203962901707931,0.3514667809859842
1,0.242625558132469,0.6567228506335194
2,0.04647314177237139,0.7461851010682352
4,0.46789663194119074,-0.4781593273088875
5,-0.07499108242263319,1.0
6,-0.04915482377640664,0.08019742644328347
9,0.7070703499075837,0.582340304817521
11,0.8074122754365242,0.29715113876900856
13,0.9353602530773293,-0.05010605642883006
19,0.38622402241224707,-0.19235952296417455
24,-0.7430210895541195,-0.38003452340416377
25,-0.38437589328157756,0.15463945653691416
33,-0.21853998167622232,0.7600165759211827
36,0.331065016520029,0.7828970802513742
30,-0.04777819538676678,0.5296812616751013
31,-0.6381231733658793,0.4868721279787154
47,-0.2261492400198643,-0.9980600365611957
48,-0.3122193322400175,-0.7464639180995111
3,-0.304305298503698,0.5191593381082864
7,0.5731056637394515,0.8624819007028711
8,0.4431187065585498,-0.03938050166045676
15,0.9340243450985015,-0.2701490004502158
21,0.11931418982699692,0.01880577392167677
28,-0.5707665659972023,-0.12468438262895745
44,-0.9236650864756754,-0.3511526368987401
10,0.7117167537668898,-0.4041749356125153
16,0.4874841624061993,-0.6977221588958747
17,0.5808266996381899,0.45487965059464097
27,-0.9244147395372501,0.5141738490918139
35,-0.47319489056107505,0.7404291956157718
38,-0.6594569994810066,0.04337332640286818
42,-0.5551042072132316,-0.6719327181030817
39,-0.1470938220054695,-0.22662749383086714
43,-0.9237230081822839,-0.07457273252928619
45,0.07433559743732628,-0.2552242468407573
14,0.6814792200982874,-0.04373299705269458
22,-0.029559047840910683,0.3038005415892509
26,-0.09261991696948858,-0.8305139577988467
34,-0.345759063253226,-0.3528736473237132
37,0.584263307021887,0.16121740786407524
20,0.137415446914848,-0.39738718479197865
41,-0.32022796006942594,-0.09648493581303862
18,0.7285441665710876,-0.7910195629468441
23,-0.6516782469964498,-0.5682167640368624
12,0.3279952760425493,0.29468788499117127
40,0.23214154254387834,-0.8626612631452905
32,-0.38908069289787295,0.2806277757547134
49,0.07688074000325205,-0.5945714012751461
29,-0.6386892721504572,0.30042819507123814
46,-0.17704433871736047,-0.4239690383872885
