0,0.18960673569528247,0.4531081428500298
1,0.8679678430644823,0.1444676696211647
2,0.637907538956271,-0.061558090072325676
3,0.954653365106531,-0.15253843704356762
4,0.20106618666917309,-0.2159178968481776
5,0.6084996152831287,-0.4889522005422598
6,0.5070550699087255,0.5931502631563543
7,0.8620553433775094,0.4259990441431282
8,0.30076880129046035,0.21563595148130163
10,0.3906372943024845,0.8382023963271922
12,0.6785487076408343,0.229188938093736
13,-0.33549200949315516,0.28512335989662557
14,0.07063388543914391,0.7190192995626786
15,-0.2038457590483162,0.5335233905892174
17,-0.11542485439842326,0.10239755443293798
19,0.19825797681495358,1.0
21,-0.7381919995991616,0.3172571861366772
28,-0.45811147666299284,0.6332208541242259
29,-0.8025183183514049,-0.3730422126214779
32,-0.6226009472938088,-0.4826252148021767
34,0.13137094555053422,-0.12336598554375104
36,-0.5668816110686711,0.4750437763291061
30,-0.6262628125967911,-0.0088539236934667
9,0.6931444679074213,-0.25981547260978294
16,0.18898728727366781,0.2773674570368763
18,0.3258484511839949,0.03387823486210367
23,-0.510306260412547,-0.48436922192682436
26,-0.7162385832518167,0.16849636528498238
43,-0.008159749073634957,-0.09555999028809369
37,-0.3425289773376509,0.10047931410657203
38,-0.02754447128287154,-0.5542567878531118
39,0.2768203350512293,0.5816448795946989
42,0.3150289825118111,-0.43974543418726997
48,0.16074871808285937,-0.6612788804736611
11,0.4996091145700956,0.4075230969401658
20,-0.11904711012765089,-0.3397956681180211
35,-0.22686779315831465,0.7537264533150931
40,0.7350102377836418,-0.682348550208068
46,0.3634503860713351,-0.8078967331855
41,-0.3525470745240289,-0.29755625061261026
44,-0.2417653736786265,-0.648763031109965
49,-0.16871589295095343,-0.8773611770058287
22,-0.8921934168307367,-0.16901026805290403
33,-0.8281825542976404,-0.025727114690785622
31,-0.45765839337551106,-0.7176270810261467
45,0.42546898076270484,-0.2804296770441301
47,0.13108741394708395,-0.8506684616740461
25,-0.16411240462773577,0.35444573504582166
27,-0.7082385736482619,0.7166184871524391
24,-0.4807972671546527,-0.2604540888491769
