input_data/5_10_graphs_0.75g_0.25ng/graph_sample_14 0.5211431980133057
0,0.47878616964935605,0.9094686418869147
2,0.00976323420378327,0.5614695100987575
3,0.8674818236445128,0.42555562527295054
7,0.46004222888903873,-0.002889078021431018
9,0.8565870891392875,0.2428822161365104
11,-0.24801143492452687,0.8849348326627051
14,-0.5175826419155167,0.9488252495452345
16,-0.7071834341924591,0.7126198451121293
21,0.44765126432824126,0.28990809165078235
28,-0.18982686494257034,-0.2108920194754734
47,0.7048409327737122,-0.5678255351950975
1,0.6872191105478155,0.6724757324578009
4,0.32175602046938084,0.5622845029193606
5,0.22067488294755597,0.8412704188619836
6,0.1862068402514359,0.28468111656323414
8,0.8964099063021054,-0.18546834579845908
13,-0.9259614485129793,0.39493152591311204
15,-0.1587098281247738,0.26816497523764576
24,0.3178699579934515,-0.7145107026010775
34,0.25737020224374224,0.42109586331343724
35,-0.3097464242659293,0.681995388276189
37,-0.27896514242648435,0.33313535898716423
43,0.6850427050385475,-0.018761759851010255
49,0.6984604657497749,-0.8077926187967076
10,-0.8674043713513361,0.006979203913140487
19,-0.5613534285018363,0.3481723203231781
22,0.12052770260627708,-0.5351738564639507
23,0.19500130846134345,-0.004901757594689476
29,-0.6245887624741476,-0.08401409550090722
33,-0.7624825741972434,0.20409757983954022
36,-0.48459141335957306,-0.036419434948763985
42,0.9593420950874698,-0.32577156023008336
20,0.33526567785994194,-0.37082552846319855
26,-0.6989488241914101,-0.6390075530127697
48,0.8984521004516528,0.05405261744817985
12,-0.41053499838039137,-0.5793659131293072
38,-0.32853184839806127,-0.3928046973899433
31,-0.5123106001987938,0.526784291101352
17,-0.6917750845283102,-0.38020081157579616
18,-0.06017685755174195,-0.07732365036962757
41,0.08721230607310966,-0.32461026062222575
27,-0.17799595697681392,-0.6138129635748372
40,0.5548419221286895,-0.3477941321470521
45,-0.09358761446226747,-0.8983385115995685
39,-0.8562686368154776,-0.5292808905739653
44,0.403964948804177,-0.8973688070708551
46,0.1745357451464869,-0.9875112352747254
25,-0.37964627179278815,-0.8498169771690464
30,0.020877821694542612,0.8929532393783067
32,-1.0,-0.08625545044904011
