0,-0.5156167093570165,0.38602681172069087
1,-0.3530729290888832,0.6478491992160124
2,-0.6425765050794356,0.2370898425492971
4,0.5644659257981871,0.06652546782509994
5,-0.10598521404797157,0.1918759155541222
7,-0.04735343340749067,-0.11686882809694447
8,0.09841648330138221,-0.44138179625742546
9,-0.08926569639006346,-0.5205399957677487
10,0.2676139097024936,0.8736705845554803
11,-0.1669794293549605,0.9049562633637522
12,-0.0463275489514185,0.669520091638286
13,0.13064297851262366,0.02740322115221352
24,0.39954562793479026,0.4721205505468716
28,0.3135521947109701,-0.350268492435844
33,-0.8115714410421532,-0.07678823778186884
34,0.014166613638981213,-0.3242915758204739
31,-0.4764512604059998,-0.6215203803491427
40,-0.1919410895089464,-0.4440385035712048
42,0.3183838686732511,0.12048216430406132
6,0.2791351953548997,0.3616422423766609
17,-0.5243079816473304,0.16882079804752798
22,0.5032812505644997,0.6784714068432245
23,-0.06723126202871499,0.4421442755853502
26,0.20067713690577932,0.19862237949493222
32,-0.5785866344632751,-0.13735234054348758
35,-0.2114834133348995,0.055891194232132575
41,-0.42663361678818257,-0.7013162435579824
3,0.40907339401167614,-0.12393858208899075
16,-0.5534392952309876,0.6719453847693949
18,0.15110558504829208,0.6918549027228258
25,-0.2824820566889215,0.1626182412165485
27,-0.3213907190498704,0.804086240269006
36,-0.7651267648359967,-0.6107723308795858
38,-0.32447753514472966,-0.3092947358765841
44,-0.6634615088103437,-0.39678131300967123
48,-0.46673438549278023,-0.29203313026481953
14,-0.2622494951509089,0.43027917060131077
19,-0.8093435632818256,0.25548786451098593
39,0.5536983049663005,-0.561764046354082
30,-0.1889191001309695,-0.7399766087404871
46,0.5583137484590264,-0.6920201709089464
49,0.2542040440843755,-0.5758965211498515
37,0.7575409544200903,-0.3742135465299632
20,0.737107949467615,-0.0527761752181171
21,0.7436171262215933,0.32622856360396224
45,0.2758582130688593,-0.8112718431606312
47,0.6178547917843754,-0.25373232274114643
29,0.8716273930405439,0.12627791651611242
43,0.12787462396507737,-1.0
15,0.7452512750783934,0.5569470278891366
