0,-0.522215294610101,0.6539040943094029
1,0.6111855666193765,0.4616701989441091
2,-0.5829932789553848,0.2609552572288258
4,0.20315398117476588,0.9632724888094656
5,-0.29250522326720935,0.16254023913821855
6,0.04627287116452021,0.6059327317425038
7,0.3785622077375999,0.5063161412751753
8,0.29222117587152385,0.7738436310762218
14,0.6645888050426764,0.2817166037602954
19,0.5167761295647715,0.6451944098987413
21,-0.45653004502427447,-0.3520219005655459
23,-0.20416678554987566,-0.14480137512150346
27,-0.3149405859539978,-0.5777134875011437
34,0.8997546866824535,-0.32306320485140927
31,0.41986063565133996,0.29399854957195126
40,-0.6144341783435534,0.03731056522451181
41,0.05619885405807089,0.411422050681974
44,-0.7976004394568521,0.17926186815512998
3,-0.3005614933832868,0.5189834356734561
9,-0.6040855885360515,0.4670975832420339
12,-0.1517122979259816,0.8167172474619094
16,0.13218096976943436,0.05048754851596081
18,0.4740826491695246,0.15266529039318683
37,0.18072416006791728,-0.6081856262162211
48,-0.2842369914119716,-0.3453601400281177
11,0.040277131128350206,0.7762087440061836
25,-0.6728897979588905,-0.22379671847716479
28,-0.8899276838484959,-0.059095325816066344
29,-0.3645337392096842,-0.834518496220882
36,0.6756182062755486,-0.3278088413002644
46,-0.08518224358709453,0.007464351104199698
49,-0.7398369530295039,-0.49724554796767184
13,-0.08351718410985924,0.2758885483402051
26,-0.031113402559719113,-0.3316316782385398
15,-0.4117019616010097,0.704644613295802
22,0.2698719654996607,-0.7226170555247338
39,0.5899170827694459,-0.016338685159392463
20,-0.969238977737121,-0.3931340376577141
24,-0.5601710407100313,-0.7174308870920362
32,0.1559274238871429,-0.11070451070388462
35,0.3986636232955991,-0.45540151590914524
42,-0.083026578480662,-0.8181790903967663
43,-0.391346211695154,0.0002245266508808925
10,0.6838681790446396,-0.44960397260643953
17,0.331319964056024,-0.088886590422147
33,0.7824646955980339,-0.03594849332609175
30,1.0,0.26055161672281724
38,0.49279774095070744,-0.7151873593827294
47,-0.11440169379139657,-0.650287493741523
45,0.22658096565803604,-0.469310300996027
