42,0.695236,0.882011,2.6529,3.47685
45,1.02653,0.813754,2.44897,3.52508
30,0.703329,0.967664,2.61335,3.3744
9,0.869011,1.1835,2.63725,3.60077
14,0.923018,0.993952,2.93372,3.3974
43,0.922178,0.979215,2.56379,3.48651
19,0.979529,0.763213,2.67225,3.46619
47,0.725919,1.19569,2.69057,3.31636
22,0.954667,1.09092,2.62828,3.47382
37,1.09098,0.954083,2.54757,3.47627
13,0.826277,1.07114,2.9222,3.38516
33,1.40504,0.661015,2.78845,3.54195
3,1.02277,0.931423,2.70897,3.33422
29,0.669954,1.08875,2.5498,3.38787
4,1.02097,0.751119,2.59011,3.62688
34,0.956113,0.985917,2.54129,3.27852
21,0.850242,1.35171,2.7345,3.26148
12,0.873113,0.842187,2.47531,3.52214
49,0.657947,0.908529,2.64853,3.30488
1,0.6704,0.900186,2.41836,3.68991
39,0.738328,0.960857,2.65492,3.47189
10,0.831588,1.02833,2.61533,3.31648
31,1.01467,0.964231,2.86687,3.32582
46,0.730309,1.09831,2.78517,3.23705
32,0.971731,1.02456,2.50341,3.39635
25,0.713526,0.954252,2.57805,3.43057
0,0.589903,1.24171,2.64257,3.66745
7,0.842465,0.976559,2.67232,3.39112
18,1.14422,0.807341,2.61358,3.55789
26,0.818335,0.911484,2.71806,3.51185
16,0.903143,0.887128,2.79826,3.38504
23,0.911952,0.976594,2.73934,3.51266
17,0.921915,1.08225,2.38309,3.5738
40,0.835569,0.772706,2.56336,3.42813
8,0.704973,0.884179,2.8021,3.48139
48,0.810072,0.952557,2.87223,3.18477
2,0.941865,1.11778,2.71285,3.21402
15,0.81528,0.816735,2.48406,3.7566
24,1.07885,0.821732,2.76619,3.49396
27,0.966648,0.720142,2.52178,3.41525
28,0.917719,0.922279,2.93175,3.21762
44,0.781294,0.921815,2.53501,3.62298
5,0.632874,0.879265,2.62647,3.52643
35,1.20843,0.867344,2.50884,3.60031
41,1.02038,0.836202,2.73641,3.47483
11,1.11963,0.670285,2.57424,3.57014
20,0.921179,1.07379,2.91992,3.3671
6,0.847114,0.836395,2.79671,3.34037
36,0.971892,1.06304,2.91501,3.30535
38,1.13673,0.870169,2.5408,3.59495

