34,0.240416,1.15591,-1.44747,-4.1738
17,0.325566,1.15526,-1.72314,-4.05612
6,0.203324,0.913952,-1.45259,-4.11281
44,0.35884,1.03253,-1.43311,-4.15666
19,0.364146,0.808502,-1.62298,-4.27517
27,0.565094,0.978337,-1.43123,-4.14848
38,-0.0132405,0.959914,-1.51165,-4.18154
3,0.288408,0.832859,-1.56458,-4.02211
40,0.32757,1.02825,-1.69451,-4.07876
36,0.512398,0.824885,-1.52846,-4.16875
2,0.37068,0.852705,-1.4931,-4.07421
37,0.705574,0.960838,-1.55873,-3.97484
41,0.29382,0.859078,-1.40225,-4.2424
30,0.0256126,1.01957,-1.69304,-4.08902
13,0.374184,0.998468,-1.72628,-3.98975
20,0.108706,0.934473,-1.6299,-4.21592
46,0.250105,0.925956,-1.69402,-4.02382
49,0.505321,0.844177,-1.81832,-4.02316
35,0.400985,0.953624,-1.50039,-4.10501
29,0.433761,0.956969,-1.56044,-4.26084
31,0.534274,0.867747,-1.40558,-4.03421
25,0.479858,0.830958,-1.51019,-4.30007
45,0.183805,0.891641,-1.64,-4.08354
5,0.278208,0.956273,-1.33343,-4.11342
23,0.431571,0.938059,-1.26162,-4.23599
26,0.237681,1.06875,-1.60967,-4.12204
43,0.408456,1.03602,-1.53738,-4.15979
14,0.233568,0.93467,-1.58618,-4.19014
22,0.342949,1.05547,-1.4704,-4.14936
12,0.383649,0.887182,-1.47347,-4.05498
21,0.114709,0.942063,-1.41817,-3.97701
48,-0.0828221,1.255,-1.5125,-4.12006
4,0.366639,1.10956,-1.29498,-4.23001
16,0.381907,0.924803,-1.4203,-4.1092
15,0.329401,0.920781,-1.46022,-4.14999
11,0.481966,0.824595,-1.87002,-4.03937
1,0.0772146,0.978409,-1.45478,-4.15771
42,0.65823,0.775617,-1.77648,-4.08663
24,0.0429924,1.04458,-1.41785,-4.02633
33,0.71545,0.778064,-1.35226,-4.12805
39,0.16112,0.927926,-1.60318,-4.17461
0,0.225979,0.915078,-1.27824,-4.15942
7,0.638533,0.888066,-1.66183,-4.10209
18,0.258873,1.02749,-1.45644,-4.17933
47,0.137578,1.1553,-1.58363,-4.10588
8,0.547573,0.822381,-1.64699,-4.13471
28,0.237516,0.889855,-1.66622,-4.17371
32,0.255533,1.10192,-1.43535,-4.19095
10,0.38378,0.819753,-1.52135,-4.17259
9,0.225639,1.09508,-1.38383,-3.93321

