7,-0.577154,-0.641471,5.98965,1.32556
1,-0.658884,-0.544964,5.88269,1.4498
28,-0.743241,-0.482499,5.9523,1.37139
49,-0.459439,-0.531113,5.88406,1.9377
8,-0.480314,-0.559179,5.78127,1.19913
45,-0.561421,-0.646187,5.90721,1.768
25,-0.457771,-0.648959,5.83429,1.65322
3,-0.669491,-0.529644,5.96415,1.56468
34,-0.623892,-0.56199,5.88848,1.8558
47,-0.553278,-0.528202,5.80795,1.39466
36,-0.306356,-0.717682,5.89036,1.41835
31,-0.511443,-0.552197,5.89325,1.57811
26,-0.698661,-0.592624,5.78537,1.49432
12,-0.59622,-0.476024,5.73275,1.38082
22,-0.522892,-0.603954,6.06237,1.70022
14,-0.594352,-0.627959,6.02272,1.22128
21,-0.37361,-0.686189,6.17773,1.39165
29,-0.593273,-0.492526,5.77626,1.44208
42,-0.617096,-0.567321,5.86085,1.38697
2,-0.604102,-0.421924,5.85829,1.70276
4,-0.349741,-0.812581,5.88484,1.3339
15,-0.558822,-0.587645,5.78194,1.4961
9,-0.547132,-0.579855,5.95308,1.42135
19,-0.483218,-0.721669,5.7322,1.68324
10,-0.61741,-0.571887,5.91932,1.34031
46,-0.315243,-0.718064,5.9377,1.55322
27,-0.394941,-0.66548,5.82995,1.25476
11,-0.510288,-0.612039,6.06007,1.80473
5,-0.453001,-0.653419,5.81651,1.45946
32,-0.584876,-0.564423,6.05942,1.43668
24,-0.455083,-0.689944,5.52686,1.57029
18,-0.539219,-0.628363,5.9318,1.72867
41,-0.63059,-0.570194,5.81808,1.69586
33,-0.63852,-0.570145,5.85027,1.44547
43,-0.898426,-0.50508,5.95153,1.38109
38,-0.586837,-0.516289,5.7298,1.50851
6,-0.475627,-0.719163,5.92774,1.4512
48,-0.36472,-0.700724,6.05713,1.47251
0,-0.638408,-0.233657,5.7045,1.42975
20,-0.511716,-0.499439,5.70665,1.53383
44,-0.417576,-0.627429,5.78694,1.57511
23,-0.720707,-0.418351,6.02504,1.42182
35,-0.496465,-0.552773,5.84626,1.19203
39,-0.51964,-0.551166,5.94564,1.41561
16,-0.652631,-0.511428,5.81633,1.48152
13,-0.317025,-0.758684,5.80756,1.58989
17,-0.353941,-0.701449,5.78883,1.60905
37,-0.580475,-0.546805,5.94848,1.54121
30,-0.456323,-0.630992,5.79523,1.53047
40,-0.469573,-0.680575,5.6346,1.43851

