29,-0.119911,0.0741479,-2.64489,-5.533
17,0.309075,0.101961,-2.61784,-5.58701
35,0.16288,-0.0332305,-2.83357,-5.65007
14,0.161006,-0.166339,-2.7036,-5.53829
38,0.263513,-0.0695088,-2.80542,-5.61906
4,0.382457,-0.235034,-2.81238,-5.73596
42,-0.0952132,-0.0504991,-2.72378,-5.65586
26,-0.125815,-0.106726,-2.57933,-5.75111
19,-0.0639197,-0.331789,-2.69951,-5.67076
36,0.0595078,0.0719939,-2.69766,-5.70721
7,0.202873,-0.115747,-2.99604,-5.57461
9,0.0702236,0.315481,-2.66817,-5.59351
39,0.0981948,-0.0282162,-2.53858,-5.75241
22,0.152214,0.0205195,-2.53269,-5.72434
24,0.0717117,-0.0853433,-2.78913,-5.62292
30,0.09674,-0.199287,-2.66746,-5.61087
1,0.109066,-0.143347,-2.71228,-5.49873
44,0.259161,-0.200491,-2.9134,-5.61042
45,0.186362,-0.0651482,-2.89339,-5.5477
16,0.143086,-0.113629,-2.60153,-5.64726
15,0.379403,-0.11179,-2.94765,-5.80019
3,0.30718,-0.115011,-2.84844,-5.5903
13,0.0759263,-0.0568295,-2.7463,-5.69519
33,-0.01404,0.000372527,-2.82763,-5.68273
5,-0.278188,-0.00447343,-2.93058,-5.7542
47,-0.0945431,-0.163252,-2.75066,-5.79208
12,0.0909949,0.0598885,-2.94108,-5.54146
46,0.124404,-0.215673,-2.64972,-5.68577
41,-0.327451,-0.0679832,-2.68826,-5.50879
49,-0.015013,0.0722699,-2.70716,-5.67935
32,0.02118,-0.220707,-2.81859,-5.6826
27,0.00421683,-0.0726965,-2.82235,-5.82531
31,0.335875,-0.232156,-2.61742,-5.68508
6,-0.134006,-0.134729,-2.51353,-5.70549
48,0.0683763,-0.190392,-3.10002,-5.37075
34,0.230441,0.159685,-2.3915,-5.87534
25,-0.0973083,-0.12415,-2.77105,-5.45598
28,0.297965,-0.02958,-2.84548,-5.69933
0,-0.0214991,0.0280472,-2.51071,-5.49835
23,0.15453,0.258506,-3.06125,-5.66389
37,-0.100097,0.0365618,-2.89834,-5.65667
10,-0.0530919,0.176462,-2.96545,-5.54167
21,-0.103238,0.0603635,-2.884,-5.62488
20,-0.0672169,0.10156,-2.7515,-5.3462
2,-0.219951,0.0896556,-2.89808,-5.45857
8,0.00734153,-0.203379,-2.8618,-5.70015
11,0.207201,-0.0514825,-2.9296,-5.63269
40,0.188626,-0.0270576,-2.73583,-5.65273
43,0.124153,-0.214462,-2.71082,-5.33943
18,-0.0776374,0.128502,-2.44505,-5.75746

