37,-0.391796,0.18531,6.12839,2.12266
1,-0.434722,-0.244855,6.4405,2.19651
26,-0.606656,0.0478435,6.36436,2.23782
27,-0.580268,0.167314,6.21608,2.10928
20,-0.592106,0.143846,6.44468,1.86885
11,-0.644968,-0.0174196,6.14008,2.15194
35,-0.566565,0.321017,6.4494,2.03864
47,-0.571198,-0.355685,6.24364,2.07783
30,-0.572755,0.130153,6.20522,2.05808
42,-0.581002,0.137517,6.50002,2.50412
4,-0.630136,0.102972,6.16043,1.82419
45,-0.478071,-0.00633953,6.48565,1.86618
21,-0.710562,0.0323533,6.3745,2.03649
9,-0.798824,0.179517,6.14324,1.88246
14,-0.613791,-0.120225,6.47543,1.75922
19,-0.607016,0.157828,6.48393,2.11479
49,-0.485249,0.245206,6.40176,2.0922
31,-0.67871,-0.156523,6.20636,2.15273
2,-0.609537,-0.0300148,6.13557,2.01511
16,-0.530979,0.178434,6.25939,2.09246
12,-0.535445,0.244035,6.19704,2.0913
32,-0.498133,0.3002,6.19448,2.05104
22,-0.642727,-0.191936,6.48016,1.99932
10,-0.535549,0.518827,6.40646,1.98712
25,-0.410264,0.0794216,6.42965,2.31637
40,-0.518426,0.0730958,6.24798,1.92027
44,-0.641052,0.0654933,6.18071,2.27362
28,-0.558018,0.00822669,6.33698,2.22118
17,-0.715897,-0.163509,6.35749,2.11203
13,-0.647875,0.182187,6.31806,2.07008
33,-0.535979,0.208458,6.35362,1.96175
3,-0.609684,0.114683,6.22435,2.12665
24,-0.642722,0.0568189,6.12919,2.09847
23,-0.418959,0.0973463,6.37247,2.2128
46,-0.499414,0.273524,6.27819,2.35733
36,-0.654836,-0.0203524,6.32936,2.17283
29,-0.643419,-0.0414473,6.2563,1.7986
18,-0.587668,-0.257129,6.41456,1.75915
6,-0.452056,0.066429,6.3249,1.96329
43,-0.535257,-0.00144247,6.3502,1.98584
48,-0.418086,0.0231336,6.27997,1.84717
15,-0.633228,0.177198,6.37506,2.1368
38,-0.631552,0.168979,6.373,1.9185
39,-0.6531,-0.280834,6.40046,2.14172
0,-0.453193,0.0255373,6.41239,2.0724
5,-0.581744,0.0649283,6.23909,1.96961
8,-0.612202,0.0683205,6.31576,2.31324
41,-0.764888,-0.110184,6.11976,2.13721
7,-0.561832,-0.116208,6.18082,2.30809
34,-0.648819,-0.0555438,6.09737,2.06013

