21,0.505023,-0.205769,-0.492737,-6.00784
37,0.346128,-0.464822,-0.768145,-5.9505
43,0.286476,-0.477789,-0.926201,-6.0137
32,0.458797,-0.474315,-0.532448,-6.12576
42,0.5737,-0.249771,-0.805987,-6.12003
16,0.48832,-0.325852,-1.01097,-5.9096
19,0.358824,-0.193574,-0.989292,-5.91179
38,0.453468,-0.481255,-0.609781,-6.14001
45,0.409458,-0.239501,-0.96688,-6.16579
40,0.291528,-0.49337,-0.584022,-6.07185
30,0.484333,-0.400524,-0.730607,-6.01882
2,0.359862,-0.378872,-0.898612,-6.10668
8,0.225003,-0.485252,-0.704206,-5.88301
10,0.309553,-0.578152,-0.785714,-5.99984
6,0.157842,-0.598813,-0.81973,-6.02797
28,0.638526,-0.176757,-0.849186,-6.10626
33,0.422505,-0.453811,-1.01135,-6.05806
22,0.456482,-0.405892,-0.875671,-5.98163
14,0.418659,-0.370685,-0.777647,-5.94295
5,0.709705,-0.323361,-0.418598,-6.21585
23,0.307054,-0.38574,-0.926426,-6.05416
46,0.618237,-0.123718,-0.832293,-6.07924
34,0.31939,-0.21391,-0.598238,-5.95906
35,0.701618,-0.195269,-0.69729,-6.00011
18,0.347757,-0.484669,-0.751685,-6.16653
26,0.40925,-0.53868,-0.959172,-6.16834
48,0.415324,-0.409126,-0.655942,-5.97378
24,0.249698,-0.633918,-0.685672,-6.10259
9,0.366029,-0.471637,-0.68012,-5.96648
1,0.344453,-0.487975,-0.773331,-6.11014
17,0.332262,-0.34993,-1.0414,-5.95015
31,0.24944,-0.583614,-0.621184,-6.14248
39,0.426598,-0.246218,-0.849053,-6.18443
15,0.40401,-0.384815,-1.00258,-5.87268
13,0.423692,-0.197843,-0.796473,-6.04338
47,0.399304,-0.498537,-0.588879,-5.8994
36,0.560545,-0.210684,-0.834566,-6.0848
29,0.328465,-0.486188,-0.566167,-5.87633
41,0.434461,-0.365086,-0.7895,-6.03759
12,0.464263,-0.357764,-0.298498,-6.25804
25,0.270277,-0.337982,-0.671355,-6.07033
7,0.432383,-0.391156,-0.838233,-5.75525
11,0.296069,-0.3973,-0.93352,-5.96199
44,0.240207,-0.321035,-0.791781,-6.05952
49,0.265914,-0.307686,-0.534665,-6.06953
27,0.286813,-0.59005,-0.868479,-6.17177
0,0.392575,-0.345149,-0.743189,-5.97972
3,0.350818,-0.331807,-0.826987,-5.95057
20,0.416879,-0.514997,-0.688517,-5.91996
4,0.346553,-0.545714,-0.659076,-5.85868

