29,0.408952,-0.77325,-3.72822,-0.976748
4,0.280511,-0.78055,-3.77962,-1.0521
22,0.202529,-0.939757,-3.81899,-1.12895
8,0.646874,-0.788417,-3.96262,-0.807879
14,0.194297,-0.698467,-3.87697,-1.07421
23,0.468312,-0.622822,-3.88954,-0.819705
6,0.106134,-0.922498,-3.98312,-1.0345
34,0.573303,-0.656468,-3.87915,-1.24412
15,0.314797,-0.867816,-3.88282,-1.12743
10,0.461661,-0.602677,-3.8745,-1.03651
2,0.528026,-0.497041,-3.96058,-0.885722
40,0.297195,-0.559315,-3.88793,-0.838201
16,0.410366,-0.659876,-3.73643,-1.47825
47,0.246748,-0.781702,-3.97574,-0.898663
31,0.199664,-0.611247,-4.02375,-0.8278
0,0.258848,-0.802065,-3.82124,-1.45008
30,0.122302,-0.797975,-3.82275,-1.01775
11,0.518163,-0.652269,-3.79967,-1.22312
12,0.51119,-0.677469,-3.88612,-0.885572
48,0.401087,-0.61699,-3.90475,-1.13159
1,0.609166,-0.504746,-3.90513,-0.901916
13,0.393573,-0.650969,-3.66823,-0.873813
43,0.144697,-0.670856,-3.91537,-0.944546
35,0.332832,-0.675474,-3.82102,-1.20641
38,0.409458,-0.628933,-3.94308,-0.983166
20,0.146359,-0.881862,-3.93681,-0.945785
24,0.385796,-0.582409,-3.74939,-1.21544
17,0.488565,-0.890224,-3.81884,-1.10094
19,0.412585,-0.541822,-3.71713,-1.28023
21,0.358703,-0.955112,-3.74783,-1.11283
46,0.0756446,-0.853041,-3.75309,-0.999814
18,0.348935,-0.72401,-3.86671,-1.15783
41,0.225217,-0.820899,-3.84868,-1.0849
27,0.435564,-0.891966,-3.77519,-1.27641
33,0.342311,-0.737064,-3.67124,-1.00082
25,0.271322,-0.88185,-3.88341,-1.12517
9,0.348052,-0.850867,-3.75609,-1.14011
5,0.260804,-0.858538,-3.90211,-1.21488
36,0.427224,-0.743699,-4.00142,-1.06648
45,0.478481,-0.838328,-4.06814,-0.904996
32,0.375947,-0.745427,-3.84988,-1.00359
26,0.384399,-0.69708,-4.01319,-0.969036
37,0.259444,-0.755395,-3.91085,-1.19239
3,0.314368,-0.736976,-3.79306,-0.969464
39,0.27634,-0.821346,-3.90949,-1.20899
44,0.434107,-0.670295,-3.85549,-0.92815
7,0.397779,-0.688738,-3.84212,-1.07765
49,0.509387,-0.748205,-3.87974,-0.952434
42,0.468368,-0.695507,-3.95076,-1.05314
28,0.445198,-0.702213,-3.89316,-1.02991

