20,-0.284109,-0.170091,-5.56732,-3.32487
13,0.0143969,-0.343649,-5.64883,-3.24546
0,-0.18065,-0.201608,-5.07535,-3.21477
49,-0.178566,0.0892272,-5.40498,-3.1746
43,-0.355338,0.11928,-5.09871,-3.41038
27,-0.175046,-0.244301,-5.55831,-3.26207
25,-0.175667,0.144491,-5.40631,-3.53596
26,-0.0198695,-0.0754174,-5.456,-3.36406
16,0.0676211,0.0032879,-5.28872,-3.30425
21,-0.276625,0.00723346,-5.34379,-3.18915
23,-0.0303581,-0.273281,-5.55251,-3.47089
14,-0.506341,-0.20565,-5.29539,-3.38436
40,-0.14654,-0.0874894,-5.38102,-3.32502
8,-0.113397,0.000960795,-5.30625,-3.5149
30,-0.0207747,-0.124993,-5.40297,-3.47338
44,0.117181,-0.0626557,-5.57828,-3.4072
11,-0.117735,-0.0404578,-5.32538,-3.53945
24,-0.0802609,-0.138227,-5.49924,-3.48342
29,-0.0959552,-0.111114,-5.13222,-3.40404
47,-0.0947457,-0.327733,-5.36317,-3.64583
41,0.136461,-0.247254,-5.42558,-3.47174
35,-0.17776,0.135853,-5.2225,-3.33888
48,0.0047661,-0.109193,-5.48873,-3.16062
38,-0.0144539,0.287641,-5.40818,-3.14622
7,-0.398403,-0.286026,-5.4506,-3.26151
36,-0.0356725,-0.270227,-5.29119,-3.61967
32,-0.216585,-0.347542,-5.58775,-3.32386
22,-0.13164,-0.186339,-5.13779,-3.53141
9,-0.295325,-0.283987,-5.52938,-3.22766
46,0.118544,-0.366924,-5.21269,-3.56972
28,-0.0141008,-0.0419302,-5.09942,-3.28347
19,-0.293147,0.0355967,-5.48488,-3.21848
15,-0.0268347,-0.0706021,-5.47957,-3.56656
34,-0.142058,-0.0665873,-5.37737,-3.35863
42,0.0293708,-0.110997,-5.57042,-3.17536
1,0.0315469,-0.134359,-5.31588,-3.40479
5,-0.031784,-0.26702,-5.24673,-3.27566
17,-0.432052,0.0386678,-5.27314,-3.59769
10,0.061057,-0.0641304,-5.20579,-3.19736
31,-0.0540716,-0.159326,-5.28822,-3.35421
18,0.010838,0.192027,-5.37446,-3.49483
6,-0.292503,0.0024553,-5.30736,-3.37828
3,-0.328548,-0.0592576,-5.47467,-3.18591
2,-0.0236368,0.0492371,-5.25034,-3.76449
37,0.207847,-0.23143,-5.23773,-3.1456
4,-0.0651992,-0.179925,-5.32255,-3.43613
12,0.0549059,-0.302777,-5.38965,-3.5273
39,-0.137164,-0.036358,-5.33461,-3.55495
45,-0.234994,-0.255986,-5.38658,-3.5187
33,0.0066196,0.132105,-5.2074,-3.26977

