41,0.0363059,0.168363,1.65312,-6.15384
16,-0.138513,0.337631,1.6404,-6.10926
9,-0.0020565,0.0665579,1.6852,-6.12353
0,-0.13661,-0.0358388,1.48678,-6.14508
12,0.323912,0.251797,1.63925,-6.15373
6,0.017456,0.209167,1.62479,-6.05205
46,-0.087037,0.124602,1.58713,-6.05453
42,-0.196904,0.14022,1.59484,-6.23588
26,-0.148327,0.144221,1.55711,-6.10123
48,0.217345,-0.00162366,1.51943,-6.04338
35,-0.41638,0.135645,1.40943,-6.32358
31,-0.190745,0.0139784,1.80638,-6.18489
19,0.245475,0.0254847,1.75388,-6.32776
11,0.0477942,0.0769876,1.45782,-6.08672
5,0.00160476,-0.149617,1.40891,-6.35284
43,0.0230117,0.171732,1.65555,-6.20157
14,0.180292,0.11952,1.57463,-6.02221
33,0.102588,0.0751774,1.73586,-6.1308
7,-0.0647192,0.015899,1.47999,-6.11798
47,0.139535,0.169859,1.56594,-6.41115
40,0.0526915,0.230875,1.8207,-5.93165
32,0.206411,0.17879,1.49659,-5.97431
1,-0.0876652,0.0838751,1.45101,-6.02997
39,0.0881731,0.293782,1.57305,-6.20482
25,0.0288917,0.0980838,1.72806,-6.34633
2,0.165915,-0.0172393,1.60117,-6.34248
23,-0.130271,0.342717,1.62814,-6.03172
24,-0.175843,0.175535,1.70434,-6.20636
10,-0.195014,0.118397,1.59238,-6.209
8,0.0284382,0.0779181,1.73558,-6.17082
13,0.180684,0.142204,1.40822,-6.15403
49,-0.033101,-0.22109,1.59831,-6.02998
45,0.0558426,0.102869,1.7642,-6.25142
38,-0.204082,0.0151558,1.68024,-6.1928
22,-0.0713228,0.178417,1.69046,-6.19668
34,0.0223001,0.271817,1.50077,-6.06969
27,-0.0987379,0.181888,1.56959,-6.14461
37,-0.20036,0.359827,1.50208,-6.27172
15,-0.0206039,0.0536452,1.43351,-6.07943
3,0.0216688,0.0122453,1.55788,-6.02479
21,-0.11357,0.073364,1.33658,-6.03288
18,-0.027761,0.324071,1.50401,-6.08354
20,-0.07427,-0.0196437,1.19742,-6.25882
36,-0.0260635,0.179939,1.31882,-6.0959
17,0.0313924,0.0168858,1.43663,-6.2317
28,-0.21721,-0.183545,1.46091,-6.19592
30,0.0796885,0.284333,1.37289,-6.09002
4,-0.284422,0.146435,1.46487,-6.18523
29,0.0122777,-0.0611483,1.4908,-6.23839
44,-0.130403,0.216078,1.54448,-6.12762

