38,-0.228404,-0.697604,-3.74881,-5.64323
13,-0.316679,-0.111926,-3.57574,-5.59713
9,-0.219747,-0.363841,-3.84735,-5.64303
2,-0.341681,-0.342703,-3.84537,-5.85924
23,-0.37036,-0.43925,-3.68774,-5.56762
6,-0.0902868,-0.30022,-4.00715,-5.61355
15,-0.549022,-0.334084,-3.6278,-5.72495
31,-0.518156,-0.111046,-3.6636,-5.83683
5,-0.353957,-0.393561,-3.61797,-5.53557
12,-0.469231,-0.164307,-3.82597,-5.77205
37,-0.376643,-0.3978,-3.26051,-5.62488
44,-0.508059,-0.376977,-3.8879,-5.76397
24,-0.330917,-0.375193,-3.63343,-5.62871
19,-0.255807,-0.36505,-3.68533,-5.81745
4,-0.217399,-0.376793,-3.58834,-5.79471
32,-0.344114,-0.178073,-3.70225,-5.83307
30,-0.447789,-0.437477,-3.3455,-5.78243
36,-0.398608,-0.191477,-3.94283,-5.61836
25,-0.349656,-0.540107,-3.8062,-5.7222
20,-0.264417,-0.239868,-3.70537,-5.7586
14,-0.536881,-0.271974,-3.63248,-5.88035
3,-0.443082,-0.323742,-3.87093,-5.46029
41,-0.251433,-0.281811,-3.69961,-5.80364
33,-0.298909,-0.266919,-3.52171,-5.76233
35,-0.422934,-0.101246,-3.72448,-5.599
45,-0.115162,-0.416414,-3.67879,-5.79298
29,-0.380848,-0.369756,-3.67593,-5.58239
22,-0.447479,-0.417079,-3.50837,-5.43567
26,-0.381994,-0.37254,-3.6362,-5.65809
28,-0.337714,-0.0860592,-3.56708,-5.86817
39,-0.309471,-0.210864,-3.98122,-5.54429
27,-0.508706,-0.396632,-3.80641,-5.71347
47,-0.445836,-0.337769,-3.57972,-5.67219
7,-0.222971,-0.558522,-3.63043,-5.76774
8,-0.461677,-0.309034,-3.52197,-5.7482
42,-0.387387,-0.227152,-3.77639,-5.69367
18,-0.345368,-0.329218,-3.57114,-5.62892
16,-0.538059,-0.0564126,-3.78392,-5.64661
0,-0.555408,-0.28094,-3.62075,-5.83874
11,-0.623958,-0.328732,-3.81189,-5.71227
49,-0.421302,-0.271417,-3.60767,-5.64211
43,-0.251407,-0.289786,-3.6763,-5.84423
10,-0.429774,-0.223578,-3.94876,-5.41744
21,-0.300756,-0.37568,-3.85495,-5.56251
34,-0.574414,-0.109615,-3.87724,-5.57655
46,-0.522063,-0.0952443,-3.79897,-5.62574
17,-0.440973,-0.335384,-3.73893,-5.70875
1,-0.22637,-0.415237,-3.58789,-5.71311
48,-0.603809,-0.21123,-3.79983,-5.65736
40,-0.365943,-0.420311,-3.54285,-5.61282

