38,0.122731,-0.344762,-3.12974,-5.38123
36,-0.315204,-0.389069,-3.05879,-5.57065
15,0.0547072,0.0642837,-3.18167,-5.11551
28,-0.470508,-0.0227863,-3.1377,-5.68143
29,-0.166926,-0.0570607,-2.91233,-5.49332
17,-0.331246,-0.182187,-2.8402,-5.59307
37,0.0283453,-0.157813,-3.13523,-5.66829
2,-0.138046,0.0556067,-2.86989,-5.63862
12,-0.071497,-0.147714,-2.74301,-5.57714
24,-0.107976,-0.00417954,-2.89512,-5.53183
10,-0.0398639,0.0396672,-2.77438,-5.61758
34,-0.168346,0.210023,-2.97152,-5.85452
27,-0.209779,-0.201805,-2.8947,-5.49336
45,-0.158603,-0.00559284,-3.03745,-5.47922
40,0.0476894,0.317239,-3.04004,-5.68074
3,-0.186872,-0.0059608,-2.81959,-5.67044
18,-0.0452514,-0.0119867,-2.78652,-5.61311
48,-0.152945,-0.0852076,-2.93875,-5.62808
5,-0.211719,0.0283698,-2.92339,-5.48619
33,-0.138759,0.260082,-3.08858,-5.54414
32,-0.252178,-0.127158,-2.96323,-5.67077
6,-0.135045,-0.00539092,-2.84251,-5.53021
31,-0.202122,-0.174527,-3.06944,-5.38123
39,-0.0921742,-0.0193285,-2.91725,-5.61708
23,-0.132347,-0.154701,-3.04998,-5.50332
41,-0.0268122,-0.0624416,-3.20156,-5.67885
30,-0.148851,-0.0622397,-2.85923,-5.76706
25,-0.338772,-0.0496942,-3.21571,-5.47928
1,-0.211387,-0.115313,-3.14235,-5.71525
8,0.156266,0.188078,-2.68743,-5.57932
26,-0.0808232,-0.0895729,-3.05723,-5.47652
49,-0.112237,0.0371608,-3.02094,-5.65306
47,-0.161275,-0.142161,-2.85283,-5.68559
19,0.00288295,0.209922,-3.1548,-5.633
13,-0.105233,-0.168595,-2.9584,-5.68946
44,-0.0854838,0.199779,-2.99969,-5.74305
0,-0.145772,-0.201152,-3.07238,-5.53957
42,-0.183217,-0.156703,-2.82356,-5.51087
11,-0.0369138,0.0267706,-3.11831,-5.7782
16,-0.106277,0.201139,-2.90344,-5.69403
22,0.159703,-0.329527,-3.06753,-5.67703
4,-0.186285,-0.22647,-2.83405,-5.43082
9,-0.0386304,0.108247,-2.59324,-5.61507
35,-0.0859721,-0.107517,-3.17639,-5.54402
7,-0.234615,0.131321,-2.8507,-5.66784
21,-0.295663,0.155212,-2.87195,-5.4834
14,-0.0681989,0.0420414,-2.82506,-5.67737
20,-0.40121,-0.013002,-3.05694,-5.5805
43,-0.202551,0.0882267,-3.01652,-5.49521
46,-0.141505,-0.137494,-2.8733,-5.49512

