2,-0.290102,-0.0204633,-5.90644,-2.42035
39,-0.181142,-0.268351,-5.98913,-2.31319
19,-0.215584,-0.311526,-5.84255,-2.58833
26,-0.223493,-0.122573,-6.02688,-2.41339
17,-0.294654,-0.358836,-5.83028,-2.75634
31,-0.101481,-0.173909,-5.88717,-2.23889
27,-0.0437951,0.0645184,-5.91711,-2.55921
48,-0.293339,-0.27494,-5.79379,-2.29102
18,-0.155858,-0.0883257,-5.84573,-2.92368
34,-0.29932,0.272886,-5.85257,-2.82618
47,-0.0962345,-0.091011,-5.80536,-2.60023
37,-0.351603,0.251934,-5.95979,-2.73398
10,0.00842633,-0.250282,-5.72504,-2.69619
20,-0.197287,-0.275027,-6.08745,-2.68113
25,-0.23917,-0.250234,-5.93032,-2.7106
14,0.157927,-0.133346,-5.9915,-2.4805
13,-0.0567385,0.110132,-5.80591,-2.53416
32,0.0135934,-0.152534,-5.89806,-2.48312
15,0.109194,-0.193625,-5.74632,-2.70519
23,-0.261784,0.0931028,-5.91685,-2.55345
22,-0.234454,-0.0477485,-5.9233,-2.64993
11,-0.257317,-0.157801,-5.72582,-2.6343
40,-0.351958,-0.111708,-5.98778,-2.57391
29,-0.367021,0.00241682,-5.90307,-2.38816
36,-0.0656197,-0.172657,-5.91141,-2.57901
43,-0.0520589,-0.216512,-5.89786,-2.60664
16,-0.221215,-0.0389108,-5.74084,-2.38947
35,-0.278014,-0.0121772,-5.53209,-2.73449
1,-0.301657,0.121024,-5.71693,-2.49914
41,0.000431794,-0.0982014,-5.90149,-3.0026
4,0.095887,0.101668,-6.01258,-2.53096
44,-0.21846,0.0748797,-5.83242,-2.42948
42,-0.160241,-0.130274,-6.01071,-2.53113
3,0.00834199,-0.277388,-5.92461,-2.60032
45,-0.252759,-0.0490058,-5.73822,-2.57205
8,-0.16409,-0.273385,-5.79129,-2.79912
9,-0.137573,-0.140193,-5.70819,-2.47941
30,-0.16325,0.0635027,-5.93783,-2.59974
21,-0.250607,0.0299832,-5.89886,-2.45602
6,-0.376245,-0.0998935,-5.88261,-2.38281
24,-0.309606,0.198762,-6.06335,-2.31236
12,-0.208501,0.0597433,-5.86932,-2.65863
7,-0.000488468,0.0902859,-5.51344,-2.55705
5,-0.128695,-0.0524421,-5.83849,-2.73315
28,0.0649285,0.0543336,-5.80844,-2.55499
0,0.0268014,-0.0151029,-6.04839,-2.46065
46,0.135793,-0.193414,-5.85057,-2.4559
33,-0.177926,-0.0814385,-5.83942,-2.65762
49,-0.439674,-0.018829,-5.95295,-2.5277
38,-0.0416147,0.0986591,-5.78775,-2.90692

