17,-0.467948,-0.170261,-2.42189,6.03802
45,-0.292818,-0.0768149,-2.12066,5.89458
6,-0.18808,-0.315872,-2.28946,6.43095
27,-0.537828,-0.400448,-2.1849,6.29535
33,-0.19369,-0.158959,-2.36512,6.22406
43,-0.23381,0.0247196,-2.34371,6.14304
41,-0.206681,-0.00909841,-2.3434,6.30726
32,-0.0799789,-0.0971612,-2.04936,6.10026
15,-0.355003,-0.105987,-2.00239,6.38515
7,-0.267322,-0.0771398,-1.98958,6.22659
40,-0.435018,-0.0256909,-2.15772,6.25247
44,-0.284998,0.0716267,-2.17538,6.14401
20,-0.302066,-0.122725,-2.29472,6.30633
34,-0.450845,-0.190051,-2.27104,6.1363
21,-0.383844,-0.34585,-2.39695,6.08619
26,-0.312455,-0.0266641,-2.17522,6.37294
8,-0.288594,-0.0498354,-2.1397,6.39487
28,-0.107461,-0.158519,-2.14331,6.03406
24,-0.254036,-0.0381275,-2.40321,6.24782
4,-0.430092,-0.0125095,-2.13314,6.28664
25,-0.361633,-0.0223274,-2.05073,6.38595
47,-0.335578,-0.0430169,-1.96495,6.29713
31,-0.117421,-0.0678174,-2.42425,6.01224
49,-0.0316538,-0.085605,-1.9881,6.08315
19,-0.09592,-0.128749,-2.14479,6.09627
12,-0.180042,-0.135403,-2.03686,6.30014
1,-0.0886429,-0.0589957,-2.26995,6.31913
10,0.00694768,-0.320525,-2.05515,6.38359
18,-0.0749494,-0.140966,-2.14998,6.07574
2,-0.0594511,-0.391477,-2.26677,6.12442
5,-0.281036,-0.111657,-2.24004,5.94393
38,-0.142321,-0.060816,-2.20505,6.2633
13,-0.191476,-0.118277,-2.31242,6.03461
37,-0.162106,-0.180682,-2.01777,6.14143
14,-0.0868028,0.0138021,-2.3094,6.12421
9,-0.101867,0.195031,-2.19601,6.33075
3,0.0102222,-0.176168,-1.94825,6.19094
11,-0.255333,-0.167116,-2.07484,6.25755
0,-0.370411,0.287061,-2.08188,5.85577
35,-0.0450042,-0.165815,-2.2917,6.12974
16,-0.417568,-0.29694,-2.36934,6.21634
23,-0.280045,-0.0707016,-1.91984,6.17766
48,-0.351961,-0.155023,-2.1388,6.20909
36,-0.354157,-0.144192,-2.16974,6.33456
30,-0.232059,-0.0634528,-2.16513,6.04494
46,0.143758,-0.149562,-2.09925,6.16334
29,-0.12509,-0.193003,-2.11646,6.18819
22,-0.248196,-0.0428989,-2.44571,6.14332
42,-0.246305,-0.423618,-2.24509,6.44592
39,-0.248032,0.0849533,-2.30737,6.15087

