26,0.445857,-0.257983,-6.02836,-0.665521
34,0.418401,0.0480323,-6.17477,-0.669089
4,0.411784,-0.203144,-6.12562,-0.446998
18,0.400727,0.13323,-6.06451,-0.610256
13,0.386687,-0.220556,-6.09583,-0.364148
0,0.376592,-0.132311,-6.19934,-0.417139
20,0.366122,-0.0791194,-6.28031,-0.539178
14,0.347749,0.219231,-5.99444,-0.708342
45,0.357518,-0.0821615,-5.946,-0.520027
17,0.321414,-0.172951,-6.08877,-0.649347
21,0.277381,-0.0676959,-6.25309,-0.795422
27,0.420773,0.0995912,-6.10754,-0.472981
31,0.315435,0.0559782,-6.12577,-0.630623
5,0.365133,-0.146146,-6.00784,-0.627291
33,0.329038,-0.0897749,-6.21569,-0.222489
7,0.349956,-0.224345,-6.17313,-0.864038
15,0.404508,-0.143243,-6.02111,-0.457113
43,0.419737,-0.207646,-6.24923,-0.825075
23,0.438797,0.0530531,-6.08673,-0.575067
6,0.345527,-0.157355,-6.23141,-0.714998
1,0.480302,-0.106915,-5.92967,-0.436345
24,0.368004,0.241691,-6.14877,-0.138923
3,0.355685,0.11059,-6.07315,-0.741542
42,0.497299,-0.0442711,-5.95847,-0.698512
40,0.48031,0.0283957,-6.03576,-0.778911
38,0.305125,-0.0358349,-6.05477,-0.40746
11,0.507542,0.180424,-6.20808,-0.851481
8,0.281407,-0.316811,-6.08397,-0.520874
10,0.391599,-0.0378528,-5.97385,-0.414699
47,0.387907,-0.32696,-6.29248,-0.91085
44,0.475048,0.270705,-6.12963,-0.493236
36,0.37955,-0.0643329,-6.11496,-0.5744
49,0.438564,0.0583238,-6.20545,-0.612266
16,0.404291,-0.0237475,-6.03871,-0.378353
35,0.422565,-0.182203,-6.39898,-0.790424
41,0.35212,0.0968407,-6.31777,-0.351316
39,0.393479,-0.267411,-6.19005,-0.272215
48,0.298374,0.0660601,-6.21738,-0.511928
32,0.457684,-0.247195,-6.33639,-0.318324
2,0.322212,0.121662,-6.05234,-0.842672
12,0.370153,-0.0535191,-6.03062,-0.533812
22,0.349322,-0.348615,-6.04034,-0.624448
25,0.351006,-0.102532,-6.0527,-0.491727
19,0.301377,0.0239758,-6.0018,-0.571033
29,0.447689,0.201162,-6.28295,-0.62961
30,0.334942,0.0902205,-6.11375,-0.492175
37,0.440936,-0.20636,-6.07972,-0.471076
28,0.361125,-0.158544,-6.13346,-0.449751
46,0.399078,-0.0971859,-6.01196,-0.538465
9,0.404669,-0.0756408,-6.13485,-0.61692

