39,0.829128,0.147983,2.67918,3.73364
28,0.66206,0.252709,2.57802,3.64288
21,0.669055,0.121909,2.59227,3.61993
31,0.677786,0.190464,2.93779,3.38529
11,0.746631,0.124556,2.65931,3.58508
12,0.702483,0.220418,2.74837,3.30588
5,0.809228,0.0336578,2.57761,3.67507
7,0.807783,0.265937,2.66167,3.62518
18,0.753194,0.00797724,2.65993,3.47048
47,1.01572,0.155934,2.97324,3.41307
45,0.839142,0.388255,2.73755,3.57712
35,0.794263,-0.170242,2.58273,3.56363
26,0.785794,0.0199775,2.71547,3.34736
34,0.830243,0.408588,2.85405,3.51284
4,0.662827,0.103855,2.6943,3.73407
13,0.992424,-0.0988834,2.50712,3.83124
6,0.675486,0.272667,2.7222,3.41148
49,0.734491,0.161447,2.48049,3.78267
16,0.898051,0.39808,2.71967,3.63265
46,0.828536,0.309598,2.7284,3.61573
2,1.03323,-0.12251,2.88185,3.47426
14,0.98431,0.0509573,2.8175,3.53151
20,0.852532,0.274384,2.49035,3.58714
43,0.935674,-0.248122,2.89843,3.55877
19,0.891848,0.175235,2.43951,3.70744
37,0.59045,-0.123839,2.88567,3.53448
1,0.844116,0.0291768,2.7812,3.54671
30,0.861587,0.0127368,2.50268,3.67601
41,0.831978,0.371616,2.59586,3.69452
22,0.849235,-0.0421254,2.70605,3.70762
8,0.827763,0.107686,2.65425,3.7894
32,0.934647,0.020914,2.67444,3.80038
38,0.952577,0.144242,2.63376,3.70713
36,0.880563,0.180803,2.41579,3.77044
0,0.977547,0.167053,2.44072,3.79694
17,0.849629,0.08236,2.86302,3.3979
9,0.926882,-0.0336521,2.69424,3.60612
25,0.855152,0.140676,2.49942,3.87701
23,0.591588,0.158818,2.54286,3.89538
3,0.785888,0.219966,2.665,3.69283
10,0.771312,0.178023,2.78096,3.50654
29,0.840262,0.213417,2.58593,3.68326
24,0.706128,0.381075,2.65633,3.58059
27,0.924453,0.107553,2.94309,3.64855
33,0.799694,-0.0857071,2.66547,3.56954
44,0.744233,0.111968,2.79862,3.47805
48,0.817686,0.194662,2.86215,3.57212
40,0.653334,0.167777,2.80378,3.57768
15,0.762796,0.275886,2.79992,3.5269
42,0.817501,0.149205,2.77241,3.55918

