0 1
0 2
0 3
0 4
0 5
0 18
0 21
0 34
0 35
0 27
0 28
0 36
0 40
0 41
0 46
1 0
1 2
1 3
1 4
1 5
1 9
1 19
1 22
1 23
1 24
1 27
1 44
1 48
2 0
2 1
2 3
2 4
2 7
2 10
2 18
2 20
2 23
2 27
2 28
2 39
2 41
2 44
3 0
3 1
3 4
3 5
3 6
3 9
3 15
3 17
3 20
3 21
3 35
3 24
3 26
3 29
3 42
3 43
3 45
3 46
3 48
4 0
4 1
4 2
4 5
4 9
4 10
4 13
4 14
4 15
4 19
4 22
4 23
4 25
4 40
4 46
4 48
5 0
5 1
5 2
5 4
5 7
5 8
5 14
5 35
5 40
5 43
5 45
5 47
6 2
6 4
6 7
6 8
6 11
6 13
6 14
6 15
6 17
6 20
6 23
6 34
6 35
6 25
6 26
6 42
6 45
6 46
6 47
6 48
6 49
7 1
7 5
7 6
7 8
7 10
7 12
7 16
7 34
7 35
7 24
7 26
7 28
7 30
7 38
7 42
8 2
8 5
8 6
8 9
8 10
8 11
8 13
8 16
8 18
8 20
8 23
8 33
8 24
8 28
8 41
8 45
8 47
9 3
9 5
9 6
9 7
9 8
9 10
9 11
9 12
9 13
9 14
9 18
9 22
9 33
9 34
9 31
9 36
9 38
9 45
9 48
10 6
10 7
10 8
10 9
10 11
10 12
10 13
10 14
10 22
10 24
10 37
10 38
10 40
10 47
11 1
11 3
11 4
11 5
11 6
11 7
11 8
11 9
11 10
11 12
11 13
11 32
11 38
11 39
11 42
11 44
12 4
12 6
12 7
12 9
12 10
12 11
12 13
12 18
12 22
12 29
12 30
12 41
12 42
12 44
12 49
13 0
13 6
13 7
13 8
13 10
13 11
13 12
13 14
13 17
13 19
13 34
13 24
13 31
13 36
13 39
13 41
13 44
13 46
13 49
14 4
14 7
14 8
14 11
14 13
14 15
14 16
14 17
14 18
14 19
14 21
14 22
14 32
14 33
14 25
14 39
15 1
15 2
15 7
15 9
15 13
15 14
15 17
15 18
15 19
15 20
15 21
15 23
15 30
15 31
15 36
15 46
15 48
15 49
16 0
16 2
16 7
16 9
16 10
16 14
16 15
16 17
16 18
16 19
16 21
16 22
16 23
16 32
16 34
16 41
16 44
16 45
17 1
17 2
17 5
17 6
17 8
17 13
17 14
17 15
17 16
17 18
17 21
17 22
17 33
17 39
17 45
17 46
18 0
18 3
18 14
18 15
18 17
18 20
18 21
18 23
18 26
18 27
18 30
18 31
18 36
18 42
18 44
18 46
19 14
19 15
19 18
19 21
19 22
19 23
19 39
19 46
19 47
20 3
20 15
20 16
20 17
20 18
20 19
20 21
20 22
20 23
20 27
20 49
21 2
21 4
21 6
21 10
21 11
21 15
21 16
21 19
21 20
21 22
21 35
21 25
21 27
21 28
21 29
21 30
21 42
21 45
21 46
21 49
22 10
22 14
22 15
22 16
22 17
22 19
22 20
22 21
22 32
22 34
22 36
22 37
22 41
22 42
22 49
23 1
23 3
23 4
23 9
23 12
23 14
23 18
23 19
23 20
23 21
23 22
23 25
23 45
23 46
23 49
32 0
32 2
32 5
32 6
32 13
32 33
32 34
32 35
32 24
32 25
32 26
32 27
32 28
32 30
32 31
33 1
33 4
33 6
33 32
33 34
33 35
33 25
33 26
33 27
33 30
33 31
33 39
33 40
33 44
33 45
34 4
34 8
34 9
34 10
34 12
34 16
34 17
34 21
34 22
34 32
34 35
34 24
34 25
34 26
34 27
34 28
34 29
34 30
34 31
34 36
34 39
34 40
34 44
35 1
35 3
35 4
35 5
35 7
35 11
35 18
35 22
35 32
35 33
35 34
35 25
35 26
35 27
35 28
35 29
35 31
24 6
24 7
24 9
24 12
24 17
24 18
24 19
24 20
24 32
24 33
24 35
24 25
24 26
24 27
24 28
24 29
24 30
24 31
24 43
24 47
24 48
24 49
25 7
25 12
25 15
25 17
25 23
25 32
25 33
25 34
25 26
25 27
25 28
25 29
25 30
25 31
25 45
26 0
26 3
26 17
26 18
26 23
26 32
26 33
26 34
26 35
26 25
26 27
26 29
26 30
26 31
26 41
26 44
26 49
27 3
27 4
27 16
27 32
27 33
27 34
27 25
27 26
27 28
27 30
27 31
27 36
27 37
27 39
27 41
27 44
28 2
28 9
28 14
28 33
28 24
28 25
28 27
28 29
28 30
28 40
28 41
28 42
28 45
28 49
29 0
29 10
29 14
29 17
29 19
29 23
29 32
29 33
29 34
29 35
29 24
29 25
29 26
29 27
29 28
29 30
29 31
29 37
29 39
29 43
29 45
30 4
30 5
30 10
30 14
30 20
30 32
30 34
30 24
30 26
30 27
30 28
30 29
30 31
30 38
30 43
30 46
30 47
31 8
31 10
31 12
31 16
31 19
31 20
31 22
31 33
31 34
31 35
31 25
31 26
31 27
31 30
31 41
31 43
31 46
31 48
36 7
36 9
36 13
36 17
36 34
36 24
36 25
36 27
36 28
36 37
36 38
36 42
36 43
36 44
36 45
36 46
36 47
36 48
37 1
37 7
37 8
37 14
37 15
37 33
37 26
37 27
37 36
37 39
37 40
37 41
37 42
37 44
37 45
37 47
37 48
37 49
38 0
38 3
38 8
38 9
38 10
38 13
38 18
38 20
38 25
38 27
38 31
38 36
38 37
38 39
38 40
38 41
38 42
38 43
38 44
38 45
38 47
38 48
38 49
39 0
39 6
39 15
39 19
39 22
39 23
39 35
39 36
39 37
39 38
39 40
39 41
39 42
39 44
39 46
39 47
39 49
40 9
40 18
40 20
40 22
40 26
40 36
40 39
40 41
40 42
40 43
40 46
40 49
41 2
41 10
41 11
41 17
41 20
41 22
41 30
41 36
41 37
41 38
41 40
41 42
41 43
41 44
41 45
41 46
41 48
42 2
42 6
42 7
42 8
42 15
42 19
42 34
42 36
42 37
42 38
42 44
42 45
42 46
42 47
42 48
42 49
43 0
43 1
43 2
43 9
43 13
43 15
43 17
43 19
43 23
43 27
43 28
43 36
43 39
43 40
43 41
43 44
43 45
43 47
43 48
43 49
44 3
44 5
44 9
44 12
44 13
44 22
44 34
44 35
44 24
44 27
44 28
44 31
44 39
44 40
44 41
44 42
44 45
44 46
44 47
44 48
44 49
45 0
45 2
45 3
45 8
45 10
45 16
45 19
45 20
45 35
45 25
45 28
45 30
45 36
45 38
45 39
45 40
45 42
45 43
45 44
45 46
45 47
45 48
46 3
46 4
46 18
46 30
46 31
46 37
46 38
46 39
46 40
46 41
46 42
46 43
46 44
46 47
46 49
47 1
47 18
47 32
47 24
47 37
47 39
47 40
47 41
47 42
47 43
47 44
47 45
47 46
47 48
47 49
48 2
48 9
48 10
48 12
48 25
48 31
48 36
48 37
48 38
48 40
48 41
48 43
48 44
48 45
48 46
48 47
48 49
49 0
49 1
49 4
49 10
49 12
49 16
49 17
49 18
49 19
49 29
49 37
49 38
49 39
49 40
49 42
49 44
49 45
49 46
49 47
49 48
