0 1
0 3
0 5
0 8
0 18
0 20
0 22
0 24
0 27
0 36
0 40
0 41
0 48
1 0
1 3
1 4
1 5
1 7
1 8
1 9
1 16
1 17
1 19
1 20
1 23
1 24
1 39
2 0
2 1
2 5
2 33
2 34
2 36
2 43
2 46
3 0
3 1
3 2
3 4
3 10
3 13
3 15
3 19
3 20
3 23
3 33
3 34
3 26
3 27
3 30
3 31
3 40
3 49
4 0
4 1
4 2
4 13
4 15
4 32
4 27
4 40
4 47
4 48
5 0
5 2
5 3
5 4
5 11
5 19
5 20
5 23
5 33
5 24
5 39
5 42
5 48
6 3
6 5
6 7
6 10
6 11
6 12
6 13
6 20
6 21
6 23
6 35
6 38
6 45
6 46
6 49
7 8
7 11
7 12
7 13
7 15
7 25
7 30
7 37
7 49
8 7
8 9
8 10
8 11
8 13
8 14
8 19
8 22
8 33
8 35
8 27
8 38
8 43
8 47
8 48
9 1
9 4
9 5
9 6
9 7
9 11
9 12
9 13
9 14
9 15
9 17
9 32
9 25
9 28
9 29
9 38
9 40
9 43
9 44
9 49
10 1
10 7
10 8
10 13
10 14
10 17
10 19
10 25
10 26
10 27
10 28
10 36
10 43
10 49
11 1
11 3
11 4
11 6
11 7
11 8
11 9
11 12
11 13
11 20
11 33
11 28
11 31
11 36
11 41
11 43
11 44
12 1
12 2
12 6
12 7
12 9
12 10
12 11
12 13
12 18
12 20
12 23
12 35
12 27
12 41
12 45
13 0
13 3
13 4
13 7
13 8
13 9
13 11
13 12
13 15
13 18
13 23
13 35
13 37
13 39
13 49
14 11
14 15
14 16
14 17
14 18
14 20
14 21
14 22
14 34
14 24
14 25
14 29
14 36
14 38
14 39
15 0
15 4
15 9
15 16
15 17
15 19
15 23
15 34
15 24
15 25
15 30
15 31
15 39
15 40
15 45
15 46
15 48
16 0
16 5
16 10
16 11
16 15
16 17
16 20
16 21
16 23
16 32
16 28
16 29
16 31
16 40
16 41
16 42
17 2
17 5
17 9
17 10
17 14
17 15
17 16
17 18
17 19
17 20
17 21
17 32
17 34
17 24
17 28
17 44
17 47
17 48
17 49
18 1
18 3
18 4
18 5
18 7
18 9
18 13
18 14
18 15
18 16
18 17
18 19
18 21
18 22
18 32
18 24
18 25
18 28
18 31
19 4
19 6
19 7
19 11
19 13
19 14
19 15
19 16
19 17
19 18
19 21
19 23
19 25
19 26
19 27
19 36
19 44
19 45
19 49
20 4
20 6
20 8
20 12
20 15
20 16
20 17
20 18
20 19
20 21
20 22
20 32
20 27
20 30
20 39
20 49
21 4
21 12
21 15
21 16
21 17
21 18
21 20
21 22
21 32
21 35
21 24
21 25
21 36
21 38
21 44
21 46
22 1
22 2
22 3
22 6
22 9
22 15
22 16
22 17
22 18
22 19
22 20
22 23
22 32
22 34
22 24
22 27
22 28
22 41
22 42
22 44
22 47
23 1
23 10
23 14
23 15
23 16
23 17
23 18
23 20
23 21
23 34
23 30
23 40
23 44
23 47
23 49
32 4
32 5
32 7
32 9
32 11
32 18
32 34
32 35
32 25
32 26
32 27
32 28
32 29
32 30
32 31
32 37
32 48
32 49
33 3
33 6
33 15
33 18
33 19
33 21
33 22
33 23
33 32
33 34
33 25
33 26
33 27
33 28
33 30
33 31
33 36
33 43
33 46
33 49
34 1
34 3
34 6
34 9
34 10
34 15
34 17
34 23
34 32
34 33
34 35
34 25
34 26
34 27
34 28
34 29
34 30
34 31
34 38
34 45
34 46
35 0
35 1
35 4
35 7
35 11
35 15
35 21
35 23
35 32
35 33
35 34
35 25
35 26
35 27
35 28
35 29
35 30
35 31
35 37
35 45
24 6
24 7
24 8
24 9
24 14
24 20
24 22
24 32
24 33
24 35
24 25
24 26
24 27
24 28
24 29
24 30
24 31
24 37
24 39
24 40
24 46
24 48
25 10
25 11
25 32
25 34
25 35
25 24
25 26
25 27
25 29
25 30
25 31
25 36
25 38
25 41
25 44
26 6
26 10
26 19
26 32
26 33
26 35
26 28
26 29
26 30
26 31
26 47
27 5
27 8
27 11
27 15
27 16
27 21
27 32
27 33
27 34
27 35
27 24
27 25
27 26
27 28
27 29
27 30
27 31
27 36
27 37
27 40
27 42
27 43
27 47
28 3
28 11
28 13
28 22
28 23
28 32
28 34
28 35
28 24
28 25
28 26
28 27
28 30
28 31
28 38
28 44
28 45
28 48
29 0
29 4
29 5
29 22
29 23
29 33
29 35
29 24
29 25
29 26
29 27
29 30
29 31
29 40
30 10
30 13
30 32
30 33
30 34
30 35
30 24
30 26
30 27
30 28
30 31
30 38
30 40
30 43
31 3
31 7
31 12
31 16
31 23
31 33
31 35
31 24
31 26
31 27
31 28
31 29
31 30
31 39
31 40
31 43
36 2
36 5
36 6
36 9
36 23
36 33
36 34
36 24
36 29
36 37
36 38
36 40
36 41
36 42
36 45
36 47
36 48
37 0
37 11
37 19
37 22
37 25
37 26
37 36
37 38
37 39
37 40
37 41
37 42
37 43
37 44
37 45
37 46
37 48
38 0
38 5
38 6
38 9
38 14
38 22
38 32
38 33
38 35
38 29
38 36
38 37
38 39
38 40
38 41
38 42
38 43
38 46
38 47
38 48
39 3
39 6
39 9
39 10
39 13
39 15
39 16
39 19
39 23
39 28
39 29
39 30
39 36
39 37
39 38
39 40
39 42
39 43
39 44
39 45
39 46
39 48
39 49
40 1
40 7
40 17
40 22
40 23
40 31
40 37
40 38
40 39
40 42
40 44
40 45
40 46
40 47
40 48
40 49
41 2
41 7
41 10
41 12
41 14
41 19
41 20
41 36
41 37
41 40
41 42
41 44
41 45
41 48
41 49
42 4
42 5
42 7
42 15
42 33
42 35
42 26
42 28
42 36
42 37
42 38
42 39
42 41
42 43
42 44
42 45
42 46
42 47
42 48
43 5
43 6
43 7
43 10
43 17
43 20
43 32
43 34
43 35
43 36
43 37
43 41
43 42
43 45
43 46
43 47
43 48
43 49
44 7
44 10
44 11
44 13
44 15
44 17
44 20
44 22
44 28
44 31
44 36
44 38
44 41
44 43
44 46
44 47
44 48
45 0
45 2
45 9
45 11
45 15
45 16
45 17
45 18
45 23
45 26
45 27
45 30
45 36
45 37
45 38
45 39
45 40
45 41
45 42
45 43
45 44
45 46
45 47
45 48
46 3
46 6
46 7
46 9
46 12
46 13
46 14
46 15
46 19
46 21
46 27
46 29
46 31
46 36
46 37
46 38
46 39
46 40
46 42
46 44
46 47
46 48
46 49
47 2
47 4
47 5
47 6
47 8
47 10
47 11
47 16
47 19
47 32
47 25
47 30
47 37
47 40
47 41
47 42
47 43
47 44
47 46
47 48
47 49
48 5
48 7
48 10
48 11
48 15
48 21
48 23
48 24
48 26
48 30
48 36
48 37
48 38
48 39
48 40
48 41
48 42
48 44
48 45
48 46
48 47
49 10
49 11
49 15
49 18
49 21
49 32
49 29
49 30
49 37
49 38
49 39
49 40
49 41
49 42
49 43
49 44
49 45
49 47
49 48
