0 2
0 3
0 4
0 15
0 19
0 20
0 35
0 24
0 27
0 29
0 30
0 36
0 44
1 0
1 3
1 4
1 5
1 7
1 11
1 13
1 14
1 15
1 34
1 24
1 29
1 41
1 46
1 48
2 0
2 1
2 3
2 4
2 8
2 9
2 12
2 18
2 20
2 27
2 28
2 31
2 37
2 41
3 1
3 2
3 4
3 5
3 7
3 8
3 12
3 17
3 20
3 21
3 33
3 34
3 35
3 24
3 30
3 41
3 45
4 0
4 1
4 2
4 3
4 10
4 19
4 33
4 30
4 38
4 48
5 0
5 2
5 6
5 7
5 13
5 15
5 34
5 35
5 37
6 5
6 7
6 9
6 11
6 12
6 13
6 14
6 20
6 21
6 32
6 34
6 24
6 27
6 31
6 39
6 40
6 47
7 2
7 6
7 8
7 10
7 11
7 12
7 13
7 15
7 32
7 24
7 25
7 46
7 48
8 1
8 6
8 9
8 10
8 12
8 14
8 22
8 33
8 24
8 31
8 38
8 40
8 47
8 48
9 2
9 3
9 6
9 7
9 8
9 11
9 13
9 14
9 18
9 22
9 33
9 34
9 24
9 26
9 27
9 30
9 36
9 37
9 41
9 44
9 45
9 46
10 0
10 6
10 8
10 9
10 12
10 13
10 14
10 17
10 26
10 39
10 44
11 4
11 6
11 7
11 8
11 9
11 10
11 12
11 13
11 15
11 19
11 23
11 34
11 35
11 24
11 29
11 30
11 39
11 42
11 46
12 0
12 6
12 7
12 8
12 9
12 11
12 13
12 14
12 18
12 21
12 32
12 24
12 26
12 28
12 29
12 36
12 37
13 0
13 7
13 8
13 9
13 10
13 11
13 12
13 22
13 23
13 32
13 34
13 25
13 26
13 37
13 40
13 41
13 46
13 49
14 2
14 5
14 10
14 11
14 13
14 15
14 17
14 19
14 20
14 21
14 23
14 32
14 33
14 28
14 29
14 31
14 38
14 40
14 41
14 42
14 46
14 47
15 5
15 11
15 13
15 16
15 17
15 18
15 19
15 20
15 21
15 22
15 24
15 39
15 40
15 45
16 2
16 3
16 4
16 7
16 14
16 15
16 17
16 18
16 19
16 20
16 22
16 32
16 35
16 24
16 28
16 39
16 40
16 46
17 0
17 8
17 14
17 15
17 18
17 19
17 21
17 22
17 23
17 27
17 28
17 40
17 44
17 47
18 2
18 9
18 11
18 14
18 15
18 17
18 21
18 23
18 25
18 26
18 37
18 44
18 45
18 47
19 2
19 4
19 11
19 13
19 15
19 16
19 17
19 21
19 22
19 23
19 42
20 2
20 3
20 12
20 14
20 15
20 16
20 18
20 19
20 21
20 22
20 23
20 32
20 24
20 27
20 30
20 31
20 36
20 42
20 44
21 0
21 12
21 16
21 17
21 18
21 20
21 22
21 23
21 26
21 28
21 30
21 31
21 37
22 2
22 4
22 5
22 11
22 15
22 17
22 18
22 19
22 20
22 21
22 23
22 36
22 37
23 3
23 9
23 13
23 14
23 15
23 16
23 17
23 18
23 19
23 20
23 22
23 32
23 33
23 26
23 37
23 40
23 42
23 46
23 47
32 14
32 17
32 19
32 22
32 34
32 35
32 26
32 27
32 28
32 29
32 30
32 31
32 37
32 38
32 41
32 42
32 44
32 45
33 1
33 5
33 8
33 21
33 32
33 34
33 35
33 25
33 28
33 30
33 31
33 37
33 40
33 42
33 43
33 46
34 2
34 3
34 10
34 12
34 15
34 16
34 32
34 33
34 35
34 24
34 25
34 26
34 27
34 28
34 29
34 31
34 36
34 45
34 46
34 47
35 0
35 1
35 3
35 5
35 8
35 9
35 22
35 23
35 32
35 33
35 24
35 25
35 26
35 27
35 28
35 29
35 30
35 31
35 42
35 43
35 47
35 48
35 49
24 2
24 5
24 6
24 9
24 11
24 16
24 21
24 23
24 32
24 34
24 35
24 26
24 28
24 30
24 41
24 43
24 46
24 49
25 1
25 2
25 3
25 6
25 7
25 9
25 11
25 13
25 19
25 33
25 35
25 24
25 26
25 27
25 29
25 30
25 31
25 39
25 42
25 45
25 47
25 48
25 49
26 2
26 4
26 7
26 12
26 13
26 14
26 19
26 32
26 34
26 35
26 25
26 28
26 29
26 30
26 31
26 39
26 41
26 43
26 49
27 0
27 7
27 10
27 11
27 16
27 19
27 20
27 33
27 34
27 35
27 25
27 26
27 28
27 30
27 31
27 37
27 43
28 1
28 3
28 8
28 12
28 22
28 32
28 33
28 34
28 35
28 24
28 25
28 27
28 29
28 30
28 37
28 38
28 46
28 48
28 49
29 1
29 3
29 7
29 8
29 9
29 10
29 19
29 22
29 33
29 35
29 24
29 25
29 26
29 27
29 28
29 30
29 31
29 38
29 39
29 40
29 48
29 49
30 0
30 1
30 2
30 17
30 32
30 33
30 34
30 25
30 27
30 28
30 29
30 31
30 36
30 37
30 38
30 43
30 44
30 45
30 47
31 6
31 7
31 14
31 32
31 33
31 34
31 35
31 25
31 27
31 28
31 29
31 30
31 36
31 37
31 43
31 47
36 9
36 11
36 13
36 18
36 21
36 32
36 34
36 37
36 38
36 39
36 40
36 44
36 45
36 46
36 47
36 48
36 49
37 2
37 4
37 5
37 10
37 19
37 23
37 35
37 25
37 27
37 38
37 39
37 41
37 42
37 43
37 45
37 47
37 48
38 12
38 14
38 17
38 21
38 35
38 36
38 37
38 39
38 40
38 41
38 42
38 43
38 44
38 45
38 46
38 49
39 6
39 8
39 9
39 10
39 13
39 14
39 21
39 25
39 27
39 28
39 29
39 31
39 37
39 38
39 41
39 42
39 43
39 45
39 46
39 47
39 48
39 49
40 4
40 5
40 6
40 7
40 11
40 15
40 32
40 33
40 34
40 25
40 27
40 29
40 30
40 36
40 37
40 39
40 43
40 44
40 45
40 47
40 48
40 49
41 9
41 12
41 13
41 15
41 16
41 18
41 20
41 21
41 22
41 35
41 24
41 36
41 37
41 38
41 39
41 40
41 42
41 43
41 44
41 46
41 47
41 48
41 49
42 5
42 7
42 11
42 12
42 16
42 17
42 20
42 22
42 34
42 24
42 27
42 31
42 36
42 38
42 39
42 41
42 44
42 45
42 46
42 47
42 48
43 2
43 8
43 9
43 17
43 33
43 35
43 31
43 36
43 38
43 39
43 40
43 41
43 42
43 44
43 45
43 48
43 49
44 0
44 12
44 15
44 19
44 20
44 33
44 25
44 36
44 37
44 38
44 40
44 42
44 43
44 45
44 46
44 47
44 49
45 8
45 10
45 18
45 19
45 35
45 27
45 38
45 40
45 41
45 42
45 43
45 44
45 47
45 48
46 1
46 5
46 6
46 16
46 17
46 23
46 33
46 36
46 38
46 40
46 41
46 42
46 43
46 47
46 48
46 49
47 0
47 1
47 7
47 13
47 19
47 22
47 23
47 32
47 27
47 29
47 36
47 37
47 38
47 39
47 40
47 41
47 44
47 48
47 49
48 0
48 2
48 9
48 13
48 17
48 20
48 23
48 33
48 24
48 27
48 28
48 29
48 36
48 38
48 40
48 42
48 43
48 44
48 46
48 47
48 49
49 5
49 7
49 13
49 18
49 20
49 22
49 26
49 30
49 36
49 37
49 38
49 40
49 41
49 42
49 43
49 44
49 45
49 46
49 47
49 48
