0 1
0 3
0 5
0 21
0 33
0 24
0 28
1 0
1 2
1 3
1 4
1 10
1 12
1 19
1 21
1 22
1 34
1 25
1 26
1 31
1 42
1 45
1 46
1 47
1 48
2 1
2 4
2 5
2 13
2 17
2 18
2 22
2 34
2 38
2 39
2 46
2 49
3 4
3 5
3 6
3 7
3 15
3 24
3 27
3 28
3 30
3 49
4 0
4 1
4 2
4 5
4 11
4 13
4 22
4 23
4 32
4 34
4 28
4 39
4 45
4 48
5 0
5 2
5 4
5 10
5 11
5 15
5 17
5 20
5 22
5 32
5 24
5 26
5 27
5 29
5 36
5 41
5 43
5 44
5 47
5 48
6 2
6 3
6 5
6 8
6 9
6 10
6 11
6 13
6 18
6 38
6 40
6 43
7 1
7 8
7 9
7 10
7 11
7 12
7 13
7 14
7 33
7 35
7 24
7 26
7 28
7 38
8 4
8 6
8 7
8 9
8 10
8 11
8 12
8 13
8 15
8 23
8 24
8 26
8 39
8 40
8 44
8 48
8 49
9 1
9 4
9 5
9 6
9 7
9 8
9 10
9 13
9 16
9 20
9 35
9 25
9 26
9 27
9 39
9 49
10 2
10 6
10 7
10 8
10 12
10 13
10 14
10 17
10 22
10 23
10 32
10 34
10 25
10 48
10 49
11 4
11 5
11 7
11 8
11 9
11 10
11 12
11 13
11 14
11 16
11 21
11 22
11 24
11 27
11 31
11 39
11 40
11 46
11 48
12 6
12 7
12 9
12 10
12 11
12 13
12 14
12 17
12 18
12 20
12 21
12 32
12 29
12 39
13 6
13 7
13 8
13 9
13 10
13 12
13 22
13 33
13 28
13 30
13 31
13 37
13 42
13 43
13 46
13 48
14 10
14 15
14 16
14 17
14 20
14 21
14 23
14 32
14 26
14 29
14 30
14 37
14 39
14 40
14 42
14 45
14 46
14 49
15 4
15 9
15 14
15 16
15 17
15 20
15 21
15 22
15 23
15 24
15 25
15 36
15 37
15 43
15 46
15 49
16 3
16 4
16 9
16 14
16 15
16 17
16 18
16 21
16 22
16 23
16 24
16 27
16 31
16 37
16 38
16 41
16 42
16 49
17 1
17 6
17 7
17 14
17 15
17 16
17 18
17 19
17 20
17 21
17 22
17 23
17 35
17 27
17 43
18 1
18 6
18 7
18 13
18 15
18 16
18 19
18 20
18 21
18 22
18 23
18 25
18 26
18 31
18 37
18 41
18 43
18 46
18 47
19 3
19 5
19 6
19 7
19 8
19 14
19 15
19 16
19 18
19 20
19 21
19 22
19 23
19 25
19 26
19 29
19 36
19 39
19 40
20 6
20 14
20 15
20 17
20 18
20 19
20 22
20 23
20 24
20 25
20 29
20 30
20 36
20 41
20 43
20 46
20 47
21 3
21 4
21 10
21 14
21 16
21 17
21 20
21 22
21 33
21 35
21 25
21 26
21 27
21 42
21 43
21 48
22 1
22 3
22 6
22 8
22 10
22 15
22 16
22 17
22 18
22 19
22 20
22 23
22 32
22 25
22 30
22 44
23 1
23 3
23 8
23 10
23 15
23 16
23 17
23 19
23 20
23 21
23 32
23 33
23 34
23 24
23 26
23 38
23 39
32 3
32 5
32 7
32 19
32 22
32 33
32 24
32 25
32 27
32 28
32 29
32 30
32 31
32 43
32 44
32 47
33 2
33 5
33 6
33 11
33 12
33 13
33 20
33 32
33 34
33 35
33 24
33 25
33 28
33 29
33 30
33 39
33 45
34 8
34 12
34 13
34 15
34 17
34 18
34 19
34 21
34 33
34 35
34 24
34 25
34 26
34 27
34 36
34 38
34 42
35 1
35 3
35 4
35 6
35 7
35 12
35 14
35 15
35 18
35 34
35 24
35 25
35 26
35 27
35 28
35 29
35 30
35 31
35 38
35 39
24 1
24 3
24 4
24 6
24 7
24 15
24 21
24 23
24 32
24 35
24 25
24 26
24 27
24 29
24 31
24 42
24 45
25 0
25 2
25 3
25 6
25 17
25 33
25 26
25 27
25 28
25 29
25 30
25 31
25 36
25 43
25 44
26 1
26 3
26 4
26 5
26 13
26 17
26 20
26 33
26 34
26 35
26 24
26 29
26 30
26 31
26 36
26 37
26 39
26 42
27 2
27 7
27 9
27 20
27 22
27 32
27 34
27 24
27 25
27 30
27 31
27 40
27 43
28 0
28 5
28 17
28 19
28 22
28 32
28 33
28 34
28 24
28 25
28 26
28 27
28 29
28 30
28 40
28 42
28 43
28 44
28 46
29 1
29 4
29 18
29 19
29 20
29 32
29 34
29 35
29 24
29 26
29 28
29 31
29 37
29 45
30 1
30 3
30 5
30 6
30 15
30 17
30 18
30 20
30 22
30 23
30 32
30 33
30 34
30 35
30 24
30 25
30 26
30 29
30 31
30 36
30 43
30 44
30 47
30 49
31 9
31 10
31 13
31 15
31 16
31 21
31 22
31 32
31 33
31 34
31 35
31 24
31 27
31 39
31 42
31 46
31 47
36 5
36 7
36 10
36 13
36 20
36 21
36 22
36 33
36 34
36 38
36 41
36 42
36 43
36 44
36 45
36 47
36 48
37 1
37 2
37 4
37 8
37 13
37 20
37 21
37 33
37 27
37 36
37 38
37 39
37 40
37 41
37 43
37 44
37 45
37 46
37 47
37 48
38 13
38 16
38 18
38 19
38 22
38 32
38 27
38 31
38 36
38 39
38 40
38 41
38 42
38 44
38 45
38 46
38 47
38 48
38 49
39 3
39 5
39 7
39 12
39 14
39 21
39 23
39 34
39 30
39 31
39 36
39 37
39 38
39 42
39 43
39 44
39 45
39 47
39 48
40 0
40 2
40 3
40 4
40 5
40 11
40 12
40 22
40 34
40 30
40 36
40 37
40 39
40 41
40 43
40 44
40 45
40 46
40 47
40 48
40 49
41 5
41 12
41 33
41 24
41 26
41 27
41 29
41 36
41 39
41 40
41 42
41 43
41 44
41 45
41 46
41 47
41 48
42 1
42 2
42 8
42 13
42 14
42 20
42 22
42 34
42 26
42 28
42 30
42 36
42 38
42 39
42 41
42 43
42 44
42 45
42 46
42 48
43 10
43 13
43 16
43 17
43 20
43 36
43 39
43 41
43 42
43 45
43 46
43 47
43 49
44 1
44 2
44 3
44 5
44 7
44 9
44 10
44 11
44 13
44 16
44 18
44 22
44 24
44 25
44 27
44 30
44 36
44 37
44 38
44 40
44 41
44 42
44 43
44 45
44 46
44 47
44 48
44 49
45 0
45 2
45 4
45 5
45 10
45 14
45 18
45 19
45 35
45 24
45 27
45 30
45 31
45 36
45 37
45 38
45 39
45 40
45 41
45 42
45 43
45 44
45 46
45 47
45 48
45 49
46 1
46 2
46 4
46 6
46 8
46 10
46 11
46 14
46 17
46 21
46 33
46 34
46 29
46 36
46 37
46 38
46 40
46 41
46 44
46 47
46 48
46 49
47 4
47 6
47 12
47 17
47 33
47 27
47 28
47 36
47 37
47 38
47 39
47 40
47 41
47 42
47 43
47 45
47 46
47 48
48 4
48 5
48 11
48 13
48 15
48 22
48 23
48 33
48 34
48 25
48 31
48 36
48 38
48 39
48 45
48 46
48 49
49 0
49 11
49 21
49 34
49 24
49 27
49 29
49 31
49 36
49 37
49 38
49 39
49 40
49 43
49 45
49 46
49 48
