0 1
0 2
0 3
0 4
0 5
0 8
0 9
0 11
0 13
0 19
0 20
0 26
0 37
0 38
0 40
1 0
1 5
1 6
1 15
1 16
1 19
1 23
1 27
1 28
1 29
1 36
1 38
1 40
1 43
1 44
1 49
2 0
2 5
2 8
2 11
2 15
2 17
2 18
2 20
2 35
2 26
2 31
2 38
2 43
2 44
2 46
2 47
2 48
2 49
3 0
3 1
3 2
3 4
3 5
3 8
3 9
3 12
3 15
3 21
3 22
3 23
3 32
3 24
3 28
3 36
3 38
3 42
4 0
4 1
4 2
4 8
4 16
4 18
4 20
4 21
4 22
4 23
4 35
4 29
4 30
4 31
4 40
4 47
5 0
5 1
5 2
5 3
5 9
5 10
5 15
5 20
5 21
5 34
5 27
5 40
5 41
5 44
5 46
5 49
6 2
6 7
6 9
6 11
6 12
6 13
6 19
6 22
6 23
6 34
6 25
6 27
6 38
6 44
6 48
7 3
7 6
7 8
7 9
7 10
7 11
7 12
7 13
7 17
7 32
7 30
7 31
7 37
7 41
7 43
7 44
7 46
8 2
8 3
8 5
8 6
8 10
8 11
8 12
8 13
8 19
8 22
8 26
8 40
8 41
8 47
8 49
9 2
9 6
9 7
9 8
9 11
9 12
9 16
9 18
9 19
9 24
9 26
9 28
9 30
9 40
9 42
9 47
10 3
10 4
10 6
10 7
10 8
10 9
10 12
10 13
10 15
10 33
10 26
10 43
10 46
10 47
11 0
11 5
11 6
11 7
11 8
11 9
11 12
11 15
11 17
11 20
11 32
11 27
11 44
12 5
12 8
12 9
12 10
12 11
12 13
12 16
12 22
12 26
12 29
12 37
13 3
13 4
13 5
13 7
13 8
13 9
13 10
13 11
13 12
13 14
13 17
13 18
13 20
13 28
13 31
13 36
13 46
13 47
13 49
14 0
14 4
14 5
14 12
14 15
14 16
14 17
14 18
14 19
14 20
14 21
14 22
14 25
14 28
14 37
14 43
14 45
14 47
14 48
15 0
15 2
15 9
15 10
15 14
15 16
15 18
15 19
15 20
15 21
15 22
15 23
15 33
15 35
15 25
15 28
15 31
15 36
15 38
15 40
16 14
16 17
16 18
16 19
16 20
16 21
16 22
16 32
16 35
16 29
16 30
16 37
16 40
16 49
17 0
17 2
17 6
17 10
17 11
17 14
17 20
17 21
17 22
17 33
17 25
17 27
17 31
17 36
17 37
17 41
17 42
17 46
17 48
18 0
18 1
18 2
18 4
18 5
18 6
18 7
18 10
18 15
18 16
18 17
18 19
18 22
18 23
18 32
18 35
18 26
18 27
18 30
18 31
18 42
19 2
19 5
19 9
19 10
19 12
19 15
19 16
19 17
19 18
19 20
19 22
19 23
19 32
19 34
19 25
19 30
19 36
19 39
19 41
19 45
20 4
20 5
20 9
20 11
20 12
20 14
20 15
20 16
20 18
20 19
20 21
20 22
20 23
20 31
20 38
20 39
20 40
20 41
20 46
20 48
21 3
21 4
21 5
21 15
21 16
21 17
21 18
21 20
21 23
21 32
21 25
21 36
21 40
21 41
21 42
21 43
21 46
21 48
22 1
22 2
22 3
22 7
22 15
22 17
22 19
22 20
22 35
22 24
22 27
22 28
22 30
22 37
22 38
22 47
22 48
23 0
23 1
23 2
23 3
23 4
23 9
23 14
23 15
23 16
23 18
23 19
23 21
23 22
23 34
23 26
23 27
23 38
23 41
23 45
23 47
23 49
32 2
32 9
32 10
32 12
32 13
32 18
32 19
32 23
32 33
32 35
32 24
32 25
32 27
32 28
32 30
32 31
32 38
32 42
32 44
33 0
33 5
33 10
33 11
33 13
33 16
33 18
33 19
33 20
33 32
33 34
33 35
33 24
33 26
33 29
33 30
33 31
33 39
33 40
33 42
33 45
34 2
34 6
34 8
34 16
34 17
34 20
34 32
34 35
34 25
34 26
34 28
34 30
34 31
34 39
34 43
34 47
34 49
35 2
35 6
35 13
35 14
35 17
35 32
35 24
35 25
35 26
35 28
35 30
35 31
35 41
35 42
35 44
35 45
35 48
24 2
24 5
24 6
24 13
24 16
24 17
24 18
24 20
24 21
24 33
24 34
24 35
24 25
24 27
24 28
24 29
24 31
24 41
24 43
24 47
25 1
25 12
25 15
25 18
25 32
25 34
25 35
25 24
25 26
25 27
25 29
25 30
25 31
25 36
25 39
25 41
25 42
26 1
26 7
26 12
26 14
26 15
26 18
26 33
26 34
26 35
26 24
26 25
26 27
26 29
26 30
26 36
26 38
26 40
26 41
26 46
26 47
26 49
27 1
27 5
27 6
27 16
27 19
27 20
27 32
27 33
27 34
27 35
27 24
27 25
27 26
27 28
27 29
27 30
27 31
27 41
27 46
28 1
28 10
28 13
28 15
28 16
28 19
28 20
28 22
28 33
28 24
28 25
28 26
28 27
28 29
28 30
28 41
28 44
28 47
28 49
29 0
29 3
29 10
29 15
29 18
29 19
29 21
29 22
29 32
29 34
29 24
29 25
29 26
29 27
29 28
29 30
29 36
29 40
29 42
29 43
29 45
29 47
29 48
30 6
30 9
30 15
30 32
30 34
30 35
30 24
30 25
30 26
30 28
30 31
30 36
30 41
30 46
31 3
31 8
31 11
31 12
31 15
31 19
31 34
31 25
31 26
31 29
31 30
31 37
31 38
36 6
36 9
36 10
36 11
36 16
36 19
36 29
36 38
36 39
36 41
36 43
36 44
36 45
36 46
36 49
37 7
37 11
37 13
37 14
37 16
37 32
37 34
37 28
37 29
37 31
37 36
37 38
37 39
37 40
37 43
37 44
37 45
37 47
37 49
38 19
38 21
38 32
38 33
38 35
38 24
38 27
38 36
38 40
38 41
38 42
38 44
38 45
38 46
38 47
38 48
39 0
39 2
39 3
39 7
39 10
39 11
39 12
39 13
39 14
39 20
39 21
39 23
39 29
39 36
39 37
39 38
39 40
39 41
39 42
39 43
39 44
39 45
39 47
39 48
40 2
40 3
40 9
40 19
40 20
40 21
40 22
40 23
40 26
40 27
40 28
40 29
40 30
40 37
40 38
40 44
40 45
40 48
41 9
41 13
41 17
41 18
41 33
41 24
41 29
41 36
41 37
41 43
41 44
41 46
41 47
41 48
41 49
42 0
42 2
42 5
42 14
42 16
42 17
42 18
42 20
42 32
42 37
42 39
42 40
42 41
42 43
42 44
42 45
42 46
42 47
42 48
42 49
43 0
43 1
43 3
43 5
43 13
43 21
43 22
43 34
43 24
43 26
43 27
43 36
43 37
43 38
43 41
43 42
43 45
43 46
43 47
43 48
43 49
44 1
44 3
44 6
44 8
44 11
44 15
44 17
44 20
44 25
44 31
44 36
44 38
44 39
44 40
44 45
44 46
44 48
44 49
45 7
45 9
45 12
45 15
45 18
45 34
45 26
45 27
45 36
45 37
45 38
45 40
45 41
45 43
45 44
45 46
45 47
45 48
45 49
46 0
46 1
46 2
46 4
46 5
46 13
46 14
46 17
46 23
46 24
46 27
46 28
46 37
46 38
46 39
46 40
46 41
46 42
46 43
46 45
46 47
46 48
46 49
47 0
47 8
47 14
47 15
47 21
47 22
47 34
47 27
47 31
47 36
47 38
47 39
47 40
47 42
47 44
47 48
47 49
48 7
48 13
48 15
48 18
48 35
48 27
48 29
48 38
48 39
48 40
48 41
48 42
48 45
48 47
49 1
49 2
49 5
49 12
49 13
49 16
49 34
49 35
49 28
49 37
49 38
49 39
49 40
49 41
49 42
49 44
49 45
49 46
49 47
49 48
