0 2
0 3
0 5
0 9
0 12
0 16
0 18
0 27
0 28
0 38
0 39
0 41
0 42
0 45
1 0
1 2
1 3
1 5
1 6
1 11
1 13
1 16
1 20
1 21
1 34
1 25
1 31
1 39
1 44
1 45
1 46
1 47
1 49
2 1
2 3
2 4
2 9
2 14
2 20
2 22
2 27
2 28
2 37
2 38
2 40
2 42
2 49
3 0
3 1
3 4
3 5
3 8
3 11
3 12
3 14
3 15
3 17
3 18
3 19
3 21
3 22
3 35
3 25
3 27
3 31
3 45
4 0
4 3
4 14
4 16
4 20
4 34
4 26
4 38
4 42
4 44
5 0
5 1
5 2
5 3
5 7
5 15
5 18
5 23
5 32
5 24
5 28
5 31
6 1
6 3
6 7
6 8
6 9
6 10
6 11
6 16
6 22
6 33
6 25
6 39
7 2
7 6
7 8
7 10
7 11
7 12
7 16
7 20
7 24
7 29
7 41
7 42
7 45
7 46
7 47
7 48
8 1
8 3
8 5
8 6
8 7
8 9
8 10
8 11
8 12
8 13
8 16
8 17
8 18
8 33
8 25
8 30
8 36
8 40
8 42
9 5
9 6
9 7
9 8
9 10
9 11
9 13
9 14
9 32
9 24
9 26
9 28
9 30
9 37
9 38
9 41
9 42
9 49
10 1
10 7
10 9
10 11
10 12
10 13
10 15
10 16
10 21
10 35
10 24
10 39
10 40
10 44
11 0
11 2
11 5
11 7
11 8
11 9
11 10
11 12
11 13
11 16
11 32
11 33
11 25
11 28
11 36
11 39
11 41
11 46
12 6
12 7
12 8
12 9
12 10
12 13
12 14
12 16
12 18
12 34
12 30
12 31
12 36
12 38
12 39
12 45
12 48
13 2
13 3
13 7
13 8
13 9
13 10
13 11
13 19
13 26
13 27
13 36
13 39
13 41
13 42
13 44
13 48
14 7
14 13
14 16
14 17
14 18
14 19
14 20
14 21
14 22
14 23
14 27
14 29
14 38
14 45
14 47
15 11
15 12
15 14
15 16
15 17
15 18
15 20
15 21
15 22
15 23
15 32
15 31
15 40
15 42
15 45
15 46
16 0
16 1
16 3
16 12
16 13
16 14
16 15
16 17
16 18
16 19
16 20
16 22
16 23
16 33
16 27
16 30
16 44
17 5
17 7
17 8
17 9
17 13
17 14
17 15
17 16
17 19
17 20
17 21
17 22
17 23
17 27
17 36
17 39
17 40
17 45
17 46
18 7
18 10
18 11
18 14
18 15
18 17
18 19
18 20
18 21
18 22
18 33
18 25
18 28
18 30
18 39
18 40
18 41
18 46
18 48
19 1
19 2
19 5
19 9
19 10
19 12
19 14
19 15
19 17
19 18
19 21
19 22
19 23
19 33
19 24
19 27
19 31
19 36
19 37
19 39
19 43
20 7
20 14
20 15
20 16
20 17
20 18
20 19
20 21
20 22
20 23
20 35
20 28
20 31
20 36
20 39
20 46
21 1
21 2
21 7
21 8
21 10
21 14
21 15
21 17
21 18
21 20
21 23
21 24
21 28
21 31
21 37
21 41
21 42
21 45
21 46
22 0
22 5
22 9
22 11
22 14
22 15
22 16
22 18
22 21
22 23
22 35
22 29
22 30
22 36
22 37
22 39
22 45
23 0
23 4
23 8
23 14
23 15
23 16
23 17
23 18
23 19
23 21
23 33
23 36
23 43
23 45
23 49
32 2
32 11
32 13
32 14
32 18
32 33
32 34
32 35
32 24
32 25
32 26
32 28
32 30
32 31
32 36
32 42
33 1
33 4
33 9
33 12
33 13
33 15
33 18
33 32
33 25
33 26
33 27
33 28
33 29
33 30
33 36
33 39
33 40
33 41
33 42
33 43
33 47
33 49
34 0
34 5
34 8
34 13
34 14
34 21
34 32
34 33
34 35
34 25
34 26
34 28
34 30
34 31
34 43
34 44
34 46
34 47
35 4
35 11
35 16
35 22
35 34
35 24
35 25
35 26
35 27
35 28
35 29
35 30
35 31
24 0
24 2
24 3
24 5
24 9
24 15
24 17
24 19
24 23
24 32
24 34
24 26
24 27
24 31
24 37
24 38
24 40
24 49
25 17
25 18
25 21
25 23
25 32
25 35
25 24
25 26
25 27
25 28
25 29
25 30
25 31
25 36
25 42
25 43
25 45
26 2
26 3
26 9
26 16
26 19
26 22
26 32
26 33
26 34
26 35
26 24
26 25
26 27
26 28
26 30
26 31
26 41
26 43
26 48
27 1
27 7
27 9
27 11
27 32
27 33
27 34
27 35
27 26
27 30
27 31
27 36
27 37
27 39
27 42
27 43
28 7
28 10
28 14
28 19
28 32
28 34
28 35
28 24
28 26
28 27
28 29
28 30
28 31
28 40
28 44
28 46
28 47
29 11
29 16
29 32
29 33
29 35
29 24
29 25
29 26
29 27
29 28
29 30
29 31
29 36
29 39
29 40
29 42
29 48
30 0
30 5
30 7
30 9
30 12
30 14
30 23
30 34
30 35
30 24
30 25
30 26
30 27
30 28
30 29
30 31
30 39
30 41
30 44
30 49
31 0
31 2
31 20
31 32
31 34
31 35
31 24
31 25
31 26
31 28
31 29
31 30
31 38
31 41
31 48
36 1
36 2
36 6
36 7
36 13
36 16
36 22
36 35
36 24
36 29
36 37
36 40
36 41
36 42
36 43
36 44
36 46
36 47
36 49
37 1
37 8
37 12
37 15
37 16
37 17
37 20
37 21
37 36
37 38
37 40
37 41
37 42
37 44
37 45
37 46
37 47
37 48
38 2
38 6
38 15
38 19
38 20
38 21
38 29
38 30
38 36
38 39
38 40
38 42
38 43
38 44
38 45
38 47
38 49
39 1
39 9
39 11
39 12
39 14
39 18
39 21
39 23
39 35
39 25
39 26
39 30
39 31
39 36
39 37
39 38
39 40
39 42
39 43
39 44
39 45
39 46
39 49
40 5
40 6
40 14
40 15
40 21
40 30
40 37
40 41
40 42
40 43
40 44
40 45
40 46
40 47
40 48
40 49
41 0
41 2
41 4
41 5
41 8
41 11
41 13
41 18
41 24
41 26
41 36
41 37
41 38
41 42
41 44
41 45
41 46
41 48
41 49
42 5
42 7
42 14
42 17
42 18
42 20
42 22
42 24
42 25
42 38
42 39
42 41
42 44
42 46
42 48
43 2
43 6
43 11
43 12
43 14
43 15
43 17
43 19
43 20
43 23
43 26
43 28
43 30
43 36
43 37
43 38
43 40
43 41
43 42
43 44
43 45
43 48
43 49
44 2
44 5
44 7
44 11
44 12
44 20
44 22
44 35
44 25
44 27
44 28
44 30
44 36
44 37
44 38
44 39
44 40
44 41
44 42
44 43
44 45
44 46
44 49
45 2
45 3
45 4
45 7
45 9
45 10
45 12
45 14
45 15
45 17
45 20
45 37
45 38
45 39
45 40
45 41
45 43
45 44
45 46
45 47
45 48
45 49
46 1
46 6
46 10
46 12
46 13
46 14
46 16
46 20
46 33
46 24
46 25
46 36
46 37
46 38
46 39
46 42
46 43
46 44
46 45
46 47
46 48
46 49
47 4
47 6
47 10
47 15
47 18
47 22
47 24
47 26
47 27
47 36
47 37
47 39
47 41
47 42
47 43
47 44
47 45
47 46
47 48
47 49
48 5
48 10
48 14
48 17
48 18
48 23
48 32
48 37
48 38
48 39
48 41
48 42
48 44
48 45
48 46
48 49
49 1
49 2
49 5
49 21
49 33
49 35
49 36
49 39
49 40
49 41
49 43
49 44
49 48
