0 2
0 5
0 9
0 10
0 14
0 18
0 19
0 27
0 28
0 36
0 47
1 0
1 2
1 3
1 4
1 5
1 13
1 23
1 26
1 30
1 37
1 39
1 41
1 42
1 44
1 45
1 47
1 49
2 0
2 1
2 3
2 4
2 7
2 8
2 9
2 11
2 17
2 23
2 34
2 44
2 49
3 2
3 4
3 5
3 7
3 9
3 16
3 34
3 35
3 25
3 26
3 27
3 29
3 36
3 38
3 39
3 48
4 1
4 3
4 5
4 9
4 10
4 12
4 22
4 24
4 36
4 39
4 46
5 4
5 9
5 11
5 17
5 32
5 37
5 41
5 45
5 48
6 1
6 7
6 8
6 9
6 10
6 11
6 12
6 15
6 17
6 21
6 33
6 27
6 36
6 44
6 45
6 47
6 49
7 0
7 1
7 2
7 6
7 8
7 9
7 10
7 12
7 13
7 15
7 19
7 21
7 23
7 33
7 25
7 26
7 28
7 29
7 36
7 38
7 39
7 41
7 42
7 44
8 2
8 5
8 11
8 12
8 13
8 16
8 17
8 21
8 22
8 32
8 43
8 46
8 48
9 1
9 2
9 5
9 6
9 8
9 10
9 11
9 12
9 23
9 32
9 24
9 26
9 37
9 38
9 43
9 45
9 48
9 49
10 2
10 4
10 5
10 6
10 7
10 9
10 11
10 12
10 23
10 27
10 40
10 41
11 5
11 7
11 9
11 10
11 12
11 15
11 17
11 27
11 28
11 30
11 36
11 42
11 44
11 45
11 46
12 0
12 1
12 2
12 4
12 6
12 8
12 11
12 13
12 16
12 22
12 33
12 35
12 24
12 26
12 30
12 38
12 40
13 5
13 6
13 7
13 8
13 9
13 10
13 11
13 12
13 14
13 20
13 21
13 23
13 34
13 24
13 27
13 30
13 38
13 40
13 43
13 47
14 5
14 7
14 9
14 13
14 15
14 16
14 17
14 19
14 20
14 21
14 22
14 23
14 24
14 28
14 29
14 47
14 48
15 1
15 2
15 3
15 6
15 10
15 11
15 14
15 17
15 18
15 19
15 21
15 22
15 23
15 27
15 28
15 30
15 31
15 36
15 38
16 0
16 4
16 9
16 10
16 14
16 17
16 18
16 19
16 20
16 21
16 35
16 25
16 27
16 37
16 46
17 5
17 8
17 14
17 15
17 18
17 19
17 20
17 21
17 22
17 25
17 26
17 27
17 41
17 44
17 46
17 47
18 1
18 2
18 4
18 14
18 15
18 16
18 17
18 20
18 23
18 28
18 30
18 31
18 49
19 1
19 3
19 6
19 15
19 16
19 18
19 20
19 21
19 22
19 23
19 32
19 35
19 26
19 28
19 30
19 37
19 40
19 43
19 46
20 7
20 8
20 12
20 13
20 15
20 17
20 18
20 19
20 21
20 23
20 33
20 34
20 24
20 31
20 37
20 39
20 42
21 1
21 4
21 12
21 14
21 15
21 16
21 18
21 20
21 22
21 23
21 32
21 26
21 36
21 39
22 1
22 8
22 10
22 13
22 14
22 15
22 16
22 17
22 18
22 20
22 23
22 26
22 27
22 45
22 47
23 3
23 4
23 6
23 13
23 14
23 15
23 16
23 17
23 18
23 19
23 20
23 33
23 27
23 36
23 40
23 41
23 45
23 49
32 0
32 2
32 4
32 6
32 14
32 15
32 21
32 34
32 24
32 25
32 26
32 27
32 28
32 29
32 30
32 31
32 37
32 39
32 45
32 49
33 1
33 9
33 21
33 32
33 35
33 25
33 27
33 29
33 30
33 31
33 36
33 37
33 39
33 43
34 0
34 1
34 2
34 6
34 11
34 22
34 23
34 33
34 24
34 25
34 26
34 27
34 28
34 30
34 31
34 36
34 49
35 1
35 8
35 9
35 11
35 13
35 17
35 18
35 19
35 23
35 32
35 34
35 24
35 25
35 26
35 27
35 28
35 29
35 30
35 31
35 45
35 46
35 49
24 3
24 6
24 7
24 9
24 11
24 15
24 23
24 32
24 33
24 34
24 35
24 25
24 26
24 29
24 30
24 31
24 40
24 41
24 42
24 49
25 2
25 8
25 13
25 18
25 23
25 32
25 34
25 35
25 26
25 27
25 28
25 29
25 30
25 31
25 36
25 42
25 44
26 3
26 8
26 12
26 13
26 23
26 32
26 35
26 24
26 25
26 27
26 28
26 30
26 39
26 40
27 0
27 1
27 5
27 15
27 18
27 20
27 22
27 33
27 34
27 35
27 25
27 26
27 28
27 29
27 30
27 31
27 40
27 41
27 42
27 45
28 3
28 5
28 7
28 12
28 13
28 17
28 20
28 33
28 34
28 35
28 24
28 25
28 26
28 29
28 30
28 31
28 37
28 38
28 39
28 41
28 42
28 43
29 4
29 11
29 12
29 14
29 22
29 32
29 33
29 34
29 24
29 25
29 27
29 30
29 31
29 40
29 41
29 44
29 47
30 2
30 10
30 12
30 21
30 23
30 34
30 35
30 24
30 26
30 27
30 29
30 31
30 38
30 41
30 45
30 49
31 1
31 9
31 13
31 18
31 19
31 21
31 32
31 33
31 34
31 35
31 24
31 25
31 26
31 27
31 30
31 39
31 47
31 49
36 8
36 9
36 12
36 17
36 23
36 35
36 25
36 27
36 28
36 37
36 38
36 39
36 41
36 42
36 43
36 44
36 45
36 46
36 47
36 48
37 1
37 4
37 8
37 13
37 17
37 19
37 23
37 33
37 36
37 38
37 40
37 41
37 43
37 44
37 45
37 46
37 49
38 0
38 1
38 3
38 14
38 15
38 21
38 22
38 27
38 30
38 36
38 37
38 39
38 41
38 42
38 43
38 44
38 45
38 46
38 49
39 3
39 10
39 13
39 14
39 15
39 16
39 17
39 18
39 22
39 33
39 30
39 36
39 37
39 41
39 42
39 45
39 46
39 47
39 48
39 49
40 3
40 17
40 29
40 36
40 37
40 38
40 39
40 41
40 43
40 44
40 45
40 46
40 47
40 49
41 7
41 8
41 11
41 17
41 21
41 23
41 35
41 24
41 27
41 36
41 37
41 39
41 40
41 42
41 44
41 46
41 47
41 48
41 49
42 1
42 11
42 14
42 23
42 35
42 37
42 38
42 39
42 41
42 43
42 44
42 45
42 47
42 48
42 49
43 4
43 7
43 15
43 19
43 22
43 24
43 25
43 36
43 38
43 39
43 41
43 44
43 46
43 47
43 49
44 3
44 4
44 6
44 11
44 16
44 20
44 22
44 23
44 25
44 36
44 37
44 38
44 39
44 40
44 41
44 43
44 45
44 46
44 47
44 48
44 49
45 0
45 2
45 4
45 6
45 8
45 16
45 18
45 20
45 21
45 23
45 32
45 35
45 36
45 38
45 39
45 41
45 43
45 44
45 46
45 47
45 48
45 49
46 1
46 4
46 12
46 13
46 14
46 18
46 22
46 33
46 24
46 25
46 27
46 36
46 37
46 40
46 42
46 43
46 45
46 47
46 48
46 49
47 7
47 10
47 12
47 15
47 16
47 22
47 26
47 31
47 36
47 38
47 39
47 40
47 42
47 43
47 44
47 45
47 46
48 5
48 13
48 33
48 35
48 27
48 28
48 36
48 37
48 38
48 40
48 41
48 43
48 44
48 45
48 46
48 47
48 49
49 1
49 4
49 6
49 8
49 11
49 14
49 18
49 22
49 24
49 29
49 37
49 39
49 40
49 41
49 43
49 46
49 47
49 48
