0 2
0 3
0 4
0 5
0 6
0 8
0 10
0 13
0 17
0 18
0 24
0 26
0 28
0 47
1 0
1 2
1 3
1 4
1 6
1 8
1 17
1 19
1 21
1 22
1 28
1 31
1 36
1 44
1 45
1 46
1 47
1 48
2 0
2 1
2 5
2 9
2 11
2 13
2 16
2 17
2 22
2 32
2 34
2 27
2 30
2 31
2 36
2 39
3 0
3 2
3 5
3 6
3 20
3 33
3 31
3 36
3 40
3 44
3 48
4 1
4 2
4 3
4 7
4 11
4 18
4 22
4 23
4 25
4 40
4 48
5 0
5 1
5 2
5 4
5 8
5 14
5 15
5 17
5 18
5 32
5 35
5 25
5 27
5 30
5 31
5 40
5 42
5 43
5 45
5 47
5 49
6 7
6 8
6 10
6 11
6 16
6 17
6 21
6 24
6 29
6 30
6 31
6 38
6 39
6 49
7 3
7 6
7 8
7 9
7 11
7 12
7 13
7 14
7 16
7 17
7 20
7 33
7 35
7 26
7 28
7 29
7 30
7 31
7 39
7 40
7 45
8 5
8 6
8 7
8 9
8 10
8 11
8 13
8 15
8 24
8 42
8 43
8 44
8 45
8 46
9 6
9 7
9 8
9 10
9 11
9 12
9 14
9 16
9 17
9 18
9 19
9 32
9 34
9 29
9 30
9 38
9 39
9 44
9 47
9 49
10 7
10 8
10 11
10 12
10 14
10 15
10 16
10 29
10 30
10 36
10 42
10 46
11 3
11 5
11 6
11 7
11 8
11 9
11 10
11 13
11 19
11 20
11 21
11 22
11 33
11 34
11 25
11 27
11 30
11 31
11 43
11 45
12 2
12 4
12 6
12 7
12 8
12 10
12 15
12 17
12 22
12 33
12 34
12 29
12 31
12 46
12 47
13 3
13 6
13 7
13 8
13 10
13 11
13 12
13 16
13 21
13 23
13 24
13 28
13 30
13 36
13 40
13 41
13 42
13 44
13 45
13 47
14 0
14 2
14 3
14 9
14 12
14 13
14 15
14 16
14 17
14 18
14 19
14 20
14 21
14 22
14 23
14 33
14 24
14 26
14 28
14 29
14 40
14 43
14 45
15 1
15 9
15 10
15 14
15 17
15 18
15 19
15 20
15 21
15 22
15 23
15 30
15 39
15 44
15 47
15 49
16 4
16 13
16 15
16 17
16 18
16 19
16 21
16 22
16 23
16 33
16 24
16 39
16 40
16 45
17 6
17 9
17 15
17 16
17 18
17 19
17 20
17 22
17 23
17 35
17 25
17 30
17 40
17 41
17 43
17 45
17 46
18 4
18 7
18 9
18 13
18 14
18 15
18 19
18 22
18 23
18 27
18 30
18 36
18 38
18 42
18 43
18 44
18 47
19 2
19 11
19 14
19 21
19 23
19 37
19 42
20 1
20 4
20 8
20 10
20 12
20 14
20 16
20 17
20 18
20 19
20 21
20 23
20 35
20 24
20 26
20 38
21 1
21 3
21 14
21 15
21 16
21 17
21 18
21 19
21 20
21 23
21 34
21 35
21 31
21 37
22 3
22 6
22 13
22 14
22 15
22 16
22 18
22 19
22 23
22 28
22 37
22 40
22 42
22 47
23 9
23 10
23 14
23 15
23 16
23 17
23 18
23 19
23 20
23 22
23 34
23 27
23 29
23 30
23 40
23 48
32 4
32 8
32 9
32 15
32 16
32 17
32 20
32 21
32 22
32 23
32 33
32 34
32 35
32 24
32 25
32 26
32 27
32 29
32 30
32 31
32 37
32 39
32 42
32 43
32 44
32 48
32 49
33 0
33 3
33 9
33 11
33 22
33 32
33 24
33 25
33 27
33 29
33 30
33 31
33 36
33 38
33 39
33 44
33 48
34 1
34 5
34 10
34 14
34 20
34 32
34 33
34 35
34 24
34 25
34 26
34 28
34 29
34 30
34 31
34 40
34 49
35 2
35 8
35 14
35 21
35 22
35 32
35 34
35 24
35 25
35 26
35 27
35 29
35 31
35 39
35 40
35 42
35 44
35 45
24 0
24 6
24 10
24 14
24 16
24 21
24 32
24 33
24 34
24 35
24 25
24 27
24 29
24 30
24 31
24 37
24 40
24 42
24 49
25 4
25 7
25 22
25 32
25 33
25 34
25 35
25 24
25 26
25 27
25 28
25 29
25 31
25 37
25 38
25 42
25 44
26 0
26 2
26 4
26 10
26 11
26 20
26 25
26 29
26 30
26 31
26 38
26 40
26 45
26 47
27 3
27 5
27 14
27 19
27 22
27 23
27 32
27 33
27 35
27 26
27 28
27 29
27 30
27 36
27 46
27 49
28 0
28 2
28 4
28 7
28 15
28 16
28 20
28 32
28 34
28 35
28 24
28 25
28 26
28 27
28 29
28 30
28 41
28 45
28 48
28 49
29 1
29 5
29 6
29 7
29 13
29 14
29 16
29 18
29 22
29 33
29 34
29 35
29 24
29 25
29 26
29 28
29 31
29 38
29 39
29 42
29 44
29 46
29 47
30 0
30 2
30 12
30 20
30 32
30 33
30 34
30 25
30 26
30 28
30 29
30 31
30 42
30 45
31 7
31 8
31 10
31 21
31 22
31 32
31 33
31 35
31 25
31 26
31 27
31 28
31 30
31 36
31 41
36 7
36 8
36 16
36 21
36 29
36 31
36 37
36 39
36 40
36 41
36 43
36 44
36 45
36 46
36 47
36 48
36 49
37 1
37 2
37 6
37 10
37 13
37 18
37 22
37 35
37 29
37 36
37 38
37 39
37 40
37 41
37 42
37 43
37 45
37 46
37 48
37 49
38 1
38 2
38 3
38 8
38 13
38 17
38 21
38 22
38 33
38 34
38 29
38 36
38 39
38 40
38 41
38 42
38 44
38 46
38 47
38 48
38 49
39 2
39 3
39 10
39 13
39 17
39 19
39 21
39 24
39 25
39 30
39 37
39 40
39 41
39 42
39 43
39 44
39 46
39 47
39 48
39 49
40 0
40 3
40 6
40 14
40 18
40 23
40 33
40 25
40 29
40 36
40 41
40 42
40 43
40 44
40 45
40 47
40 48
40 49
41 0
41 2
41 4
41 16
41 20
41 25
41 29
41 31
41 36
41 38
41 39
41 42
41 43
41 45
41 46
41 48
41 49
42 2
42 4
42 10
42 11
42 21
42 34
42 31
42 36
42 38
42 39
42 40
42 41
42 43
42 44
42 45
42 47
42 48
42 49
43 1
43 4
43 7
43 8
43 14
43 23
43 35
43 25
43 28
43 37
43 38
43 42
43 44
43 45
43 46
43 47
43 48
44 14
44 33
44 35
44 29
44 31
44 36
44 39
44 40
44 42
44 43
44 45
44 46
44 48
44 49
45 0
45 13
45 14
45 15
45 18
45 19
45 22
45 32
45 33
45 35
45 24
45 28
45 29
45 39
45 40
45 42
45 43
45 47
45 48
45 49
46 2
46 3
46 6
46 10
46 18
46 19
46 33
46 34
46 31
46 37
46 39
46 41
46 43
46 44
46 48
46 49
47 9
47 19
47 34
47 35
47 24
47 27
47 30
47 31
47 36
47 38
47 39
47 42
47 43
47 45
47 46
47 48
48 1
48 7
48 8
48 17
48 18
48 21
48 35
48 36
48 37
48 38
48 39
48 40
48 42
48 43
48 44
48 45
48 46
48 49
49 5
49 18
49 19
49 22
49 23
49 34
49 25
49 26
49 27
49 30
49 38
49 39
49 41
49 42
49 43
49 44
49 45
49 46
49 47
