0 2
0 3
0 5
0 6
0 8
0 14
0 17
0 21
0 32
0 33
0 24
0 25
0 29
0 38
0 43
0 44
0 46
1 0
1 2
1 4
1 5
1 7
1 17
1 19
1 32
1 24
1 30
1 39
1 41
1 45
1 46
2 0
2 1
2 3
2 5
2 9
2 11
2 14
2 16
2 17
2 22
2 25
2 26
2 28
2 29
2 31
2 38
2 48
3 2
3 4
3 9
3 10
3 16
3 17
3 23
3 27
3 28
3 29
3 44
3 49
4 2
4 3
4 8
4 9
4 12
4 14
4 20
4 21
4 22
4 35
4 25
4 26
4 28
4 38
5 0
5 1
5 2
5 3
5 4
5 6
5 8
5 14
5 16
5 17
5 22
5 23
5 33
5 25
5 27
5 29
5 37
5 41
5 43
5 44
6 4
6 7
6 8
6 9
6 10
6 11
6 12
6 13
6 21
6 34
6 35
6 26
6 28
6 29
6 30
6 46
7 6
7 8
7 9
7 10
7 13
7 21
7 22
7 35
7 31
7 42
7 44
7 49
8 2
8 9
8 10
8 11
8 12
8 13
8 14
8 20
8 32
8 33
8 34
8 28
8 30
8 31
8 46
8 48
9 0
9 1
9 6
9 7
9 8
9 12
9 13
9 14
9 16
9 18
9 19
9 20
9 22
9 32
9 34
9 24
9 31
9 37
9 46
10 6
10 7
10 11
10 12
10 13
10 14
10 18
10 35
10 40
10 43
10 45
10 46
10 49
11 3
11 4
11 5
11 6
11 8
11 10
11 20
11 32
11 42
11 46
12 3
12 5
12 7
12 8
12 9
12 10
12 11
12 13
12 17
12 32
12 29
12 40
12 46
13 5
13 6
13 7
13 8
13 10
13 11
13 18
13 19
13 25
13 26
13 28
13 29
13 39
13 42
13 43
13 45
13 48
14 0
14 3
14 16
14 17
14 18
14 19
14 21
14 22
14 23
14 26
14 27
14 31
14 38
14 42
14 44
14 47
14 48
15 4
15 8
15 9
15 12
15 13
15 14
15 17
15 18
15 19
15 21
15 22
15 23
15 32
15 34
15 27
15 28
15 29
15 31
15 36
15 39
15 43
15 44
16 4
16 5
16 7
16 9
16 14
16 15
16 17
16 18
16 19
16 20
16 22
16 23
16 32
16 28
16 30
16 41
17 2
17 3
17 10
17 14
17 15
17 18
17 20
17 22
17 23
17 34
17 35
17 31
17 39
17 41
17 46
18 2
18 4
18 12
18 15
18 16
18 19
18 20
18 22
18 23
18 35
18 24
18 26
18 27
18 28
18 30
18 40
18 46
18 47
19 6
19 8
19 10
19 13
19 14
19 15
19 16
19 17
19 20
19 21
19 22
19 32
19 42
19 43
19 44
19 48
19 49
20 2
20 14
20 15
20 16
20 18
20 19
20 22
20 23
20 35
20 26
20 37
20 40
20 48
20 49
21 3
21 15
21 16
21 17
21 18
21 20
21 34
21 35
21 29
21 39
21 40
21 44
21 48
22 0
22 10
22 13
22 14
22 15
22 16
22 18
22 19
22 20
22 21
22 23
22 35
22 24
22 37
22 39
22 44
22 45
23 5
23 10
23 13
23 14
23 15
23 16
23 17
23 18
23 22
23 32
23 35
23 24
23 37
23 44
23 48
23 49
32 1
32 15
32 16
32 17
32 20
32 22
32 33
32 34
32 35
32 25
32 26
32 27
32 28
32 29
32 31
32 38
32 47
33 6
33 10
33 16
33 18
33 23
33 32
33 24
33 26
33 27
33 28
33 30
33 45
33 46
34 2
34 4
34 8
34 13
34 18
34 19
34 22
34 23
34 35
34 24
34 25
34 26
34 27
34 45
34 48
35 12
35 18
35 32
35 33
35 34
35 24
35 25
35 26
35 28
35 29
35 30
35 46
24 3
24 7
24 9
24 32
24 33
24 35
24 26
24 28
24 29
24 30
24 31
24 37
24 40
24 41
24 43
24 44
24 45
25 0
25 3
25 4
25 6
25 12
25 14
25 17
25 20
25 21
25 32
25 35
25 24
25 27
25 28
25 29
25 30
25 31
25 36
25 40
25 43
25 46
25 48
26 3
26 12
26 15
26 18
26 20
26 21
26 22
26 32
26 33
26 34
26 35
26 24
26 25
26 29
26 30
26 31
26 43
26 45
27 0
27 33
27 35
27 25
27 26
27 28
27 30
27 31
27 36
27 43
28 11
28 17
28 20
28 22
28 32
28 35
28 24
28 25
28 26
28 27
28 29
28 30
28 31
28 38
28 44
28 47
28 48
28 49
29 1
29 4
29 8
29 10
29 15
29 20
29 22
29 23
29 32
29 34
29 35
29 24
29 25
29 26
29 28
29 30
29 31
29 43
30 2
30 8
30 9
30 10
30 13
30 14
30 32
30 33
30 34
30 35
30 24
30 25
30 27
30 28
30 29
30 36
30 43
30 46
31 4
31 22
31 35
31 24
31 25
31 26
31 27
31 28
31 29
31 36
31 41
31 43
36 0
36 11
36 14
36 17
36 18
36 21
36 22
36 28
36 30
36 37
36 39
36 40
36 42
36 43
36 44
36 45
36 46
36 47
36 48
37 4
37 8
37 10
37 21
37 33
37 34
37 25
37 26
37 27
37 28
37 30
37 36
37 38
37 39
37 40
37 41
37 42
37 43
37 44
37 45
37 49
38 1
38 2
38 6
38 7
38 8
38 11
38 12
38 17
38 19
38 20
38 21
38 32
38 34
38 28
38 37
38 39
38 40
38 41
38 42
38 43
38 45
38 47
38 49
39 5
39 6
39 8
39 19
39 22
39 23
39 28
39 29
39 36
39 37
39 40
39 41
39 42
39 43
39 45
39 46
39 47
39 48
39 49
40 3
40 4
40 6
40 7
40 12
40 32
40 24
40 28
40 36
40 38
40 41
40 42
40 43
40 45
40 46
40 48
41 2
41 7
41 11
41 18
41 32
41 34
41 25
41 26
41 31
41 36
41 37
41 39
41 40
41 42
41 43
41 44
41 47
41 48
42 4
42 14
42 31
42 36
42 37
42 39
42 41
42 43
42 46
42 47
42 48
42 49
43 0
43 5
43 18
43 19
43 20
43 26
43 31
43 36
43 37
43 38
43 39
43 40
43 41
43 44
43 46
43 47
43 48
43 49
44 2
44 6
44 10
44 14
44 32
44 34
44 24
44 28
44 29
44 36
44 37
44 39
44 40
44 41
44 42
44 43
44 45
44 49
45 2
45 7
45 8
45 13
45 14
45 32
45 35
45 24
45 28
45 36
45 37
45 38
45 39
45 40
45 41
45 42
45 43
45 46
45 47
46 3
46 4
46 5
46 6
46 7
46 8
46 16
46 18
46 21
46 22
46 23
46 28
46 31
46 37
46 38
46 39
46 41
46 42
46 44
46 45
46 47
46 49
47 0
47 4
47 5
47 7
47 9
47 12
47 35
47 31
47 37
47 38
47 39
47 41
47 42
47 43
47 44
47 46
47 48
47 49
48 5
48 7
48 8
48 12
48 15
48 23
48 26
48 28
48 31
48 36
48 37
48 38
48 39
48 40
48 41
48 43
48 44
48 45
48 46
48 47
48 49
49 3
49 4
49 5
49 9
49 13
49 32
49 25
49 28
49 29
49 36
49 37
49 38
49 39
49 40
49 41
49 42
49 43
49 45
