0 2
0 3
0 5
0 20
0 33
0 35
0 27
0 38
0 40
0 44
0 49
1 0
1 2
1 3
1 4
1 7
1 14
1 16
1 19
1 23
1 32
1 24
1 46
1 47
1 48
2 0
2 3
2 4
2 14
2 17
2 23
2 30
2 39
2 41
2 43
2 46
3 0
3 1
3 2
3 4
3 7
3 13
3 16
3 27
3 36
3 37
3 41
3 42
3 43
3 44
4 0
4 1
4 2
4 3
4 5
4 6
4 18
4 26
4 27
4 30
4 31
4 37
4 46
4 47
4 49
5 0
5 2
5 3
5 9
5 19
5 20
5 23
5 32
5 25
5 26
5 29
5 30
5 46
6 1
6 3
6 5
6 7
6 8
6 9
6 10
6 11
6 13
6 21
6 33
6 27
6 31
6 43
6 44
7 4
7 6
7 8
7 9
7 11
7 12
7 13
7 21
7 22
7 24
7 30
7 37
7 38
7 43
7 44
7 46
7 49
8 1
8 2
8 7
8 10
8 12
8 13
8 15
8 17
8 19
8 22
8 27
8 45
9 1
9 3
9 6
9 7
9 8
9 10
9 11
9 12
9 13
9 14
9 18
9 19
9 32
9 33
9 29
9 38
9 40
10 1
10 3
10 4
10 6
10 7
10 8
10 9
10 13
10 18
10 20
10 23
10 34
10 24
10 38
10 42
10 48
11 0
11 2
11 6
11 7
11 8
11 9
11 10
11 13
11 16
11 17
11 22
11 35
11 28
11 30
11 36
11 39
11 41
11 43
11 46
11 49
12 3
12 6
12 7
12 9
12 10
12 11
12 13
12 18
12 19
12 20
12 24
12 36
12 42
12 49
13 5
13 6
13 7
13 8
13 9
13 10
13 11
13 26
13 28
13 36
13 46
13 47
13 48
14 0
14 3
14 7
14 9
14 15
14 16
14 17
14 18
14 19
14 20
14 21
14 23
14 25
14 31
14 38
14 39
14 40
14 44
14 48
15 0
15 17
15 18
15 19
15 20
15 21
15 22
15 23
15 34
15 27
15 30
15 38
15 39
15 41
15 44
15 46
15 47
15 49
16 1
16 5
16 12
16 14
16 15
16 17
16 19
16 20
16 22
16 23
16 32
16 36
16 37
16 38
16 44
16 46
16 49
17 3
17 7
17 8
17 10
17 14
17 15
17 18
17 19
17 20
17 21
17 22
17 23
17 34
17 30
17 43
17 46
17 48
17 49
18 15
18 16
18 17
18 19
18 21
18 22
18 23
18 26
18 36
18 49
19 2
19 12
19 16
19 17
19 18
19 20
19 21
19 22
19 23
19 33
19 25
19 27
19 43
19 49
20 4
20 14
20 15
20 16
20 17
20 18
20 19
20 23
20 34
20 25
20 27
20 38
20 43
21 3
21 4
21 9
21 13
21 16
21 17
21 18
21 19
21 20
21 22
21 23
21 25
21 27
21 31
21 37
21 42
21 43
21 44
21 45
21 46
22 1
22 5
22 7
22 11
22 13
22 14
22 15
22 19
22 20
22 21
22 33
22 35
22 25
22 26
22 38
22 39
22 41
22 47
23 2
23 6
23 9
23 16
23 17
23 18
23 19
23 20
23 21
23 22
23 34
23 31
23 39
23 40
23 46
32 1
32 6
32 7
32 8
32 13
32 18
32 22
32 33
32 34
32 27
32 29
32 30
32 31
32 36
32 43
32 49
33 0
33 6
33 10
33 14
33 15
33 20
33 23
33 32
33 24
33 25
33 26
33 27
33 28
33 31
33 38
33 42
33 45
33 48
34 5
34 12
34 15
34 20
34 32
34 33
34 35
34 26
34 27
34 28
34 29
34 30
34 31
34 36
34 40
34 42
34 46
34 47
35 0
35 5
35 10
35 13
35 20
35 21
35 32
35 33
35 34
35 24
35 25
35 26
35 27
35 28
35 29
35 30
35 31
35 38
24 1
24 10
24 11
24 12
24 14
24 18
24 21
24 34
24 35
24 25
24 27
24 28
24 29
24 31
24 38
24 40
24 42
24 45
24 49
25 3
25 5
25 6
25 10
25 18
25 19
25 20
25 32
25 33
25 34
25 26
25 28
25 29
25 30
25 31
25 40
25 46
26 2
26 4
26 8
26 11
26 21
26 23
26 34
26 35
26 24
26 28
26 31
26 39
26 44
27 0
27 3
27 4
27 6
27 7
27 9
27 12
27 18
27 19
27 21
27 22
27 32
27 33
27 35
27 25
27 26
27 29
27 30
27 31
27 36
27 37
27 38
27 40
27 46
27 47
28 1
28 3
28 13
28 14
28 17
28 18
28 32
28 33
28 34
28 35
28 24
28 27
28 30
28 31
28 39
28 41
29 2
29 8
29 13
29 21
29 32
29 33
29 35
29 24
29 25
29 26
29 27
29 30
29 31
29 40
30 1
30 12
30 22
30 23
30 33
30 34
30 24
30 25
30 26
30 27
30 29
30 37
30 43
30 48
31 0
31 16
31 32
31 34
31 26
31 27
31 30
31 36
31 37
31 38
31 39
31 44
31 46
31 48
36 4
36 7
36 8
36 15
36 33
36 34
36 27
36 30
36 37
36 39
36 40
36 41
36 42
36 43
36 44
36 45
36 46
36 47
36 48
36 49
37 2
37 5
37 7
37 10
37 11
37 12
37 13
37 18
37 19
37 22
37 23
37 32
37 33
37 35
37 30
37 36
37 39
37 42
37 43
37 44
37 45
37 47
37 48
37 49
38 3
38 6
38 11
38 12
38 13
38 14
38 16
38 22
38 23
38 34
38 25
38 27
38 31
38 37
38 39
38 41
38 42
38 43
38 44
38 45
38 46
38 48
39 0
39 1
39 8
39 9
39 12
39 20
39 22
39 23
39 35
39 36
39 37
39 40
39 41
39 42
39 43
39 44
39 46
39 47
39 48
40 0
40 2
40 5
40 13
40 15
40 17
40 23
40 32
40 24
40 25
40 27
40 36
40 37
40 38
40 41
40 42
40 43
40 47
40 48
41 0
41 1
41 5
41 7
41 10
41 14
41 15
41 18
41 33
41 35
41 25
41 26
41 28
41 30
41 36
41 37
41 39
41 40
41 42
41 43
41 45
41 46
42 2
42 4
42 7
42 10
42 11
42 18
42 33
42 34
42 25
42 36
42 38
42 40
42 41
42 43
42 44
42 45
42 46
42 47
42 48
42 49
43 0
43 4
43 6
43 12
43 13
43 16
43 17
43 19
43 20
43 24
43 36
43 37
43 38
43 39
43 41
43 42
43 44
43 45
43 46
43 47
43 49
44 3
44 15
44 18
44 34
44 29
44 36
44 37
44 38
44 39
44 41
44 45
44 46
44 47
44 49
45 7
45 10
45 17
45 18
45 20
45 22
45 23
45 35
45 25
45 26
45 36
45 37
45 38
45 39
45 40
45 41
45 42
45 43
45 44
45 47
45 48
45 49
46 0
46 4
46 7
46 8
46 13
46 14
46 21
46 23
46 28
46 36
46 37
46 38
46 39
46 40
46 41
46 42
46 43
46 44
46 45
46 47
46 48
47 4
47 5
47 8
47 9
47 10
47 18
47 19
47 21
47 23
47 32
47 33
47 34
47 26
47 36
47 38
47 42
47 44
47 45
47 46
47 48
48 0
48 10
48 11
48 14
48 15
48 20
48 32
48 29
48 30
48 37
48 38
48 39
48 40
48 45
48 46
48 47
48 49
49 0
49 7
49 10
49 12
49 16
49 21
49 27
49 29
49 36
49 37
49 38
49 39
49 40
49 41
49 42
49 43
49 46
49 48
