0 2
0 3
0 4
0 5
0 6
0 10
0 11
0 14
0 18
0 32
0 33
0 24
0 29
0 47
1 0
1 2
1 4
1 5
1 6
1 17
1 20
1 21
1 41
1 44
2 0
2 1
2 3
2 9
2 12
2 19
2 22
2 33
2 26
2 28
2 36
2 39
2 44
2 47
3 1
3 2
3 5
3 7
3 8
3 14
3 15
3 17
3 19
3 21
3 35
3 29
3 36
3 37
3 38
3 41
3 44
3 45
3 46
4 1
4 2
4 5
4 6
4 10
4 14
4 15
4 18
4 33
4 35
4 25
4 28
4 36
4 48
5 0
5 2
5 3
5 4
5 6
5 9
5 11
5 12
5 17
5 23
5 33
5 38
5 45
5 46
5 47
5 48
6 0
6 1
6 3
6 4
6 5
6 7
6 8
6 10
6 12
6 16
6 22
6 26
6 30
6 36
6 39
6 42
6 46
7 6
7 8
7 9
7 11
7 12
7 14
7 16
7 20
7 33
7 35
7 37
7 42
7 43
7 48
8 3
8 5
8 6
8 7
8 10
8 11
8 13
8 15
8 42
8 48
9 0
9 1
9 6
9 7
9 10
9 11
9 12
9 13
9 14
9 18
9 19
9 32
9 25
9 30
9 42
9 43
9 44
9 45
9 46
9 48
9 49
10 3
10 5
10 6
10 8
10 9
10 12
10 17
10 21
10 24
10 37
10 44
10 46
10 48
11 3
11 5
11 6
11 7
11 8
11 12
11 13
11 34
11 27
11 28
11 30
11 38
11 40
11 43
11 48
12 0
12 3
12 6
12 7
12 8
12 11
12 13
12 14
12 18
12 20
12 23
12 32
12 34
12 25
12 26
12 31
12 42
12 48
13 3
13 6
13 10
13 12
13 15
13 18
13 22
13 32
13 33
13 30
13 40
13 41
13 45
13 47
14 1
14 4
14 6
14 15
14 16
14 17
14 18
14 19
14 20
14 21
14 22
14 23
14 34
14 25
14 29
14 36
14 40
14 43
15 4
15 7
15 8
15 11
15 13
15 14
15 16
15 17
15 18
15 19
15 20
15 21
15 22
15 26
15 28
15 31
15 36
15 43
15 44
15 49
16 10
16 14
16 15
16 17
16 18
16 19
16 20
16 21
16 22
16 23
16 34
16 27
16 36
16 37
16 45
17 10
17 14
17 18
17 19
17 20
17 21
17 22
17 23
17 32
17 27
17 28
17 31
17 36
17 39
17 40
17 48
18 3
18 9
18 19
18 20
18 23
18 33
18 27
18 36
18 44
18 45
18 46
18 47
19 6
19 13
19 15
19 17
19 20
19 22
19 23
19 35
19 37
19 39
19 43
19 45
19 48
19 49
20 1
20 8
20 12
20 14
20 15
20 16
20 17
20 18
20 19
20 21
20 22
20 23
20 34
20 28
20 30
20 31
20 36
20 40
20 46
21 3
21 5
21 14
21 15
21 16
21 17
21 18
21 19
21 20
21 23
21 32
21 33
21 36
21 37
21 39
21 41
21 42
21 47
22 1
22 7
22 11
22 14
22 15
22 16
22 18
22 20
22 21
22 32
22 37
22 44
22 45
22 46
22 47
23 4
23 5
23 7
23 8
23 16
23 17
23 18
23 19
23 20
23 21
23 22
23 34
23 26
23 37
23 49
32 4
32 6
32 14
32 16
32 22
32 23
32 33
32 26
32 27
32 28
32 29
32 30
32 31
32 43
32 44
32 49
33 10
33 12
33 14
33 17
33 19
33 23
33 32
33 34
33 35
33 27
33 29
33 30
33 31
33 41
33 43
33 44
34 1
34 17
34 18
34 19
34 20
34 22
34 32
34 35
34 24
34 25
34 26
34 28
34 30
34 31
34 36
34 37
34 41
34 42
34 45
35 0
35 2
35 4
35 7
35 15
35 16
35 19
35 32
35 33
35 34
35 24
35 25
35 27
35 29
35 30
35 31
35 44
35 45
24 3
24 6
24 12
24 17
24 20
24 21
24 22
24 23
24 32
24 34
24 26
24 27
24 28
24 30
24 31
24 38
24 39
24 41
24 45
24 46
24 47
25 0
25 1
25 13
25 16
25 21
25 23
25 32
25 33
25 34
25 35
25 27
25 28
25 29
25 30
25 31
25 37
25 39
25 40
25 45
26 1
26 2
26 8
26 11
26 12
26 20
26 32
26 34
26 35
26 24
26 25
26 27
26 28
26 29
26 36
26 44
26 45
26 46
26 47
27 8
27 11
27 19
27 33
27 24
27 25
27 26
27 29
27 30
27 31
27 40
27 41
27 43
27 45
27 47
28 1
28 15
28 20
28 23
28 35
28 24
28 25
28 26
28 27
28 29
28 30
28 31
28 39
28 44
28 47
29 0
29 3
29 5
29 8
29 11
29 12
29 22
29 32
29 34
29 35
29 24
29 25
29 26
29 27
29 30
29 31
29 37
29 42
29 47
30 0
30 7
30 11
30 22
30 32
30 33
30 34
30 35
30 24
30 26
30 27
30 28
30 31
30 39
30 42
30 44
31 2
31 10
31 12
31 14
31 18
31 20
31 32
31 34
31 35
31 24
31 26
31 27
31 28
31 30
31 37
31 45
36 0
36 11
36 13
36 22
36 33
36 34
36 26
36 27
36 37
36 38
36 39
36 40
36 41
36 42
36 43
36 44
36 45
36 46
36 47
36 49
37 2
37 7
37 8
37 9
37 10
37 11
37 13
37 23
37 33
37 35
37 30
37 38
37 39
37 40
37 42
37 43
37 44
37 45
37 47
37 48
38 2
38 3
38 9
38 10
38 11
38 13
38 17
38 34
38 26
38 29
38 36
38 37
38 39
38 40
38 41
38 42
38 43
38 44
38 45
38 47
38 48
38 49
39 0
39 5
39 12
39 17
39 33
39 27
39 31
39 37
39 38
39 40
39 42
39 43
39 44
39 46
39 47
40 3
40 4
40 11
40 16
40 17
40 34
40 24
40 28
40 30
40 37
40 38
40 42
40 43
40 44
40 45
40 46
40 48
40 49
41 9
41 11
41 12
41 16
41 22
41 32
41 24
41 26
41 28
41 36
41 37
41 39
41 40
41 42
41 44
41 45
41 46
41 48
41 49
42 3
42 6
42 7
42 13
42 14
42 35
42 24
42 27
42 29
42 31
42 36
42 38
42 40
42 43
42 44
42 46
42 47
42 48
42 49
43 2
43 3
43 4
43 8
43 12
43 22
43 35
43 26
43 28
43 36
43 37
43 38
43 39
43 40
43 44
43 46
43 47
43 48
43 49
44 3
44 4
44 5
44 9
44 12
44 15
44 18
44 19
44 20
44 22
44 33
44 24
44 29
44 30
44 31
44 36
44 38
44 39
44 40
44 42
44 43
44 45
44 46
44 47
45 1
45 2
45 9
45 13
45 18
45 19
45 20
45 21
45 36
45 37
45 38
45 39
45 40
45 41
45 42
45 43
45 44
45 46
45 48
45 49
46 6
46 9
46 10
46 11
46 19
46 26
46 28
46 36
46 37
46 38
46 39
46 40
46 41
46 42
46 43
46 45
46 47
46 48
47 5
47 6
47 8
47 9
47 16
47 17
47 35
47 24
47 27
47 30
47 36
47 37
47 38
47 39
47 40
47 41
47 42
47 43
47 46
47 49
48 1
48 11
48 16
48 25
48 27
48 28
48 31
48 37
48 39
48 40
48 41
48 43
48 44
48 46
48 47
48 49
49 0
49 6
49 9
49 11
49 14
49 16
49 20
49 28
49 39
49 41
49 42
49 43
49 44
49 46
49 47
49 48
