0 1
0 2
0 3
0 5
0 6
0 14
0 16
0 19
0 25
0 27
0 28
0 31
0 41
0 42
0 45
0 49
1 0
1 3
1 4
1 5
1 11
1 12
1 15
1 16
1 19
1 22
1 23
1 30
1 37
1 38
1 40
1 43
2 0
2 1
2 4
2 5
2 7
2 10
2 11
2 15
2 18
2 21
2 24
2 27
2 37
2 38
2 46
2 48
3 1
3 4
3 5
3 6
3 10
3 11
3 16
3 17
3 18
3 19
3 22
3 23
3 37
3 41
3 42
4 0
4 2
4 3
4 5
4 11
4 16
4 19
4 23
4 33
4 24
4 26
4 28
4 37
4 39
4 44
5 3
5 4
5 7
5 8
5 15
5 20
5 33
5 26
5 28
5 31
5 37
5 39
5 40
5 41
5 43
5 45
6 2
6 3
6 8
6 9
6 10
6 11
6 12
6 14
6 15
6 22
6 33
6 29
6 36
6 40
6 41
7 4
7 8
7 9
7 10
7 11
7 12
7 14
7 20
7 34
7 37
7 41
7 42
7 43
7 46
8 1
8 3
8 6
8 7
8 9
8 11
8 12
8 13
8 16
8 18
8 32
8 34
8 29
8 38
8 39
8 40
8 42
8 47
9 2
9 6
9 7
9 8
9 10
9 11
9 12
9 13
9 16
9 22
9 31
9 45
10 6
10 7
10 8
10 9
10 11
10 12
10 13
10 19
10 20
10 21
10 22
10 24
10 25
10 28
10 29
10 31
10 36
10 41
10 45
11 0
11 6
11 8
11 9
11 10
11 12
11 19
11 25
11 26
11 27
11 38
11 39
11 41
11 43
11 49
12 6
12 7
12 8
12 10
12 11
12 15
12 16
12 20
12 33
12 25
12 26
12 39
12 40
12 41
12 43
12 46
13 1
13 3
13 5
13 6
13 10
13 11
13 14
13 18
13 22
13 35
13 25
13 43
13 45
14 1
14 4
14 12
14 15
14 18
14 19
14 20
14 21
14 22
14 23
14 32
14 24
14 27
14 38
14 40
14 45
14 49
15 0
15 2
15 10
15 14
15 16
15 17
15 18
15 20
15 21
15 22
15 23
15 32
15 27
15 29
15 42
15 46
16 1
16 3
16 17
16 18
16 19
16 20
16 23
16 27
16 28
16 30
16 31
16 37
16 41
16 46
17 0
17 13
17 14
17 15
17 16
17 18
17 19
17 20
17 23
17 32
17 33
17 25
17 26
17 31
17 39
18 1
18 2
18 6
18 11
18 14
18 15
18 16
18 17
18 19
18 20
18 23
18 33
18 24
18 28
18 36
18 41
18 44
18 49
19 2
19 4
19 5
19 11
19 13
19 14
19 18
19 22
19 23
19 32
19 33
19 24
19 27
19 28
19 31
19 38
19 42
20 0
20 7
20 8
20 10
20 13
20 14
20 15
20 16
20 17
20 18
20 19
20 21
20 34
20 35
20 26
20 28
20 31
20 39
21 7
21 11
21 15
21 16
21 17
21 18
21 20
21 22
21 34
21 35
21 24
21 25
21 38
21 39
21 47
22 1
22 14
22 20
22 21
22 33
22 24
22 29
22 38
22 46
22 48
22 49
23 2
23 5
23 15
23 16
23 17
23 18
23 19
23 20
23 21
23 34
23 26
23 28
23 29
23 41
23 45
23 49
32 10
32 11
32 16
32 19
32 22
32 33
32 34
32 35
32 24
32 25
32 26
32 27
32 28
32 29
32 36
32 37
32 39
32 40
33 1
33 4
33 12
33 21
33 32
33 34
33 35
33 28
33 29
33 30
33 37
33 44
33 46
34 1
34 6
34 8
34 9
34 10
34 13
34 15
34 32
34 35
34 24
34 25
34 26
34 27
34 28
34 29
34 30
34 37
34 40
34 48
35 15
35 33
35 24
35 25
35 27
35 28
35 29
35 31
35 37
35 43
35 48
35 49
24 0
24 1
24 2
24 3
24 4
24 5
24 7
24 23
24 32
24 33
24 35
24 25
24 26
24 27
24 28
24 29
24 30
24 31
24 36
24 37
24 38
24 40
24 43
25 3
25 6
25 9
25 12
25 13
25 21
25 32
25 33
25 34
25 24
25 26
25 27
25 28
25 29
25 30
25 31
25 36
26 5
26 10
26 16
26 19
26 20
26 23
26 32
26 34
26 35
26 25
26 28
26 29
26 41
26 42
26 48
27 0
27 3
27 4
27 5
27 15
27 18
27 32
27 33
27 34
27 35
27 24
27 25
27 26
27 28
27 29
27 30
27 40
27 42
27 46
27 47
28 4
28 17
28 19
28 22
28 32
28 33
28 34
28 35
28 24
28 25
28 26
28 27
28 29
28 30
28 36
28 40
28 41
28 42
28 46
29 0
29 13
29 14
29 17
29 32
29 33
29 34
29 35
29 26
29 27
29 28
29 30
29 31
29 46
29 47
29 49
30 1
30 5
30 6
30 10
30 12
30 20
30 32
30 33
30 34
30 35
30 25
30 26
30 27
30 31
30 37
30 46
30 47
31 0
31 10
31 11
31 23
31 32
31 33
31 34
31 35
31 24
31 25
31 26
31 28
31 29
31 30
31 41
31 44
31 47
36 4
36 6
36 7
36 11
36 17
36 18
36 34
36 35
36 28
36 37
36 38
36 39
36 40
36 42
36 44
36 45
36 46
36 48
36 49
37 9
37 13
37 15
37 17
37 18
37 20
37 21
37 27
37 29
37 36
37 38
37 39
37 40
37 41
37 42
37 43
37 44
37 45
37 47
37 48
37 49
38 0
38 6
38 7
38 8
38 14
38 17
38 18
38 19
38 22
38 34
38 29
38 39
38 40
38 42
38 44
38 45
38 47
38 49
39 1
39 9
39 12
39 14
39 23
39 32
39 33
39 24
39 27
39 28
39 36
39 37
39 40
39 41
39 42
39 46
39 47
39 48
39 49
40 4
40 6
40 13
40 17
40 18
40 33
40 34
40 27
40 30
40 36
40 37
40 38
40 39
40 41
40 42
40 43
40 45
40 47
40 48
40 49
41 3
41 6
41 8
41 12
41 17
41 19
41 22
41 24
41 26
41 29
41 30
41 37
41 38
41 39
41 40
41 43
41 45
41 48
41 49
42 2
42 6
42 9
42 14
42 16
42 19
42 25
42 30
42 36
42 37
42 38
42 39
42 40
42 41
42 44
42 45
42 46
42 47
42 48
43 6
43 11
43 14
43 16
43 18
43 20
43 21
43 32
43 35
43 36
43 38
43 39
43 41
43 42
43 45
43 46
43 49
44 16
44 32
44 27
44 28
44 37
44 39
44 40
44 41
44 42
44 43
44 45
44 46
44 48
45 0
45 2
45 11
45 15
45 20
45 22
45 32
45 33
45 34
45 29
45 36
45 38
45 40
45 43
45 44
45 46
45 47
45 49
46 1
46 6
46 9
46 12
46 16
46 17
46 19
46 20
46 32
46 36
46 37
46 38
46 39
46 40
46 42
46 43
46 44
46 45
46 47
47 0
47 2
47 5
47 7
47 10
47 13
47 18
47 21
47 32
47 33
47 35
47 31
47 36
47 38
47 40
47 41
47 42
47 44
47 45
47 46
47 48
47 49
48 1
48 19
48 23
48 32
48 33
48 37
48 38
48 39
48 40
48 41
48 42
48 43
48 44
48 45
48 46
48 47
48 49
49 6
49 7
49 23
49 32
49 26
49 29
49 36
49 38
49 39
49 40
49 41
49 42
49 43
49 44
49 46
