0 1
0 2
0 3
0 4
0 5
0 14
0 20
0 32
0 37
0 38
0 48
1 2
1 3
1 4
1 5
1 8
1 10
1 11
1 13
1 16
1 23
1 32
1 27
1 28
1 30
1 36
1 39
1 40
1 41
1 42
2 3
2 4
2 6
2 10
2 11
2 13
2 18
2 24
2 26
2 27
2 40
2 41
2 46
3 0
3 2
3 5
3 6
3 10
3 13
3 16
3 34
3 24
3 27
3 36
3 39
3 43
3 46
4 1
4 3
4 7
4 24
4 25
4 26
4 28
4 31
4 38
4 40
4 43
4 48
5 0
5 1
5 2
5 3
5 4
5 9
5 11
5 14
5 16
5 17
5 21
5 23
5 24
5 41
5 43
5 47
5 48
6 4
6 5
6 8
6 9
6 10
6 11
6 12
6 13
6 33
6 24
6 26
6 39
6 44
6 48
6 49
7 5
7 6
7 8
7 12
7 15
7 19
7 22
7 33
7 26
7 29
7 41
7 42
7 45
7 47
7 48
8 5
8 6
8 7
8 9
8 10
8 11
8 13
8 18
8 21
8 44
8 45
8 48
9 0
9 1
9 6
9 7
9 10
9 12
9 13
9 22
9 27
9 38
9 42
9 45
10 1
10 2
10 4
10 6
10 7
10 11
10 12
10 13
10 15
10 19
10 32
10 27
10 46
11 8
11 9
11 10
11 15
11 19
11 20
11 35
11 24
11 28
11 36
11 40
12 0
12 2
12 3
12 6
12 7
12 8
12 10
12 11
12 13
12 15
12 19
12 21
12 35
12 31
12 36
12 38
12 41
12 42
12 43
12 44
12 45
13 3
13 10
13 12
13 17
13 21
13 25
13 26
13 44
13 45
14 15
14 16
14 17
14 18
14 19
14 21
14 22
14 25
14 26
14 47
15 3
15 9
15 12
15 14
15 17
15 18
15 20
15 21
15 22
15 32
15 33
15 29
15 30
15 40
15 41
15 42
16 12
16 13
16 14
16 17
16 19
16 21
16 22
16 23
16 33
16 35
16 25
16 26
16 27
16 29
16 30
16 36
16 38
16 43
16 44
16 45
17 2
17 4
17 11
17 12
17 15
17 16
17 18
17 20
17 22
17 23
17 33
17 27
17 38
17 45
17 46
17 49
18 1
18 14
18 15
18 16
18 22
18 23
18 34
18 35
18 24
18 26
18 27
18 29
18 31
18 36
18 37
18 40
18 41
18 42
18 44
19 0
19 1
19 8
19 14
19 15
19 16
19 17
19 18
19 20
19 21
19 22
19 23
19 33
19 34
19 27
19 29
19 40
19 44
19 48
20 10
20 16
20 18
20 19
20 21
20 22
20 23
20 27
20 31
20 38
20 40
20 42
20 49
21 1
21 5
21 7
21 11
21 14
21 15
21 17
21 19
21 20
21 22
21 23
21 32
21 34
21 35
21 31
21 37
21 44
22 7
22 8
22 11
22 14
22 15
22 16
22 17
22 18
22 19
22 20
22 21
22 23
22 25
22 27
22 36
22 43
22 46
22 47
22 48
23 9
23 12
23 17
23 18
23 19
23 20
23 21
23 26
23 30
23 31
23 37
23 38
23 46
23 47
32 4
32 7
32 9
32 17
32 19
32 20
32 33
32 34
32 24
32 25
32 28
32 29
32 31
32 38
32 45
32 46
33 9
33 15
33 16
33 23
33 34
33 35
33 24
33 25
33 26
33 27
33 29
33 30
33 31
33 44
33 45
33 47
33 49
34 5
34 6
34 12
34 14
34 18
34 32
34 35
34 24
34 25
34 26
34 27
34 31
34 36
34 41
34 42
34 46
34 47
34 49
35 0
35 6
35 13
35 14
35 16
35 19
35 21
35 33
35 34
35 24
35 25
35 26
35 30
35 31
24 0
24 4
24 7
24 8
24 10
24 15
24 19
24 21
24 33
24 34
24 35
24 25
24 26
24 27
24 28
24 29
24 31
24 41
24 42
24 49
25 0
25 11
25 15
25 17
25 18
25 19
25 23
25 32
25 33
25 35
25 26
25 27
25 28
25 29
25 30
25 31
25 40
26 10
26 12
26 17
26 22
26 32
26 35
26 24
26 25
26 27
26 30
26 31
26 40
26 41
26 44
26 46
26 48
27 1
27 15
27 16
27 32
27 34
27 35
27 25
27 26
27 30
27 31
27 39
27 45
27 47
28 1
28 15
28 16
28 23
28 33
28 34
28 35
28 25
28 27
28 37
28 43
28 49
29 9
29 12
29 14
29 15
29 17
29 32
29 34
29 24
29 25
29 26
29 27
29 28
29 31
29 38
29 43
29 44
29 46
30 9
30 17
30 23
30 32
30 33
30 34
30 24
30 25
30 26
30 27
30 28
30 36
30 40
30 44
30 46
31 4
31 5
31 6
31 7
31 11
31 13
31 18
31 22
31 33
31 34
31 35
31 25
31 26
31 27
31 28
31 36
31 40
31 41
31 46
31 48
31 49
36 0
36 2
36 7
36 20
36 22
36 23
36 35
36 27
36 28
36 40
36 41
36 42
36 43
36 44
36 45
36 46
36 48
36 49
37 6
37 15
37 20
37 23
37 32
37 35
37 29
37 36
37 38
37 39
37 40
37 41
37 42
37 43
37 45
37 46
37 47
38 0
38 5
38 7
38 8
38 9
38 10
38 11
38 32
38 24
38 25
38 28
38 30
38 36
38 37
38 40
38 41
38 42
38 43
38 47
38 49
39 1
39 5
39 6
39 8
39 16
39 24
39 36
39 37
39 38
39 41
39 42
39 43
39 44
39 45
39 47
39 48
39 49
40 3
40 13
40 19
40 22
40 32
40 35
40 25
40 36
40 37
40 38
40 39
40 41
40 42
40 44
40 45
40 46
40 47
40 48
40 49
41 4
41 6
41 11
41 18
41 19
41 34
41 24
41 36
41 37
41 39
41 40
41 42
41 43
41 44
41 45
41 46
41 48
42 11
42 18
42 19
42 22
42 32
42 27
42 30
42 36
42 37
42 38
42 39
42 41
42 43
42 44
42 45
42 46
42 47
42 48
42 49
43 0
43 2
43 3
43 8
43 12
43 13
43 15
43 19
43 21
43 26
43 30
43 31
43 37
43 38
43 39
43 40
43 41
43 42
43 44
43 45
43 46
44 0
44 1
44 2
44 6
44 11
44 17
44 18
44 22
44 32
44 35
44 25
44 27
44 36
44 37
44 38
44 40
44 41
44 43
44 45
44 46
44 47
44 48
44 49
45 0
45 2
45 5
45 8
45 9
45 10
45 12
45 13
45 18
45 20
45 24
45 26
45 36
45 38
45 39
45 40
45 44
45 46
45 47
45 48
45 49
46 9
46 11
46 13
46 17
46 20
46 35
46 25
46 27
46 36
46 37
46 39
46 40
46 41
46 42
46 44
46 45
46 47
46 48
46 49
47 9
47 14
47 16
47 34
47 30
47 36
47 37
47 38
47 40
47 41
47 42
47 43
47 44
47 45
47 46
47 48
48 0
48 2
48 3
48 4
48 6
48 7
48 9
48 11
48 18
48 27
48 31
48 36
48 37
48 38
48 40
48 41
48 42
48 44
48 45
48 46
48 47
48 49
49 3
49 7
49 32
49 35
49 26
49 36
49 37
49 38
49 39
49 40
49 41
49 42
49 44
49 46
49 47
