0 1
0 2
0 3
0 4
0 9
0 15
0 17
0 18
0 20
0 22
0 23
0 30
0 31
0 36
0 43
0 44
0 48
1 0
1 2
1 3
1 4
1 5
1 7
1 23
1 25
1 38
1 43
1 44
1 45
2 0
2 4
2 8
2 9
2 10
2 17
2 19
2 20
2 22
2 23
2 31
2 37
2 46
2 48
3 0
3 1
3 2
3 5
3 6
3 9
3 15
3 19
3 20
3 21
3 23
3 33
3 35
3 26
3 27
3 29
3 37
3 38
3 40
3 46
3 47
4 1
4 2
4 5
4 7
4 12
4 16
4 32
4 36
4 37
4 41
4 42
4 48
5 0
5 1
5 2
5 3
5 4
5 7
5 10
5 16
5 24
5 29
5 43
5 45
6 2
6 5
6 7
6 9
6 11
6 12
6 13
6 16
6 22
6 24
6 27
6 48
7 10
7 11
7 12
7 13
7 14
7 32
7 24
7 26
7 29
7 36
7 38
7 44
7 48
8 1
8 3
8 5
8 7
8 9
8 10
8 11
8 13
8 16
8 20
8 21
8 23
8 33
8 31
8 36
8 37
8 41
8 43
8 46
8 49
9 4
9 6
9 7
9 8
9 10
9 13
9 14
9 22
9 34
9 26
9 29
9 30
9 31
9 39
9 40
10 1
10 4
10 6
10 7
10 8
10 9
10 11
10 12
10 13
10 15
10 16
10 19
10 22
10 32
10 36
10 39
10 40
10 45
10 46
10 47
11 3
11 4
11 5
11 7
11 8
11 9
11 12
11 13
11 16
11 19
11 23
11 24
11 28
11 31
11 36
11 38
11 40
11 42
11 46
11 48
12 0
12 3
12 4
12 7
12 8
12 9
12 10
12 11
12 13
12 20
12 33
12 24
12 28
12 38
12 48
13 3
13 6
13 7
13 8
13 9
13 10
13 12
13 16
13 17
13 19
13 23
13 24
13 38
13 40
13 43
13 44
13 46
14 4
14 5
14 11
14 12
14 15
14 17
14 18
14 19
14 20
14 21
14 35
14 24
14 26
14 27
14 28
14 39
14 43
14 44
15 8
15 10
15 16
15 17
15 18
15 19
15 20
15 21
15 22
15 34
15 35
15 37
15 40
15 43
16 0
16 2
16 3
16 5
16 10
16 14
16 15
16 17
16 18
16 19
16 20
16 21
16 22
16 23
16 32
16 33
16 34
16 35
16 48
17 1
17 2
17 7
17 9
17 14
17 15
17 16
17 18
17 19
17 20
17 21
17 22
17 23
17 34
17 24
17 37
17 38
17 39
17 40
18 5
18 6
18 14
18 15
18 17
18 19
18 20
18 22
18 23
18 33
18 34
18 27
18 38
18 49
19 5
19 15
19 16
19 17
19 18
19 20
19 21
19 23
19 32
19 33
19 39
19 44
19 46
20 3
20 4
20 6
20 8
20 13
20 14
20 15
20 16
20 17
20 18
20 19
20 21
20 22
20 23
20 32
20 35
20 25
20 46
21 14
21 15
21 16
21 18
21 19
21 20
21 33
21 27
21 28
21 29
21 36
21 42
22 2
22 8
22 14
22 15
22 16
22 17
22 18
22 21
22 32
22 33
22 37
22 42
22 45
23 4
23 5
23 10
23 14
23 16
23 17
23 19
23 20
23 21
23 35
23 30
23 43
23 47
32 11
32 15
32 16
32 22
32 23
32 35
32 24
32 25
32 26
32 27
32 28
32 29
32 30
32 31
32 37
32 38
32 43
32 46
33 0
33 5
33 6
33 9
33 10
33 13
33 15
33 17
33 21
33 32
33 34
33 35
33 24
33 25
33 26
33 29
33 30
33 31
33 38
33 39
33 41
33 43
33 45
34 3
34 8
34 13
34 15
34 17
34 32
34 33
34 35
34 25
34 26
34 28
34 29
34 30
34 39
34 41
34 42
34 43
35 6
35 21
35 33
35 34
35 24
35 26
35 27
35 28
35 29
35 30
35 31
35 37
35 44
35 47
24 3
24 4
24 12
24 13
24 19
24 22
24 23
24 32
24 33
24 34
24 25
24 26
24 28
24 29
24 30
24 31
25 2
25 7
25 11
25 12
25 17
25 33
25 34
25 35
25 24
25 26
25 27
25 29
25 30
25 31
25 37
26 0
26 2
26 6
26 8
26 10
26 11
26 13
26 17
26 20
26 21
26 23
26 32
26 33
26 35
26 24
26 27
26 28
26 29
26 30
26 31
26 49
27 15
27 18
27 19
27 32
27 34
27 35
27 24
27 25
27 26
27 28
27 29
27 30
27 31
28 6
28 10
28 16
28 21
28 23
28 33
28 24
28 25
28 26
28 27
28 31
28 36
28 42
28 44
28 48
29 0
29 1
29 4
29 6
29 7
29 15
29 21
29 33
29 34
29 24
29 27
29 28
29 30
29 31
29 36
29 38
29 42
29 43
29 46
30 0
30 2
30 10
30 14
30 32
30 33
30 34
30 35
30 24
30 25
30 27
30 29
30 36
30 40
31 1
31 5
31 9
31 16
31 20
31 23
31 32
31 34
31 35
31 24
31 26
31 27
31 28
31 29
31 30
31 36
31 39
31 42
31 45
31 48
36 3
36 4
36 9
36 10
36 11
36 13
36 16
36 17
36 22
36 23
36 35
36 27
36 37
36 41
36 44
36 46
36 47
36 48
36 49
37 1
37 12
37 18
37 21
37 23
37 24
37 27
37 36
37 42
37 43
37 44
37 47
37 48
38 3
38 7
38 14
38 19
38 21
38 24
38 29
38 30
38 31
38 36
38 37
38 40
38 41
38 43
38 44
38 45
38 46
38 47
38 49
39 0
39 1
39 9
39 14
39 15
39 16
39 17
39 19
39 21
39 32
39 24
39 26
39 37
39 38
39 40
39 41
39 42
39 45
39 46
40 3
40 9
40 16
40 19
40 22
40 23
40 26
40 36
40 37
40 38
40 39
40 41
40 42
40 43
40 45
40 46
40 47
40 49
41 0
41 3
41 11
41 18
41 27
41 37
41 38
41 39
41 42
41 45
41 46
41 47
41 49
42 6
42 7
42 9
42 15
42 18
42 35
42 31
42 36
42 37
42 38
42 39
42 40
42 41
42 44
42 45
42 48
42 49
43 6
43 7
43 8
43 9
43 12
43 16
43 17
43 24
43 36
43 37
43 38
43 39
43 41
43 42
43 45
43 48
44 2
44 6
44 7
44 9
44 11
44 16
44 17
44 25
44 28
44 36
44 37
44 38
44 39
44 41
44 42
44 43
44 46
44 48
44 49
45 4
45 9
45 13
45 19
45 21
45 32
45 28
45 31
45 40
45 41
45 42
45 46
45 47
45 48
45 49
46 7
46 8
46 12
46 14
46 21
46 22
46 23
46 32
46 35
46 24
46 27
46 28
46 29
46 36
46 37
46 38
46 39
46 40
46 43
46 44
46 47
46 49
47 3
47 4
47 14
47 15
47 18
47 23
47 27
47 36
47 37
47 38
47 39
47 40
47 41
47 43
47 44
47 45
47 46
47 48
47 49
48 10
48 14
48 15
48 17
48 25
48 36
48 38
48 40
48 41
48 43
48 44
48 45
48 46
48 47
48 49
49 1
49 7
49 9
49 12
49 13
49 15
49 16
49 19
49 22
49 32
49 34
49 26
49 28
49 36
49 37
49 38
49 39
49 40
49 44
49 45
49 46
49 48
