0 1
0 2
0 3
0 4
0 7
0 15
0 16
0 19
0 20
0 33
0 24
0 41
0 43
0 47
0 48
0 49
1 0
1 2
1 3
1 4
1 9
1 16
1 19
1 23
1 32
1 33
1 34
1 25
1 30
1 44
2 0
2 1
2 3
2 4
2 5
2 9
2 11
2 19
2 22
2 33
2 24
2 25
2 37
2 38
2 42
2 43
2 44
2 49
3 0
3 1
3 4
3 5
3 7
3 13
3 15
3 16
3 18
3 19
3 24
3 27
3 29
3 39
4 0
4 1
4 2
4 7
4 11
4 37
4 41
4 42
4 46
5 0
5 1
5 2
5 4
5 7
5 9
5 17
5 35
5 26
5 31
5 36
5 37
5 44
6 4
6 8
6 9
6 10
6 11
6 35
6 24
6 28
6 31
6 36
6 41
6 43
6 48
6 49
7 4
7 5
7 6
7 11
7 12
7 13
7 18
7 34
7 27
7 28
7 30
7 37
7 41
7 49
8 4
8 7
8 9
8 10
8 11
8 12
8 13
8 14
8 15
8 32
8 34
8 24
8 26
8 27
8 41
8 42
8 44
8 49
9 1
9 2
9 7
9 8
9 10
9 12
9 13
9 16
9 17
9 18
9 27
9 29
9 40
9 46
9 47
9 49
10 3
10 7
10 9
10 11
10 12
10 15
10 16
10 17
10 35
10 24
10 30
10 36
10 46
10 47
11 0
11 1
11 6
11 7
11 8
11 10
11 12
11 13
11 23
11 33
11 29
11 37
11 47
12 6
12 8
12 11
12 13
12 14
12 16
12 33
12 26
12 36
12 37
12 38
12 44
12 47
13 6
13 7
13 8
13 10
13 11
13 16
13 20
13 33
13 29
13 30
13 37
13 42
13 43
13 44
14 3
14 12
14 15
14 16
14 18
14 19
14 20
14 23
14 33
14 29
14 36
14 38
15 1
15 3
15 5
15 8
15 11
15 12
15 14
15 16
15 17
15 18
15 19
15 21
15 22
15 23
15 35
15 24
15 26
15 30
15 36
15 39
15 43
15 48
15 49
16 1
16 12
16 15
16 20
16 21
16 22
16 23
16 24
16 25
16 41
16 45
16 46
17 6
17 9
17 13
17 14
17 16
17 19
17 20
17 21
17 23
17 32
17 33
17 35
17 24
17 42
17 45
17 48
18 0
18 3
18 6
18 14
18 15
18 16
18 20
18 21
18 22
18 33
18 35
18 25
18 30
18 31
18 36
18 48
18 49
19 0
19 6
19 10
19 14
19 18
19 20
19 21
19 22
19 23
19 32
19 33
19 25
19 26
19 28
19 29
19 37
19 44
20 5
20 11
20 12
20 14
20 15
20 16
20 17
20 19
20 21
20 22
20 23
20 35
20 25
20 29
20 30
21 0
21 1
21 6
21 14
21 16
21 17
21 18
21 19
21 22
21 23
21 35
21 30
21 31
21 38
21 39
22 5
22 8
22 10
22 14
22 17
22 18
22 19
22 20
22 21
22 35
22 25
22 26
22 27
22 29
22 40
22 46
23 0
23 15
23 16
23 18
23 19
23 21
23 22
23 34
23 25
23 27
23 28
23 37
23 41
23 45
32 0
32 6
32 11
32 22
32 23
32 33
32 34
32 24
32 25
32 26
32 27
32 28
32 30
32 31
32 36
32 37
32 44
32 49
33 0
33 1
33 9
33 11
33 15
33 17
33 34
33 24
33 26
33 27
33 28
33 31
33 36
33 39
33 42
33 43
33 45
33 46
34 9
34 11
34 12
34 15
34 20
34 32
34 33
34 35
34 24
34 25
34 26
34 27
34 29
34 30
34 38
34 41
34 42
35 0
35 1
35 5
35 14
35 20
35 22
35 32
35 33
35 34
35 24
35 25
35 26
35 27
35 29
35 30
35 45
24 9
24 10
24 14
24 19
24 22
24 32
24 33
24 34
24 26
24 28
24 29
24 30
24 38
24 44
25 1
25 2
25 4
25 5
25 9
25 15
25 18
25 19
25 23
25 32
25 34
25 35
25 27
25 28
25 31
25 39
25 41
25 42
26 0
26 1
26 5
26 11
26 17
26 18
26 20
26 21
26 32
26 33
26 34
26 35
26 24
26 27
26 28
26 30
26 47
26 48
27 2
27 4
27 10
27 14
27 15
27 23
27 32
27 34
27 35
27 25
27 26
27 29
27 31
27 36
27 37
27 43
27 44
27 45
27 48
28 9
28 14
28 15
28 16
28 17
28 19
28 21
28 22
28 23
28 32
28 33
28 35
28 24
28 27
28 29
28 30
28 31
28 41
28 44
28 46
29 1
29 2
29 6
29 14
29 16
29 32
29 33
29 35
29 24
29 25
29 27
29 28
29 31
29 39
29 41
29 43
29 46
30 1
30 4
30 6
30 7
30 9
30 10
30 32
30 33
30 25
30 27
30 28
30 29
30 31
30 37
30 39
30 40
30 42
30 43
31 7
31 10
31 13
31 14
31 32
31 33
31 34
31 35
31 24
31 25
31 26
31 27
31 28
31 30
31 37
31 39
31 44
31 45
31 46
31 47
36 6
36 16
36 19
36 28
36 37
36 38
36 39
36 40
36 41
36 42
36 43
36 44
36 45
36 46
36 47
36 48
36 49
37 4
37 5
37 11
37 12
37 21
37 34
37 29
37 36
37 42
37 43
37 46
37 47
37 49
38 2
38 8
38 9
38 11
38 16
38 18
38 20
38 24
38 27
38 29
38 37
38 40
38 42
38 43
38 44
38 45
38 46
38 47
38 49
39 3
39 14
39 15
39 22
39 23
39 27
39 29
39 31
39 36
39 38
39 40
39 41
39 42
39 43
39 44
39 45
39 48
40 5
40 6
40 11
40 22
40 33
40 34
40 30
40 37
40 38
40 39
40 41
40 42
40 45
40 46
40 47
40 48
41 0
41 3
41 8
41 11
41 16
41 21
41 23
41 35
41 25
41 30
41 36
41 37
41 38
41 39
41 40
41 42
41 43
41 44
41 45
41 46
41 47
41 48
41 49
42 11
42 12
42 13
42 16
42 18
42 21
42 22
42 23
42 35
42 27
42 28
42 30
42 36
42 37
42 38
42 39
42 40
42 41
42 43
42 45
42 47
43 5
43 7
43 13
43 14
43 18
43 19
43 22
43 32
43 25
43 29
43 30
43 36
43 38
43 39
43 40
43 41
43 42
43 44
43 45
43 46
43 48
43 49
44 4
44 13
44 29
44 31
44 37
44 38
44 39
44 40
44 41
44 47
44 48
44 49
45 1
45 6
45 9
45 12
45 22
45 33
45 34
45 35
45 24
45 30
45 37
45 38
45 39
45 42
45 43
45 44
45 46
45 47
45 49
46 4
46 14
46 16
46 17
46 19
46 23
46 32
46 35
46 30
46 37
46 40
46 41
46 42
46 43
46 47
46 48
46 49
47 0
47 1
47 2
47 4
47 18
47 32
47 33
47 26
47 38
47 40
47 41
47 42
47 44
47 45
47 46
47 48
48 3
48 4
48 12
48 32
48 28
48 36
48 37
48 38
48 39
48 40
48 41
48 42
48 45
48 47
49 14
49 17
49 19
49 21
49 24
49 28
49 36
49 37
49 40
49 42
49 43
49 44
49 45
49 46
