0 1
0 2
0 3
0 4
0 8
0 11
0 19
0 21
0 23
0 34
0 28
0 30
0 39
1 0
1 2
1 3
1 4
1 12
1 14
1 17
1 19
1 23
1 33
1 25
1 31
1 39
1 40
1 41
1 45
2 0
2 1
2 4
2 5
2 10
2 13
2 14
2 18
2 21
2 22
2 26
2 38
2 46
3 0
3 1
3 2
3 4
3 6
3 11
3 16
3 17
3 32
3 25
3 27
3 31
3 40
3 48
4 3
4 5
4 6
4 14
4 17
4 22
4 23
4 27
4 40
4 41
5 1
5 2
5 3
5 12
5 18
5 32
5 34
5 25
5 26
5 27
5 41
5 47
5 48
6 0
6 7
6 8
6 10
6 11
6 12
6 13
6 14
6 15
6 16
6 33
6 34
6 35
6 25
6 28
6 37
6 43
6 46
6 48
6 49
7 1
7 5
7 6
7 8
7 9
7 10
7 11
7 12
7 23
7 33
7 35
7 24
7 25
7 28
7 44
7 45
7 47
8 3
8 6
8 7
8 10
8 15
8 18
8 19
8 20
8 23
8 24
8 31
8 36
8 43
8 47
9 7
9 8
9 11
9 12
9 13
9 16
9 17
9 18
9 19
9 20
9 32
9 25
9 27
9 29
9 42
9 43
10 6
10 7
10 8
10 11
10 13
10 17
10 40
11 0
11 2
11 4
11 6
11 7
11 8
11 9
11 10
11 13
11 19
11 20
11 22
11 26
11 30
11 46
12 1
12 5
12 6
12 8
12 9
12 11
12 13
12 14
12 17
12 18
12 20
12 21
12 34
12 27
12 28
12 31
12 39
12 41
12 42
12 45
13 6
13 8
13 10
13 20
13 21
13 25
13 41
13 46
14 4
14 8
14 10
14 11
14 15
14 16
14 17
14 19
14 20
14 22
14 23
14 35
14 27
14 31
14 36
14 37
14 41
14 45
14 47
15 2
15 10
15 11
15 14
15 16
15 17
15 18
15 19
15 21
15 23
15 33
15 24
15 26
15 28
15 29
15 30
15 31
15 37
15 47
15 48
16 0
16 6
16 14
16 15
16 17
16 18
16 19
16 20
16 21
16 23
16 35
16 25
16 28
16 29
16 31
16 37
16 39
16 49
17 4
17 5
17 6
17 9
17 12
17 13
17 14
17 15
17 16
17 19
17 20
17 33
17 27
17 28
17 29
17 38
18 3
18 11
18 14
18 16
18 17
18 19
18 20
18 23
18 34
18 29
18 30
18 31
18 36
18 37
18 43
18 48
19 4
19 8
19 15
19 16
19 17
19 20
19 21
19 22
19 23
19 27
19 31
20 0
20 2
20 4
20 6
20 8
20 11
20 12
20 16
20 17
20 18
20 19
20 21
20 22
20 34
20 25
20 28
20 37
20 40
20 41
21 2
21 3
21 7
21 15
21 19
21 20
21 22
21 35
21 25
21 38
21 41
21 42
21 43
21 48
22 3
22 6
22 7
22 12
22 13
22 15
22 17
22 20
22 21
22 38
22 43
22 44
22 48
23 0
23 14
23 15
23 17
23 18
23 19
23 20
23 22
23 32
23 28
23 40
23 44
23 47
32 4
32 17
32 18
32 33
32 35
32 25
32 26
32 28
32 30
32 31
32 43
32 44
32 49
33 2
33 3
33 8
33 15
33 22
33 32
33 34
33 35
33 24
33 27
33 28
33 29
33 31
33 39
33 40
33 44
34 0
34 5
34 9
34 11
34 20
34 21
34 23
34 32
34 33
34 35
34 25
34 26
34 27
34 29
34 30
34 31
34 39
34 40
34 41
34 46
34 47
34 48
35 2
35 15
35 16
35 22
35 23
35 32
35 33
35 34
35 24
35 25
35 27
35 29
35 30
35 31
35 37
35 38
35 40
35 41
35 44
35 45
24 14
24 21
24 22
24 33
24 35
24 25
24 26
24 28
24 29
24 30
24 31
24 43
24 44
24 49
25 0
25 3
25 4
25 13
25 17
25 21
25 32
25 33
25 34
25 35
25 24
25 26
25 27
25 28
25 29
25 30
25 31
25 37
25 46
26 15
26 19
26 21
26 32
26 33
26 34
26 35
26 24
26 25
26 27
26 30
26 31
26 45
26 46
26 48
26 49
27 2
27 9
27 23
27 32
27 34
27 35
27 24
27 25
27 26
27 28
27 29
27 31
27 39
27 40
27 46
27 48
28 5
28 11
28 16
28 18
28 19
28 20
28 23
28 32
28 33
28 34
28 24
28 25
28 26
28 27
28 29
28 30
28 31
28 36
28 39
28 46
29 5
29 8
29 17
29 19
29 23
29 33
29 34
29 35
29 25
29 26
29 27
29 28
29 31
29 36
29 40
29 43
30 2
30 9
30 16
30 19
30 22
30 23
30 32
30 33
30 34
30 24
30 28
30 29
30 31
30 37
30 38
30 41
30 47
31 0
31 3
31 5
31 7
31 14
31 20
31 23
31 34
31 35
31 24
31 26
31 27
31 29
31 30
31 36
31 40
31 41
36 2
36 3
36 7
36 8
36 23
36 29
36 31
36 37
36 39
36 41
36 42
36 43
36 44
36 45
36 46
36 48
36 49
37 1
37 2
37 6
37 7
37 8
37 13
37 14
37 15
37 17
37 19
37 32
37 35
37 27
37 36
37 38
37 39
37 40
37 41
37 42
37 43
37 45
37 46
37 48
37 49
38 2
38 5
38 8
38 12
38 13
38 16
38 19
38 20
38 21
38 32
38 34
38 25
38 36
38 37
38 39
38 40
38 41
38 43
38 44
38 45
38 46
38 47
38 48
38 49
39 3
39 5
39 8
39 11
39 13
39 15
39 22
39 23
39 35
39 26
39 31
39 36
39 37
39 38
39 40
39 43
39 45
39 46
39 48
40 1
40 3
40 9
40 13
40 15
40 19
40 25
40 30
40 36
40 37
40 38
40 41
40 42
40 44
40 45
40 46
40 47
41 2
41 5
41 9
41 10
41 12
41 15
41 21
41 22
41 35
41 27
41 28
41 29
41 37
41 38
41 39
41 40
41 43
41 45
41 46
41 48
41 49
42 0
42 1
42 5
42 9
42 10
42 11
42 15
42 18
42 20
42 21
42 32
42 34
42 35
42 27
42 36
42 37
42 38
42 39
42 40
42 41
42 43
42 44
42 46
42 47
42 49
43 0
43 3
43 4
43 8
43 9
43 11
43 12
43 13
43 14
43 15
43 26
43 29
43 31
43 36
43 39
43 40
43 41
43 42
43 44
43 45
43 47
43 48
43 49
44 3
44 5
44 6
44 9
44 12
44 14
44 16
44 32
44 33
44 35
44 36
44 37
44 39
44 40
44 43
44 47
44 48
44 49
45 5
45 10
45 16
45 20
45 32
45 35
45 24
45 27
45 28
45 31
45 36
45 37
45 39
45 40
45 41
45 42
45 43
45 46
45 47
45 49
46 0
46 12
46 15
46 17
46 18
46 19
46 23
46 34
46 24
46 25
46 27
46 29
46 31
46 36
46 39
46 40
46 42
46 43
46 44
46 45
46 47
46 48
47 5
47 7
47 8
47 12
47 14
47 18
47 34
47 24
47 26
47 36
47 37
47 39
47 40
47 41
47 42
47 43
47 45
47 46
47 48
47 49
48 1
48 7
48 8
48 17
48 34
48 26
48 27
48 28
48 30
48 36
48 37
48 39
48 40
48 41
48 42
48 43
48 44
48 45
48 47
48 49
49 4
49 8
49 9
49 11
49 12
49 32
49 35
49 28
49 29
49 36
49 37
49 38
49 39
49 40
49 41
49 42
49 44
49 45
49 46
