0 1
0 3
0 4
0 5
0 15
0 20
0 29
0 37
0 38
0 43
0 45
1 0
1 2
1 3
1 4
1 5
1 15
1 21
1 25
1 36
1 37
1 43
1 48
2 1
2 4
2 17
2 18
2 19
2 35
2 26
2 39
2 40
2 43
3 0
3 1
3 2
3 4
3 10
3 14
3 17
3 18
3 20
3 22
3 35
3 25
3 28
3 48
4 0
4 1
4 2
4 3
4 5
4 7
4 10
4 11
4 12
4 16
4 22
4 32
4 27
4 30
4 36
4 41
4 46
5 1
5 2
5 3
5 8
5 9
5 11
5 16
5 19
5 20
5 32
5 35
5 26
5 27
5 28
5 44
6 4
6 7
6 8
6 9
6 10
6 11
6 13
6 15
6 22
6 32
6 33
6 34
6 24
6 25
6 40
6 41
6 45
7 6
7 8
7 9
7 10
7 11
7 12
7 13
7 32
7 34
7 35
7 42
7 49
8 0
8 6
8 9
8 11
8 12
8 13
8 15
8 21
8 23
8 35
8 27
8 29
8 30
8 31
8 36
8 39
8 40
8 41
9 6
9 7
9 8
9 11
9 12
9 15
9 21
9 35
9 27
9 29
9 30
9 36
9 39
9 47
9 48
10 2
10 5
10 6
10 7
10 8
10 9
10 11
10 12
10 13
10 15
10 16
10 20
10 32
10 33
10 34
10 24
10 28
10 37
10 38
10 41
10 48
11 0
11 4
11 6
11 7
11 8
11 9
11 10
11 12
11 16
11 20
11 23
11 34
11 27
11 28
11 29
11 37
11 40
11 44
12 4
12 6
12 7
12 8
12 9
12 11
12 13
12 22
12 23
12 32
12 33
12 24
12 29
12 46
12 47
12 49
13 6
13 9
13 10
13 11
13 12
13 17
13 22
13 33
13 28
13 29
13 39
13 44
13 45
14 2
14 4
14 6
14 7
14 8
14 9
14 15
14 16
14 20
14 21
14 22
14 23
14 27
14 30
14 46
15 3
15 9
15 10
15 14
15 16
15 17
15 18
15 20
15 22
15 23
15 27
15 39
15 40
15 44
16 4
16 6
16 8
16 11
16 13
16 14
16 15
16 18
16 19
16 21
16 22
16 33
16 35
16 26
16 27
16 30
16 39
16 49
17 9
17 10
17 11
17 12
17 14
17 16
17 18
17 19
17 22
17 23
17 33
17 35
17 24
17 36
17 39
17 40
17 47
17 49
18 0
18 4
18 5
18 12
18 14
18 16
18 17
18 20
18 21
18 23
18 33
18 34
18 24
18 28
18 36
18 38
18 44
19 0
19 3
19 8
19 14
19 16
19 17
19 18
19 21
19 22
19 23
19 33
19 34
19 26
19 31
19 37
19 38
19 40
19 43
20 2
20 4
20 10
20 13
20 14
20 15
20 16
20 17
20 18
20 19
20 21
20 23
20 33
20 29
20 31
20 36
20 40
20 41
20 43
21 1
21 3
21 6
21 9
21 14
21 15
21 16
21 20
21 22
21 23
21 33
21 34
21 35
21 37
21 42
21 43
21 48
22 1
22 6
22 8
22 12
22 14
22 16
22 17
22 20
22 21
22 23
22 35
22 24
22 39
22 44
22 47
23 10
23 11
23 20
23 21
23 22
23 34
23 25
23 30
23 36
23 37
23 42
23 43
23 44
23 49
32 0
32 1
32 2
32 3
32 6
32 9
32 23
32 33
32 34
32 35
32 25
32 27
32 28
32 29
32 31
32 37
33 1
33 6
33 7
33 8
33 10
33 14
33 17
33 22
33 34
33 35
33 24
33 25
33 28
33 30
33 38
33 40
33 48
33 49
34 1
34 3
34 7
34 8
34 9
34 12
34 13
34 15
34 20
34 22
34 24
34 25
34 26
34 28
34 29
34 30
34 31
34 39
34 42
34 43
34 47
35 2
35 4
35 11
35 15
35 17
35 20
35 23
35 32
35 33
35 34
35 24
35 27
35 28
35 29
35 31
35 36
35 39
35 40
35 47
35 48
24 6
24 8
24 13
24 16
24 19
24 23
24 32
24 33
24 35
24 25
24 26
24 27
24 29
24 30
24 37
24 43
24 49
25 0
25 4
25 7
25 19
25 20
25 23
25 32
25 33
25 34
25 35
25 24
25 27
25 28
25 29
25 30
25 41
25 45
25 46
25 48
26 0
26 1
26 9
26 11
26 14
26 15
26 17
26 32
26 33
26 34
26 35
26 25
26 27
26 28
26 29
26 30
26 44
26 48
27 0
27 2
27 6
27 7
27 8
27 10
27 13
27 16
27 20
27 33
27 24
27 25
27 26
27 28
27 29
27 31
27 38
27 47
28 3
28 5
28 6
28 9
28 13
28 22
28 23
28 32
28 33
28 35
28 24
28 25
28 26
28 27
28 29
28 31
28 36
28 37
28 39
28 42
28 44
28 46
29 3
29 6
29 15
29 17
29 19
29 20
29 35
29 24
29 27
29 28
29 30
29 31
29 38
29 43
29 46
29 49
30 1
30 3
30 4
30 9
30 12
30 18
30 20
30 32
30 34
30 35
30 24
30 25
30 29
30 31
30 44
31 3
31 5
31 11
31 14
31 18
31 33
31 34
31 35
31 24
31 25
31 27
31 28
31 29
31 30
31 38
36 1
36 4
36 9
36 12
36 13
36 18
36 19
36 20
36 23
36 34
36 24
36 28
36 37
36 38
36 39
36 40
36 41
36 42
36 43
36 44
36 46
36 47
36 48
36 49
37 4
37 8
37 16
37 25
37 26
37 31
37 36
37 38
37 39
37 40
37 41
37 43
37 44
37 46
37 47
37 49
38 0
38 1
38 5
38 10
38 14
38 15
38 17
38 18
38 22
38 23
38 32
38 27
38 28
38 30
38 36
38 37
38 39
38 40
38 41
38 42
38 43
38 44
38 45
38 47
38 48
39 1
39 2
39 3
39 4
39 5
39 8
39 11
39 12
39 19
39 20
39 32
39 34
39 35
39 36
39 37
39 40
39 42
39 46
39 47
39 49
40 1
40 8
40 11
40 13
40 15
40 32
40 34
40 26
40 27
40 30
40 36
40 39
40 41
40 42
40 44
40 45
40 48
40 49
41 0
41 6
41 11
41 33
41 34
41 24
41 25
41 27
41 29
41 30
41 38
41 39
41 40
41 42
41 43
41 44
41 46
41 47
41 49
42 3
42 5
42 11
42 14
42 15
42 16
42 32
42 34
42 25
42 36
42 37
42 39
42 41
42 44
42 45
42 48
42 49
43 7
43 10
43 14
43 16
43 34
43 36
43 39
43 40
43 41
43 44
43 45
43 46
43 47
43 49
44 0
44 6
44 9
44 13
44 16
44 20
44 26
44 28
44 30
44 37
44 39
44 40
44 42
44 46
44 47
44 48
44 49
45 2
45 3
45 7
45 11
45 13
45 22
45 34
45 35
45 28
45 31
45 36
45 39
45 40
45 41
45 42
45 44
45 46
45 48
45 49
46 0
46 1
46 2
46 8
46 10
46 16
46 17
46 20
46 34
46 35
46 27
46 31
46 37
46 38
46 39
46 40
46 41
46 42
46 44
46 45
46 47
46 48
46 49
47 5
47 12
47 20
47 33
47 30
47 36
47 38
47 39
47 41
47 42
47 43
47 44
47 45
47 48
47 49
48 0
48 8
48 11
48 19
48 20
48 35
48 24
48 30
48 31
48 37
48 38
48 40
48 41
48 42
48 44
48 46
48 47
49 0
49 1
49 2
49 6
49 15
49 18
49 19
49 20
49 27
49 36
49 38
49 39
49 41
49 43
49 44
49 45
49 46
49 48
