0 2
0 3
0 7
0 12
0 13
0 19
0 33
0 34
0 29
0 37
0 47
1 0
1 2
1 3
1 11
1 14
1 17
1 23
1 33
1 34
1 24
1 26
1 29
1 30
1 37
1 43
1 44
1 45
2 0
2 1
2 3
2 9
2 33
2 29
2 31
2 36
2 38
2 39
2 41
2 42
2 43
2 47
3 0
3 1
3 2
3 4
3 5
3 7
3 8
3 9
3 10
3 14
3 16
3 21
3 22
3 23
3 34
3 35
3 25
3 27
3 28
3 29
3 43
3 46
3 47
4 1
4 2
4 6
4 8
4 10
4 12
4 13
4 21
4 29
4 30
4 40
4 41
4 43
4 47
4 48
5 0
5 1
5 2
5 3
5 9
5 13
5 21
5 22
5 23
5 35
5 24
5 36
5 39
6 2
6 7
6 9
6 13
6 14
6 22
6 32
6 34
6 24
6 27
6 36
6 38
6 40
6 43
6 48
7 1
7 4
7 6
7 8
7 9
7 11
7 12
7 13
7 16
7 22
7 34
7 38
7 44
7 45
8 0
8 1
8 5
8 7
8 9
8 10
8 11
8 12
8 13
8 15
8 16
8 18
8 19
8 27
8 30
8 31
8 39
8 43
9 1
9 6
9 7
9 8
9 10
9 11
9 12
9 15
9 16
9 17
9 23
9 31
9 40
9 46
9 47
9 49
10 6
10 7
10 8
10 9
10 11
10 12
10 13
10 22
10 23
10 33
10 26
10 30
10 39
10 40
10 45
10 49
11 6
11 8
11 12
11 14
11 34
11 24
11 26
11 27
11 30
11 41
11 47
12 1
12 6
12 7
12 8
12 9
12 10
12 11
12 13
12 17
12 42
13 1
13 5
13 6
13 7
13 8
13 9
13 10
13 11
13 12
13 14
13 20
13 33
13 38
13 41
14 11
14 16
14 18
14 19
14 22
14 23
14 32
14 37
14 38
14 41
14 46
15 1
15 2
15 5
15 11
15 14
15 16
15 17
15 18
15 19
15 20
15 22
15 23
15 33
15 34
15 24
15 27
15 29
15 37
15 44
15 46
15 47
15 48
16 8
16 11
16 14
16 15
16 17
16 18
16 20
16 22
16 23
16 32
16 33
16 24
16 26
16 31
16 40
16 46
16 49
17 1
17 10
17 11
17 13
17 14
17 15
17 16
17 18
17 19
17 20
17 21
17 22
17 32
17 33
17 34
17 24
17 28
17 30
17 31
17 39
17 40
18 1
18 5
18 10
18 11
18 13
18 14
18 15
18 16
18 17
18 19
18 20
18 21
18 22
18 23
18 32
18 35
18 25
18 30
18 31
18 36
18 48
19 0
19 14
19 15
19 16
19 17
19 18
19 20
19 21
19 22
19 23
19 25
19 27
19 38
19 44
19 45
20 1
20 15
20 19
20 21
20 22
20 23
20 35
20 25
20 28
20 31
20 36
20 45
20 46
20 47
20 48
20 49
21 1
21 8
21 14
21 15
21 17
21 18
21 19
21 20
21 23
21 26
21 27
21 29
21 30
21 40
21 41
22 4
22 5
22 7
22 10
22 11
22 14
22 16
22 17
22 18
22 19
22 20
22 21
22 23
22 33
22 35
22 31
22 37
22 38
22 40
22 43
22 47
23 1
23 8
23 14
23 15
23 16
23 17
23 18
23 19
23 20
23 22
23 32
23 33
23 27
23 39
23 42
23 43
23 45
32 2
32 7
32 9
32 10
32 18
32 19
32 33
32 34
32 35
32 24
32 25
32 26
32 27
32 29
32 40
32 43
32 44
32 45
32 47
33 1
33 3
33 6
33 8
33 9
33 16
33 32
33 34
33 35
33 25
33 26
33 27
33 28
33 29
33 30
33 31
33 43
33 45
33 49
34 3
34 15
34 17
34 33
34 35
34 25
34 26
34 27
34 30
34 31
34 38
34 43
34 44
35 4
35 7
35 8
35 10
35 14
35 19
35 20
35 23
35 32
35 33
35 34
35 24
35 25
35 28
35 30
35 31
35 41
35 43
35 45
24 3
24 6
24 12
24 14
24 17
24 32
24 33
24 34
24 35
24 25
24 29
24 30
24 31
24 39
24 40
24 47
24 48
24 49
25 4
25 6
25 20
25 32
25 33
25 34
25 35
25 24
25 29
25 30
25 31
25 38
25 43
25 46
25 47
25 49
26 1
26 4
26 6
26 8
26 9
26 10
26 11
26 14
26 17
26 21
26 32
26 33
26 34
26 35
26 27
26 28
26 29
26 39
26 40
26 49
27 3
27 4
27 7
27 8
27 15
27 32
27 33
27 34
27 24
27 29
27 30
27 31
27 37
28 3
28 5
28 10
28 11
28 13
28 16
28 18
28 32
28 33
28 34
28 25
28 27
28 29
28 30
28 36
28 37
28 38
28 42
28 46
28 48
29 1
29 4
29 5
29 10
29 15
29 17
29 18
29 21
29 22
29 32
29 33
29 34
29 35
29 24
29 26
29 28
29 30
29 37
29 39
29 45
30 0
30 1
30 2
30 4
30 7
30 8
30 10
30 11
30 12
30 14
30 19
30 21
30 33
30 35
30 24
30 27
30 31
30 36
30 40
30 41
31 1
31 6
31 9
31 14
31 17
31 19
31 20
31 21
31 34
31 35
31 24
31 25
31 26
31 28
31 29
31 30
31 36
31 38
31 43
31 49
36 1
36 6
36 11
36 19
36 22
36 32
36 28
36 37
36 38
36 39
36 40
36 41
36 42
36 45
36 48
36 49
37 0
37 2
37 4
37 5
37 10
37 13
37 15
37 20
37 23
37 32
37 35
37 25
37 36
37 40
37 42
37 45
37 46
37 47
37 48
37 49
38 6
38 9
38 13
38 14
38 16
38 18
38 19
38 21
38 35
38 30
38 36
38 40
38 41
38 43
38 45
38 46
39 9
39 12
39 14
39 15
39 19
39 21
39 23
39 34
39 24
39 28
39 29
39 37
39 38
39 40
39 42
39 43
39 44
39 45
39 46
39 47
39 48
39 49
40 1
40 2
40 5
40 6
40 20
40 32
40 33
40 35
40 28
40 29
40 38
40 39
40 41
40 42
40 43
40 44
40 45
40 46
40 48
40 49
41 2
41 7
41 8
41 10
41 17
41 32
41 33
41 26
41 28
41 30
41 36
41 38
41 39
41 40
41 42
41 43
41 44
41 45
41 46
41 47
41 48
41 49
42 0
42 1
42 6
42 11
42 14
42 16
42 33
42 34
42 25
42 27
42 28
42 29
42 30
42 36
42 37
42 38
42 39
42 40
42 41
42 43
42 44
42 45
42 46
42 47
42 48
42 49
43 0
43 6
43 9
43 15
43 21
43 22
43 23
43 32
43 26
43 29
43 37
43 38
43 39
43 40
43 41
43 42
43 44
43 45
43 46
43 47
43 49
44 3
44 17
44 22
44 34
44 24
44 27
44 29
44 30
44 36
44 38
44 39
44 40
44 41
44 42
44 43
44 45
44 46
44 47
44 48
45 0
45 1
45 4
45 11
45 15
45 17
45 18
45 22
45 29
45 30
45 31
45 36
45 39
45 40
45 41
45 44
45 47
45 48
45 49
46 12
46 19
46 22
46 32
46 33
46 35
46 36
46 37
46 38
46 39
46 42
46 43
46 45
46 47
46 48
46 49
47 1
47 2
47 7
47 13
47 15
47 23
47 25
47 27
47 30
47 36
47 37
47 38
47 40
47 41
47 42
47 43
47 44
47 45
47 49
48 1
48 3
48 11
48 18
48 23
48 33
48 35
48 26
48 30
48 36
48 37
48 39
48 40
48 41
48 42
48 43
48 45
48 46
48 49
49 2
49 3
49 5
49 6
49 7
49 15
49 19
49 26
49 27
49 31
49 37
49 38
49 40
49 41
49 42
49 43
49 45
49 46
49 47
49 48
