0 3
0 4
0 6
0 8
0 11
0 12
0 13
0 15
0 16
0 17
0 24
0 28
0 32
0 38
0 30
0 42
0 44
0 45
0 46
1 0
1 3
1 4
1 5
1 6
1 8
1 9
1 14
1 21
1 22
1 26
1 29
1 34
1 36
1 37
1 40
1 44
1 47
1 49
2 0
2 3
2 4
2 5
2 6
2 7
2 8
2 10
2 13
2 19
2 24
2 26
2 27
2 28
2 37
2 39
2 44
2 47
2 49
3 0
3 1
3 2
3 4
3 6
3 7
3 9
3 11
3 12
3 16
3 17
3 20
3 21
3 23
3 28
3 29
3 33
3 36
3 37
3 39
3 41
3 43
3 44
4 3
4 5
4 6
4 10
4 12
4 15
4 23
4 33
4 35
4 36
4 40
4 42
4 43
5 0
5 1
5 3
5 4
5 6
5 7
5 8
5 9
5 10
5 17
5 25
5 26
5 35
5 37
5 38
5 39
5 30
5 41
5 43
5 45
6 0
6 1
6 2
6 3
6 4
6 5
6 7
6 8
6 11
6 17
6 20
6 27
6 35
6 36
6 31
6 41
6 42
6 44
6 45
6 47
6 49
7 0
7 1
7 2
7 3
7 4
7 5
7 6
7 9
7 11
7 16
7 17
7 21
7 24
7 34
7 30
7 40
7 42
7 47
8 0
8 1
8 3
8 4
8 5
8 6
8 9
8 11
8 12
8 14
8 16
8 21
8 22
8 26
8 35
8 30
8 48
9 2
9 4
9 5
9 6
9 7
9 8
9 19
9 22
9 23
9 24
9 29
9 35
9 38
10 0
10 1
10 5
10 6
10 11
10 12
10 13
10 14
10 17
10 20
10 21
10 24
10 39
10 30
10 31
10 40
10 41
10 43
10 47
10 48
11 0
11 14
11 15
11 24
11 27
11 28
11 32
11 33
11 34
11 31
11 40
11 44
11 47
12 1
12 4
12 6
12 7
12 8
12 9
12 10
12 14
12 15
12 17
12 23
12 24
12 28
12 32
12 31
12 40
12 44
12 47
12 48
12 49
13 1
13 2
13 3
13 9
13 11
13 12
13 15
13 16
13 18
13 19
13 21
13 27
13 28
13 35
13 31
13 44
14 0
14 5
14 6
14 10
14 11
14 12
14 15
14 16
14 17
14 18
14 21
14 22
14 27
14 28
14 33
14 35
14 39
14 30
14 31
14 41
14 43
15 6
15 7
15 10
15 12
15 13
15 14
15 16
15 22
15 32
15 33
15 35
15 38
15 44
15 47
15 49
16 0
16 6
16 11
16 12
16 13
16 14
16 15
16 17
16 18
16 22
16 34
16 36
16 37
16 38
16 39
16 31
16 42
17 10
17 11
17 12
17 14
17 18
17 19
17 28
17 32
17 35
17 37
17 38
17 39
17 30
17 41
17 43
17 46
17 49
18 0
18 1
18 4
18 7
18 9
18 11
18 12
18 14
18 15
18 16
18 17
18 20
18 22
18 33
18 38
18 39
18 30
18 40
18 44
18 45
18 46
18 49
19 2
19 3
19 4
19 5
19 7
19 9
19 10
19 11
19 12
19 13
19 14
19 15
19 16
19 17
19 18
19 25
19 26
19 27
19 28
19 36
19 41
19 43
19 45
19 48
20 12
20 13
20 21
20 22
20 23
20 24
20 26
20 27
20 28
20 29
20 32
20 33
20 30
20 40
20 46
20 49
21 2
21 10
21 14
21 17
21 20
21 22
21 23
21 24
21 25
21 26
21 27
21 28
21 29
21 34
21 36
21 44
22 3
22 14
22 16
22 21
22 24
22 25
22 27
22 29
22 34
22 43
22 45
22 47
23 3
23 10
23 15
23 19
23 20
23 21
23 22
23 24
23 25
23 34
23 35
23 36
23 39
23 30
23 42
23 44
23 46
23 47
24 0
24 2
24 3
24 6
24 8
24 12
24 14
24 15
24 19
24 20
24 25
24 28
24 29
24 33
24 37
24 38
24 41
25 0
25 11
25 12
25 13
25 14
25 19
25 20
25 21
25 23
25 24
25 26
25 27
25 28
25 29
25 38
25 41
25 43
26 4
26 14
26 20
26 21
26 22
26 24
26 27
26 29
26 34
26 37
26 30
26 44
26 47
26 48
27 2
27 3
27 6
27 7
27 9
27 12
27 17
27 22
27 23
27 24
27 25
27 26
27 28
27 29
27 34
27 39
27 41
27 44
27 45
28 0
28 1
28 2
28 3
28 5
28 7
28 15
28 18
28 19
28 20
28 21
28 22
28 23
28 24
28 25
28 26
28 27
28 29
28 34
28 42
28 43
28 44
29 0
29 1
29 8
29 9
29 11
29 13
29 15
29 18
29 20
29 21
29 22
29 23
29 24
29 25
29 26
29 27
29 28
29 32
29 34
29 36
29 37
29 30
29 41
29 43
29 44
29 45
29 48
29 49
32 6
32 7
32 9
32 15
32 16
32 17
32 21
32 26
32 34
32 35
32 37
32 39
32 30
32 31
32 41
32 42
32 48
33 1
33 2
33 3
33 4
33 5
33 7
33 9
33 10
33 11
33 15
33 16
33 17
33 21
33 29
33 36
33 38
33 39
33 31
33 41
33 43
33 45
34 2
34 4
34 7
34 9
34 11
34 22
34 24
34 26
34 27
34 33
34 35
34 36
34 38
34 39
34 30
34 31
34 40
34 41
34 44
34 45
34 47
35 0
35 2
35 5
35 13
35 19
35 20
35 24
35 25
35 32
35 33
35 34
35 36
35 38
35 31
35 40
35 42
35 49
36 0
36 3
36 10
36 15
36 18
36 27
36 32
36 33
36 35
36 37
36 38
36 39
36 31
36 40
36 44
36 46
36 47
36 48
37 2
37 5
37 8
37 9
37 13
37 19
37 21
37 23
37 32
37 33
37 36
37 38
37 39
37 30
37 31
37 43
37 47
37 48
38 0
38 1
38 5
38 8
38 11
38 13
38 21
38 22
38 24
38 27
38 32
38 33
38 35
38 37
38 39
38 31
38 42
38 43
38 44
38 45
38 46
38 49
39 1
39 10
39 13
39 16
39 19
39 22
39 23
39 24
39 26
39 34
39 35
39 36
39 30
39 43
39 47
30 2
30 7
30 12
30 14
30 25
30 26
30 28
30 32
30 33
30 34
30 35
30 36
30 37
30 38
30 31
30 40
30 45
30 46
30 47
31 0
31 1
31 2
31 3
31 4
31 6
31 7
31 10
31 19
31 26
31 28
31 33
31 34
31 35
31 36
31 37
31 38
31 39
31 30
40 2
40 3
40 10
40 11
40 16
40 21
40 37
40 39
40 41
40 42
40 46
40 47
40 48
40 49
41 2
41 4
41 16
41 18
41 21
41 23
41 26
41 32
41 36
41 31
41 40
41 42
41 44
41 45
41 47
41 48
41 49
42 1
42 6
42 7
42 10
42 24
42 28
42 29
42 35
42 36
42 37
42 38
42 30
42 43
42 44
42 45
42 46
42 47
42 48
42 49
43 4
43 5
43 7
43 8
43 12
43 13
43 16
43 18
43 20
43 22
43 26
43 27
43 28
43 32
43 34
43 30
43 40
43 41
43 44
43 45
43 46
43 47
43 48
43 49
44 0
44 1
44 2
44 10
44 15
44 20
44 21
44 26
44 29
44 33
44 34
44 38
44 31
44 41
44 42
44 43
44 45
44 46
44 47
44 48
44 49
45 0
45 5
45 9
45 12
45 17
45 18
45 20
45 21
45 23
45 32
45 33
45 34
45 37
45 38
45 31
45 41
45 43
45 44
45 48
45 49
46 0
46 2
46 3
46 6
46 12
46 13
46 19
46 20
46 22
46 23
46 24
46 25
46 26
46 27
46 28
46 29
46 35
46 40
46 43
46 44
46 45
47 1
47 4
47 6
47 14
47 23
47 29
47 40
47 41
47 42
47 43
47 44
47 45
47 46
48 1
48 2
48 4
48 7
48 12
48 16
48 19
48 20
48 22
48 26
48 28
48 32
48 34
48 38
48 39
48 40
48 42
48 43
48 44
48 45
48 47
48 49
49 2
49 3
49 6
49 13
49 14
49 15
49 17
49 18
49 23
49 24
49 28
49 32
49 33
49 34
49 41
49 42
49 43
49 44
49 46
49 47
49 48
