0 1
0 2
0 3
0 4
0 5
0 6
0 7
0 9
0 10
0 13
0 15
0 17
0 20
0 21
0 35
0 37
0 40
0 42
0 45
0 46
0 48
0 49
1 0
1 2
1 3
1 4
1 5
1 6
1 7
1 8
1 9
1 12
1 16
1 23
1 25
1 26
1 27
1 29
1 32
1 31
2 0
2 1
2 4
2 5
2 7
2 9
2 12
2 13
2 14
2 15
2 17
2 20
2 23
2 27
2 32
2 37
2 38
2 30
2 43
2 45
2 48
2 49
3 0
3 1
3 2
3 4
3 6
3 7
3 8
3 13
3 16
3 18
3 19
3 20
3 26
3 32
3 33
3 36
3 37
3 38
3 39
3 46
3 48
4 0
4 1
4 5
4 7
4 8
4 9
4 10
4 14
4 20
4 21
4 22
4 24
4 25
4 27
4 28
4 32
4 33
4 34
4 36
4 30
4 40
4 41
5 0
5 1
5 4
5 7
5 8
5 9
5 13
5 19
5 23
5 25
5 34
5 35
5 40
5 41
5 44
5 45
5 49
6 0
6 2
6 4
6 5
6 7
6 8
6 9
6 10
6 13
6 15
6 23
6 27
6 28
6 36
6 40
6 42
6 43
6 44
6 46
7 0
7 1
7 3
7 4
7 5
7 12
7 17
7 21
7 23
7 24
7 26
7 27
7 28
7 37
7 38
7 39
7 30
7 31
7 42
7 43
8 0
8 2
8 3
8 4
8 5
8 6
8 7
8 12
8 17
8 20
8 24
8 25
8 26
8 27
8 30
8 31
8 40
8 42
8 45
9 1
9 2
9 4
9 5
9 7
9 8
9 13
9 14
9 20
9 24
9 27
9 28
9 32
9 38
9 39
9 40
9 41
9 48
9 49
10 6
10 11
10 12
10 16
10 17
10 18
10 20
10 26
10 28
10 32
10 36
10 38
10 31
10 42
10 46
10 47
11 0
11 2
11 3
11 6
11 12
11 15
11 16
11 17
11 18
11 19
11 24
11 25
11 26
11 35
11 30
11 31
11 43
11 44
11 46
11 49
12 11
12 14
12 15
12 16
12 17
12 18
12 23
12 25
12 27
12 42
12 43
12 47
13 1
13 3
13 5
13 10
13 11
13 12
13 19
13 23
13 24
13 25
13 36
13 41
13 42
13 44
13 47
13 49
14 1
14 6
14 7
14 9
14 11
14 13
14 15
14 16
14 17
14 18
14 19
14 27
14 35
14 37
14 43
14 44
14 46
14 48
15 1
15 2
15 11
15 13
15 14
15 17
15 18
15 19
15 20
15 21
15 27
15 29
15 35
15 36
15 38
15 39
15 43
16 3
16 8
16 9
16 10
16 12
16 14
16 17
16 19
16 33
16 37
16 30
16 31
16 40
16 45
17 10
17 12
17 13
17 14
17 16
17 19
17 22
17 29
17 32
17 37
17 38
17 41
17 44
17 48
17 49
18 1
18 10
18 11
18 12
18 13
18 14
18 15
18 17
18 28
18 29
18 33
18 34
18 31
18 47
18 48
19 0
19 1
19 2
19 3
19 7
19 10
19 12
19 14
19 16
19 17
19 18
19 24
19 25
19 30
19 40
20 0
20 1
20 5
20 12
20 16
20 18
20 21
20 22
20 24
20 25
20 28
20 29
20 32
20 33
20 35
20 38
20 31
20 44
20 45
21 1
21 2
21 4
21 6
21 7
21 8
21 9
21 10
21 12
21 15
21 20
21 22
21 24
21 26
21 28
21 29
21 32
21 36
21 42
21 44
22 3
22 4
22 9
22 15
22 16
22 20
22 21
22 24
22 25
22 26
22 27
22 37
22 38
22 42
22 49
23 0
23 4
23 6
23 7
23 10
23 11
23 13
23 16
23 21
23 22
23 24
23 25
23 26
23 27
23 28
23 29
23 42
23 44
23 45
23 46
23 47
24 7
24 9
24 11
24 18
24 19
24 20
24 22
24 26
24 27
24 28
24 29
24 35
24 36
24 38
24 39
24 44
24 46
24 47
24 48
25 0
25 9
25 10
25 16
25 21
25 24
25 26
25 27
25 28
25 38
25 39
25 30
25 44
25 49
26 4
26 11
26 12
26 20
26 21
26 22
26 24
26 25
26 28
26 29
26 30
26 31
26 45
26 49
27 1
27 6
27 17
27 18
27 20
27 21
27 23
27 28
27 29
27 37
27 42
27 43
27 44
27 47
28 0
28 4
28 6
28 15
28 16
28 17
28 18
28 20
28 23
28 24
28 25
28 26
28 29
28 32
28 33
28 38
28 45
29 2
29 3
29 9
29 11
29 15
29 17
29 18
29 21
29 23
29 25
29 26
29 28
29 32
29 35
29 38
29 30
29 44
29 45
29 49
32 2
32 3
32 4
32 9
32 10
32 14
32 27
32 29
32 33
32 34
32 36
32 37
32 38
32 30
32 31
32 40
32 41
32 45
33 3
33 4
33 5
33 14
33 15
33 17
33 19
33 24
33 34
33 35
33 36
33 37
33 39
33 30
33 31
33 40
33 49
34 1
34 4
34 6
34 7
34 8
34 11
34 13
34 19
34 20
34 25
34 32
34 35
34 36
34 37
34 39
34 31
34 44
34 46
34 48
35 2
35 3
35 13
35 14
35 16
35 18
35 19
35 20
35 23
35 24
35 28
35 32
35 33
35 36
35 37
35 38
35 30
35 31
35 40
35 42
35 46
35 49
36 1
36 2
36 5
36 10
36 11
36 23
36 26
36 28
36 29
36 33
36 34
36 35
36 37
36 39
36 30
36 31
36 40
36 46
36 47
37 6
37 7
37 8
37 10
37 13
37 14
37 23
37 24
37 28
37 32
37 33
37 35
37 36
37 38
37 39
37 30
37 43
37 45
37 46
38 3
38 13
38 16
38 20
38 21
38 25
38 26
38 32
38 33
38 35
38 36
38 37
38 39
38 30
38 31
38 42
38 43
38 46
38 49
39 1
39 18
39 21
39 22
39 28
39 33
39 36
39 37
39 30
39 31
39 40
39 42
39 44
39 45
30 8
30 9
30 14
30 15
30 20
30 24
30 32
30 33
30 34
30 35
30 36
30 37
30 38
30 31
30 44
31 1
31 2
31 7
31 12
31 14
31 15
31 17
31 28
31 29
31 32
31 33
31 34
31 35
31 36
31 37
31 39
31 41
31 42
31 46
31 47
40 1
40 2
40 4
40 5
40 6
40 9
40 13
40 19
40 24
40 29
40 32
40 34
40 35
40 37
40 30
40 42
40 43
40 44
40 45
40 46
40 48
40 49
41 3
41 5
41 15
41 17
41 19
41 21
41 22
41 25
41 35
41 39
41 40
41 43
41 44
41 45
41 46
41 47
41 48
42 3
42 4
42 5
42 6
42 9
42 10
42 19
42 21
42 22
42 23
42 24
42 25
42 32
42 33
42 39
42 31
42 43
42 44
42 45
42 46
42 47
42 49
43 10
43 12
43 13
43 14
43 15
43 18
43 21
43 25
43 27
43 37
43 30
43 40
43 41
43 45
43 46
43 48
43 49
44 1
44 3
44 7
44 14
44 15
44 17
44 21
44 24
44 32
44 34
44 35
44 37
44 30
44 40
44 41
44 42
44 43
44 46
44 47
44 48
44 49
45 6
45 7
45 8
45 9
45 15
45 24
45 25
45 33
45 36
45 39
45 30
45 31
45 40
45 41
45 42
45 43
45 44
45 46
45 48
45 49
46 1
46 2
46 4
46 5
46 6
46 9
46 10
46 11
46 14
46 23
46 25
46 26
46 29
46 33
46 34
46 37
46 38
46 39
46 41
46 42
46 43
46 44
46 45
46 47
46 48
47 8
47 9
47 17
47 18
47 27
47 28
47 33
47 34
47 36
47 40
47 42
47 43
47 44
47 46
48 5
48 6
48 7
48 9
48 16
48 21
48 23
48 26
48 29
48 38
48 39
48 42
48 44
48 46
48 47
48 49
49 2
49 7
49 12
49 13
49 15
49 20
49 22
49 23
49 27
49 29
49 33
49 35
49 38
49 40
49 41
49 42
49 43
49 44
49 45
49 46
49 47
49 48
