0 2
0 3
0 5
0 6
0 8
0 9
0 10
0 11
0 16
0 19
0 22
0 25
0 35
0 36
0 30
0 41
0 43
0 49
1 0
1 2
1 3
1 4
1 6
1 7
1 9
1 14
1 16
1 22
1 23
1 28
1 30
1 40
1 43
1 44
1 47
1 49
2 0
2 1
2 3
2 4
2 6
2 7
2 9
2 13
2 18
2 21
2 27
2 28
2 29
2 32
2 35
2 36
2 37
2 39
2 31
2 41
3 0
3 1
3 4
3 5
3 9
3 10
3 14
3 20
3 24
3 27
3 28
3 29
3 36
3 38
3 31
3 40
3 46
3 47
4 2
4 5
4 6
4 7
4 8
4 9
4 15
4 17
4 19
4 20
4 23
4 26
4 27
4 29
4 33
4 35
4 36
4 37
4 40
4 41
4 44
5 0
5 1
5 2
5 4
5 6
5 7
5 9
5 16
5 22
5 24
5 32
5 34
5 35
5 36
5 38
5 39
5 30
5 47
6 1
6 2
6 3
6 5
6 7
6 9
6 10
6 13
6 15
6 17
6 18
6 36
6 37
6 39
6 30
6 43
6 44
6 45
6 47
7 0
7 1
7 2
7 3
7 8
7 9
7 10
7 17
7 19
7 21
7 23
7 24
7 25
7 34
7 39
7 31
7 44
7 47
8 0
8 1
8 2
8 3
8 4
8 5
8 7
8 9
8 12
8 20
8 22
8 23
8 37
8 39
8 30
8 40
8 41
8 42
8 43
8 47
8 48
9 0
9 1
9 3
9 4
9 5
9 6
9 7
9 8
9 12
9 13
9 14
9 15
9 16
9 17
9 20
9 23
9 25
9 27
9 32
9 34
9 36
9 37
9 30
9 41
9 44
10 0
10 4
10 7
10 8
10 11
10 14
10 18
10 19
10 21
10 25
10 26
10 33
10 34
10 36
10 31
10 47
11 1
11 7
11 10
11 12
11 13
11 14
11 15
11 16
11 17
11 19
11 22
11 25
11 29
11 37
11 38
11 41
11 43
11 44
11 48
12 10
12 11
12 13
12 14
12 15
12 16
12 17
12 19
12 20
12 24
12 25
12 29
12 33
12 35
12 39
12 41
12 45
12 47
12 48
12 49
13 2
13 8
13 9
13 10
13 12
13 14
13 15
13 16
13 17
13 18
13 19
13 20
13 21
13 22
13 24
13 34
13 38
14 0
14 5
14 6
14 7
14 10
14 11
14 13
14 15
14 17
14 18
14 19
14 20
14 23
14 25
14 29
14 38
14 41
14 43
14 44
14 47
14 48
15 2
15 3
15 10
15 11
15 14
15 16
15 18
15 19
15 20
15 23
15 24
15 29
15 33
15 35
15 30
15 42
15 43
15 44
15 48
16 3
16 4
16 7
16 10
16 12
16 14
16 15
16 17
16 19
16 22
16 23
16 24
16 26
16 29
16 36
16 37
16 39
16 31
16 44
16 45
16 46
17 6
17 10
17 11
17 13
17 14
17 15
17 18
17 19
17 21
17 22
17 24
17 25
17 32
17 33
17 35
17 36
17 37
17 42
17 43
17 46
18 10
18 11
18 12
18 13
18 14
18 15
18 16
18 19
18 25
18 29
18 39
18 30
18 40
18 41
18 47
19 0
19 1
19 3
19 6
19 7
19 10
19 13
19 14
19 15
19 17
19 18
19 29
19 33
19 44
20 7
20 15
20 17
20 19
20 21
20 22
20 24
20 26
20 27
20 28
20 33
20 35
20 31
20 47
20 49
21 2
21 7
21 8
21 13
21 17
21 20
21 22
21 23
21 24
21 25
21 27
21 28
21 29
21 32
21 33
21 34
21 43
21 45
22 1
22 3
22 7
22 13
22 16
22 18
22 20
22 21
22 23
22 24
22 25
22 26
22 27
22 28
22 29
22 34
22 35
22 45
22 48
22 49
23 3
23 7
23 13
23 14
23 16
23 18
23 22
23 24
23 25
23 26
23 27
23 29
23 36
23 38
23 30
23 40
23 43
23 47
23 48
24 1
24 7
24 8
24 11
24 14
24 15
24 20
24 21
24 22
24 25
24 26
24 27
24 29
24 32
24 35
24 36
24 38
24 39
24 31
24 42
24 47
24 49
25 4
25 5
25 7
25 9
25 19
25 20
25 22
25 23
25 24
25 27
25 28
25 29
25 32
25 35
25 36
25 37
25 31
25 40
25 41
25 42
25 46
25 48
26 1
26 4
26 6
26 7
26 11
26 12
26 13
26 19
26 24
26 25
26 27
26 28
26 29
26 33
26 35
26 38
26 42
26 47
26 49
27 1
27 3
27 4
27 6
27 9
27 12
27 13
27 17
27 19
27 20
27 22
27 23
27 24
27 25
27 26
27 28
27 35
27 31
27 45
28 1
28 3
28 5
28 6
28 11
28 13
28 14
28 20
28 21
28 23
28 24
28 25
28 26
28 27
28 29
28 33
28 37
28 44
29 0
29 4
29 5
29 6
29 7
29 8
29 11
29 19
29 20
29 22
29 23
29 24
29 25
29 26
29 27
29 28
29 32
29 33
29 31
29 40
29 42
29 43
29 47
32 1
32 2
32 3
32 5
32 8
32 10
32 14
32 19
32 21
32 22
32 26
32 28
32 33
32 35
32 30
32 31
32 40
32 44
32 47
33 1
33 2
33 3
33 10
33 11
33 15
33 22
33 23
33 26
33 29
33 32
33 35
33 36
33 31
33 49
34 0
34 1
34 10
34 13
34 16
34 21
34 27
34 28
34 32
34 36
34 38
34 30
34 31
34 42
34 43
34 48
35 0
35 1
35 2
35 3
35 13
35 14
35 16
35 18
35 22
35 23
35 24
35 26
35 29
35 33
35 36
35 37
35 38
35 39
35 30
35 40
35 43
35 45
35 48
36 3
36 4
36 7
36 12
36 23
36 34
36 35
36 37
36 38
36 39
36 30
36 31
36 40
36 42
36 47
37 1
37 3
37 4
37 5
37 11
37 14
37 18
37 21
37 22
37 27
37 33
37 35
37 38
37 39
37 30
37 31
37 44
37 46
37 47
37 49
38 1
38 2
38 4
38 5
38 12
38 14
38 18
38 25
38 27
38 33
38 34
38 35
38 37
38 39
38 30
38 31
38 40
38 41
38 42
38 43
38 44
38 45
38 47
39 4
39 6
39 8
39 11
39 13
39 22
39 24
39 32
39 35
39 36
39 37
39 41
39 45
39 48
30 6
30 9
30 10
30 11
30 16
30 18
30 27
30 32
30 33
30 34
30 35
30 38
30 39
30 40
30 42
30 44
31 9
31 12
31 18
31 29
31 32
31 33
31 34
31 35
31 38
31 39
31 30
31 40
31 41
31 42
31 44
31 46
31 48
40 0
40 3
40 5
40 6
40 9
40 13
40 17
40 18
40 20
40 24
40 28
40 33
40 38
40 41
40 42
40 43
40 46
40 48
40 49
41 3
41 12
41 13
41 16
41 20
41 26
41 32
41 33
41 36
41 37
41 38
41 39
41 31
41 42
41 43
41 45
41 46
41 47
41 48
42 0
42 4
42 5
42 8
42 11
42 12
42 13
42 16
42 18
42 19
42 26
42 35
42 36
42 38
42 39
42 41
42 43
42 45
42 46
42 47
43 4
43 5
43 6
43 9
43 13
43 14
43 17
43 20
43 23
43 26
43 33
43 37
43 38
43 30
43 31
43 41
43 44
43 45
43 46
43 47
43 48
44 8
44 12
44 18
44 21
44 23
44 28
44 29
44 32
44 35
44 36
44 41
44 42
44 47
44 48
44 49
45 1
45 4
45 5
45 8
45 11
45 13
45 14
45 17
45 21
45 22
45 24
45 25
45 28
45 32
45 39
45 41
45 42
45 43
45 44
45 46
45 48
46 8
46 14
46 16
46 20
46 23
46 24
46 32
46 35
46 37
46 38
46 30
46 31
46 41
46 42
46 44
46 48
46 49
47 0
47 1
47 2
47 5
47 7
47 12
47 19
47 21
47 23
47 28
47 32
47 36
47 37
47 30
47 40
47 44
47 45
47 46
47 48
47 49
48 5
48 17
48 21
48 32
48 34
48 41
48 42
48 44
48 47
48 49
49 0
49 1
49 5
49 6
49 11
49 13
49 14
49 22
49 23
49 27
49 29
49 34
49 35
49 30
49 41
49 44
49 45
49 47
49 48
