0 2
0 5
0 6
0 9
0 12
0 15
0 16
0 17
0 18
0 20
0 21
0 26
0 29
0 37
0 38
0 39
0 30
0 47
0 49
1 0
1 2
1 3
1 4
1 5
1 6
1 7
1 8
1 9
1 11
1 14
1 15
1 17
1 21
1 34
1 39
1 40
1 49
2 0
2 3
2 4
2 5
2 6
2 7
2 8
2 9
2 13
2 20
2 21
2 22
2 23
2 24
2 28
2 34
2 36
2 37
2 40
2 47
3 0
3 1
3 2
3 5
3 7
3 9
3 11
3 13
3 15
3 20
3 23
3 27
3 29
3 32
3 35
3 38
3 41
3 45
3 47
4 0
4 1
4 5
4 6
4 7
4 8
4 9
4 12
4 14
4 17
4 20
4 26
4 29
4 37
4 30
4 40
5 1
5 2
5 6
5 7
5 8
5 9
5 11
5 14
5 16
5 18
5 22
5 29
5 32
5 33
5 34
5 40
5 42
5 46
5 48
6 0
6 1
6 2
6 4
6 5
6 7
6 13
6 21
6 24
6 25
6 26
6 27
6 29
6 40
6 42
6 43
6 44
6 45
6 46
6 49
7 0
7 1
7 2
7 3
7 4
7 5
7 6
7 9
7 13
7 21
7 29
7 33
7 35
7 36
7 39
7 40
7 43
7 44
7 48
8 2
8 3
8 4
8 5
8 6
8 7
8 9
8 12
8 21
8 28
8 29
8 32
8 33
8 35
8 38
8 40
8 44
8 45
8 46
9 0
9 1
9 2
9 3
9 4
9 5
9 10
9 13
9 16
9 18
9 19
9 22
9 24
9 27
9 28
9 32
9 33
9 38
9 42
9 44
9 48
10 0
10 1
10 4
10 5
10 12
10 16
10 18
10 19
10 20
10 22
10 27
10 28
10 29
10 41
10 42
10 47
11 1
11 6
11 8
11 10
11 13
11 14
11 17
11 18
11 19
11 23
11 24
11 27
11 32
11 36
11 30
11 42
11 47
12 4
12 7
12 9
12 10
12 14
12 16
12 18
12 19
12 21
12 25
12 27
12 29
12 40
12 43
12 44
12 47
13 6
13 8
13 10
13 11
13 12
13 14
13 16
13 17
13 18
13 19
13 26
13 28
13 29
13 33
13 34
13 37
13 38
13 31
13 42
13 46
13 47
13 49
14 4
14 5
14 10
14 12
14 15
14 17
14 24
14 37
14 39
14 40
14 41
14 43
14 44
14 46
14 48
15 2
15 8
15 9
15 10
15 13
15 14
15 16
15 17
15 19
15 22
15 23
15 28
15 34
15 35
15 42
15 43
16 7
16 10
16 11
16 13
16 14
16 15
16 17
16 18
16 19
16 20
16 21
16 26
16 27
16 34
16 35
16 39
16 30
16 31
16 45
16 49
17 1
17 3
17 9
17 10
17 11
17 14
17 15
17 16
17 19
17 26
17 28
17 33
17 30
17 31
17 42
17 44
17 45
17 48
18 1
18 6
18 7
18 10
18 12
18 13
18 14
18 15
18 19
18 21
18 25
18 32
18 37
18 31
18 46
19 4
19 6
19 7
19 10
19 12
19 13
19 14
19 15
19 18
19 23
19 28
19 33
19 38
19 31
19 42
19 48
20 7
20 11
20 12
20 13
20 16
20 21
20 22
20 24
20 26
20 27
20 28
20 29
20 33
20 35
20 41
20 42
20 44
20 49
21 4
21 5
21 8
21 10
21 11
21 20
21 22
21 24
21 26
21 27
21 28
21 29
21 37
21 38
21 40
21 44
21 46
21 47
22 0
22 4
22 7
22 8
22 13
22 20
22 25
22 26
22 33
22 35
22 39
22 31
22 42
22 43
22 45
23 8
23 14
23 17
23 18
23 20
23 21
23 22
23 24
23 25
23 26
23 32
23 37
23 39
23 41
23 43
23 47
23 48
23 49
24 0
24 7
24 9
24 11
24 12
24 13
24 17
24 21
24 22
24 23
24 26
24 27
24 28
24 29
24 32
24 35
24 37
24 38
24 39
24 41
24 42
24 45
25 1
25 2
25 3
25 20
25 23
25 24
25 27
25 28
25 29
25 32
25 35
25 42
25 44
25 48
26 0
26 2
26 5
26 10
26 11
26 13
26 16
26 21
26 23
26 24
26 25
26 27
26 29
26 33
26 35
26 36
26 30
26 40
26 48
26 49
27 1
27 3
27 15
27 20
27 21
27 22
27 23
27 24
27 25
27 26
27 28
27 34
27 30
27 43
28 1
28 2
28 6
28 12
28 17
28 18
28 19
28 20
28 21
28 24
28 26
28 29
28 38
28 39
28 30
28 40
28 41
28 46
28 47
28 48
29 4
29 11
29 17
29 20
29 22
29 23
29 24
29 25
29 26
29 27
29 32
29 35
29 36
29 38
29 31
29 43
29 47
32 0
32 1
32 6
32 7
32 9
32 10
32 12
32 18
32 22
32 27
32 35
32 36
32 38
32 39
32 30
32 31
32 41
32 43
32 44
32 48
33 2
33 7
33 8
33 9
33 11
33 13
33 15
33 17
33 19
33 22
33 23
33 26
33 28
33 32
33 35
33 36
33 37
33 38
33 39
33 31
33 42
33 44
33 46
33 48
34 1
34 5
34 8
34 12
34 19
34 22
34 23
34 25
34 28
34 29
34 32
34 33
34 35
34 36
34 37
34 38
34 39
34 30
34 31
34 44
34 46
34 48
34 49
35 2
35 4
35 7
35 11
35 12
35 13
35 16
35 18
35 19
35 23
35 29
35 33
35 34
35 36
35 37
35 38
35 39
35 31
35 40
35 43
35 44
35 46
35 47
35 48
35 49
36 5
36 7
36 8
36 9
36 10
36 16
36 17
36 20
36 23
36 27
36 32
36 34
36 39
36 31
36 49
37 8
37 10
37 12
37 15
37 18
37 20
37 22
37 25
37 26
37 27
37 28
37 29
37 32
37 35
37 36
37 38
37 39
37 30
37 43
37 46
37 49
38 0
38 1
38 2
38 7
38 9
38 11
38 16
38 19
38 20
38 33
38 36
38 37
38 39
38 30
38 31
38 40
38 43
38 45
39 8
39 11
39 14
39 16
39 25
39 28
39 29
39 35
39 37
39 38
39 30
39 31
39 41
39 46
39 48
39 49
30 5
30 7
30 11
30 16
30 17
30 22
30 25
30 27
30 34
30 37
30 38
30 39
30 31
30 40
30 46
31 1
31 4
31 5
31 7
31 8
31 13
31 17
31 19
31 20
31 22
31 28
31 29
31 34
31 35
31 36
31 37
31 39
31 30
31 45
40 0
40 1
40 2
40 6
40 13
40 15
40 21
40 23
40 24
40 26
40 31
40 41
40 42
40 43
40 44
40 45
40 46
40 47
40 49
41 1
41 2
41 10
41 12
41 13
41 18
41 20
41 25
41 32
41 34
41 35
41 36
41 40
41 44
41 45
41 48
42 4
42 5
42 10
42 11
42 15
42 17
42 19
42 20
42 21
42 23
42 25
42 32
42 41
42 46
42 48
43 3
43 9
43 13
43 16
43 17
43 18
43 23
43 33
43 36
43 40
43 41
43 42
43 44
43 45
43 48
43 49
44 0
44 1
44 4
44 7
44 9
44 13
44 15
44 18
44 19
44 20
44 24
44 25
44 35
44 38
44 31
44 40
44 41
44 42
44 43
44 45
44 46
44 47
44 49
45 0
45 5
45 6
45 10
45 33
45 41
45 43
45 47
45 48
45 49
46 4
46 12
46 16
46 20
46 22
46 27
46 28
46 33
46 35
46 39
46 40
46 41
46 42
46 43
46 44
46 45
46 49
47 3
47 5
47 15
47 24
47 27
47 33
47 35
47 37
47 38
47 40
47 41
47 42
47 43
47 44
47 45
47 46
47 48
47 49
48 3
48 5
48 9
48 11
48 19
48 20
48 21
48 22
48 25
48 28
48 29
48 32
48 37
48 38
48 40
48 41
48 42
48 43
48 45
48 46
48 49
49 0
49 7
49 12
49 14
49 15
49 18
49 21
49 26
49 27
49 35
49 38
49 39
49 31
49 41
49 42
49 45
49 47
49 48
