0 1
0 4
0 9
0 14
0 21
0 22
0 27
0 33
0 34
0 38
0 40
0 45
0 46
0 48
1 0
1 2
1 4
1 5
1 6
1 7
1 8
1 9
1 10
1 13
1 20
1 22
1 38
1 31
1 42
1 45
1 47
2 0
2 3
2 5
2 7
2 8
2 9
2 12
2 16
2 20
2 21
2 22
2 24
2 32
2 33
2 37
2 31
2 45
2 46
3 0
3 2
3 4
3 5
3 6
3 7
3 8
3 9
3 10
3 13
3 14
3 17
3 18
3 19
3 24
3 28
3 30
4 0
4 1
4 3
4 5
4 7
4 8
4 9
4 14
4 15
4 16
4 24
4 32
4 34
4 43
4 45
4 47
5 0
5 1
5 2
5 3
5 4
5 6
5 7
5 8
5 9
5 13
5 14
5 17
5 19
5 22
5 23
5 27
5 32
5 37
5 40
5 41
5 45
5 47
6 0
6 2
6 3
6 4
6 5
6 7
6 8
6 14
6 15
6 27
6 35
6 31
6 42
6 45
6 49
7 1
7 2
7 4
7 6
7 9
7 11
7 12
7 15
7 18
7 24
7 29
7 34
7 37
7 43
7 46
7 48
7 49
8 1
8 3
8 4
8 5
8 6
8 11
8 14
8 19
8 23
8 25
8 31
8 40
8 42
8 43
8 45
9 0
9 3
9 4
9 5
9 11
9 13
9 14
9 20
9 22
9 23
9 24
9 26
9 33
9 35
9 36
9 38
9 30
9 42
9 46
9 47
10 0
10 1
10 4
10 12
10 15
10 16
10 17
10 19
10 22
10 24
10 29
10 34
10 35
10 39
10 40
10 41
10 45
10 48
10 49
11 5
11 6
11 8
11 9
11 10
11 12
11 13
11 15
11 17
11 18
11 19
11 20
11 22
11 24
11 29
11 37
11 31
11 42
11 47
11 49
12 2
12 5
12 10
12 13
12 14
12 15
12 17
12 21
12 23
12 36
12 30
12 42
12 43
12 47
12 49
13 0
13 7
13 10
13 11
13 12
13 14
13 18
13 19
13 26
13 29
13 32
13 34
13 35
13 37
13 38
13 39
13 44
13 45
13 46
13 48
14 1
14 6
14 10
14 11
14 12
14 16
14 17
14 19
14 25
14 32
14 44
14 45
15 4
15 6
15 8
15 10
15 11
15 13
15 14
15 16
15 17
15 25
15 26
15 34
15 36
15 39
15 40
15 42
15 44
15 45
15 48
16 0
16 3
16 4
16 5
16 10
16 12
16 13
16 14
16 17
16 18
16 19
16 25
16 37
16 30
16 47
17 3
17 10
17 11
17 13
17 14
17 15
17 16
17 18
17 20
17 24
17 36
17 37
17 31
17 40
17 46
18 2
18 4
18 7
18 10
18 11
18 12
18 13
18 15
18 17
18 19
18 20
18 22
18 35
18 36
18 40
18 44
18 46
18 49
19 0
19 1
19 3
19 8
19 10
19 11
19 12
19 14
19 15
19 16
19 17
19 18
19 22
19 27
19 28
19 36
19 39
19 30
19 40
19 42
19 44
20 2
20 4
20 6
20 8
20 9
20 13
20 19
20 22
20 25
20 27
20 33
20 34
20 31
20 46
21 1
21 3
21 4
21 5
21 10
21 11
21 16
21 18
21 22
21 23
21 24
21 25
21 26
21 29
21 33
21 35
21 40
21 46
21 47
21 49
22 0
22 5
22 13
22 16
22 18
22 19
22 20
22 21
22 23
22 24
22 25
22 26
22 27
22 28
22 29
22 34
22 35
22 30
22 31
22 40
22 42
22 43
22 44
22 46
23 3
23 8
23 15
23 18
23 21
23 22
23 24
23 25
23 26
23 27
23 28
23 29
23 33
23 37
23 39
23 41
23 42
23 43
23 45
23 47
23 48
23 49
24 1
24 3
24 6
24 7
24 8
24 9
24 11
24 18
24 20
24 22
24 26
24 27
24 28
24 29
24 34
24 37
24 39
24 42
24 43
24 44
25 0
25 1
25 3
25 6
25 14
25 16
25 19
25 21
25 23
25 24
25 28
25 32
25 34
25 30
25 40
25 42
25 45
25 48
26 0
26 1
26 4
26 7
26 9
26 13
26 17
26 20
26 21
26 22
26 23
26 24
26 25
26 27
26 35
26 36
26 38
26 40
26 42
26 46
27 3
27 5
27 6
27 7
27 9
27 13
27 14
27 15
27 16
27 17
27 20
27 21
27 23
27 24
27 26
27 29
27 32
27 34
27 44
28 2
28 5
28 9
28 13
28 16
28 19
28 20
28 21
28 22
28 23
28 24
28 26
28 29
28 36
28 37
28 31
28 41
28 46
28 47
28 49
29 0
29 3
29 6
29 7
29 8
29 10
29 13
29 19
29 20
29 21
29 22
29 24
29 25
29 37
29 39
29 31
29 40
29 45
32 1
32 2
32 5
32 7
32 11
32 13
32 15
32 16
32 18
32 19
32 22
32 26
32 27
32 28
32 29
32 33
32 34
32 35
32 36
32 38
32 30
32 31
32 40
32 47
33 0
33 2
33 3
33 6
33 10
33 15
33 21
33 24
33 32
33 34
33 35
33 36
33 38
33 39
33 31
33 44
34 2
34 3
34 9
34 10
34 11
34 13
34 17
34 29
34 32
34 33
34 35
34 36
34 37
34 38
34 39
34 30
34 31
34 42
34 43
34 47
35 1
35 3
35 9
35 10
35 12
35 13
35 14
35 17
35 32
35 33
35 34
35 36
35 37
35 38
35 30
35 42
35 44
35 45
35 48
36 3
36 11
36 12
36 14
36 15
36 16
36 18
36 24
36 25
36 26
36 28
36 32
36 33
36 34
36 38
36 31
36 40
36 42
36 44
36 47
37 2
37 5
37 16
37 17
37 18
37 22
37 23
37 25
37 32
37 34
37 36
37 38
37 30
37 31
37 43
37 46
38 0
38 1
38 4
38 7
38 10
38 11
38 27
38 29
38 33
38 37
38 39
38 31
38 40
38 43
39 5
39 9
39 10
39 11
39 18
39 27
39 32
39 33
39 35
39 36
39 37
39 38
39 40
39 44
39 45
39 48
30 2
30 4
30 8
30 10
30 12
30 14
30 16
30 23
30 33
30 34
30 37
30 39
30 31
30 40
31 6
31 7
31 8
31 9
31 13
31 15
31 16
31 19
31 20
31 28
31 34
31 36
31 39
31 30
31 48
40 4
40 5
40 6
40 10
40 26
40 29
40 32
40 33
40 35
40 36
40 39
40 41
40 43
40 44
40 47
40 48
41 2
41 5
41 6
41 8
41 11
41 17
41 18
41 19
41 20
41 21
41 22
41 25
41 26
41 28
41 38
41 39
41 40
41 42
41 43
41 45
41 46
41 47
41 49
42 1
42 6
42 10
42 11
42 21
42 22
42 25
42 32
42 33
42 35
42 36
42 30
42 40
42 41
42 43
42 47
42 49
43 2
43 4
43 6
43 7
43 11
43 16
43 17
43 21
43 22
43 25
43 27
43 33
43 35
43 37
43 38
43 30
43 40
43 42
43 44
43 45
43 47
44 7
44 9
44 15
44 16
44 19
44 20
44 33
44 34
44 35
44 37
44 39
44 40
44 41
44 42
44 43
44 46
44 47
44 48
44 49
45 4
45 17
45 24
45 25
45 26
45 27
45 35
45 41
45 43
45 44
45 46
45 47
45 48
45 49
46 2
46 4
46 8
46 11
46 12
46 13
46 16
46 18
46 21
46 24
46 31
46 40
46 41
46 42
46 43
46 45
46 49
47 2
47 3
47 4
47 5
47 6
47 7
47 11
47 14
47 21
47 28
47 33
47 37
47 38
47 40
47 42
47 43
47 44
47 45
47 48
48 2
48 3
48 4
48 5
48 6
48 7
48 10
48 11
48 12
48 18
48 20
48 24
48 26
48 27
48 33
48 38
48 30
48 31
48 40
48 41
48 42
48 44
48 45
49 0
49 2
49 9
49 12
49 14
49 15
49 17
49 18
49 19
49 23
49 26
49 27
49 33
49 37
49 40
49 41
49 43
49 45
49 46
49 47
49 48
