0 2
0 3
0 4
0 5
0 6
0 7
0 8
0 15
0 19
0 20
0 25
0 28
0 33
0 36
0 37
0 39
0 30
0 42
0 45
0 48
0 49
1 0
1 2
1 3
1 4
1 6
1 8
1 9
1 17
1 20
1 23
1 24
1 34
1 38
1 39
1 30
1 40
1 45
1 49
2 1
2 3
2 4
2 5
2 6
2 7
2 8
2 9
2 11
2 12
2 14
2 20
2 21
2 33
2 42
2 43
3 1
3 2
3 4
3 8
3 12
3 22
3 27
3 28
3 32
3 33
3 34
3 41
3 43
3 47
3 49
4 2
4 5
4 6
4 7
4 8
4 12
4 15
4 16
4 17
4 18
4 21
4 28
4 32
4 35
4 39
4 41
4 46
4 49
5 0
5 1
5 2
5 3
5 6
5 7
5 17
5 18
5 19
5 22
5 36
5 37
5 38
5 39
5 31
5 45
6 1
6 3
6 4
6 5
6 7
6 8
6 15
6 16
6 26
6 36
6 40
6 42
6 43
6 45
7 0
7 1
7 2
7 3
7 5
7 6
7 8
7 9
7 12
7 16
7 18
7 19
7 20
7 23
7 32
7 33
7 34
7 35
7 38
7 39
7 30
7 40
7 43
7 46
7 47
8 0
8 2
8 3
8 4
8 5
8 7
8 9
8 13
8 14
8 15
8 16
8 18
8 21
8 28
8 35
8 36
8 37
8 39
8 30
8 31
8 40
8 41
8 46
9 0
9 3
9 4
9 6
9 7
9 8
9 11
9 15
9 23
9 24
9 28
9 34
9 35
9 40
9 41
9 44
9 45
9 46
9 49
10 1
10 5
10 7
10 9
10 12
10 13
10 14
10 16
10 17
10 18
10 19
10 22
10 24
10 25
10 28
10 38
10 30
10 40
10 43
10 47
10 48
10 49
11 9
11 10
11 12
11 13
11 14
11 15
11 16
11 17
11 18
11 26
11 27
11 34
11 45
11 47
12 2
12 10
12 11
12 14
12 15
12 16
12 18
12 19
12 22
12 27
12 32
12 34
12 38
12 30
12 31
12 44
13 3
13 5
13 6
13 9
13 10
13 11
13 14
13 16
13 17
13 19
13 25
13 26
13 37
13 41
13 47
14 1
14 2
14 8
14 9
14 10
14 11
14 12
14 13
14 15
14 16
14 17
14 20
14 21
14 23
14 28
14 33
14 30
14 31
14 43
14 49
15 0
15 3
15 5
15 11
15 13
15 14
15 16
15 18
15 19
15 22
15 28
15 32
15 33
15 38
15 39
15 30
15 41
15 44
15 46
15 48
15 49
16 1
16 4
16 5
16 8
16 11
16 12
16 13
16 14
16 15
16 17
16 18
16 19
16 20
16 24
16 25
16 32
16 30
16 31
16 45
16 47
17 2
17 8
17 10
17 11
17 12
17 15
17 16
17 18
17 19
17 22
17 27
17 28
17 35
17 39
17 40
17 42
18 0
18 1
18 3
18 4
18 7
18 10
18 11
18 12
18 13
18 14
18 15
18 17
18 19
18 21
18 22
18 24
18 28
18 33
18 38
18 40
19 2
19 7
19 13
19 14
19 15
19 16
19 17
19 18
19 21
19 22
19 27
19 32
19 33
19 35
19 36
19 30
19 45
19 48
20 0
20 1
20 2
20 7
20 12
20 15
20 18
20 19
20 22
20 23
20 24
20 26
20 28
20 29
20 32
20 38
20 39
20 31
20 40
20 41
20 43
20 48
21 3
21 5
21 8
21 9
21 10
21 16
21 17
21 20
21 23
21 24
21 25
21 26
21 27
21 28
21 35
21 47
21 48
22 2
22 3
22 11
22 14
22 20
22 21
22 23
22 24
22 25
22 26
22 28
22 29
22 33
22 35
22 37
22 39
22 44
22 45
22 46
23 3
23 11
23 14
23 15
23 20
23 21
23 22
23 24
23 25
23 26
23 27
23 28
23 29
23 35
23 40
23 42
23 43
23 46
23 47
23 49
24 0
24 1
24 3
24 4
24 5
24 12
24 15
24 17
24 20
24 21
24 25
24 27
24 28
24 29
24 32
24 33
24 35
24 38
24 30
24 31
24 42
24 48
25 7
25 8
25 11
25 12
25 15
25 20
25 21
25 22
25 23
25 24
25 26
25 27
25 28
25 29
25 37
25 31
25 40
25 43
25 45
25 49
26 0
26 5
26 8
26 19
26 20
26 23
26 24
26 25
26 27
26 28
26 29
26 32
26 33
26 35
26 37
26 40
26 41
26 42
26 43
26 44
27 1
27 4
27 7
27 10
27 19
27 20
27 21
27 22
27 23
27 25
27 28
27 29
27 34
27 37
27 45
27 49
28 0
28 2
28 9
28 12
28 15
28 21
28 22
28 24
28 25
28 34
28 38
28 40
28 42
28 48
29 4
29 6
29 10
29 11
29 12
29 13
29 17
29 20
29 22
29 23
29 24
29 26
29 27
29 28
29 36
29 38
29 31
29 41
29 43
29 44
29 46
32 0
32 2
32 4
32 5
32 12
32 17
32 23
32 24
32 29
32 35
32 36
32 38
32 39
32 30
32 40
32 41
32 42
32 44
32 45
32 46
32 47
33 0
33 1
33 5
33 6
33 7
33 9
33 14
33 15
33 20
33 21
33 23
33 26
33 28
33 34
33 35
33 37
33 38
33 39
33 30
33 31
33 41
33 42
33 44
33 45
33 46
33 48
34 1
34 3
34 16
34 17
34 26
34 29
34 33
34 35
34 36
34 37
34 38
34 39
34 31
34 40
34 47
34 48
35 5
35 7
35 8
35 9
35 11
35 17
35 19
35 23
35 24
35 25
35 26
35 28
35 29
35 32
35 33
35 36
35 37
35 38
35 39
35 30
35 31
36 0
36 2
36 6
36 9
36 10
36 11
36 12
36 28
36 29
36 33
36 34
36 35
36 37
36 38
36 39
36 41
36 48
37 3
37 7
37 8
37 10
37 13
37 14
37 19
37 22
37 25
37 26
37 27
37 28
37 33
37 35
37 36
37 40
37 43
38 1
38 3
38 9
38 22
38 24
38 32
38 33
38 34
38 35
38 36
38 37
38 39
38 30
38 31
38 41
38 43
38 44
38 45
39 0
39 2
39 5
39 8
39 13
39 14
39 16
39 19
39 20
39 25
39 26
39 29
39 33
39 34
39 36
39 37
39 30
39 31
39 43
39 44
39 46
39 47
39 48
30 1
30 4
30 5
30 8
30 9
30 10
30 11
30 12
30 16
30 17
30 18
30 25
30 28
30 32
30 35
30 37
30 38
30 45
30 48
31 2
31 5
31 7
31 10
31 13
31 14
31 18
31 29
31 35
31 36
31 38
31 39
31 30
31 43
31 44
31 49
40 3
40 6
40 16
40 18
40 19
40 20
40 22
40 23
40 29
40 37
40 31
40 41
40 42
40 43
40 44
40 46
40 47
40 48
40 49
41 0
41 3
41 5
41 7
41 9
41 11
41 12
41 13
41 17
41 25
41 26
41 27
41 33
41 39
41 40
41 43
41 44
41 45
41 46
41 47
41 49
42 2
42 3
42 4
42 10
42 11
42 17
42 21
42 26
42 29
42 36
42 38
42 39
42 40
42 41
42 44
42 45
42 46
42 47
42 48
43 2
43 5
43 6
43 12
43 16
43 17
43 19
43 23
43 27
43 28
43 29
43 36
43 30
43 40
43 41
43 44
43 45
43 48
44 0
44 6
44 11
44 12
44 13
44 15
44 25
44 38
44 39
44 30
44 40
44 42
44 43
44 45
44 46
44 48
44 49
45 1
45 3
45 13
45 18
45 21
45 22
45 28
45 30
45 40
45 41
45 43
45 44
45 46
45 48
46 2
46 6
46 7
46 12
46 13
46 19
46 21
46 24
46 28
46 32
46 36
46 38
46 30
46 31
46 40
46 42
46 43
46 44
46 45
46 47
46 48
47 0
47 1
47 3
47 4
47 8
47 11
47 13
47 15
47 17
47 21
47 22
47 24
47 26
47 32
47 40
47 41
47 42
47 43
47 44
47 46
47 48
47 49
48 5
48 9
48 15
48 19
48 23
48 24
48 26
48 29
48 32
48 33
48 34
48 31
48 40
48 41
48 42
48 44
48 45
48 49
49 1
49 5
49 11
49 14
49 16
49 18
49 24
49 25
49 26
49 37
49 40
49 41
49 43
49 44
49 45
49 46
49 48
