0 1
0 2
0 3
0 5
0 6
0 7
0 8
0 9
0 17
0 18
0 20
0 25
0 26
0 35
0 36
0 38
0 39
0 40
0 48
1 0
1 3
1 4
1 5
1 6
1 7
1 8
1 9
1 11
1 13
1 19
1 28
1 33
1 36
1 37
1 47
2 0
2 1
2 3
2 4
2 5
2 8
2 9
2 12
2 20
2 25
2 40
2 43
2 47
2 49
3 0
3 1
3 2
3 4
3 6
3 7
3 8
3 10
3 12
3 15
3 16
3 17
3 18
3 19
3 20
3 36
3 37
3 31
3 42
3 44
3 45
3 49
4 0
4 1
4 3
4 5
4 6
4 9
4 13
4 14
4 18
4 22
4 23
4 26
4 27
4 28
4 33
4 36
4 37
4 38
4 39
4 30
4 40
4 48
5 0
5 1
5 2
5 4
5 8
5 10
5 11
5 14
5 24
5 27
5 32
5 33
5 39
5 40
5 43
5 45
5 46
5 49
6 0
6 1
6 2
6 3
6 4
6 5
6 8
6 9
6 10
6 12
6 23
6 25
6 26
6 27
6 32
6 33
6 35
6 47
7 0
7 1
7 3
7 5
7 8
7 9
7 11
7 12
7 16
7 18
7 19
7 20
7 21
7 22
7 23
7 28
7 34
7 39
7 30
7 41
7 42
7 45
8 0
8 1
8 3
8 4
8 5
8 6
8 7
8 10
8 13
8 14
8 17
8 20
8 21
8 22
8 24
8 25
8 27
8 32
8 33
8 35
8 36
8 37
8 38
8 30
8 31
8 44
9 1
9 2
9 5
9 8
9 10
9 15
9 20
9 23
9 26
9 27
9 36
9 38
9 30
9 31
9 41
9 42
10 1
10 5
10 11
10 12
10 13
10 14
10 16
10 17
10 19
10 21
10 28
10 35
10 38
10 39
10 31
10 41
10 47
11 1
11 7
11 9
11 10
11 12
11 14
11 15
11 16
11 29
11 33
11 38
11 41
11 45
11 49
12 8
12 10
12 13
12 14
12 15
12 16
12 18
12 19
12 20
12 27
12 29
12 34
12 35
12 36
12 31
12 42
12 43
13 0
13 5
13 8
13 12
13 14
13 15
13 16
13 17
13 18
13 19
13 20
13 23
13 28
13 29
13 33
13 37
13 38
13 30
13 31
13 40
13 41
13 43
13 44
13 46
14 0
14 2
14 7
14 9
14 13
14 15
14 16
14 17
14 18
14 19
14 21
14 28
14 32
14 33
14 36
14 37
14 30
14 45
14 49
15 0
15 8
15 9
15 10
15 13
15 14
15 16
15 17
15 19
15 20
15 25
15 28
15 29
15 32
15 33
15 36
15 39
15 43
16 0
16 4
16 6
16 9
16 10
16 11
16 12
16 13
16 14
16 17
16 18
16 20
16 28
16 37
16 38
16 30
16 42
16 44
16 47
17 0
17 2
17 4
17 10
17 11
17 12
17 18
17 19
17 25
17 33
17 34
17 36
17 39
17 30
17 41
17 43
17 47
17 48
17 49
18 0
18 6
18 10
18 11
18 12
18 14
18 15
18 17
18 20
18 21
18 22
18 32
18 33
18 36
18 38
18 43
18 44
19 2
19 3
19 5
19 7
19 9
19 10
19 11
19 12
19 13
19 16
19 17
19 18
19 20
19 21
19 23
19 25
19 33
19 34
19 35
19 36
19 40
19 41
19 42
19 43
19 48
19 49
20 3
20 4
20 8
20 12
20 13
20 17
20 21
20 23
20 24
20 25
20 26
20 29
20 36
20 38
20 42
20 45
20 49
21 13
21 14
21 15
21 20
21 22
21 23
21 24
21 25
21 26
21 27
21 28
21 29
21 33
21 34
21 36
21 37
21 39
21 30
21 31
21 44
21 46
21 48
22 1
22 3
22 7
22 8
22 9
22 10
22 15
22 16
22 17
22 19
22 20
22 21
22 23
22 24
22 26
22 27
22 29
22 35
22 38
22 40
22 41
22 44
23 0
23 6
23 10
23 11
23 20
23 21
23 22
23 24
23 26
23 27
23 32
23 34
23 37
23 41
23 44
23 48
23 49
24 0
24 2
24 10
24 11
24 12
24 14
24 16
24 18
24 22
24 23
24 27
24 28
24 29
24 33
24 34
24 36
24 37
24 39
24 30
24 31
24 42
24 49
25 4
25 5
25 16
25 17
25 20
25 21
25 22
25 23
25 24
25 27
25 28
25 29
25 32
25 34
25 30
25 43
26 2
26 3
26 16
26 17
26 20
26 21
26 24
26 28
26 29
26 35
26 36
26 31
26 43
26 45
26 47
27 4
27 8
27 10
27 11
27 18
27 19
27 20
27 21
27 23
27 24
27 25
27 28
27 32
27 36
27 37
27 31
27 40
28 2
28 3
28 4
28 6
28 9
28 11
28 12
28 20
28 21
28 22
28 23
28 25
28 26
28 27
28 29
28 34
28 35
28 37
28 38
28 30
28 41
28 42
28 43
29 0
29 2
29 7
29 18
29 19
29 21
29 23
29 24
29 34
29 41
29 43
29 45
29 47
32 0
32 5
32 7
32 8
32 9
32 10
32 14
32 15
32 18
32 19
32 25
32 33
32 34
32 35
32 37
32 39
32 30
32 41
32 44
32 46
32 47
33 1
33 2
33 3
33 4
33 6
33 8
33 11
33 19
33 21
33 26
33 29
33 34
33 36
33 37
33 38
33 30
33 49
34 0
34 1
34 3
34 4
34 12
34 13
34 17
34 20
34 32
34 33
34 39
34 30
34 31
34 43
34 45
34 46
34 48
35 5
35 13
35 14
35 15
35 17
35 18
35 21
35 24
35 25
35 28
35 29
35 33
35 34
35 36
35 37
35 39
35 31
35 46
35 48
36 3
36 4
36 7
36 10
36 12
36 22
36 25
36 29
36 33
36 35
36 38
36 30
36 31
36 41
36 45
36 48
36 49
37 0
37 1
37 2
37 4
37 8
37 13
37 16
37 23
37 25
37 26
37 33
37 35
37 36
37 39
37 30
37 31
37 42
37 46
37 47
38 0
38 1
38 2
38 3
38 4
38 5
38 7
38 8
38 9
38 16
38 18
38 19
38 32
38 35
38 39
38 30
38 40
39 12
39 15
39 16
39 21
39 23
39 27
39 34
39 35
39 36
39 37
39 38
39 31
39 40
39 42
39 46
30 1
30 2
30 4
30 6
30 11
30 14
30 17
30 18
30 25
30 33
30 34
30 36
30 37
30 39
30 31
30 40
30 43
31 2
31 5
31 6
31 8
31 9
31 10
31 13
31 15
31 22
31 27
31 29
31 32
31 33
31 34
31 35
31 36
31 37
31 38
31 39
31 30
31 43
31 44
31 45
31 46
31 48
40 0
40 1
40 6
40 9
40 10
40 11
40 13
40 24
40 28
40 34
40 36
40 38
40 30
40 41
40 42
40 43
40 44
40 45
40 46
40 47
40 48
40 49
41 4
41 12
41 14
41 15
41 16
41 21
41 22
41 23
41 28
41 29
41 32
41 39
41 40
41 44
41 45
41 46
41 47
41 49
42 4
42 6
42 9
42 10
42 11
42 12
42 14
42 17
42 23
42 24
42 27
42 33
42 41
42 44
42 46
42 47
42 49
43 2
43 4
43 7
43 14
43 15
43 20
43 21
43 23
43 27
43 28
43 36
43 31
43 40
43 41
43 42
43 44
43 45
43 46
43 47
43 49
44 0
44 9
44 11
44 15
44 19
44 23
44 35
44 38
44 31
44 40
44 41
44 42
44 45
44 46
44 47
44 48
45 0
45 1
45 4
45 13
45 14
45 15
45 19
45 21
45 25
45 28
45 40
45 41
45 42
45 43
45 47
45 48
45 49
46 7
46 19
46 22
46 24
46 27
46 35
46 42
46 45
46 47
47 4
47 7
47 9
47 11
47 13
47 16
47 17
47 20
47 21
47 28
47 33
47 35
47 36
47 30
47 31
47 41
47 43
47 44
47 48
47 49
48 0
48 3
48 5
48 7
48 8
48 9
48 11
48 12
48 15
48 16
48 19
48 23
48 26
48 28
48 35
48 39
48 40
48 41
48 44
48 47
49 5
49 8
49 12
49 18
49 22
49 23
49 25
49 26
49 28
49 33
49 35
49 39
49 40
49 42
49 44
49 46
49 47
