0 2
0 3
0 6
0 7
0 8
0 9
0 11
0 12
0 13
0 18
0 21
0 24
0 25
0 26
0 33
0 34
0 35
0 30
0 44
0 46
1 0
1 2
1 3
1 6
1 7
1 8
1 9
1 17
1 18
1 20
1 21
1 22
1 28
1 29
1 32
1 34
1 37
1 30
1 40
1 48
2 1
2 3
2 6
2 7
2 9
2 10
2 16
2 20
2 23
2 29
2 38
2 44
3 1
3 2
3 4
3 6
3 7
3 8
3 9
3 10
3 11
3 14
3 15
3 28
3 32
3 35
3 36
3 39
3 40
3 47
4 0
4 2
4 3
4 6
4 7
4 8
4 9
4 10
4 13
4 17
4 19
4 20
4 21
4 22
4 26
4 28
4 31
4 44
5 0
5 1
5 3
5 4
5 6
5 7
5 10
5 18
5 29
5 33
5 34
5 35
5 39
5 41
5 46
5 49
6 0
6 1
6 4
6 8
6 9
6 11
6 14
6 15
6 16
6 20
6 27
6 29
6 38
6 40
6 41
6 45
6 48
7 2
7 3
7 4
7 5
7 6
7 10
7 17
7 19
7 21
7 25
7 33
7 35
7 30
7 31
7 42
7 45
8 0
8 1
8 2
8 3
8 5
8 6
8 9
8 10
8 17
8 18
8 19
8 22
8 23
8 28
8 29
8 37
8 38
8 39
8 43
8 45
9 0
9 1
9 2
9 4
9 5
9 6
9 7
9 8
9 11
9 12
9 13
9 18
9 20
9 24
9 25
9 28
9 32
9 34
9 42
9 43
9 46
10 1
10 3
10 5
10 8
10 9
10 11
10 12
10 13
10 14
10 17
10 18
10 21
10 23
10 29
10 36
10 37
10 39
10 45
11 0
11 1
11 5
11 10
11 13
11 14
11 16
11 17
11 18
11 19
11 20
11 22
11 23
11 26
11 28
11 29
11 33
11 37
11 47
11 49
12 0
12 2
12 10
12 11
12 16
12 18
12 19
12 24
12 29
12 36
12 37
12 39
12 40
12 42
12 49
13 7
13 9
13 10
13 14
13 15
13 16
13 17
13 22
13 32
13 33
13 34
13 35
13 36
13 37
13 39
13 31
13 42
13 44
14 0
14 2
14 5
14 7
14 12
14 13
14 19
14 20
14 22
14 25
14 27
14 35
14 36
14 40
14 41
14 47
14 48
14 49
15 2
15 4
15 5
15 6
15 10
15 12
15 13
15 17
15 18
15 20
15 22
15 32
15 37
15 38
15 39
15 30
15 31
15 41
15 42
15 47
15 48
15 49
16 7
16 9
16 10
16 12
16 13
16 14
16 15
16 18
16 19
16 22
16 23
16 28
16 29
16 37
16 30
16 42
16 45
16 49
17 2
17 3
17 5
17 7
17 10
17 11
17 12
17 13
17 15
17 16
17 18
17 19
17 22
17 24
17 32
17 36
17 41
17 46
18 1
18 2
18 3
18 7
18 10
18 11
18 12
18 13
18 14
18 15
18 17
18 19
18 25
18 26
18 27
18 29
18 36
18 38
18 39
18 31
18 40
18 42
18 48
18 49
19 4
19 6
19 10
19 11
19 12
19 13
19 14
19 15
19 16
19 17
19 27
19 28
19 32
19 38
19 30
19 40
19 45
19 47
20 7
20 13
20 16
20 19
20 22
20 23
20 24
20 25
20 27
20 28
20 29
20 38
20 30
20 40
20 42
20 46
21 0
21 3
21 9
21 10
21 13
21 14
21 18
21 20
21 22
21 24
21 25
21 27
21 28
21 32
21 35
21 38
21 39
21 30
21 31
21 41
21 45
21 47
22 10
22 11
22 12
22 14
22 15
22 16
22 17
22 20
22 21
22 23
22 24
22 26
22 28
22 29
22 33
22 30
22 31
22 42
22 43
22 45
22 47
23 0
23 12
23 14
23 16
23 20
23 21
23 22
23 24
23 25
23 26
23 27
23 28
23 29
23 35
23 36
23 37
23 31
23 40
23 43
23 45
23 47
23 49
24 1
24 2
24 6
24 7
24 11
24 16
24 18
24 19
24 21
24 22
24 26
24 32
24 35
24 38
24 39
24 41
24 42
24 47
24 48
24 49
25 1
25 5
25 13
25 16
25 20
25 21
25 22
25 23
25 24
25 26
25 27
25 28
25 29
25 32
25 34
25 30
25 31
25 43
25 46
25 48
26 0
26 2
26 7
26 11
26 12
26 13
26 18
26 21
26 22
26 23
26 24
26 25
26 27
26 28
26 33
26 36
26 38
26 39
26 46
26 47
27 2
27 4
27 5
27 10
27 11
27 13
27 19
27 20
27 21
27 22
27 23
27 24
27 25
27 26
27 28
27 29
27 30
27 46
27 47
28 2
28 6
28 8
28 10
28 11
28 15
28 19
28 20
28 21
28 23
28 24
28 25
28 26
28 27
28 29
28 32
28 33
28 37
28 38
29 1
29 8
29 10
29 14
29 16
29 18
29 19
29 20
29 21
29 23
29 24
29 25
29 26
29 27
29 35
29 36
29 38
29 31
29 41
29 44
29 46
32 4
32 5
32 6
32 8
32 11
32 15
32 16
32 29
32 33
32 34
32 35
32 36
32 38
32 39
32 31
32 40
32 46
33 0
33 1
33 2
33 6
33 10
33 13
33 14
33 20
33 23
33 24
33 34
33 36
33 37
33 39
33 30
33 31
33 46
33 48
33 49
34 0
34 4
34 8
34 10
34 13
34 16
34 23
34 27
34 29
34 33
34 36
34 37
34 38
34 39
34 31
34 41
34 45
35 3
35 7
35 17
35 22
35 25
35 27
35 28
35 34
35 30
35 31
35 41
35 42
35 44
35 45
36 1
36 3
36 9
36 11
36 12
36 17
36 23
36 25
36 32
36 35
36 38
36 39
36 30
36 31
36 42
36 43
37 3
37 4
37 12
37 18
37 19
37 20
37 27
37 32
37 33
37 34
37 35
37 38
37 39
37 30
37 31
37 41
37 42
37 43
37 45
37 47
37 49
38 0
38 2
38 4
38 6
38 8
38 13
38 14
38 24
38 27
38 32
38 33
38 34
38 35
38 37
38 30
38 31
38 41
38 48
39 1
39 3
39 4
39 7
39 9
39 10
39 14
39 15
39 19
39 24
39 27
39 32
39 34
39 35
39 37
39 38
39 31
39 43
39 46
39 47
39 48
30 0
30 1
30 4
30 15
30 16
30 18
30 19
30 20
30 21
30 27
30 29
30 32
30 33
30 36
30 37
30 38
30 39
30 43
30 46
30 48
30 49
31 1
31 2
31 3
31 4
31 19
31 22
31 24
31 32
31 33
31 34
31 35
31 37
31 38
31 39
31 44
31 45
31 46
31 49
40 2
40 3
40 6
40 7
40 8
40 10
40 33
40 41
40 42
40 43
40 44
40 45
40 46
40 49
41 8
41 14
41 19
41 21
41 24
41 27
41 28
41 29
41 39
41 40
41 42
41 43
41 44
41 45
41 46
41 49
42 7
42 10
42 12
42 14
42 23
42 25
42 28
42 36
42 30
42 31
42 40
42 41
42 43
42 44
42 45
42 46
42 48
43 4
43 5
43 11
43 14
43 16
43 18
43 19
43 20
43 27
43 29
43 32
43 33
43 41
43 42
43 44
43 45
43 47
43 48
44 6
44 7
44 9
44 14
44 18
44 21
44 22
44 24
44 25
44 26
44 28
44 29
44 33
44 40
44 41
44 42
44 43
44 45
45 3
45 4
45 5
45 6
45 12
45 13
45 15
45 16
45 21
45 22
45 25
45 26
45 28
45 32
45 36
45 39
45 30
45 40
45 43
45 47
45 48
46 9
46 14
46 15
46 16
46 20
46 22
46 23
46 24
46 26
46 28
46 37
46 38
46 41
46 42
46 43
46 47
46 49
47 5
47 6
47 10
47 22
47 24
47 27
47 32
47 37
47 30
47 40
47 41
47 43
47 44
47 49
48 1
48 3
48 8
48 10
48 20
48 26
48 32
48 33
48 35
48 39
48 40
48 43
48 45
48 47
48 49
49 0
49 1
49 7
49 9
49 10
49 15
49 17
49 18
49 27
49 33
49 34
49 37
49 38
49 30
49 41
49 42
49 44
49 45
49 46
49 47
49 48
