0 1
0 3
0 8
0 9
0 13
0 19
0 26
0 27
0 35
0 36
0 39
0 31
0 43
0 44
0 49
1 4
1 6
1 7
1 9
1 12
1 17
1 21
1 24
1 31
1 43
1 48
2 0
2 1
2 3
2 5
2 6
2 7
2 9
2 10
2 11
2 15
2 20
2 24
2 34
2 36
2 39
2 31
2 41
2 43
2 48
3 0
3 1
3 2
3 4
3 5
3 6
3 9
3 11
3 14
3 15
3 16
3 17
3 21
3 23
3 25
3 27
3 29
3 32
3 35
3 37
3 39
4 0
4 3
4 6
4 7
4 10
4 13
4 16
4 19
4 21
4 25
4 27
4 28
4 33
4 37
4 39
4 40
4 44
4 45
4 46
4 48
5 0
5 1
5 3
5 4
5 6
5 8
5 16
5 18
5 22
5 24
5 25
5 28
5 36
5 37
5 38
5 30
5 42
5 45
5 46
5 47
5 49
6 0
6 1
6 2
6 3
6 4
6 5
6 7
6 8
6 12
6 17
6 18
6 19
6 22
6 25
6 26
6 32
6 33
6 36
6 30
6 40
6 49
7 0
7 1
7 3
7 4
7 5
7 6
7 8
7 9
7 12
7 14
7 20
7 26
7 27
7 28
7 35
7 36
7 39
7 31
7 40
7 41
7 46
8 1
8 4
8 5
8 6
8 9
8 11
8 15
8 17
8 28
8 29
8 33
8 36
8 31
8 42
9 0
9 1
9 2
9 3
9 4
9 5
9 6
9 7
9 10
9 13
9 18
9 19
9 21
9 22
9 25
9 26
9 32
9 37
9 38
9 42
10 0
10 2
10 3
10 5
10 7
10 12
10 15
10 17
10 18
10 19
10 22
10 24
10 28
10 29
10 33
10 35
10 36
10 39
10 31
10 45
11 1
11 3
11 4
11 10
11 12
11 13
11 14
11 15
11 16
11 17
11 18
11 19
11 24
11 25
11 27
11 32
11 33
11 35
11 30
11 46
11 49
12 4
12 5
12 6
12 9
12 10
12 13
12 14
12 19
12 22
12 29
12 33
12 38
12 43
12 46
13 2
13 7
13 10
13 14
13 15
13 16
13 17
13 19
13 21
13 22
13 29
13 33
13 39
13 41
13 42
13 43
13 47
13 48
14 1
14 5
14 10
14 11
14 13
14 15
14 18
14 19
14 29
14 32
14 34
14 35
14 36
14 38
14 39
14 48
14 49
15 2
15 9
15 10
15 11
15 12
15 13
15 16
15 17
15 18
15 19
15 22
15 32
15 35
15 39
15 42
15 44
15 45
15 49
16 0
16 1
16 5
16 7
16 11
16 13
16 14
16 15
16 17
16 18
16 21
16 35
16 39
16 44
16 45
16 46
16 49
17 2
17 3
17 10
17 11
17 12
17 15
17 19
17 20
17 23
17 29
17 35
17 30
17 41
17 44
17 49
18 0
18 10
18 11
18 15
18 17
18 19
18 20
18 23
18 32
18 37
18 30
19 2
19 11
19 12
19 14
19 18
19 21
19 25
19 29
19 35
19 36
19 39
19 30
19 43
19 44
20 2
20 4
20 5
20 7
20 12
20 15
20 16
20 18
20 22
20 23
20 24
20 26
20 29
20 33
20 36
20 30
20 41
20 42
20 45
20 47
21 4
21 10
21 11
21 13
21 14
21 16
21 20
21 22
21 23
21 25
21 28
21 33
21 35
21 37
21 30
21 31
21 40
21 41
21 42
21 44
22 0
22 2
22 8
22 9
22 16
22 17
22 18
22 20
22 23
22 24
22 25
22 26
22 27
22 28
22 30
22 43
22 46
23 2
23 6
23 10
23 17
23 20
23 24
23 26
23 27
23 28
23 35
23 37
23 38
23 30
23 31
23 41
23 42
23 43
23 46
23 47
23 49
24 1
24 6
24 8
24 13
24 15
24 18
24 19
24 22
24 23
24 25
24 26
24 27
24 28
24 29
24 33
24 34
24 35
24 38
24 39
24 31
24 42
24 45
24 46
25 0
25 9
25 16
25 19
25 20
25 22
25 24
25 27
25 28
25 29
25 33
25 35
25 37
25 38
25 42
25 44
25 47
26 7
26 11
26 20
26 21
26 22
26 23
26 24
26 25
26 27
26 28
26 32
26 34
26 36
26 37
26 38
26 40
26 41
26 43
26 48
27 3
27 7
27 8
27 9
27 11
27 12
27 14
27 16
27 20
27 23
27 24
27 26
27 28
27 29
27 36
27 39
27 40
27 44
28 0
28 4
28 18
28 19
28 21
28 22
28 23
28 24
28 25
28 26
28 29
28 35
28 44
28 49
29 1
29 2
29 6
29 8
29 9
29 10
29 11
29 19
29 21
29 24
29 25
29 26
29 27
29 28
29 38
29 39
29 47
29 48
32 3
32 6
32 8
32 12
32 14
32 16
32 17
32 19
32 33
32 34
32 35
32 36
32 37
32 38
32 30
32 31
32 42
32 47
32 48
33 4
33 10
33 15
33 17
33 19
33 20
33 21
33 22
33 24
33 27
33 29
33 34
33 35
33 36
33 37
33 39
33 30
33 31
33 41
33 44
33 45
34 2
34 6
34 12
34 15
34 17
34 22
34 26
34 32
34 33
34 35
34 37
34 39
34 30
34 31
34 45
34 47
35 7
35 8
35 10
35 11
35 14
35 17
35 19
35 21
35 26
35 32
35 34
35 36
35 38
35 39
35 30
35 42
35 44
35 47
35 48
36 3
36 5
36 6
36 8
36 14
36 15
36 16
36 17
36 19
36 20
36 25
36 29
36 33
36 35
36 39
36 31
36 40
36 42
36 43
37 4
37 15
37 16
37 17
37 19
37 20
37 21
37 26
37 32
37 33
37 34
37 35
37 36
37 38
37 39
37 30
37 31
37 41
37 43
37 47
38 1
38 13
38 17
38 19
38 24
38 26
38 33
38 34
38 35
38 36
38 37
38 31
38 40
38 42
38 43
38 49
39 5
39 19
39 24
39 25
39 32
39 33
39 34
39 36
39 38
39 30
39 40
39 43
30 0
30 6
30 8
30 13
30 14
30 19
30 22
30 23
30 26
30 27
30 33
30 34
30 35
30 36
30 37
30 39
30 31
30 40
30 41
30 44
30 45
30 47
31 0
31 1
31 2
31 5
31 16
31 19
31 20
31 25
31 32
31 35
31 37
31 38
31 39
31 40
31 46
40 0
40 3
40 7
40 12
40 13
40 18
40 19
40 20
40 22
40 27
40 34
40 39
40 30
40 31
40 43
40 44
40 46
40 48
40 49
41 1
41 4
41 9
41 10
41 13
41 14
41 15
41 19
41 22
41 27
41 29
41 35
41 36
41 31
41 40
41 43
41 44
41 47
41 49
42 0
42 1
42 4
42 20
42 21
42 24
42 25
42 40
42 41
42 44
42 47
42 48
42 49
43 4
43 8
43 10
43 14
43 15
43 17
43 19
43 22
43 24
43 32
43 35
43 37
43 30
43 41
43 42
43 44
43 45
43 46
43 47
43 48
44 0
44 1
44 2
44 10
44 17
44 23
44 24
44 25
44 27
44 28
44 33
44 35
44 37
44 38
44 30
44 31
44 40
44 42
44 45
44 46
44 47
44 49
45 2
45 7
45 9
45 18
45 19
45 21
45 29
45 38
45 39
45 31
45 43
45 44
45 46
45 47
46 0
46 11
46 12
46 13
46 14
46 18
46 26
46 27
46 32
46 33
46 35
46 40
46 41
46 42
46 44
46 45
46 47
46 49
47 4
47 8
47 11
47 12
47 15
47 17
47 21
47 25
47 28
47 36
47 38
47 30
47 31
47 40
47 41
47 42
47 43
47 44
47 45
47 46
47 48
47 49
48 0
48 2
48 9
48 11
48 12
48 17
48 19
48 23
48 26
48 27
48 28
48 29
48 32
48 33
48 35
48 39
48 30
48 31
48 41
48 42
48 43
48 44
48 45
48 46
48 47
48 49
49 2
49 7
49 11
49 12
49 16
49 17
49 18
49 22
49 25
49 28
49 29
49 34
49 35
49 39
49 30
49 42
49 43
49 44
49 45
49 46
