0 3
0 4
0 5
0 6
0 8
0 12
0 14
0 16
0 26
0 27
0 32
0 31
0 44
1 0
1 2
1 5
1 7
1 8
1 9
1 10
1 12
1 14
1 19
1 24
1 26
1 29
1 32
1 39
1 46
1 47
2 0
2 1
2 3
2 4
2 5
2 6
2 7
2 8
2 11
2 12
2 14
2 16
2 22
2 28
2 35
2 38
2 39
2 30
2 44
3 6
3 7
3 8
3 9
3 11
3 15
3 23
3 24
3 28
3 33
3 39
3 42
3 44
4 2
4 6
4 7
4 8
4 9
4 16
4 17
4 24
4 29
4 39
4 31
4 41
4 42
4 43
4 45
4 48
5 0
5 1
5 2
5 3
5 4
5 6
5 8
5 9
5 13
5 17
5 24
5 43
6 0
6 2
6 3
6 4
6 5
6 8
6 9
6 11
6 15
6 17
6 19
6 20
6 26
6 34
6 37
6 30
6 31
7 0
7 1
7 4
7 5
7 6
7 8
7 9
7 15
7 16
7 17
7 18
7 24
7 28
7 37
7 38
7 30
7 46
7 49
8 1
8 2
8 3
8 4
8 5
8 6
8 7
8 9
8 13
8 20
8 27
8 37
8 40
8 44
8 49
9 0
9 1
9 2
9 3
9 4
9 5
9 6
9 7
9 8
9 12
9 13
9 15
9 17
9 20
9 21
9 28
9 33
9 34
9 36
9 39
9 41
9 43
9 44
9 47
9 48
10 3
10 5
10 8
10 9
10 11
10 12
10 13
10 14
10 17
10 18
10 19
10 23
10 26
10 28
10 32
10 35
10 37
10 30
10 40
10 43
11 3
11 5
11 10
11 13
11 14
11 15
11 16
11 17
11 21
11 23
11 27
11 29
11 33
11 37
11 39
11 30
11 48
12 2
12 5
12 6
12 10
12 11
12 15
12 16
12 18
12 19
12 22
12 26
12 27
12 32
12 33
12 38
13 0
13 2
13 3
13 10
13 11
13 12
13 14
13 15
13 16
13 17
13 18
13 19
13 21
13 22
13 33
13 37
13 39
13 40
13 45
14 2
14 3
14 7
14 8
14 9
14 10
14 11
14 13
14 15
14 17
14 18
14 19
14 20
14 21
14 24
14 25
14 26
14 38
14 30
14 43
14 45
14 46
14 47
14 48
15 3
15 7
15 10
15 11
15 12
15 13
15 14
15 16
15 18
15 19
15 21
15 23
15 32
15 40
15 43
15 47
16 9
16 10
16 11
16 12
16 14
16 15
16 22
16 23
16 26
16 27
16 32
16 33
16 34
16 36
16 31
16 45
16 47
17 4
17 5
17 10
17 11
17 14
17 15
17 18
17 19
17 20
17 22
17 27
17 33
17 37
17 38
17 49
18 1
18 2
18 10
18 11
18 12
18 13
18 14
18 15
18 16
18 19
18 20
18 23
18 26
18 33
18 30
18 31
18 40
18 43
18 45
18 48
19 1
19 2
19 8
19 9
19 10
19 11
19 13
19 14
19 15
19 16
19 17
19 18
19 24
19 26
19 32
19 34
19 38
19 41
19 43
19 45
19 48
20 2
20 8
20 10
20 11
20 13
20 16
20 17
20 22
20 23
20 24
20 25
20 29
20 34
20 39
20 30
20 40
20 42
21 2
21 4
21 10
21 11
21 12
21 13
21 17
21 18
21 20
21 22
21 25
21 26
21 27
21 28
21 29
21 34
21 37
21 39
21 43
21 44
21 49
22 0
22 4
22 9
22 15
22 19
22 24
22 26
22 29
22 34
22 36
22 40
22 46
23 1
23 3
23 4
23 5
23 7
23 10
23 14
23 18
23 20
23 21
23 24
23 25
23 26
23 27
23 28
23 29
23 33
23 37
23 39
23 30
23 42
23 46
23 48
23 49
24 3
24 7
24 15
24 19
24 21
24 22
24 23
24 25
24 26
24 28
24 29
24 33
24 34
24 35
24 36
24 39
24 43
24 46
24 47
25 1
25 3
25 4
25 5
25 7
25 8
25 9
25 13
25 14
25 17
25 21
25 22
25 23
25 24
25 26
25 27
25 29
25 33
25 37
25 45
26 0
26 4
26 12
26 18
26 19
26 20
26 21
26 22
26 23
26 25
26 27
26 29
26 33
26 36
26 37
26 30
26 43
27 2
27 4
27 5
27 9
27 19
27 20
27 21
27 22
27 23
27 24
27 25
27 26
27 28
27 29
27 32
27 33
27 35
27 38
27 30
27 31
27 40
27 41
27 45
27 47
27 48
28 6
28 17
28 19
28 21
28 22
28 23
28 25
28 26
28 27
28 29
28 35
28 41
28 45
29 2
29 3
29 4
29 8
29 9
29 12
29 14
29 19
29 22
29 23
29 25
29 26
29 27
29 28
29 40
29 42
32 0
32 4
32 6
32 12
32 15
32 18
32 19
32 22
32 28
32 29
32 33
32 37
32 38
32 39
32 30
32 31
32 41
32 43
32 46
32 48
33 2
33 10
33 19
33 20
33 22
33 32
33 35
33 36
33 38
33 30
33 31
34 1
34 11
34 12
34 17
34 21
34 26
34 32
34 35
34 36
34 37
34 38
34 39
34 30
34 47
34 48
35 3
35 4
35 6
35 7
35 8
35 9
35 13
35 18
35 22
35 24
35 32
35 33
35 34
35 36
35 37
35 38
35 30
35 40
35 41
35 43
35 49
36 1
36 2
36 3
36 11
36 12
36 14
36 15
36 19
36 21
36 27
36 29
36 32
36 33
36 35
36 37
36 38
36 39
36 30
36 40
36 41
36 42
37 0
37 8
37 9
37 17
37 20
37 25
37 29
37 32
37 33
37 34
37 35
37 36
37 38
37 39
37 30
37 40
37 44
37 45
37 48
38 2
38 4
38 7
38 15
38 19
38 20
38 22
38 24
38 32
38 34
38 35
38 36
38 37
38 30
38 44
38 47
38 48
39 1
39 3
39 5
39 28
39 32
39 33
39 34
39 35
39 36
39 37
39 38
39 40
39 42
39 48
39 49
30 4
30 6
30 9
30 10
30 16
30 23
30 24
30 26
30 28
30 29
30 32
30 33
30 34
30 35
30 36
30 37
30 38
30 39
30 31
30 45
31 2
31 4
31 11
31 19
31 21
31 25
31 26
31 27
31 28
31 29
31 32
31 34
31 35
31 36
31 37
31 39
31 30
31 43
31 44
31 45
40 1
40 2
40 9
40 15
40 22
40 26
40 29
40 32
40 33
40 35
40 37
40 38
40 30
40 41
40 42
40 45
40 46
40 47
40 48
40 49
41 0
41 5
41 6
41 10
41 22
41 23
41 25
41 26
41 28
41 29
41 36
41 38
41 39
41 42
41 43
41 45
41 46
41 47
41 49
42 1
42 2
42 3
42 6
42 8
42 12
42 13
42 14
42 18
42 23
42 25
42 26
42 27
42 33
42 35
42 37
42 41
42 43
42 44
42 45
42 46
42 47
42 49
43 1
43 5
43 7
43 12
43 23
43 24
43 27
43 40
43 41
43 42
43 44
43 45
43 47
43 48
44 0
44 1
44 5
44 6
44 7
44 10
44 11
44 12
44 15
44 18
44 20
44 21
44 25
44 26
44 28
44 33
44 34
44 35
44 39
44 31
44 40
44 41
44 42
44 43
44 45
44 46
44 47
44 49
45 1
45 15
45 16
45 25
45 27
45 33
45 34
45 35
45 40
45 41
45 42
45 43
45 46
45 47
45 48
45 49
46 2
46 9
46 13
46 14
46 15
46 25
46 29
46 37
46 38
46 39
46 40
46 41
46 42
46 43
46 44
46 45
46 47
46 48
46 49
47 7
47 11
47 22
47 24
47 34
47 36
47 31
47 40
47 41
47 42
47 43
47 44
47 45
47 48
47 49
48 2
48 5
48 9
48 12
48 13
48 15
48 17
48 21
48 23
48 24
48 25
48 26
48 27
48 33
48 36
48 38
48 39
48 30
48 40
48 41
48 42
48 43
48 44
48 45
48 46
48 47
48 49
49 3
49 5
49 8
49 11
49 13
49 18
49 27
49 29
49 37
49 31
49 41
49 42
49 43
49 44
49 45
