0 1
0 3
0 6
0 7
0 8
0 9
0 14
0 15
0 17
0 20
0 24
0 35
0 36
0 43
0 45
0 48
1 0
1 3
1 5
1 8
1 15
1 19
1 21
1 28
1 33
1 31
1 41
1 46
1 48
2 5
2 6
2 7
2 8
2 9
2 11
2 13
2 14
2 21
2 22
2 23
2 29
2 32
2 35
2 30
2 31
2 43
2 45
2 46
2 49
3 0
3 1
3 6
3 7
3 8
3 10
3 11
3 12
3 14
3 15
3 19
3 20
3 25
3 27
3 32
3 36
3 37
3 39
3 44
3 47
3 48
3 49
4 0
4 2
4 3
4 5
4 6
4 7
4 8
4 13
4 15
4 25
4 33
4 35
4 48
5 0
5 2
5 3
5 6
5 7
5 8
5 11
5 13
5 14
5 17
5 18
5 23
5 24
5 25
5 26
5 28
5 33
5 34
5 39
5 41
5 49
6 0
6 1
6 2
6 3
6 4
6 5
6 7
6 8
6 9
6 11
6 12
6 16
6 21
6 25
6 26
6 28
6 40
6 41
6 44
6 46
6 48
7 0
7 3
7 5
7 6
7 8
7 9
7 11
7 15
7 18
7 19
7 23
7 24
7 25
7 27
7 33
7 37
7 38
7 41
7 43
7 44
7 47
8 2
8 3
8 4
8 7
8 9
8 11
8 13
8 14
8 16
8 17
8 24
8 32
8 33
8 39
8 30
8 31
8 40
8 46
9 0
9 1
9 2
9 4
9 5
9 6
9 13
9 20
9 21
9 27
9 35
9 37
9 44
10 0
10 1
10 2
10 11
10 13
10 15
10 17
10 18
10 19
10 20
10 21
10 24
10 25
10 26
10 30
10 31
10 41
10 45
10 49
11 2
11 9
11 10
11 12
11 13
11 14
11 15
11 16
11 19
11 20
11 21
11 24
11 28
11 38
11 40
11 41
11 42
11 46
12 2
12 7
12 9
12 11
12 13
12 15
12 16
12 19
12 24
12 32
12 34
12 36
12 37
12 30
12 41
12 44
12 45
13 9
13 10
13 11
13 12
13 16
13 18
13 19
13 20
13 23
13 32
13 33
13 37
13 45
13 46
13 47
14 1
14 3
14 6
14 13
14 15
14 17
14 18
14 23
14 24
14 28
14 29
14 32
14 38
14 39
14 30
14 31
14 46
14 49
15 3
15 9
15 10
15 11
15 12
15 13
15 14
15 16
15 18
15 19
15 25
15 27
15 34
15 35
15 40
15 45
16 6
16 7
16 8
16 10
16 12
16 13
16 17
16 19
16 22
16 35
16 36
16 31
16 47
17 5
17 10
17 13
17 14
17 15
17 19
17 22
17 25
17 28
17 32
17 30
17 42
17 45
17 47
18 2
18 5
18 9
18 10
18 11
18 12
18 15
18 16
18 20
18 21
18 22
18 23
18 24
18 26
18 27
18 29
18 32
18 38
19 0
19 1
19 3
19 9
19 10
19 11
19 13
19 16
19 17
19 18
19 24
19 32
19 33
19 35
19 37
19 45
19 48
20 1
20 5
20 6
20 7
20 15
20 17
20 21
20 22
20 24
20 25
20 27
20 28
20 29
20 32
20 33
20 35
20 37
20 30
20 41
20 42
20 45
20 46
20 47
20 48
21 7
21 8
21 16
21 20
21 22
21 24
21 25
21 26
21 28
21 36
21 38
21 41
21 43
21 48
22 3
22 8
22 13
22 14
22 20
22 21
22 23
22 24
22 26
22 29
22 36
22 40
22 41
22 44
23 1
23 5
23 6
23 8
23 14
23 17
23 20
23 21
23 26
23 27
23 33
23 38
23 31
23 41
23 45
23 46
23 49
24 0
24 1
24 5
24 6
24 11
24 13
24 14
24 21
24 23
24 25
24 26
24 27
24 28
24 33
24 36
24 37
24 30
24 31
24 40
24 43
24 48
25 4
25 10
25 12
25 13
25 19
25 20
25 21
25 22
25 24
25 27
25 28
25 33
25 39
25 40
25 42
25 44
25 45
25 46
25 47
25 49
26 2
26 6
26 7
26 10
26 12
26 13
26 14
26 15
26 16
26 18
26 24
26 25
26 28
26 29
26 33
26 36
26 39
26 31
26 47
27 4
27 9
27 13
27 14
27 18
27 20
27 22
27 24
27 25
27 26
27 35
27 31
27 42
27 48
27 49
28 3
28 9
28 11
28 18
28 20
28 22
28 26
28 29
28 32
28 33
28 44
29 1
29 11
29 13
29 14
29 18
29 20
29 21
29 22
29 23
29 24
29 26
29 27
29 32
29 39
29 31
29 40
29 41
29 42
29 43
32 1
32 8
32 11
32 13
32 14
32 16
32 17
32 18
32 20
32 23
32 25
32 33
32 35
32 38
32 39
32 30
32 31
32 40
32 44
32 45
32 46
32 47
32 49
33 4
33 7
33 9
33 15
33 20
33 21
33 26
33 28
33 29
33 32
33 36
33 39
33 30
33 31
33 44
33 47
34 2
34 9
34 10
34 11
34 13
34 16
34 17
34 18
34 22
34 28
34 29
34 32
34 33
34 35
34 36
34 37
34 30
34 31
34 42
35 8
35 9
35 13
35 14
35 21
35 24
35 26
35 33
35 34
35 36
35 37
35 38
35 30
35 31
35 47
36 5
36 7
36 9
36 10
36 12
36 16
36 21
36 23
36 24
36 26
36 28
36 32
36 33
36 34
36 35
36 37
36 39
36 45
36 48
37 2
37 4
37 5
37 6
37 9
37 12
37 13
37 14
37 21
37 23
37 28
37 29
37 33
37 34
37 36
37 38
37 39
37 30
37 31
37 40
37 44
37 47
37 49
38 0
38 1
38 6
38 8
38 11
38 14
38 28
38 32
38 33
38 35
38 36
38 37
38 39
38 41
38 45
38 49
39 1
39 5
39 8
39 18
39 19
39 23
39 32
39 33
39 34
39 35
39 36
39 37
39 30
39 31
39 41
39 42
39 47
30 0
30 3
30 5
30 9
30 10
30 13
30 20
30 22
30 25
30 26
30 29
30 32
30 33
30 35
30 36
30 37
30 38
30 31
30 45
30 47
31 0
31 8
31 12
31 15
31 16
31 19
31 20
31 23
31 26
31 32
31 33
31 34
31 36
31 37
31 38
31 30
31 46
40 5
40 7
40 9
40 12
40 17
40 19
40 24
40 27
40 34
40 36
40 37
40 39
40 41
40 42
40 43
40 46
40 47
40 48
40 49
41 1
41 4
41 6
41 9
41 11
41 12
41 16
41 17
41 18
41 20
41 27
41 34
41 37
41 39
41 40
41 45
41 47
41 48
41 49
42 2
42 3
42 11
42 12
42 13
42 15
42 18
42 19
42 22
42 27
42 28
42 33
42 39
42 41
42 43
42 48
42 49
43 7
43 8
43 13
43 14
43 19
43 23
43 25
43 26
43 29
43 35
43 36
43 37
43 38
43 31
43 40
43 41
43 42
43 44
43 46
43 47
43 48
44 2
44 4
44 6
44 7
44 8
44 11
44 13
44 14
44 15
44 17
44 18
44 23
44 29
44 32
44 34
44 40
44 41
44 43
44 46
44 47
44 48
44 49
45 5
45 6
45 7
45 8
45 10
45 16
45 18
45 20
45 21
45 23
45 27
45 28
45 32
45 35
45 40
45 42
45 43
45 44
45 46
45 47
46 1
46 2
46 5
46 10
46 13
46 15
46 17
46 18
46 21
46 22
46 23
46 24
46 26
46 29
46 33
46 34
46 30
46 40
46 42
46 44
46 45
46 47
46 49
47 0
47 3
47 5
47 8
47 11
47 13
47 14
47 16
47 19
47 21
47 23
47 24
47 26
47 41
47 43
47 45
47 46
47 48
48 0
48 3
48 7
48 11
48 22
48 23
48 24
48 26
48 27
48 32
48 33
48 34
48 40
48 41
48 42
48 43
48 44
48 45
48 46
48 47
49 1
49 4
49 6
49 7
49 13
49 16
49 23
49 25
49 28
49 32
49 33
49 40
49 41
49 42
49 43
49 44
49 45
49 46
49 47
49 48
