0 2
0 3
0 5
0 6
0 7
0 8
0 9
0 11
0 12
0 17
0 18
0 22
0 24
0 27
0 28
0 37
0 30
0 45
0 46
0 49
1 2
1 5
1 6
1 8
1 9
1 10
1 15
1 18
1 20
1 21
1 24
1 26
1 27
1 29
1 33
1 35
1 36
1 37
1 39
1 44
2 0
2 1
2 3
2 4
2 5
2 9
2 17
2 24
2 32
2 34
2 35
2 31
2 40
2 41
3 0
3 2
3 4
3 5
3 6
3 7
3 8
3 9
3 11
3 12
3 13
3 20
3 22
3 23
3 26
3 28
3 29
3 33
3 30
3 40
3 41
4 1
4 2
4 3
4 7
4 10
4 11
4 12
4 19
4 24
4 27
4 29
4 39
4 40
4 47
5 1
5 2
5 3
5 7
5 10
5 13
5 20
5 23
5 24
5 27
5 28
5 32
5 35
5 37
5 39
5 30
5 43
5 46
5 47
6 1
6 4
6 5
6 7
6 8
6 14
6 15
6 20
6 22
6 33
6 35
6 38
6 41
6 47
7 0
7 3
7 5
7 6
7 8
7 9
7 17
7 19
7 22
7 24
7 26
7 33
7 37
7 30
7 31
7 41
7 45
8 1
8 3
8 5
8 7
8 9
8 11
8 12
8 23
8 26
8 29
8 35
8 39
8 30
8 41
8 42
8 43
8 44
8 47
9 2
9 3
9 4
9 5
9 7
9 8
9 11
9 14
9 19
9 26
9 29
9 39
9 40
9 47
10 1
10 3
10 4
10 11
10 13
10 17
10 18
10 19
10 20
10 22
10 23
10 24
10 32
10 33
10 36
10 37
10 30
10 31
10 42
10 43
10 44
10 45
10 46
10 49
11 0
11 5
11 7
11 9
11 10
11 12
11 14
11 17
11 18
11 19
11 22
11 24
11 32
11 33
11 35
11 39
11 40
11 45
12 1
12 2
12 6
12 8
12 10
12 13
12 15
12 16
12 17
12 19
12 21
12 26
12 32
12 42
12 47
13 2
13 5
13 6
13 11
13 12
13 14
13 15
13 16
13 18
13 19
13 22
13 24
13 38
13 39
13 40
13 45
13 46
13 47
14 3
14 4
14 6
14 7
14 8
14 9
14 10
14 11
14 12
14 13
14 15
14 16
14 17
14 19
14 21
14 27
14 35
14 37
14 41
14 42
14 48
15 4
15 7
15 8
15 11
15 12
15 14
15 17
15 19
15 20
15 27
15 28
15 32
15 33
15 34
15 35
15 30
15 41
15 47
15 48
16 1
16 3
16 6
16 7
16 8
16 9
16 11
16 13
16 14
16 17
16 18
16 19
16 24
16 26
16 35
16 40
16 42
16 43
16 45
16 46
16 48
17 10
17 11
17 12
17 15
17 16
17 18
17 19
17 27
17 29
17 34
17 38
17 31
17 41
17 42
17 45
17 46
17 47
18 2
18 4
18 5
18 8
18 11
18 13
18 14
18 16
18 17
18 19
18 29
18 32
18 33
18 38
18 30
18 31
18 45
18 49
19 5
19 8
19 9
19 10
19 11
19 12
19 15
19 16
19 17
19 18
19 23
19 25
19 30
19 40
19 41
19 42
19 47
19 48
20 0
20 3
20 4
20 9
20 10
20 12
20 16
20 17
20 23
20 24
20 25
20 28
20 29
20 35
20 38
20 40
20 41
20 42
20 48
20 49
21 0
21 2
21 5
21 6
21 13
21 20
21 22
21 23
21 24
21 25
21 26
21 27
21 28
21 32
21 39
21 40
21 41
21 43
21 46
22 2
22 7
22 9
22 20
22 21
22 23
22 27
22 29
22 34
22 30
22 31
22 43
22 45
23 0
23 11
23 19
23 21
23 22
23 25
23 27
23 28
23 29
23 32
23 35
23 36
23 39
23 43
23 46
24 4
24 6
24 15
24 17
24 21
24 22
24 26
24 27
24 28
24 36
24 40
24 48
25 0
25 3
25 20
25 21
25 22
25 23
25 24
25 27
25 28
25 29
25 32
25 33
25 40
25 43
25 47
25 49
26 2
26 11
26 13
26 14
26 17
26 20
26 21
26 22
26 24
26 25
26 27
26 28
26 29
26 34
26 37
26 30
26 42
27 4
27 5
27 7
27 9
27 10
27 17
27 21
27 22
27 24
27 26
27 28
27 32
27 34
27 38
27 39
27 42
27 46
28 2
28 4
28 5
28 15
28 16
28 17
28 18
28 20
28 21
28 23
28 25
28 26
28 29
28 32
28 34
28 30
28 40
28 42
28 43
28 44
29 4
29 6
29 10
29 12
29 13
29 14
29 17
29 18
29 20
29 22
29 25
29 26
29 28
29 33
29 35
29 39
29 30
29 49
32 0
32 3
32 8
32 12
32 19
32 23
32 24
32 27
32 28
32 33
32 36
32 39
32 40
32 42
32 45
33 2
33 3
33 5
33 12
33 13
33 14
33 18
33 25
33 32
33 35
33 37
33 38
33 39
33 30
33 31
33 40
34 2
34 7
34 11
34 16
34 17
34 25
34 27
34 32
34 33
34 35
34 37
34 38
34 39
34 30
34 31
34 43
34 46
34 48
35 1
35 6
35 10
35 28
35 29
35 32
35 34
35 36
35 37
35 38
35 39
35 30
35 31
35 41
35 43
35 44
35 45
35 46
35 49
36 0
36 3
36 6
36 9
36 11
36 12
36 14
36 20
36 21
36 23
36 32
36 37
36 38
36 30
36 42
36 45
37 2
37 3
37 5
37 9
37 15
37 20
37 23
37 24
37 32
37 33
37 35
37 38
37 30
37 41
37 46
38 0
38 1
38 5
38 7
38 12
38 13
38 16
38 25
38 32
38 36
38 37
38 31
38 40
38 42
38 46
38 47
38 48
39 0
39 2
39 8
39 9
39 11
39 28
39 32
39 33
39 35
39 36
39 37
39 38
39 30
39 42
39 46
39 49
30 0
30 11
30 12
30 18
30 19
30 22
30 24
30 26
30 27
30 32
30 34
30 35
30 39
30 31
30 40
30 47
31 1
31 2
31 3
31 6
31 11
31 18
31 20
31 21
31 22
31 23
31 32
31 33
31 35
31 36
31 38
31 39
31 30
31 42
31 45
31 46
31 49
40 2
40 3
40 8
40 11
40 19
40 20
40 26
40 32
40 34
40 39
40 41
40 43
40 44
40 46
40 48
41 3
41 8
41 11
41 15
41 17
41 21
41 23
41 24
41 25
41 29
41 37
41 39
41 40
41 42
41 44
41 45
41 46
41 47
42 0
42 2
42 3
42 6
42 7
42 9
42 15
42 16
42 18
42 19
42 23
42 25
42 33
42 31
42 40
42 41
42 43
42 44
42 45
42 49
43 0
43 2
43 3
43 5
43 6
43 22
43 24
43 25
43 26
43 35
43 30
43 40
43 41
43 42
43 44
43 45
43 46
43 47
43 48
44 0
44 1
44 2
44 8
44 9
44 10
44 17
44 19
44 20
44 21
44 26
44 32
44 33
44 35
44 37
44 30
44 45
45 5
45 12
45 13
45 20
45 25
45 32
45 36
45 39
45 40
45 42
45 43
45 49
46 4
46 10
46 11
46 14
46 17
46 24
46 25
46 26
46 36
46 30
46 40
46 41
46 42
46 44
46 47
46 48
46 49
47 9
47 11
47 14
47 16
47 17
47 18
47 21
47 24
47 28
47 34
47 37
47 30
47 40
47 41
47 42
47 43
47 44
47 45
47 46
47 48
48 7
48 10
48 14
48 19
48 21
48 26
48 32
48 33
48 36
48 38
48 39
48 40
48 41
48 43
48 44
48 45
48 46
48 47
48 49
49 0
49 2
49 13
49 18
49 19
49 21
49 22
49 23
49 27
49 32
49 34
49 31
49 40
49 42
49 45
49 46
49 48
