0 2
0 3
0 4
0 7
0 11
0 13
0 15
0 22
0 23
0 32
0 35
0 39
0 31
0 42
0 45
0 47
0 48
0 49
1 2
1 3
1 5
1 6
1 7
1 8
1 9
1 11
1 14
1 18
1 23
1 28
1 29
1 32
1 38
1 40
1 45
1 46
1 47
1 48
2 1
2 3
2 4
2 7
2 9
2 11
2 14
2 19
2 20
2 23
2 26
2 28
2 33
2 38
2 31
2 42
2 47
2 48
3 0
3 4
3 5
3 6
3 7
3 8
3 9
3 11
3 14
3 17
3 19
3 20
3 24
3 25
3 26
3 32
3 38
3 31
3 44
3 46
3 49
4 0
4 1
4 2
4 3
4 6
4 7
4 14
4 18
4 21
4 22
4 25
4 32
4 33
4 34
4 35
4 37
4 39
4 30
4 31
4 40
4 42
4 43
5 2
5 3
5 6
5 8
5 11
5 12
5 14
5 15
5 24
5 27
5 32
5 34
5 35
5 41
6 1
6 2
6 3
6 7
6 8
6 9
6 10
6 12
6 16
6 19
6 21
6 24
6 25
6 26
6 28
6 35
6 39
6 31
6 42
6 44
6 45
6 47
6 49
7 0
7 1
7 2
7 3
7 4
7 6
7 9
7 14
7 16
7 17
7 21
7 26
7 27
7 34
7 36
7 42
7 45
8 1
8 2
8 3
8 4
8 5
8 7
8 9
8 11
8 15
8 22
8 24
8 28
8 32
8 39
8 30
8 41
9 0
9 1
9 2
9 3
9 4
9 5
9 6
9 7
9 8
9 11
9 14
9 20
9 23
9 36
9 37
9 38
9 40
9 43
9 48
10 3
10 9
10 11
10 12
10 13
10 14
10 15
10 16
10 17
10 18
10 19
10 20
10 27
10 33
10 35
10 36
10 30
10 31
10 40
10 41
10 46
11 0
11 8
11 9
11 10
11 12
11 15
11 17
11 19
11 22
11 24
11 34
11 40
11 47
11 48
12 0
12 1
12 7
12 9
12 13
12 14
12 17
12 19
12 21
12 24
12 27
12 28
12 37
12 44
12 45
13 10
13 11
13 12
13 15
13 17
13 18
13 19
13 20
13 21
13 23
13 27
13 32
13 37
13 39
13 30
13 40
13 42
13 44
13 45
13 46
14 6
14 8
14 9
14 10
14 11
14 12
14 15
14 16
14 17
14 18
14 19
14 20
14 24
14 26
14 28
14 29
14 35
14 38
14 31
14 41
14 42
15 0
15 5
15 6
15 7
15 11
15 12
15 14
15 17
15 18
15 20
15 24
15 25
15 28
15 35
15 31
15 43
15 44
15 45
15 47
15 49
16 0
16 6
16 9
16 12
16 13
16 14
16 15
16 17
16 18
16 19
16 20
16 22
16 25
16 28
16 29
16 36
16 37
16 30
16 40
16 49
17 6
17 7
17 11
17 12
17 14
17 15
17 18
17 20
17 24
17 32
17 34
17 35
17 37
17 39
17 31
17 48
18 2
18 4
18 6
18 8
18 10
18 11
18 12
18 14
18 15
18 22
18 23
18 26
18 28
18 29
18 33
18 36
18 38
18 39
18 43
18 44
18 45
18 48
19 0
19 2
19 4
19 5
19 7
19 8
19 10
19 11
19 12
19 13
19 14
19 16
19 17
19 18
19 20
19 23
19 25
19 32
19 30
19 42
19 44
20 1
20 5
20 8
20 12
20 16
20 19
20 24
20 25
20 27
20 29
20 32
20 33
20 31
20 40
20 43
20 49
21 0
21 6
21 8
21 10
21 12
21 18
21 20
21 22
21 23
21 24
21 25
21 26
21 27
21 33
21 34
21 38
21 41
21 42
21 44
22 0
22 5
22 8
22 11
22 13
22 14
22 18
22 20
22 21
22 26
22 27
22 29
22 36
22 38
23 2
23 3
23 9
23 13
23 19
23 20
23 21
23 22
23 24
23 26
23 28
23 29
23 35
23 38
23 39
23 30
23 40
23 43
23 45
23 49
24 0
24 2
24 10
24 12
24 13
24 18
24 20
24 22
24 23
24 25
24 26
24 27
24 28
24 29
24 36
24 38
24 39
24 41
24 42
24 47
25 1
25 4
25 8
25 10
25 15
25 18
25 20
25 21
25 22
25 26
25 28
25 29
25 36
25 39
25 47
26 9
26 21
26 22
26 24
26 27
26 28
26 29
26 32
26 38
26 31
26 40
26 42
26 47
26 48
27 0
27 1
27 3
27 4
27 5
27 9
27 10
27 13
27 14
27 22
27 23
27 26
27 32
27 41
27 42
27 46
27 49
28 1
28 7
28 11
28 13
28 14
28 20
28 22
28 24
28 27
28 29
28 36
28 31
28 41
28 44
28 46
28 49
29 1
29 8
29 12
29 15
29 19
29 21
29 23
29 25
29 26
29 27
29 32
29 34
29 37
29 41
29 42
29 43
29 44
29 48
32 0
32 2
32 5
32 7
32 8
32 10
32 12
32 13
32 15
32 20
32 26
32 33
32 34
32 35
32 36
32 39
32 30
32 43
32 47
33 0
33 4
33 8
33 10
33 13
33 17
33 19
33 23
33 24
33 32
33 34
33 35
33 36
33 37
33 38
33 39
33 30
33 31
33 40
33 43
33 47
34 11
34 15
34 17
34 24
34 32
34 33
34 35
34 36
34 37
34 38
34 31
34 45
34 49
35 2
35 3
35 8
35 12
35 13
35 18
35 25
35 27
35 28
35 29
35 33
35 34
35 36
35 37
35 39
35 30
35 31
35 40
35 48
36 5
36 8
36 12
36 17
36 20
36 22
36 25
36 26
36 29
36 34
36 35
36 37
36 38
36 39
36 31
36 41
36 42
36 49
37 0
37 15
37 22
37 23
37 25
37 27
37 33
37 35
37 36
37 39
37 31
37 41
37 43
37 45
37 47
37 48
38 1
38 5
38 7
38 12
38 13
38 14
38 16
38 21
38 24
38 26
38 32
38 33
38 34
38 35
38 36
38 37
38 39
38 40
38 44
38 45
38 46
38 48
39 8
39 14
39 17
39 21
39 22
39 32
39 34
39 35
39 37
39 31
39 43
30 0
30 4
30 15
30 16
30 29
30 32
30 34
30 35
30 36
30 38
30 39
30 31
30 43
30 49
31 4
31 9
31 10
31 12
31 13
31 19
31 26
31 27
31 28
31 32
31 33
31 34
31 36
31 37
31 38
31 30
31 43
31 44
31 45
31 48
40 1
40 3
40 9
40 10
40 11
40 13
40 15
40 17
40 18
40 19
40 23
40 25
40 27
40 36
40 37
40 39
40 41
40 42
40 43
40 46
40 48
40 49
41 3
41 5
41 9
41 12
41 14
41 17
41 20
41 21
41 28
41 35
41 38
41 39
41 31
41 40
41 42
41 45
41 46
41 47
41 48
41 49
42 3
42 8
42 9
42 10
42 13
42 15
42 16
42 18
42 21
42 23
42 27
42 29
42 36
42 37
42 30
42 31
42 40
42 41
42 45
42 48
42 49
43 4
43 8
43 11
43 15
43 18
43 19
43 23
43 29
43 33
43 35
43 38
43 30
43 41
43 46
43 47
43 48
44 0
44 3
44 7
44 9
44 10
44 12
44 13
44 19
44 20
44 22
44 37
44 38
44 40
44 41
44 42
44 43
44 45
44 47
44 48
44 49
45 1
45 3
45 7
45 10
45 11
45 18
45 23
45 28
45 29
45 38
45 30
45 40
45 41
45 42
45 44
45 46
45 47
45 48
45 49
46 2
46 9
46 14
46 21
46 24
46 29
46 36
46 40
46 41
46 42
46 43
46 44
46 45
46 47
46 48
47 2
47 4
47 5
47 7
47 8
47 9
47 10
47 13
47 14
47 18
47 19
47 21
47 26
47 27
47 36
47 38
47 40
47 42
47 43
47 44
47 45
47 48
47 49
48 8
48 11
48 14
48 16
48 20
48 21
48 27
48 33
48 36
48 38
48 30
48 31
48 40
48 41
48 42
48 43
48 45
48 46
48 47
48 49
49 1
49 3
49 4
49 9
49 15
49 16
49 17
49 21
49 23
49 25
49 27
49 29
49 32
49 30
49 41
49 44
49 47
49 48
