0 1
0 3
0 6
0 7
0 10
0 12
0 13
0 15
0 16
0 17
0 18
0 24
0 27
0 34
0 38
0 42
0 43
0 48
1 2
1 4
1 5
1 6
1 7
1 10
1 12
1 13
1 15
1 18
1 21
1 28
1 32
1 33
1 30
1 45
1 47
1 48
2 0
2 1
2 5
2 6
2 8
2 9
2 18
2 25
2 28
2 29
2 37
2 38
2 30
2 31
2 46
2 48
3 0
3 1
3 2
3 6
3 7
3 8
3 15
3 16
3 17
3 21
3 22
3 26
3 37
3 30
3 41
3 47
4 0
4 1
4 7
4 8
4 9
4 10
4 19
4 24
4 25
4 34
4 37
4 31
4 42
4 44
4 45
4 48
5 0
5 2
5 4
5 7
5 8
5 9
5 12
5 13
5 14
5 15
5 16
5 17
5 19
5 28
5 29
5 34
5 39
5 44
6 0
6 1
6 3
6 5
6 7
6 9
6 14
6 15
6 20
6 22
6 23
6 35
6 36
6 42
6 45
6 46
6 47
6 48
6 49
7 0
7 1
7 2
7 4
7 5
7 6
7 8
7 9
7 18
7 20
7 21
7 23
7 26
7 28
7 33
7 34
7 35
7 38
7 39
7 30
7 40
7 44
7 45
7 46
8 0
8 2
8 4
8 5
8 6
8 7
8 9
8 11
8 15
8 26
8 32
8 30
8 40
8 47
9 0
9 2
9 5
9 6
9 8
9 12
9 13
9 17
9 18
9 19
9 26
9 29
9 32
9 36
10 0
10 1
10 2
10 7
10 11
10 12
10 13
10 16
10 18
10 19
10 20
10 27
10 28
10 33
10 35
10 30
10 42
10 43
10 45
10 49
11 13
11 14
11 16
11 18
11 19
11 25
11 27
11 29
11 33
11 31
11 45
11 48
12 1
12 6
12 7
12 9
12 11
12 16
12 19
12 20
12 21
12 22
12 25
12 30
12 41
12 49
13 2
13 3
13 8
13 10
13 12
13 14
13 15
13 17
13 18
13 19
13 21
13 23
13 25
13 35
13 37
13 30
13 43
13 45
13 47
13 48
14 0
14 2
14 3
14 4
14 6
14 8
14 10
14 11
14 12
14 13
14 15
14 16
14 17
14 19
14 21
14 35
14 36
14 42
14 43
15 1
15 6
15 7
15 9
15 10
15 11
15 12
15 13
15 16
15 19
15 20
15 32
15 34
15 36
15 38
15 30
15 40
16 0
16 6
16 10
16 12
16 15
16 18
16 19
16 22
16 24
16 26
16 27
16 36
16 42
16 49
17 8
17 10
17 11
17 13
17 14
17 15
17 18
17 19
17 27
17 37
17 38
17 41
18 0
18 2
18 4
18 7
18 9
18 11
18 13
18 14
18 15
18 16
18 19
18 22
18 23
18 28
18 31
18 40
18 42
18 45
18 47
19 2
19 4
19 6
19 11
19 12
19 13
19 14
19 15
19 17
19 22
19 28
19 29
19 37
19 39
19 40
19 44
19 49
20 2
20 4
20 7
20 8
20 11
20 12
20 22
20 24
20 25
20 28
20 29
20 34
20 37
20 31
20 44
20 45
21 4
21 9
21 13
21 14
21 16
21 19
21 20
21 22
21 23
21 24
21 25
21 28
21 29
21 34
21 36
21 37
21 39
21 31
21 41
21 43
21 48
22 0
22 2
22 6
22 8
22 15
22 17
22 20
22 21
22 23
22 25
22 26
22 27
22 28
22 29
22 33
22 35
22 37
22 38
22 44
22 49
23 2
23 6
23 12
23 14
23 20
23 24
23 27
23 28
23 33
23 37
23 41
23 42
23 46
23 49
24 3
24 4
24 7
24 14
24 15
24 17
24 21
24 22
24 23
24 25
24 26
24 27
24 29
24 33
24 37
24 39
24 40
24 42
24 45
25 2
25 4
25 5
25 7
25 11
25 13
25 20
25 21
25 22
25 26
25 27
25 29
25 35
25 36
25 30
25 31
25 41
25 47
26 1
26 2
26 6
26 8
26 10
26 11
26 14
26 15
26 18
26 20
26 22
26 23
26 24
26 25
26 27
26 28
26 42
26 46
27 5
27 6
27 7
27 11
27 12
27 19
27 20
27 23
27 24
27 25
27 26
27 28
27 29
27 37
27 40
27 41
27 43
28 1
28 3
28 4
28 6
28 9
28 13
28 17
28 20
28 21
28 22
28 23
28 24
28 25
28 26
28 29
28 30
28 40
28 42
28 48
28 49
29 2
29 9
29 16
29 20
29 22
29 24
29 25
29 27
29 28
29 31
29 40
29 42
32 1
32 6
32 10
32 11
32 14
32 17
32 18
32 20
32 22
32 23
32 28
32 34
32 36
32 37
32 38
32 30
32 31
32 41
32 42
32 43
32 44
32 46
33 1
33 2
33 3
33 7
33 12
33 14
33 15
33 16
33 17
33 19
33 20
33 23
33 26
33 27
33 32
33 34
33 36
33 37
33 38
33 30
33 31
33 40
33 44
33 45
33 49
34 1
34 9
34 18
34 25
34 27
34 35
34 36
34 37
34 38
34 39
34 43
34 46
34 49
35 1
35 2
35 5
35 6
35 7
35 8
35 14
35 17
35 20
35 22
35 27
35 32
35 33
35 34
35 37
35 38
35 39
35 30
35 31
35 42
35 43
35 45
35 48
36 2
36 4
36 8
36 10
36 11
36 24
36 27
36 28
36 33
36 35
36 37
36 39
36 31
36 40
37 0
37 3
37 6
37 8
37 13
37 17
37 20
37 32
37 34
37 35
37 36
37 39
37 30
37 40
37 42
37 44
37 45
38 0
38 1
38 2
38 5
38 7
38 9
38 11
38 14
38 21
38 23
38 24
38 27
38 28
38 29
38 32
38 33
38 35
38 36
38 37
38 39
38 31
38 41
38 46
38 47
39 0
39 2
39 8
39 14
39 18
39 25
39 26
39 27
39 29
39 32
39 34
39 35
39 36
39 37
39 38
39 31
39 46
30 6
30 7
30 10
30 13
30 14
30 17
30 18
30 21
30 29
30 32
30 33
30 34
30 35
30 36
30 31
30 41
30 48
31 2
31 5
31 6
31 11
31 12
31 13
31 16
31 20
31 21
31 23
31 27
31 28
31 32
31 33
31 34
31 35
31 36
31 37
31 38
31 39
31 30
31 40
31 44
40 3
40 5
40 10
40 11
40 12
40 27
40 33
40 34
40 36
40 31
40 41
40 43
40 44
40 45
40 48
40 49
41 5
41 6
41 8
41 19
41 21
41 25
41 29
41 32
41 39
41 30
41 40
41 43
41 44
41 45
41 48
41 49
42 6
42 8
42 9
42 11
42 12
42 26
42 29
42 32
42 33
42 35
42 40
42 43
42 45
42 47
42 48
43 1
43 2
43 8
43 10
43 14
43 16
43 29
43 32
43 33
43 35
43 38
43 41
43 44
43 46
43 47
43 48
44 3
44 9
44 10
44 12
44 13
44 14
44 16
44 17
44 21
44 22
44 23
44 28
44 29
44 35
44 37
44 39
44 30
44 31
44 41
44 42
44 43
44 45
44 46
44 49
45 1
45 7
45 15
45 17
45 29
45 32
45 34
45 36
45 31
45 41
45 44
45 46
45 48
46 0
46 6
46 9
46 15
46 17
46 20
46 24
46 28
46 33
46 34
46 38
46 40
46 41
46 43
46 44
46 47
46 49
47 4
47 6
47 12
47 16
47 17
47 24
47 25
47 28
47 35
47 36
47 39
47 31
47 41
47 42
47 43
47 44
47 45
47 46
47 48
47 49
48 4
48 6
48 9
48 10
48 16
48 19
48 27
48 29
48 33
48 31
48 40
48 41
48 42
48 43
48 46
48 47
49 1
49 4
49 8
49 17
49 20
49 22
49 24
49 26
49 28
49 34
49 31
49 40
49 41
49 42
49 43
49 44
49 46
49 47
49 48
