0 1
0 2
0 3
0 5
0 7
0 9
0 10
0 15
0 17
0 19
0 20
0 29
0 35
0 38
0 39
0 31
0 41
1 3
1 4
1 5
1 6
1 7
1 8
1 12
1 19
1 21
1 25
1 27
1 35
1 39
1 41
1 46
1 47
2 0
2 1
2 3
2 4
2 7
2 8
2 9
2 12
2 19
2 20
2 23
2 28
2 36
2 31
2 42
2 43
2 45
2 46
2 47
2 49
3 0
3 1
3 2
3 4
3 6
3 7
3 8
3 9
3 10
3 12
3 13
3 17
3 21
3 24
3 25
3 26
3 27
3 28
3 32
3 35
3 36
3 30
3 31
3 41
3 43
3 45
3 47
3 49
4 0
4 1
4 3
4 5
4 6
4 8
4 9
4 11
4 12
4 13
4 14
4 15
4 18
4 25
4 26
4 28
4 29
4 32
4 30
4 40
4 43
4 45
4 47
4 48
5 0
5 3
5 6
5 8
5 9
5 11
5 12
5 14
5 20
5 21
5 24
5 28
5 35
5 36
5 38
5 31
5 45
6 0
6 1
6 2
6 3
6 4
6 5
6 7
6 8
6 9
6 16
6 17
6 20
6 21
6 22
6 25
6 26
6 28
6 29
6 34
6 36
6 31
6 40
6 43
6 48
6 49
7 0
7 1
7 3
7 6
7 8
7 20
7 21
7 23
7 26
7 32
7 37
7 30
7 31
7 43
7 45
7 47
8 0
8 1
8 2
8 4
8 5
8 6
8 7
8 9
8 10
8 13
8 15
8 17
8 22
8 23
8 28
8 35
8 38
8 41
8 42
9 1
9 2
9 3
9 4
9 5
9 6
9 7
9 8
9 10
9 15
9 17
9 21
9 24
9 26
9 28
9 29
9 33
9 34
9 36
9 30
9 40
9 41
9 42
9 43
9 44
9 48
10 0
10 1
10 3
10 6
10 11
10 12
10 13
10 14
10 15
10 16
10 19
10 20
10 27
10 38
10 41
10 42
10 45
10 47
10 48
11 0
11 1
11 4
11 12
11 13
11 16
11 17
11 18
11 19
11 22
11 27
11 43
11 47
12 3
12 8
12 11
12 13
12 14
12 16
12 17
12 18
12 19
12 22
12 23
12 28
12 32
12 34
12 39
12 42
12 43
12 45
12 47
12 48
13 1
13 4
13 5
13 8
13 12
13 15
13 16
13 17
13 19
13 25
13 28
13 29
13 33
13 36
13 37
13 39
13 40
13 42
14 1
14 4
14 6
14 10
14 11
14 13
14 15
14 16
14 18
14 19
14 20
14 22
14 28
14 32
14 35
14 36
14 37
14 39
14 30
14 31
14 42
14 44
14 48
15 0
15 6
15 8
15 10
15 11
15 13
15 14
15 16
15 17
15 18
15 19
15 22
15 28
15 29
15 36
15 37
15 44
15 46
15 47
15 49
16 5
16 10
16 11
16 12
16 13
16 14
16 17
16 20
16 26
16 29
16 32
16 33
16 40
16 41
16 48
17 1
17 4
17 7
17 8
17 9
17 12
17 13
17 15
17 18
17 19
17 23
17 24
17 26
17 27
17 32
17 33
17 36
17 45
18 1
18 3
18 5
18 7
18 10
18 11
18 12
18 13
18 14
18 15
18 16
18 19
18 20
18 21
18 23
18 24
18 25
18 30
18 44
18 45
18 48
18 49
19 0
19 2
19 11
19 12
19 13
19 14
19 18
19 21
19 24
19 26
19 27
19 28
19 35
19 36
19 37
19 38
19 41
19 42
19 43
19 44
19 48
20 1
20 3
20 9
20 14
20 16
20 17
20 21
20 22
20 23
20 25
20 26
20 27
20 28
20 29
20 34
20 35
20 38
20 39
20 41
20 42
20 45
20 46
21 5
21 9
21 12
21 13
21 19
21 20
21 23
21 24
21 25
21 26
21 27
21 32
21 33
21 35
21 36
21 30
21 40
21 41
21 45
21 48
22 0
22 1
22 4
22 13
22 14
22 17
22 18
22 20
22 24
22 25
22 26
22 27
22 28
22 29
22 34
22 35
22 36
22 38
22 43
22 45
22 47
23 2
23 3
23 9
23 10
23 12
23 14
23 15
23 19
23 20
23 22
23 26
23 28
23 29
23 32
23 34
23 35
23 42
23 45
24 8
24 11
24 12
24 13
24 15
24 20
24 22
24 25
24 26
24 27
24 29
24 40
24 43
24 44
24 46
24 49
25 11
25 12
25 13
25 14
25 15
25 20
25 21
25 22
25 23
25 24
25 26
25 28
25 29
25 33
25 35
25 38
25 30
25 47
25 49
26 1
26 2
26 3
26 5
26 6
26 7
26 8
26 9
26 10
26 14
26 20
26 21
26 23
26 24
26 25
26 27
26 28
26 29
26 32
26 41
26 42
26 43
26 45
26 46
26 48
27 1
27 4
27 5
27 7
27 14
27 16
27 20
27 22
27 23
27 24
27 25
27 26
27 29
27 32
27 31
27 40
27 46
28 2
28 5
28 14
28 21
28 22
28 25
28 26
28 27
28 29
28 35
28 37
28 42
28 45
28 49
29 1
29 4
29 6
29 9
29 13
29 15
29 18
29 22
29 24
29 26
29 27
29 28
29 37
29 38
29 41
29 42
32 1
32 2
32 3
32 4
32 9
32 14
32 16
32 17
32 21
32 23
32 24
32 33
32 35
32 36
32 37
32 38
32 39
32 30
32 40
32 41
32 46
32 47
33 0
33 7
33 12
33 14
33 24
33 29
33 32
33 34
33 35
33 36
33 39
33 30
33 31
33 40
33 46
34 3
34 5
34 6
34 7
34 12
34 14
34 18
34 20
34 21
34 28
34 29
34 33
34 35
34 37
34 38
34 39
34 30
34 31
35 0
35 1
35 4
35 7
35 12
35 15
35 16
35 17
35 18
35 24
35 27
35 32
35 33
35 34
35 37
35 38
35 39
35 31
36 0
36 3
36 4
36 11
36 12
36 14
36 15
36 20
36 21
36 23
36 24
36 27
36 32
36 33
36 34
36 37
36 38
36 39
36 30
36 31
36 41
36 45
37 0
37 2
37 5
37 9
37 13
37 14
37 16
37 20
37 26
37 27
37 36
37 38
37 39
37 31
37 41
37 48
38 0
38 7
38 14
38 15
38 16
38 18
38 19
38 23
38 28
38 32
38 33
38 34
38 35
38 36
38 37
38 39
38 30
38 44
38 48
39 2
39 7
39 8
39 10
39 14
39 23
39 29
39 32
39 33
39 34
39 35
39 37
39 38
39 30
39 31
39 41
39 43
39 44
39 47
30 5
30 8
30 12
30 14
30 15
30 16
30 23
30 32
30 33
30 34
30 35
30 36
30 31
30 40
31 8
31 11
31 12
31 13
31 17
31 18
31 21
31 22
31 24
31 32
31 33
31 34
31 35
31 39
31 30
31 45
31 47
40 0
40 1
40 6
40 7
40 10
40 12
40 14
40 19
40 24
40 28
40 29
40 35
40 37
40 41
40 42
40 43
40 44
40 45
40 47
40 48
40 49
41 0
41 2
41 4
41 6
41 7
41 9
41 10
41 11
41 12
41 15
41 22
41 23
41 24
41 28
41 29
41 32
41 34
41 35
41 36
41 38
41 31
41 40
41 42
41 44
41 46
41 47
41 48
41 49
42 2
42 4
42 9
42 12
42 13
42 19
42 22
42 24
42 27
42 28
42 32
42 40
42 44
42 46
42 47
42 48
43 1
43 7
43 8
43 10
43 17
43 22
43 24
43 25
43 27
43 35
43 37
43 31
43 40
43 42
43 44
43 46
43 47
43 48
43 49
44 3
44 4
44 10
44 12
44 15
44 16
44 26
44 27
44 28
44 29
44 32
44 35
44 30
44 40
44 41
44 42
44 43
44 45
44 46
44 47
44 48
45 1
45 2
45 3
45 4
45 5
45 12
45 14
45 23
45 37
45 40
45 43
45 44
45 46
45 47
45 48
46 6
46 7
46 14
46 18
46 19
46 20
46 21
46 23
46 24
46 28
46 33
46 35
46 38
46 39
46 41
46 42
46 43
46 44
46 45
46 49
47 1
47 3
47 9
47 16
47 17
47 20
47 23
47 27
47 29
47 32
47 33
47 34
47 37
47 30
47 31
47 41
47 45
47 46
47 48
48 0
48 1
48 7
48 10
48 13
48 23
48 35
48 31
48 40
48 41
48 44
48 45
48 46
48 47
49 2
49 6
49 7
49 9
49 13
49 14
49 16
49 19
49 22
49 27
49 36
49 30
49 42
49 43
49 44
49 45
49 46
49 47
49 48
