0 2
0 3
0 4
0 6
0 7
0 8
0 9
0 13
0 15
0 19
0 24
0 33
0 34
0 35
0 38
0 39
0 30
0 41
0 42
0 45
0 46
0 48
0 49
1 0
1 2
1 3
1 6
1 10
1 14
1 17
1 18
1 21
1 25
1 26
1 29
1 37
1 38
1 31
1 40
1 41
1 47
2 1
2 4
2 6
2 7
2 8
2 9
2 10
2 11
2 17
2 25
2 36
2 37
2 31
2 47
3 2
3 4
3 5
3 6
3 7
3 9
3 10
3 12
3 19
3 21
3 22
3 29
3 32
3 37
3 39
3 40
3 41
3 43
3 45
4 1
4 2
4 3
4 6
4 8
4 13
4 20
4 22
4 24
4 26
4 27
4 28
4 34
4 36
4 30
4 41
4 42
4 48
5 0
5 1
5 2
5 3
5 4
5 6
5 9
5 12
5 15
5 20
5 24
5 26
5 27
5 32
5 34
5 35
5 36
5 40
5 42
5 43
5 47
5 48
6 3
6 4
6 5
6 8
6 9
6 14
6 17
6 21
6 24
6 25
6 26
6 29
6 33
6 37
6 39
6 47
7 0
7 2
7 4
7 5
7 6
7 8
7 21
7 24
7 37
7 38
7 41
7 45
7 46
7 48
7 49
8 1
8 2
8 4
8 6
8 7
8 10
8 11
8 12
8 28
8 34
8 36
8 40
8 42
8 43
8 44
8 45
9 0
9 2
9 3
9 4
9 6
9 8
9 13
9 15
9 22
9 23
9 28
9 29
9 34
9 39
9 30
9 31
9 41
9 45
10 6
10 7
10 11
10 12
10 16
10 17
10 19
10 34
10 36
10 44
10 47
10 49
11 2
11 6
11 9
11 12
11 13
11 14
11 15
11 16
11 18
11 20
11 23
11 28
11 32
11 33
11 34
11 35
11 36
11 37
11 38
11 39
11 30
11 31
11 45
12 0
12 6
12 7
12 10
12 11
12 13
12 16
12 18
12 19
12 20
12 27
12 32
12 35
12 39
12 31
12 40
12 44
12 45
12 49
13 5
13 7
13 9
13 11
13 12
13 14
13 17
13 18
13 19
13 24
13 27
13 31
13 42
14 2
14 3
14 7
14 8
14 10
14 11
14 12
14 13
14 16
14 18
14 20
14 25
14 26
14 27
14 28
14 35
14 42
14 45
15 9
15 10
15 11
15 12
15 13
15 17
15 19
15 28
15 36
15 42
15 44
15 46
16 3
16 4
16 7
16 9
16 11
16 12
16 13
16 14
16 15
16 17
16 18
16 19
16 20
16 21
16 23
16 25
16 26
16 27
16 33
16 37
16 38
16 41
16 42
16 43
17 0
17 10
17 11
17 12
17 14
17 15
17 16
17 20
17 24
17 27
17 33
17 35
17 37
17 38
17 39
17 30
17 42
17 43
18 5
18 7
18 8
18 12
18 13
18 14
18 15
18 16
18 21
18 23
18 27
18 34
18 36
18 45
18 47
19 0
19 1
19 3
19 5
19 8
19 9
19 10
19 11
19 12
19 14
19 15
19 17
19 22
19 23
19 24
19 25
19 26
19 28
19 32
19 33
19 36
19 30
19 31
19 40
19 44
20 5
20 9
20 10
20 18
20 19
20 21
20 23
20 24
20 25
20 26
20 27
20 28
20 35
20 38
21 5
21 6
21 7
21 10
21 11
21 20
21 22
21 24
21 25
21 26
21 27
21 28
21 29
21 33
21 30
21 41
21 45
21 47
22 5
22 7
22 8
22 16
22 17
22 18
22 19
22 20
22 21
22 23
22 26
22 27
22 29
22 33
22 39
22 31
22 41
23 5
23 8
23 9
23 10
23 18
23 20
23 21
23 22
23 24
23 26
23 29
23 34
23 35
23 39
23 40
23 41
23 43
23 44
23 46
23 48
24 0
24 2
24 4
24 6
24 9
24 11
24 14
24 23
24 25
24 27
24 33
24 34
24 37
24 31
24 40
24 45
24 46
25 1
25 2
25 4
25 5
25 6
25 7
25 8
25 12
25 17
25 24
25 28
25 33
25 37
25 30
25 40
25 41
25 44
25 48
25 49
26 2
26 5
26 6
26 15
26 18
26 20
26 22
26 23
26 24
26 25
26 27
26 28
26 29
26 32
26 34
26 39
26 40
26 47
27 4
27 5
27 6
27 9
27 12
27 14
27 15
27 17
27 18
27 21
27 22
27 23
27 25
27 26
27 28
27 29
27 35
27 39
27 30
27 31
27 43
27 44
27 45
28 0
28 2
28 4
28 5
28 8
28 9
28 11
28 12
28 13
28 14
28 17
28 18
28 20
28 22
28 29
28 32
28 33
28 42
28 47
29 1
29 2
29 3
29 5
29 13
29 14
29 16
29 18
29 19
29 20
29 21
29 23
29 24
29 25
29 28
29 34
29 35
29 45
29 47
32 2
32 6
32 7
32 9
32 10
32 11
32 14
32 15
32 18
32 20
32 23
32 24
32 26
32 33
32 34
32 37
32 30
32 31
32 41
32 42
32 46
32 47
33 4
33 8
33 9
33 10
33 19
33 32
33 34
33 35
33 36
33 38
33 39
33 30
33 31
33 40
34 1
34 3
34 6
34 11
34 13
34 20
34 24
34 25
34 27
34 29
34 32
34 35
34 37
34 39
34 30
34 31
34 46
35 1
35 7
35 11
35 14
35 15
35 17
35 18
35 21
35 22
35 23
35 27
35 29
35 34
35 36
35 37
35 39
35 31
35 40
35 45
36 1
36 3
36 6
36 10
36 13
36 22
36 25
36 28
36 29
36 32
36 33
36 39
36 30
36 31
36 40
36 44
37 3
37 5
37 6
37 13
37 16
37 17
37 19
37 22
37 23
37 24
37 29
37 32
37 33
37 34
37 35
37 39
37 30
37 31
37 41
37 44
37 45
37 49
38 0
38 2
38 3
38 5
38 9
38 14
38 18
38 20
38 21
38 23
38 24
38 25
38 28
38 29
38 32
38 34
38 36
38 39
38 30
38 31
38 40
38 42
38 43
38 44
39 2
39 3
39 5
39 7
39 11
39 17
39 18
39 25
39 32
39 33
39 36
39 38
39 30
39 31
39 42
30 0
30 1
30 2
30 12
30 13
30 21
30 23
30 28
30 32
30 33
30 34
30 36
30 37
30 38
30 39
30 31
30 45
30 46
31 2
31 3
31 5
31 10
31 13
31 19
31 20
31 22
31 24
31 27
31 34
31 36
31 37
31 38
31 30
31 40
31 45
31 48
40 2
40 3
40 5
40 8
40 9
40 10
40 13
40 14
40 22
40 23
40 24
40 25
40 33
40 35
40 38
40 39
40 41
40 42
40 43
40 44
40 45
40 46
40 47
40 48
41 0
41 4
41 5
41 6
41 12
41 19
41 24
41 27
41 32
41 30
41 40
41 42
41 43
41 44
41 45
41 47
41 48
42 2
42 3
42 7
42 15
42 24
42 28
42 29
42 38
42 43
42 44
43 4
43 5
43 7
43 8
43 9
43 14
43 23
43 24
43 28
43 32
43 34
43 35
43 39
43 31
43 40
43 42
43 44
43 46
43 48
43 49
44 0
44 2
44 3
44 4
44 7
44 11
44 20
44 21
44 28
44 32
44 33
44 34
44 35
44 36
44 30
44 40
44 41
44 42
44 43
44 45
44 47
44 49
45 3
45 8
45 14
45 15
45 16
45 21
45 22
45 23
45 24
45 27
45 37
45 40
45 41
45 43
45 44
45 46
45 49
46 3
46 7
46 8
46 19
46 33
46 37
46 38
46 40
46 42
46 45
46 47
46 48
46 49
47 2
47 3
47 5
47 12
47 13
47 16
47 18
47 19
47 22
47 29
47 32
47 37
47 38
47 40
47 43
47 44
47 45
47 46
48 8
48 10
48 18
48 21
48 23
48 34
48 37
48 38
48 30
48 40
48 41
48 42
48 43
48 45
48 46
48 47
48 49
49 0
49 7
49 13
49 14
49 20
49 22
49 27
49 29
49 32
49 33
49 35
49 37
49 30
49 31
49 40
49 41
49 42
49 43
49 44
49 45
49 47
49 48
