0 1
0 4
0 5
0 6
0 8
0 9
0 13
0 21
0 22
0 24
0 28
0 34
0 39
0 43
0 45
0 46
0 47
0 48
0 49
1 2
1 3
1 5
1 8
1 9
1 11
1 13
1 17
1 18
1 19
1 22
1 26
1 29
1 30
1 41
1 44
1 47
1 48
2 0
2 1
2 3
2 5
2 7
2 8
2 9
2 14
2 15
2 20
2 24
2 32
2 33
2 39
2 30
2 31
2 41
2 45
2 46
2 47
3 0
3 4
3 6
3 7
3 8
3 9
3 13
3 19
3 21
3 23
3 27
3 32
3 34
3 35
3 36
3 39
3 31
3 40
3 42
3 43
3 44
3 46
3 47
4 0
4 2
4 3
4 5
4 11
4 14
4 17
4 18
4 21
4 22
4 25
4 27
4 29
4 32
4 33
4 34
4 35
4 37
4 30
4 40
4 43
4 45
4 49
5 1
5 3
5 4
5 7
5 8
5 9
5 10
5 22
5 24
5 33
5 45
5 46
6 1
6 2
6 3
6 4
6 5
6 7
6 10
6 12
6 17
6 22
6 26
6 33
6 38
6 42
7 0
7 1
7 2
7 3
7 6
7 8
7 9
7 22
7 24
7 25
7 28
7 30
7 31
7 41
7 47
7 49
8 0
8 2
8 3
8 4
8 6
8 7
8 14
8 16
8 19
8 26
8 27
8 33
8 34
8 35
8 38
8 31
8 47
9 0
9 1
9 2
9 4
9 5
9 7
9 8
9 15
9 18
9 19
9 20
9 23
9 27
9 32
9 35
9 37
9 39
9 30
9 45
10 0
10 1
10 7
10 8
10 11
10 13
10 14
10 15
10 17
10 19
10 33
10 36
10 37
10 31
10 42
11 2
11 4
11 6
11 7
11 8
11 10
11 12
11 14
11 15
11 16
11 17
11 18
11 19
11 21
11 36
11 41
11 42
11 46
11 47
12 2
12 7
12 10
12 11
12 15
12 16
12 17
12 18
12 19
12 20
12 27
12 28
12 33
12 34
12 36
12 30
12 31
12 41
12 49
13 0
13 6
13 7
13 11
13 12
13 15
13 16
13 17
13 18
13 19
13 20
13 21
13 26
13 27
13 28
13 29
13 35
13 38
13 42
13 47
13 49
14 1
14 10
14 11
14 12
14 13
14 15
14 16
14 18
14 21
14 23
14 24
14 25
14 27
14 29
14 37
14 40
14 48
15 3
15 4
15 6
15 8
15 10
15 11
15 12
15 13
15 14
15 16
15 17
15 18
15 19
15 20
15 25
15 26
15 28
15 34
15 37
15 30
15 43
15 44
15 45
15 47
16 1
16 2
16 6
16 7
16 10
16 11
16 12
16 18
16 19
16 22
16 32
16 39
16 31
16 41
16 45
16 47
16 48
17 1
17 6
17 12
17 15
17 16
17 35
17 44
17 46
17 47
18 4
18 10
18 11
18 13
18 14
18 15
18 16
18 17
18 20
18 24
18 28
18 34
18 45
18 47
18 48
18 49
19 1
19 5
19 10
19 11
19 12
19 15
19 16
19 18
19 20
19 21
19 23
19 26
19 36
19 47
19 48
20 1
20 3
20 5
20 7
20 21
20 22
20 23
20 26
20 27
20 28
20 29
20 32
20 33
20 38
20 42
20 44
20 45
20 48
21 5
21 6
21 7
21 9
21 18
21 20
21 22
21 23
21 24
21 26
21 27
21 28
21 29
21 34
21 30
21 31
21 43
21 45
21 46
21 49
22 2
22 4
22 6
22 9
22 11
22 18
22 20
22 23
22 24
22 26
22 27
22 29
22 32
22 30
22 31
22 40
22 42
22 45
22 48
23 2
23 11
23 12
23 13
23 15
23 17
23 19
23 21
23 24
23 26
23 27
23 32
23 33
23 34
23 37
23 30
23 45
24 0
24 1
24 2
24 3
24 4
24 7
24 11
24 14
24 15
24 17
24 25
24 26
24 27
24 28
24 29
24 32
24 34
24 35
24 40
24 42
24 45
24 48
24 49
25 0
25 16
25 19
25 20
25 21
25 22
25 23
25 24
25 27
25 28
25 29
25 32
25 34
25 37
25 42
25 49
26 1
26 7
26 8
26 9
26 13
26 14
26 15
26 16
26 21
26 22
26 23
26 24
26 27
26 28
26 29
26 42
26 46
27 2
27 3
27 9
27 14
27 19
27 21
27 22
27 23
27 24
27 25
27 26
27 28
27 29
27 39
27 42
27 43
27 44
27 46
27 48
28 0
28 6
28 8
28 11
28 14
28 15
28 18
28 20
28 21
28 22
28 23
28 24
28 25
28 26
28 32
28 39
28 40
28 45
29 1
29 3
29 11
29 12
29 14
29 16
29 18
29 20
29 21
29 22
29 23
29 24
29 26
29 27
29 28
29 30
29 31
29 40
29 41
29 42
29 45
29 46
29 47
32 1
32 6
32 8
32 9
32 12
32 19
32 25
32 27
32 35
32 37
32 38
32 39
32 30
32 46
32 49
33 2
33 3
33 6
33 8
33 12
33 15
33 17
33 19
33 21
33 23
33 24
33 26
33 32
33 34
33 36
33 37
33 38
33 39
33 30
33 31
33 43
33 44
33 47
34 0
34 1
34 2
34 5
34 6
34 10
34 13
34 15
34 23
34 25
34 26
34 37
34 38
34 30
34 49
35 1
35 5
35 7
35 15
35 24
35 27
35 32
35 33
35 34
35 36
35 37
35 39
35 30
35 31
35 44
35 48
35 49
36 1
36 7
36 9
36 14
36 15
36 20
36 22
36 24
36 25
36 27
36 29
36 33
36 35
36 39
36 30
36 44
36 45
36 47
37 0
37 6
37 8
37 9
37 10
37 17
37 19
37 20
37 23
37 25
37 26
37 32
37 33
37 34
37 35
37 36
37 39
37 30
37 46
37 48
38 1
38 9
38 15
38 21
38 23
38 26
38 27
38 32
38 33
38 34
38 36
38 37
38 30
38 31
38 44
38 47
39 2
39 8
39 20
39 22
39 25
39 32
39 33
39 34
39 36
39 38
39 31
39 44
39 46
30 2
30 3
30 6
30 10
30 16
30 21
30 23
30 26
30 33
30 34
30 35
30 36
30 37
30 38
30 31
30 41
30 43
30 44
30 49
31 0
31 2
31 5
31 6
31 7
31 9
31 14
31 16
31 19
31 20
31 22
31 23
31 26
31 28
31 32
31 33
31 35
31 36
31 37
31 38
31 39
31 30
31 46
31 47
40 0
40 7
40 8
40 11
40 15
40 22
40 26
40 27
40 28
40 34
40 37
40 39
40 30
40 44
40 45
40 47
41 8
41 9
41 13
41 14
41 15
41 24
41 25
41 27
41 38
41 30
41 42
41 43
41 44
41 45
41 47
41 48
41 49
42 5
42 6
42 16
42 19
42 28
42 29
42 32
42 34
42 36
42 40
42 41
42 43
42 46
42 48
42 49
43 3
43 4
43 6
43 8
43 10
43 11
43 15
43 16
43 19
43 25
43 32
43 34
43 38
43 39
43 40
43 41
43 42
43 44
43 45
43 47
43 48
43 49
44 0
44 2
44 4
44 6
44 16
44 18
44 20
44 23
44 24
44 25
44 26
44 29
44 36
44 31
44 41
44 42
44 43
44 46
44 48
44 49
45 1
45 3
45 8
45 12
45 21
45 22
45 23
45 32
45 36
45 37
45 38
45 42
45 44
45 46
45 47
45 48
45 49
46 3
46 6
46 12
46 13
46 17
46 20
46 21
46 23
46 25
46 37
46 40
46 41
46 43
46 44
46 45
46 47
46 48
46 49
47 0
47 6
47 10
47 12
47 18
47 21
47 22
47 24
47 26
47 32
47 35
47 36
47 37
47 31
47 40
47 41
47 42
47 43
47 44
47 45
47 48
47 49
48 1
48 4
48 8
48 9
48 14
48 16
48 20
48 26
48 27
48 28
48 29
48 32
48 36
48 38
48 30
48 31
48 41
48 42
48 43
48 45
48 46
48 47
48 49
49 0
49 3
49 8
49 14
49 15
49 18
49 21
49 28
49 34
49 35
49 37
49 40
49 41
49 42
49 43
49 45
49 46
49 47
49 48
