0 1
0 3
0 4
0 5
0 6
0 7
0 8
0 10
0 11
0 13
0 14
0 15
0 16
0 17
0 25
0 27
0 34
0 35
0 40
0 43
0 48
0 49
1 3
1 4
1 5
1 6
1 8
1 12
1 15
1 17
1 19
1 21
1 24
1 25
1 26
1 29
1 32
1 37
1 38
1 30
1 31
1 42
1 43
1 44
2 0
2 1
2 3
2 4
2 6
2 7
2 8
2 9
2 10
2 11
2 17
2 18
2 22
2 23
2 35
2 38
2 41
2 46
3 0
3 1
3 2
3 4
3 5
3 6
3 7
3 8
3 9
3 14
3 16
3 17
3 20
3 21
3 25
3 27
3 32
3 34
3 37
3 40
3 43
3 46
3 47
3 48
4 2
4 3
4 7
4 8
4 9
4 11
4 18
4 27
4 35
4 36
4 37
4 38
4 31
4 40
4 43
4 44
4 49
5 0
5 2
5 3
5 4
5 6
5 8
5 9
5 10
5 14
5 18
5 22
5 23
5 24
5 26
5 28
5 32
5 38
5 30
5 41
6 0
6 1
6 2
6 7
6 11
6 13
6 17
6 18
6 20
6 27
6 39
6 44
6 46
6 47
7 0
7 1
7 2
7 4
7 5
7 8
7 11
7 17
7 18
7 19
7 23
7 24
7 32
7 39
7 30
7 31
7 47
7 49
8 1
8 2
8 3
8 4
8 5
8 6
8 7
8 9
8 13
8 15
8 22
8 24
8 26
8 29
8 33
8 35
8 37
8 38
8 39
8 44
8 47
8 49
9 1
9 2
9 3
9 4
9 6
9 7
9 8
9 10
9 11
9 13
9 20
9 25
9 28
9 29
9 35
9 36
9 30
10 4
10 7
10 8
10 11
10 14
10 15
10 16
10 17
10 18
10 19
10 25
10 27
10 42
10 45
10 49
11 7
11 12
11 13
11 15
11 16
11 17
11 18
11 21
11 22
11 25
11 32
11 48
12 4
12 8
12 11
12 13
12 14
12 16
12 17
12 19
12 21
12 22
12 24
12 27
12 28
12 29
12 35
12 41
12 43
13 0
13 1
13 2
13 3
13 10
13 14
13 15
13 16
13 18
13 19
13 21
13 36
13 37
13 42
13 43
13 47
14 0
14 3
14 4
14 5
14 10
14 11
14 12
14 13
14 17
14 18
14 19
14 22
14 23
14 28
14 34
14 36
14 37
14 39
14 41
14 43
14 44
14 47
15 10
15 13
15 16
15 17
15 18
15 26
15 32
15 33
15 42
15 43
15 44
15 48
16 2
16 3
16 8
16 9
16 10
16 11
16 13
16 14
16 15
16 17
16 18
16 22
16 24
16 25
16 26
16 29
16 33
16 35
16 38
16 30
16 31
16 45
16 46
17 0
17 1
17 3
17 6
17 7
17 11
17 13
17 14
17 15
17 16
17 18
17 19
17 22
17 23
17 26
17 27
17 28
17 29
17 32
17 33
17 38
17 40
17 42
17 48
18 0
18 2
18 3
18 5
18 8
18 10
18 11
18 12
18 16
18 17
18 19
18 23
18 24
18 25
18 26
18 27
18 28
18 29
18 34
18 37
18 31
18 40
18 49
19 3
19 4
19 10
19 11
19 12
19 13
19 14
19 16
19 18
19 21
19 22
19 29
19 33
19 35
19 37
19 30
19 31
19 44
19 49
20 0
20 1
20 4
20 5
20 7
20 14
20 18
20 21
20 22
20 23
20 25
20 26
20 27
20 28
20 29
20 34
20 35
20 30
20 44
20 47
20 49
21 4
21 7
21 11
21 20
21 22
21 23
21 24
21 25
21 27
21 28
21 29
21 32
21 36
21 39
21 41
21 42
21 43
21 47
21 48
21 49
22 11
22 12
22 13
22 14
22 21
22 24
22 25
22 26
22 27
22 33
22 35
22 37
22 38
22 31
22 46
22 48
22 49
23 1
23 2
23 13
23 21
23 25
23 27
23 29
23 41
23 42
23 43
23 44
23 46
23 48
24 2
24 6
24 9
24 10
24 12
24 14
24 18
24 21
24 22
24 23
24 25
24 27
24 34
24 31
24 44
24 45
24 47
24 48
25 13
25 14
25 15
25 20
25 23
25 24
25 26
25 28
25 29
25 33
25 34
25 39
25 30
25 31
25 45
25 49
26 0
26 2
26 9
26 13
26 14
26 15
26 17
26 18
26 19
26 20
26 23
26 24
26 25
26 27
26 33
26 39
26 46
27 6
27 8
27 14
27 18
27 19
27 20
27 21
27 23
27 24
27 26
27 28
27 29
27 32
27 34
27 35
27 37
27 39
27 49
28 5
28 9
28 14
28 20
28 21
28 23
28 25
28 26
28 29
28 41
28 45
29 2
29 3
29 7
29 10
29 12
29 18
29 19
29 20
29 21
29 22
29 23
29 24
29 25
29 26
29 28
29 33
29 39
29 30
29 40
29 41
29 43
29 46
29 49
32 5
32 9
32 10
32 20
32 26
32 27
32 34
32 35
32 36
32 37
32 38
32 39
32 31
32 40
32 44
33 11
33 15
33 18
33 19
33 22
33 28
33 32
33 34
33 35
33 37
33 39
33 30
33 31
33 43
33 45
34 3
34 9
34 10
34 13
34 14
34 20
34 23
34 33
34 37
34 38
34 31
34 41
34 44
35 3
35 6
35 9
35 16
35 20
35 22
35 23
35 26
35 28
35 32
35 36
35 37
35 38
35 39
35 30
35 31
35 45
36 1
36 5
36 9
36 14
36 21
36 24
36 32
36 39
36 30
36 31
36 43
36 48
37 2
37 6
37 19
37 20
37 22
37 24
37 29
37 33
37 34
37 35
37 36
37 38
37 39
37 30
37 31
37 43
37 45
37 47
37 48
38 0
38 2
38 3
38 4
38 8
38 9
38 13
38 29
38 34
38 35
38 36
38 31
38 46
38 49
39 9
39 10
39 12
39 20
39 32
39 35
39 36
39 37
39 38
39 31
39 40
39 43
39 46
39 49
30 0
30 4
30 7
30 8
30 9
30 14
30 20
30 21
30 33
30 34
30 36
30 37
30 38
30 39
30 40
30 41
30 48
30 49
31 2
31 3
31 4
31 9
31 10
31 12
31 15
31 17
31 18
31 19
31 25
31 26
31 27
31 32
31 34
31 35
31 36
31 38
31 39
31 40
31 44
31 47
31 49
40 0
40 4
40 5
40 6
40 11
40 19
40 25
40 29
40 32
40 33
40 34
40 38
40 39
40 31
40 41
40 42
40 46
40 47
40 48
40 49
41 1
41 6
41 8
41 15
41 21
41 22
41 23
41 24
41 26
41 27
41 29
41 34
41 30
41 40
41 43
41 44
41 45
42 3
42 6
42 8
42 9
42 11
42 23
42 24
42 26
42 27
42 28
42 33
42 34
42 35
42 36
42 38
42 30
42 31
42 40
42 41
42 43
42 44
42 46
42 47
42 48
42 49
43 1
43 2
43 3
43 5
43 7
43 12
43 16
43 18
43 19
43 24
43 25
43 26
43 27
43 29
43 37
43 39
43 31
43 40
43 41
43 42
43 44
43 45
43 46
43 48
43 49
44 3
44 4
44 10
44 11
44 15
44 20
44 22
44 26
44 28
44 32
44 33
44 37
44 38
44 41
44 42
44 43
44 45
44 46
44 47
45 4
45 7
45 13
45 24
45 28
45 34
45 37
45 38
45 41
45 44
45 47
45 49
46 14
46 15
46 17
46 20
46 24
46 27
46 32
46 31
46 40
46 41
46 43
46 45
46 47
46 48
46 49
47 0
47 2
47 3
47 5
47 12
47 14
47 20
47 22
47 26
47 28
47 35
47 36
47 38
47 31
47 40
47 41
47 42
47 43
47 44
47 45
47 46
47 48
48 3
48 5
48 14
48 15
48 26
48 29
48 34
48 35
48 36
48 37
48 30
48 40
48 41
48 45
48 49
49 1
49 4
49 10
49 12
49 16
49 20
49 21
49 23
49 24
49 25
49 26
49 27
49 35
49 37
49 38
49 31
49 40
49 41
49 42
49 43
49 46
49 48
