0 1
0 2
0 3
0 5
0 6
0 7
0 8
0 9
0 10
0 12
0 13
0 17
0 22
0 25
0 27
0 33
0 35
0 42
0 44
1 0
1 2
1 3
1 5
1 9
1 11
1 12
1 14
1 15
1 17
1 18
1 20
1 21
1 24
1 25
1 34
1 39
1 43
1 44
1 47
1 49
2 0
2 1
2 7
2 9
2 10
2 15
2 16
2 17
2 18
2 21
2 23
2 26
2 27
2 28
2 29
2 31
2 40
2 41
2 42
2 44
2 49
3 0
3 1
3 2
3 4
3 5
3 6
3 7
3 10
3 12
3 13
3 16
3 17
3 22
3 26
3 27
3 33
3 36
3 38
3 31
3 43
3 49
4 0
4 1
4 2
4 3
4 5
4 8
4 9
4 13
4 18
4 28
4 35
4 39
4 31
4 45
5 0
5 1
5 2
5 3
5 4
5 7
5 9
5 12
5 13
5 19
5 21
5 22
5 26
5 27
5 34
5 36
5 30
5 41
5 43
5 44
5 46
5 47
5 48
5 49
6 0
6 1
6 3
6 5
6 8
6 9
6 13
6 15
6 16
6 19
6 21
6 23
6 32
6 33
6 35
6 30
6 42
6 43
6 44
6 49
7 1
7 3
7 4
7 5
7 9
7 17
7 18
7 19
7 25
7 34
7 38
7 45
8 2
8 4
8 5
8 7
8 9
8 14
8 26
8 29
8 33
8 37
8 30
8 42
8 49
9 1
9 2
9 4
9 5
9 6
9 7
9 8
9 12
9 20
9 24
9 28
9 32
9 34
9 35
9 38
9 40
9 48
10 1
10 4
10 13
10 14
10 15
10 16
10 17
10 18
10 19
10 20
10 21
10 24
10 25
10 32
10 36
10 37
10 38
10 40
10 42
10 43
10 46
11 0
11 1
11 2
11 4
11 5
11 13
11 15
11 16
11 17
11 18
11 19
11 20
11 21
11 24
11 26
11 32
11 34
11 39
11 40
11 42
11 43
12 4
12 6
12 10
12 11
12 13
12 14
12 15
12 16
12 17
12 18
12 19
12 22
12 24
12 27
12 28
12 33
12 34
12 31
12 41
12 43
12 47
13 1
13 10
13 14
13 15
13 17
13 18
13 20
13 22
13 25
13 28
13 29
13 32
13 33
13 35
13 30
13 31
13 40
13 42
13 45
13 49
14 1
14 2
14 4
14 9
14 12
14 13
14 15
14 16
14 17
14 22
14 23
14 33
14 36
14 38
14 30
14 42
14 45
14 49
15 4
15 6
15 10
15 11
15 12
15 14
15 17
15 18
15 20
15 25
15 27
15 38
15 30
15 31
15 44
15 47
16 0
16 1
16 2
16 3
16 4
16 5
16 6
16 9
16 10
16 11
16 13
16 14
16 15
16 18
16 20
16 23
16 27
16 32
16 42
16 44
16 45
16 49
17 1
17 5
17 6
17 11
17 16
17 18
17 19
17 20
17 23
17 26
17 38
17 30
17 46
18 3
18 4
18 7
18 8
18 9
18 10
18 12
18 14
18 16
18 17
18 19
18 26
18 35
18 36
18 41
18 48
18 49
19 0
19 3
19 6
19 8
19 10
19 13
19 17
19 18
19 24
19 25
19 28
19 29
19 36
19 37
19 44
19 45
19 46
20 3
20 5
20 7
20 10
20 13
20 14
20 16
20 17
20 21
20 23
20 24
20 25
20 26
20 27
20 32
20 34
20 35
20 36
20 37
20 39
20 30
20 48
21 12
21 14
21 16
21 20
21 22
21 24
21 25
21 26
21 27
21 29
21 32
21 43
21 45
21 48
22 7
22 10
22 11
22 12
22 13
22 14
22 20
22 21
22 23
22 25
22 26
22 28
22 29
22 33
22 36
22 31
22 49
23 0
23 1
23 4
23 9
23 16
23 20
23 21
23 22
23 24
23 25
23 26
23 32
23 34
23 37
23 38
23 39
23 41
23 47
24 5
24 8
24 13
24 15
24 17
24 18
24 21
24 22
24 25
24 26
24 27
24 28
24 29
24 33
24 30
24 42
25 0
25 1
25 7
25 8
25 16
25 22
25 24
25 26
25 27
25 28
25 32
25 33
25 38
25 39
25 40
25 42
25 45
25 46
26 1
26 4
26 6
26 10
26 19
26 20
26 21
26 22
26 23
26 24
26 25
26 28
26 29
26 32
26 33
26 34
26 37
26 31
26 48
27 0
27 1
27 10
27 15
27 17
27 20
27 22
27 26
27 29
27 31
27 40
27 42
28 1
28 3
28 7
28 9
28 11
28 12
28 18
28 20
28 22
28 23
28 24
28 26
28 27
28 29
28 35
28 36
28 38
28 39
28 31
28 43
28 48
28 49
29 3
29 4
29 7
29 11
29 14
29 16
29 17
29 18
29 19
29 20
29 22
29 25
29 26
29 27
29 28
29 34
29 35
29 37
29 42
29 47
29 49
32 7
32 8
32 14
32 18
32 19
32 21
32 25
32 27
32 28
32 29
32 34
32 37
32 38
32 39
32 31
32 40
32 43
32 48
33 1
33 4
33 7
33 17
33 18
33 19
33 26
33 32
33 34
33 35
33 36
33 37
33 38
33 39
33 30
33 43
33 46
33 49
34 3
34 4
34 5
34 6
34 10
34 15
34 16
34 21
34 24
34 28
34 29
34 32
34 35
34 36
34 38
34 30
34 31
34 42
34 44
35 2
35 9
35 12
35 13
35 21
35 22
35 24
35 26
35 27
35 32
35 33
35 36
35 37
35 38
35 31
35 42
35 43
35 44
35 45
35 46
35 47
36 1
36 2
36 5
36 6
36 7
36 8
36 14
36 15
36 20
36 21
36 25
36 26
36 27
36 29
36 32
36 35
36 37
36 38
36 30
36 42
37 6
37 7
37 10
37 11
37 12
37 14
37 18
37 19
37 20
37 28
37 32
37 33
37 34
37 35
37 36
37 38
37 39
37 31
37 41
37 42
37 46
37 49
38 0
38 3
38 11
38 15
38 20
38 22
38 26
38 27
38 28
38 32
38 33
38 35
38 36
38 39
38 31
38 40
38 45
38 48
38 49
39 4
39 5
39 6
39 8
39 9
39 16
39 17
39 18
39 20
39 21
39 33
39 36
39 37
39 38
39 30
39 31
39 42
39 47
39 48
30 1
30 6
30 9
30 10
30 19
30 20
30 32
30 35
30 37
30 39
30 45
30 49
31 1
31 2
31 7
31 8
31 9
31 11
31 21
31 26
31 28
31 33
31 34
31 38
31 39
31 30
31 42
31 43
31 44
31 47
31 48
31 49
40 4
40 10
40 17
40 24
40 32
40 30
40 41
40 42
40 43
40 44
40 45
40 47
40 48
41 3
41 5
41 8
41 12
41 13
41 15
41 17
41 22
41 23
41 24
41 25
41 35
41 40
41 43
41 44
41 46
41 47
41 48
41 49
42 4
42 14
42 17
42 21
42 26
42 27
42 28
42 32
42 34
42 40
42 43
42 44
42 45
42 46
42 47
42 49
43 4
43 5
43 6
43 10
43 11
43 19
43 20
43 23
43 27
43 29
43 32
43 34
43 36
43 41
43 44
43 46
43 48
43 49
44 0
44 1
44 3
44 4
44 5
44 6
44 12
44 13
44 15
44 20
44 24
44 25
44 26
44 27
44 29
44 33
44 35
44 39
44 42
44 43
44 47
44 48
44 49
45 1
45 3
45 5
45 6
45 12
45 13
45 14
45 17
45 24
45 26
45 29
45 32
45 34
45 38
45 40
45 42
45 44
45 46
45 47
45 48
45 49
46 1
46 2
46 3
46 4
46 5
46 8
46 10
46 11
46 13
46 17
46 21
46 26
46 28
46 35
46 40
46 42
46 43
46 44
46 45
46 49
47 8
47 10
47 11
47 16
47 20
47 25
47 26
47 28
47 29
47 33
47 37
47 40
47 41
47 42
47 44
47 45
47 46
47 49
48 1
48 3
48 5
48 8
48 10
48 15
48 17
48 23
48 34
48 39
48 31
48 42
48 43
48 44
48 45
48 46
48 47
48 49
49 5
49 10
49 22
49 32
49 36
49 40
49 41
49 44
49 45
49 46
49 47
