0 6
0 8
0 9
0 10
0 14
0 19
0 23
0 25
0 33
1 4
1 5
1 18
1 20
1 22
1 24
1 26
1 47
2 3
2 15
2 21
2 28
2 30
2 32
2 34
2 36
2 38
2 41
2 43
2 44
2 45
2 49
3 2
3 15
3 21
3 44
4 1
4 5
4 16
4 29
4 30
4 34
4 49
5 1
5 4
5 16
5 17
5 47
6 0
6 8
6 9
6 10
6 14
6 19
6 23
6 25
6 29
6 33
6 38
6 42
7 18
7 20
7 26
8 0
8 6
8 9
8 19
8 23
8 25
8 31
8 46
8 48
9 0
9 6
9 8
9 10
9 19
9 23
9 25
9 46
9 48
10 0
10 6
10 9
10 14
10 19
10 23
10 25
10 33
10 37
10 42
11 27
11 39
12 13
12 17
12 31
12 40
13 12
13 35
13 40
14 0
14 6
14 10
14 23
14 29
14 33
14 37
14 38
14 42
14 45
15 2
15 3
15 21
15 38
15 42
15 44
15 45
16 4
16 5
16 28
16 29
16 30
16 34
16 49
17 5
17 12
17 40
18 1
18 7
18 20
18 22
18 24
18 26
18 40
18 47
19 0
19 6
19 8
19 9
19 10
19 23
19 25
19 37
20 1
20 7
20 18
20 22
20 24
20 26
20 47
21 2
21 3
21 15
21 44
22 1
22 18
22 20
22 24
22 26
22 47
23 0
23 6
23 8
23 9
23 10
23 14
23 19
23 25
23 29
23 33
23 42
24 1
24 18
24 20
24 22
24 26
24 47
25 0
25 6
25 8
25 9
25 10
25 19
25 23
26 1
26 7
26 18
26 20
26 22
26 24
26 47
27 11
27 28
27 32
27 36
27 41
27 43
28 2
28 16
28 27
28 30
28 32
28 34
28 36
28 41
28 43
28 49
29 4
29 6
29 14
29 16
29 23
29 30
29 33
29 34
29 38
29 42
29 45
29 49
30 2
30 4
30 16
30 28
30 29
30 32
30 34
30 41
30 49
31 8
31 12
31 46
31 48
32 2
32 27
32 28
32 30
32 34
32 36
32 41
32 43
32 49
33 0
33 6
33 10
33 14
33 23
33 29
33 34
33 37
33 38
33 42
33 45
34 2
34 4
34 16
34 28
34 29
34 30
34 32
34 33
34 38
34 42
34 45
34 49
35 13
35 40
36 2
36 27
36 28
36 32
36 41
36 43
37 10
37 14
37 19
37 33
37 38
37 42
37 45
38 2
38 6
38 14
38 15
38 29
38 33
38 34
38 37
38 42
38 45
39 11
40 12
40 13
40 17
40 18
40 35
41 2
41 27
41 28
41 30
41 32
41 36
41 43
41 49
42 6
42 10
42 14
42 15
42 23
42 29
42 33
42 34
42 37
42 38
42 45
43 2
43 27
43 28
43 32
43 36
43 41
44 2
44 3
44 15
44 21
45 2
45 14
45 15
45 29
45 33
45 34
45 37
45 38
45 42
46 8
46 9
46 31
46 48
47 1
47 5
47 18
47 20
47 22
47 24
47 26
48 8
48 9
48 31
48 46
49 2
49 4
49 16
49 28
49 29
49 30
49 32
49 34
49 41
