0 3
0 7
0 18
0 28
0 31
0 38
0 40
0 41
1 12
1 13
1 14
1 26
1 35
1 39
1 43
1 45
1 46
2 10
2 18
2 20
2 33
2 34
2 48
3 15
3 21
3 23
3 24
3 36
3 41
4 8
4 9
4 11
4 12
4 14
4 17
4 19
4 21
4 22
4 24
4 25
4 37
4 42
4 43
4 44
5 19
5 25
5 30
6 15
6 16
6 23
6 27
6 32
6 36
6 47
7 18
7 28
7 31
7 40
8 9
8 11
8 12
8 14
8 17
8 19
8 22
8 24
8 25
8 37
8 42
8 43
8 44
9 11
9 17
9 19
9 22
9 24
9 25
9 37
9 42
9 43
9 44
10 20
10 34
10 48
11 12
11 14
11 17
11 22
11 24
11 29
11 37
11 39
11 42
11 43
11 44
11 46
12 14
12 17
12 22
12 24
12 29
12 37
12 39
12 42
12 43
12 44
12 45
12 46
13 26
13 33
13 35
13 45
14 17
14 22
14 24
14 29
14 37
14 39
14 43
14 44
14 45
14 46
15 19
15 21
15 23
15 25
15 27
15 30
15 32
15 36
15 47
16 27
16 49
17 22
17 24
17 29
17 37
17 39
17 42
17 43
17 44
18 28
18 31
18 34
18 41
19 21
19 23
19 25
19 30
19 37
19 42
19 47
20 48
21 22
21 23
21 24
21 25
21 36
21 42
21 44
21 47
22 24
22 29
22 37
22 39
22 42
22 43
22 44
22 45
23 25
23 27
23 32
23 36
23 47
24 37
24 42
24 43
24 44
25 30
25 42
25 47
26 33
26 34
26 35
27 32
27 36
28 31
28 38
28 40
28 41
29 37
29 39
29 43
29 45
29 46
30 32
30 47
31 38
31 40
31 41
32 36
32 47
33 34
33 35
34 35
34 41
34 48
35 45
36 47
37 42
37 43
37 44
38 40
38 41
39 43
39 45
39 46
42 43
42 44
43 44
43 45
45 46
