0 10
0 11
0 14
0 15
0 16
0 25
0 43
0 46
1 8
1 32
1 33
1 39
2 3
2 7
2 24
2 25
2 26
2 41
2 42
2 44
3 2
3 12
3 14
3 17
3 18
3 20
3 25
3 29
3 43
3 48
3 49
4 8
4 9
4 12
4 16
4 29
4 31
4 33
4 34
4 43
4 48
5 17
5 18
5 19
5 30
6 10
6 15
6 16
6 31
6 34
6 36
6 40
6 46
6 47
7 2
7 11
7 24
7 25
7 41
7 44
8 1
8 4
8 9
8 31
8 32
8 33
8 34
8 39
9 4
9 8
9 12
9 17
9 18
9 20
9 29
9 33
9 43
9 48
9 49
10 0
10 6
10 14
10 15
10 16
10 36
10 37
10 40
10 46
11 0
11 7
11 14
11 25
11 41
12 3
12 4
12 9
12 14
12 16
12 17
12 18
12 20
12 25
12 29
12 31
12 43
12 48
12 49
13 27
13 37
13 45
14 0
14 3
14 10
14 11
14 12
14 15
14 16
14 25
14 43
15 0
15 6
15 10
15 14
15 16
15 36
15 37
15 40
15 46
16 0
16 4
16 6
16 10
16 12
16 14
16 15
16 31
16 34
16 36
16 40
16 43
16 46
17 3
17 5
17 9
17 12
17 18
17 20
17 29
17 48
17 49
18 3
18 5
18 9
18 12
18 17
18 19
18 20
18 29
18 48
18 49
19 5
19 18
19 30
20 3
20 9
20 12
20 17
20 18
20 25
20 29
20 48
20 49
21 22
21 32
21 34
21 35
21 47
22 21
22 31
22 32
22 34
22 35
22 47
23 30
23 38
24 2
24 7
24 26
24 28
24 41
24 42
24 44
25 0
25 2
25 3
25 7
25 11
25 12
25 14
25 20
25 29
25 43
25 48
25 49
26 2
26 24
26 28
26 42
26 44
27 13
27 45
28 24
28 26
29 3
29 4
29 9
29 12
29 17
29 18
29 20
29 25
29 43
29 48
29 49
30 5
30 19
30 23
30 38
31 4
31 6
31 8
31 12
31 16
31 22
31 33
31 34
31 36
31 43
31 47
32 1
32 8
32 21
32 22
32 33
32 35
33 1
33 4
33 8
33 9
33 31
33 32
33 34
33 39
34 4
34 6
34 8
34 16
34 21
34 22
34 31
34 33
34 36
34 40
34 47
35 21
35 22
35 32
36 6
36 10
36 15
36 16
36 31
36 34
36 40
36 46
36 47
37 10
37 13
37 15
37 45
37 46
38 23
38 30
38 39
39 1
39 8
39 33
39 38
40 6
40 10
40 15
40 16
40 34
40 36
40 46
40 47
41 2
41 7
41 11
41 24
41 44
42 2
42 24
42 26
42 44
43 0
43 3
43 4
43 9
43 12
43 14
43 16
43 25
43 29
43 31
43 48
43 49
44 2
44 7
44 24
44 26
44 41
44 42
45 13
45 27
45 37
46 0
46 6
46 10
46 15
46 16
46 36
46 37
46 40
47 6
47 21
47 22
47 31
47 34
47 36
47 40
48 3
48 4
48 9
48 12
48 17
48 18
48 20
48 25
48 29
48 43
48 49
49 3
49 9
49 12
49 17
49 18
49 20
49 25
49 29
49 43
49 48
