0 2
0 6
0 8
0 10
0 19
0 29
0 41
0 45
1 4
1 16
1 24
1 37
1 40
1 48
2 0
2 6
2 8
2 10
2 12
2 19
2 29
2 45
3 11
3 15
4 1
4 7
4 17
4 24
4 25
4 26
4 37
4 38
4 40
4 44
5 7
5 9
5 21
5 22
5 23
5 25
5 28
5 30
5 34
5 42
6 0
6 2
6 8
6 10
6 19
6 26
6 35
6 44
6 45
7 4
7 5
7 25
7 26
7 37
7 38
7 40
7 44
8 0
8 2
8 6
8 10
8 19
8 29
8 41
8 45
9 5
9 18
9 21
9 23
9 25
9 30
9 31
10 0
10 2
10 6
10 8
10 19
10 29
10 41
10 45
11 3
11 15
11 33
11 36
11 41
11 47
12 2
12 29
13 16
13 24
13 27
13 32
13 43
13 49
14 17
14 20
14 27
14 32
14 33
14 35
14 36
14 38
14 40
14 44
14 46
14 47
14 49
15 3
15 11
15 33
15 36
15 46
16 1
16 13
16 17
16 24
16 27
16 32
16 37
16 40
16 43
16 49
17 4
17 14
17 16
17 20
17 27
17 32
17 33
17 35
17 38
17 40
17 44
17 46
17 47
17 49
18 9
18 37
19 0
19 2
19 6
19 8
19 10
19 35
19 41
19 45
20 14
20 17
20 26
20 27
20 32
20 33
20 35
20 36
20 38
20 40
20 44
20 46
20 47
20 49
21 5
21 9
21 23
21 25
21 30
21 31
21 34
22 5
22 25
22 28
22 34
22 42
23 5
23 9
23 21
23 25
23 30
23 31
23 34
23 42
24 1
24 4
24 13
24 16
24 37
24 40
24 48
25 4
25 5
25 7
25 9
25 21
25 22
25 23
25 28
25 30
25 34
25 42
26 4
26 6
26 7
26 20
26 28
26 35
26 38
26 44
27 13
27 14
27 16
27 17
27 20
27 32
27 33
27 40
27 43
27 46
27 49
28 5
28 22
28 25
28 26
28 34
28 42
29 0
29 2
29 8
29 10
29 12
29 45
30 5
30 9
30 21
30 23
30 25
30 31
30 34
31 9
31 21
31 23
31 30
32 13
32 14
32 16
32 17
32 20
32 27
32 33
32 38
32 40
32 43
32 46
32 49
33 11
33 14
33 15
33 17
33 20
33 27
33 32
33 35
33 36
33 44
33 46
33 47
33 49
34 5
34 21
34 22
34 23
34 25
34 28
34 30
34 42
35 6
35 14
35 17
35 19
35 20
35 26
35 33
35 36
35 38
35 41
35 44
35 46
35 47
36 11
36 14
36 15
36 20
36 33
36 35
36 41
36 44
36 46
36 47
37 1
37 4
37 7
37 16
37 18
37 24
37 40
38 4
38 7
38 14
38 17
38 20
38 26
38 32
38 35
38 40
38 44
38 47
39 48
40 1
40 4
40 7
40 14
40 16
40 17
40 20
40 24
40 27
40 32
40 37
40 38
40 44
41 0
41 8
41 10
41 11
41 19
41 35
41 36
42 5
42 22
42 23
42 25
42 28
42 34
43 13
43 16
43 27
43 32
43 49
44 4
44 6
44 7
44 14
44 17
44 20
44 26
44 33
44 35
44 36
44 38
44 40
44 47
45 0
45 2
45 6
45 8
45 10
45 19
45 29
46 14
46 15
46 17
46 20
46 27
46 32
46 33
46 35
46 36
46 47
46 49
47 11
47 14
47 17
47 20
47 33
47 35
47 36
47 38
47 44
47 46
48 1
48 24
48 39
49 13
49 14
49 16
49 17
49 20
49 27
49 32
49 33
49 43
49 46
