0 1
0 3
0 15
0 16
0 25
0 31
0 34
0 36
1 0
1 6
1 8
1 17
1 19
1 25
1 31
1 34
1 36
1 46
1 49
2 7
2 12
2 13
2 16
2 18
2 24
2 33
2 37
2 45
2 46
2 49
3 0
3 15
3 16
3 21
3 25
3 31
3 34
3 36
3 38
4 8
4 19
4 20
4 29
4 32
4 34
5 23
5 27
5 28
5 33
5 37
5 42
5 45
6 1
6 7
6 14
6 17
6 39
6 46
6 49
7 2
7 6
7 12
7 18
7 39
7 44
7 46
7 49
8 1
8 4
8 14
8 17
8 19
8 25
8 32
8 34
9 10
9 11
9 21
9 30
9 35
9 38
10 9
10 27
10 30
10 42
11 9
11 21
11 30
11 35
11 38
12 2
12 7
12 13
12 18
12 22
12 24
12 44
12 45
12 46
12 49
13 2
13 12
13 22
13 24
13 26
13 33
13 37
13 41
13 44
13 45
13 47
13 48
14 6
14 8
14 17
14 19
14 43
15 0
15 3
15 16
15 25
15 31
15 36
15 38
16 0
16 2
16 3
16 15
16 24
16 25
16 31
16 33
16 36
16 45
17 1
17 6
17 8
17 14
17 19
17 25
17 31
17 34
17 46
17 49
18 2
18 7
18 12
18 22
18 39
18 44
18 46
18 49
19 1
19 4
19 8
19 14
19 17
19 32
19 43
20 4
20 29
20 32
21 3
21 9
21 11
21 30
21 35
21 36
21 38
22 12
22 13
22 18
22 26
22 40
22 41
22 44
22 47
23 5
23 27
23 28
23 42
24 2
24 12
24 13
24 16
24 33
24 37
24 45
24 48
25 0
25 1
25 3
25 8
25 15
25 16
25 17
25 31
25 34
25 36
26 13
26 22
26 37
26 40
26 41
26 47
26 48
27 5
27 10
27 23
27 28
27 42
28 5
28 23
28 27
28 42
29 4
29 20
29 32
29 34
30 9
30 10
30 11
30 21
30 35
30 38
31 0
31 1
31 3
31 15
31 16
31 17
31 25
31 34
31 36
31 38
32 4
32 8
32 19
32 20
32 29
32 34
33 2
33 5
33 13
33 16
33 24
33 37
33 45
34 0
34 1
34 3
34 4
34 8
34 17
34 25
34 29
34 31
34 32
34 36
34 38
35 9
35 11
35 21
35 30
35 38
36 0
36 1
36 3
36 15
36 16
36 21
36 25
36 31
36 34
36 38
37 2
37 5
37 13
37 24
37 26
37 33
37 45
37 48
38 3
38 9
38 11
38 15
38 21
38 30
38 31
38 34
38 35
38 36
39 6
39 7
39 18
39 46
39 49
40 22
40 26
40 41
40 44
40 47
41 13
41 22
41 26
41 40
41 47
41 48
42 5
42 10
42 23
42 27
42 28
43 14
43 19
44 7
44 12
44 13
44 18
44 22
44 40
44 47
45 2
45 5
45 12
45 13
45 16
45 24
45 33
45 37
45 48
46 1
46 2
46 6
46 7
46 12
46 17
46 18
46 39
46 49
47 13
47 22
47 26
47 40
47 41
47 44
47 48
48 13
48 24
48 26
48 37
48 41
48 45
48 47
49 1
49 2
49 6
49 7
49 12
49 17
49 18
49 39
49 46
