0 4
0 19
0 20
0 23
0 32
0 33
0 40
0 41
0 45
1 5
1 9
1 10
1 15
1 24
1 28
1 31
1 39
1 46
2 10
2 14
2 21
2 37
2 46
3 5
3 17
3 18
3 29
3 30
3 31
3 43
4 0
4 9
4 10
4 20
4 23
4 24
4 30
4 33
4 38
4 39
4 41
4 44
4 45
4 49
5 1
5 3
5 9
5 15
5 17
5 24
5 28
5 30
5 31
5 36
5 39
6 7
6 12
6 16
6 22
6 25
6 35
6 44
7 6
7 16
7 22
7 25
8 17
8 28
8 31
8 36
8 42
9 1
9 4
9 5
9 10
9 15
9 24
9 30
9 31
9 38
9 39
9 41
9 46
9 49
10 1
10 2
10 4
10 9
10 14
10 15
10 21
10 24
10 37
10 38
10 39
10 41
10 46
10 49
11 18
11 27
11 34
11 43
12 6
12 25
12 33
12 44
12 45
13 26
13 32
13 47
14 2
14 10
14 21
14 24
14 37
14 39
14 46
14 49
15 1
15 5
15 9
15 10
15 17
15 24
15 28
15 30
15 31
15 38
15 39
15 46
16 6
16 7
16 25
16 26
16 32
16 35
17 3
17 5
17 8
17 15
17 30
17 31
17 36
17 43
18 3
18 11
18 27
18 29
18 34
18 43
18 48
19 0
19 20
19 21
19 23
19 37
19 40
20 0
20 4
20 19
20 21
20 23
20 32
20 33
20 40
20 41
20 45
20 49
21 2
21 10
21 14
21 19
21 20
21 23
21 24
21 37
21 38
21 39
21 41
21 46
21 49
22 6
22 7
22 25
23 0
23 4
23 19
23 20
23 21
23 32
23 33
23 40
23 41
23 45
23 49
24 1
24 4
24 5
24 9
24 10
24 14
24 15
24 21
24 28
24 38
24 39
24 41
24 46
24 49
25 6
25 7
25 12
25 16
25 22
25 44
26 13
26 16
26 32
26 35
26 47
27 11
27 18
27 34
27 43
27 48
28 1
28 5
28 8
28 15
28 24
28 31
29 3
29 18
29 30
29 43
30 3
30 4
30 5
30 9
30 15
30 17
30 29
30 31
30 33
30 38
30 39
31 1
31 3
31 5
31 8
31 9
31 15
31 17
31 28
31 30
31 36
32 0
32 13
32 16
32 20
32 23
32 26
32 35
32 45
32 47
33 0
33 4
33 12
33 20
33 23
33 30
33 38
33 39
33 41
33 44
33 45
34 11
34 18
34 27
34 48
35 6
35 16
35 26
35 32
35 47
36 5
36 8
36 17
36 31
36 42
37 2
37 10
37 14
37 19
37 21
37 46
37 49
38 4
38 9
38 10
38 15
38 21
38 24
38 30
38 33
38 39
38 41
38 46
38 49
39 1
39 4
39 5
39 9
39 10
39 14
39 15
39 21
39 24
39 30
39 33
39 38
39 41
39 46
39 49
40 0
40 19
40 20
40 23
41 0
41 4
41 9
41 10
41 20
41 21
41 23
41 24
41 33
41 38
41 39
41 45
41 49
42 8
42 36
43 3
43 11
43 17
43 18
43 27
43 29
44 4
44 6
44 12
44 25
44 33
44 45
45 0
45 4
45 12
45 20
45 23
45 32
45 33
45 41
45 44
46 1
46 2
46 9
46 10
46 14
46 15
46 21
46 24
46 37
46 38
46 39
46 49
47 13
47 26
47 32
47 35
48 18
48 27
48 34
49 4
49 9
49 10
49 14
49 20
49 21
49 23
49 24
49 37
49 38
49 39
49 41
49 46
