0 10
0 13
0 16
0 22
0 29
0 37
0 40
0 43
1 25
1 31
1 42
2 4
2 14
2 19
2 32
2 33
2 39
3 4
3 7
3 11
3 15
3 20
3 21
3 23
3 26
3 27
3 44
3 46
4 11
4 13
4 14
4 15
4 19
4 20
4 21
4 22
4 23
4 32
4 37
4 40
4 43
4 44
4 46
5 8
5 17
5 28
5 41
5 49
6 10
6 16
6 29
7 11
7 15
7 20
7 21
7 26
7 27
7 44
7 46
8 17
8 28
8 41
9 12
9 18
9 34
9 35
9 36
9 41
9 47
9 49
10 16
10 22
10 29
10 37
11 13
11 15
11 20
11 21
11 22
11 23
11 44
11 46
12 18
12 34
12 35
12 36
12 47
12 49
13 15
13 20
13 22
13 23
13 37
13 40
13 43
14 16
14 19
14 22
14 34
14 37
14 39
14 40
14 43
15 20
15 21
15 23
15 26
15 44
15 46
16 22
16 29
16 34
16 37
16 40
16 43
18 34
18 35
18 36
18 41
18 47
18 49
19 20
19 22
19 23
19 32
19 37
19 40
19 43
20 21
20 22
20 23
20 32
20 40
20 43
20 44
20 46
21 23
21 26
21 27
21 32
21 44
21 46
22 23
22 29
22 37
22 40
22 43
23 32
23 37
23 40
23 43
23 44
23 46
24 30
24 45
24 48
25 31
25 38
25 42
26 27
26 44
26 46
27 31
27 44
27 46
28 41
29 37
29 43
30 38
30 45
30 48
31 42
32 33
32 46
33 38
33 39
34 35
34 36
34 47
34 49
35 36
35 47
35 49
36 41
36 47
36 49
37 40
37 43
38 45
40 43
41 49
44 46
45 48
47 49
