0 34
0 35
0 41
0 44
1 9
1 17
1 22
1 28
1 42
1 43
2 6
2 11
2 14
2 19
2 21
2 25
2 26
2 29
2 33
2 40
2 47
3 5
3 7
3 12
3 13
3 20
3 23
3 30
3 31
3 36
3 37
3 38
3 46
4 8
4 9
4 16
5 3
5 7
5 13
5 20
5 23
5 24
5 30
5 31
5 36
5 37
5 38
5 45
5 46
6 2
6 11
6 19
6 25
6 26
6 29
6 33
6 40
6 47
7 3
7 5
7 12
7 13
7 20
7 23
7 27
7 30
7 31
7 36
7 37
7 38
7 46
8 4
8 9
8 11
8 16
8 19
8 40
9 1
9 4
9 8
9 16
9 28
9 43
10 14
10 18
10 21
10 27
10 38
11 2
11 6
11 8
11 19
11 26
11 33
11 40
11 47
12 3
12 7
12 13
12 23
12 37
12 46
13 3
13 5
13 7
13 12
13 15
13 20
13 23
13 24
13 30
13 31
13 36
13 37
13 46
13 49
14 2
14 10
14 21
14 25
14 26
14 29
14 33
14 47
15 13
15 20
15 24
15 30
15 31
15 34
15 35
15 44
15 49
16 4
16 8
16 9
16 28
17 1
17 22
17 39
17 42
17 43
18 10
18 27
18 36
18 37
18 38
18 45
19 2
19 6
19 8
19 11
19 26
19 33
19 40
19 47
20 3
20 5
20 7
20 13
20 15
20 24
20 30
20 31
20 36
20 37
20 46
21 2
21 10
21 14
21 25
21 26
21 29
21 33
21 47
22 1
22 17
22 35
22 39
22 41
22 42
22 43
23 3
23 5
23 7
23 12
23 13
23 30
23 36
23 37
23 38
23 46
24 5
24 13
24 15
24 20
24 30
24 31
24 34
24 49
25 2
25 6
25 14
25 21
25 26
25 29
25 33
25 40
25 47
26 2
26 6
26 11
26 14
26 19
26 21
26 25
26 29
26 33
26 40
26 47
27 7
27 10
27 18
27 36
27 37
27 38
27 45
28 1
28 9
28 16
28 43
29 2
29 6
29 14
29 21
29 25
29 26
29 33
29 47
30 3
30 5
30 7
30 13
30 15
30 20
30 23
30 24
30 31
30 36
30 37
30 46
30 49
31 3
31 5
31 7
31 13
31 15
31 20
31 24
31 30
31 34
31 46
31 49
32 48
33 2
33 6
33 11
33 14
33 19
33 21
33 25
33 26
33 29
33 40
33 47
34 0
34 15
34 24
34 31
34 35
34 44
35 0
35 15
35 22
35 34
35 42
35 44
36 3
36 5
36 7
36 13
36 18
36 20
36 23
36 27
36 30
36 37
36 38
36 45
37 3
37 5
37 7
37 12
37 13
37 18
37 20
37 23
37 27
37 30
37 36
37 38
37 45
37 46
38 3
38 5
38 7
38 10
38 18
38 23
38 27
38 36
38 37
38 45
39 17
39 22
39 41
39 42
40 2
40 6
40 8
40 11
40 19
40 25
40 26
40 33
40 47
41 0
41 22
41 39
41 44
42 1
42 17
42 22
42 35
42 39
42 43
43 1
43 9
43 17
43 22
43 28
43 42
44 0
44 15
44 34
44 35
44 41
45 5
45 18
45 27
45 36
45 37
45 38
46 3
46 5
46 7
46 12
46 13
46 20
46 23
46 30
46 31
46 37
46 49
47 2
47 6
47 11
47 14
47 19
47 21
47 25
47 26
47 29
47 33
47 40
48 32
49 13
49 15
49 24
49 30
49 31
49 46
