0 1
0 18
0 19
0 38
1 0
1 5
1 13
1 18
1 38
1 41
2 8
2 12
2 23
2 28
3 7
3 18
3 28
3 32
3 36
3 43
4 15
4 17
4 20
4 21
4 26
4 27
4 29
4 34
4 39
4 42
4 44
4 46
4 49
5 1
5 31
5 37
6 8
6 9
6 10
6 11
6 14
6 16
6 24
6 26
6 27
6 34
6 49
7 3
7 18
7 28
7 32
7 36
7 43
8 2
8 6
8 9
8 10
8 11
8 12
8 24
9 6
9 8
9 10
9 11
9 14
9 16
9 24
9 26
9 34
9 49
10 6
10 8
10 9
10 11
10 12
10 24
11 6
11 8
11 9
11 10
11 14
11 16
11 24
11 26
11 27
11 34
11 44
11 46
11 49
12 2
12 8
12 10
12 28
13 1
13 38
13 41
13 45
13 48
14 6
14 9
14 11
14 16
14 17
14 20
14 22
14 24
14 26
14 27
14 34
14 40
14 44
14 46
14 49
15 4
15 16
15 17
15 19
15 20
15 21
15 22
15 27
15 29
15 34
15 40
15 42
15 46
16 6
16 9
16 11
16 14
16 15
16 17
16 19
16 20
16 22
16 24
16 26
16 27
16 34
16 40
16 46
16 49
17 4
17 14
17 15
17 16
17 19
17 20
17 21
17 22
17 26
17 27
17 29
17 34
17 40
17 42
17 46
17 49
18 0
18 1
18 3
18 7
18 30
18 38
18 41
19 0
19 15
19 16
19 17
19 20
19 22
19 40
20 4
20 14
20 15
20 16
20 17
20 19
20 21
20 22
20 27
20 29
20 34
20 40
20 42
20 49
21 4
21 15
21 17
21 20
21 22
21 27
21 29
21 42
21 46
22 14
22 15
22 16
22 17
22 19
22 20
22 21
22 27
22 29
22 34
22 40
22 42
23 2
23 25
23 28
23 32
23 36
23 43
24 6
24 8
24 9
24 10
24 11
24 14
24 16
24 26
24 34
24 49
25 23
25 28
25 32
25 36
26 4
26 6
26 9
26 11
26 14
26 16
26 17
26 24
26 27
26 34
26 39
26 44
26 46
26 49
27 4
27 6
27 11
27 14
27 15
27 16
27 17
27 20
27 21
27 22
27 26
27 34
27 39
27 40
27 42
27 44
27 46
27 49
28 2
28 3
28 7
28 12
28 23
28 25
28 32
28 36
28 43
29 4
29 15
29 17
29 20
29 21
29 22
29 40
29 42
30 18
30 38
30 41
30 47
31 5
31 37
32 3
32 7
32 23
32 25
32 28
32 36
32 43
33 35
34 4
34 6
34 9
34 11
34 14
34 15
34 16
34 17
34 20
34 22
34 24
34 26
34 27
34 39
34 40
34 44
34 46
34 49
35 33
35 37
36 3
36 7
36 23
36 25
36 28
36 32
36 43
37 5
37 31
37 35
38 0
38 1
38 13
38 18
38 30
38 41
38 47
39 4
39 26
39 27
39 34
39 44
39 46
39 49
40 14
40 15
40 16
40 17
40 19
40 20
40 22
40 27
40 29
40 34
40 42
40 49
41 1
41 13
41 18
41 30
41 38
41 48
42 4
42 15
42 17
42 20
42 21
42 22
42 27
42 29
42 40
42 46
43 3
43 7
43 23
43 28
43 32
43 36
44 4
44 11
44 14
44 26
44 27
44 34
44 39
44 46
44 49
45 13
45 48
46 4
46 11
46 14
46 15
46 16
46 17
46 21
46 26
46 27
46 34
46 39
46 42
46 44
46 49
47 30
47 38
48 13
48 41
48 45
49 4
49 6
49 9
49 11
49 14
49 16
49 17
49 20
49 24
49 26
49 27
49 34
49 39
49 40
49 44
49 46
