0 8
0 18
0 19
0 28
0 29
0 36
0 48
0 49
1 30
1 32
2 4
2 21
2 22
2 39
2 46
3 5
3 10
3 20
3 23
3 25
3 31
3 33
3 34
3 35
3 37
3 41
4 2
4 21
4 22
4 39
4 44
4 46
5 3
5 10
5 27
5 31
5 39
6 9
6 13
6 16
6 17
6 19
6 20
6 23
6 24
6 25
6 31
6 33
7 32
8 0
8 15
8 18
8 28
8 29
8 36
8 49
9 6
9 13
9 16
9 17
9 19
9 24
9 28
9 47
9 48
10 3
10 5
10 20
10 21
10 27
10 31
10 33
11 23
11 25
11 26
11 34
11 35
11 37
11 40
11 41
12 42
12 43
12 47
12 48
13 6
13 9
13 16
13 17
13 19
13 20
13 23
13 24
13 25
13 28
14 17
14 30
14 38
14 43
14 44
14 45
14 47
15 8
15 29
15 36
16 6
16 9
16 13
16 17
16 20
16 23
16 24
16 25
16 31
16 33
17 6
17 9
17 13
17 14
17 16
17 19
17 28
17 38
17 43
17 45
17 47
17 48
18 0
18 8
18 19
18 28
18 36
18 42
18 48
18 49
19 0
19 6
19 9
19 13
19 17
19 18
19 28
19 47
19 48
19 49
20 3
20 6
20 10
20 13
20 16
20 23
20 24
20 25
20 31
20 33
20 34
20 37
21 2
21 4
21 10
21 27
21 39
21 44
21 46
22 2
22 4
22 30
22 44
22 46
23 3
23 6
23 11
23 13
23 16
23 20
23 24
23 25
23 31
23 33
23 34
23 35
23 37
23 40
23 41
24 6
24 9
24 13
24 16
24 20
24 23
24 25
24 33
24 37
25 3
25 6
25 11
25 13
25 16
25 20
25 23
25 24
25 33
25 34
25 35
25 37
25 40
25 41
26 11
26 34
26 35
26 37
26 40
26 41
27 5
27 10
27 21
27 31
27 39
28 0
28 8
28 9
28 13
28 17
28 18
28 19
28 36
28 48
28 49
29 0
29 8
29 15
29 36
30 1
30 14
30 22
30 38
30 44
30 45
31 3
31 5
31 6
31 10
31 16
31 20
31 23
31 27
31 33
32 1
32 7
33 3
33 6
33 10
33 16
33 20
33 23
33 24
33 25
33 31
34 3
34 11
34 20
34 23
34 25
34 26
34 35
34 37
34 40
34 41
35 3
35 11
35 23
35 25
35 26
35 34
35 37
35 40
35 41
36 0
36 8
36 15
36 18
36 28
36 29
36 42
36 49
37 3
37 11
37 20
37 23
37 24
37 25
37 26
37 34
37 35
37 40
37 41
38 14
38 17
38 30
38 43
38 44
38 45
38 47
39 2
39 4
39 5
39 21
39 27
39 46
40 11
40 23
40 25
40 26
40 34
40 35
40 37
40 41
41 3
41 11
41 23
41 25
41 26
41 34
41 35
41 37
41 40
42 12
42 18
42 36
42 47
42 49
43 12
43 14
43 17
43 38
43 45
43 47
43 48
44 4
44 14
44 21
44 22
44 30
44 38
44 45
45 14
45 17
45 30
45 38
45 43
45 44
46 2
46 4
46 21
46 22
46 39
47 9
47 12
47 14
47 17
47 19
47 38
47 42
47 43
47 48
48 0
48 9
48 12
48 17
48 18
48 19
48 28
48 43
48 47
48 49
49 0
49 8
49 18
49 19
49 28
49 36
49 42
49 48
