0 8
0 13
0 40
1 2
1 6
1 26
1 29
1 32
1 46
2 1
2 6
2 9
2 26
2 46
3 20
3 25
3 28
3 29
3 31
3 32
3 37
3 38
4 7
4 12
4 17
4 18
4 42
4 44
4 47
5 9
5 34
5 45
5 46
5 49
6 1
6 2
6 24
6 26
6 29
6 32
6 35
6 41
7 4
7 12
7 14
7 17
7 18
7 19
7 42
7 44
7 47
8 0
8 13
8 27
8 40
9 2
9 5
9 34
9 45
9 46
9 49
10 11
10 16
10 21
10 23
10 27
10 42
10 44
10 47
10 48
11 10
11 16
11 21
11 23
11 27
11 39
11 42
11 44
11 48
12 4
12 7
12 14
12 17
12 18
12 19
13 0
13 8
13 33
13 39
13 40
14 7
14 12
14 15
14 18
14 19
15 14
15 20
15 25
15 31
15 38
15 43
16 10
16 11
16 21
16 23
16 27
16 39
16 42
16 44
16 48
17 4
17 7
17 12
17 18
17 42
17 44
17 47
18 4
18 7
18 12
18 14
18 17
18 19
18 44
19 7
19 12
19 14
19 18
20 3
20 15
20 25
20 28
20 31
20 43
21 10
21 11
21 16
21 23
21 38
21 41
21 44
22 24
22 30
22 33
22 34
22 35
22 36
22 39
22 45
22 49
23 10
23 11
23 16
23 21
23 27
23 39
23 42
23 44
23 47
23 48
24 6
24 22
24 29
24 30
24 35
24 36
24 41
24 49
25 3
25 15
25 20
25 28
25 31
25 38
25 43
26 1
26 2
26 6
26 46
27 8
27 10
27 11
27 16
27 23
27 39
27 42
27 44
27 47
27 48
28 3
28 20
28 25
28 37
29 1
29 3
29 6
29 24
29 32
29 37
29 38
29 41
30 22
30 24
30 33
30 34
30 35
30 36
30 45
30 49
31 3
31 15
31 20
31 25
31 38
31 43
32 1
32 3
32 6
32 29
32 37
32 38
32 41
33 13
33 22
33 30
33 36
33 39
33 40
34 5
34 9
34 22
34 30
34 45
34 49
35 6
35 22
35 24
35 30
35 36
35 41
35 49
36 22
36 24
36 30
36 33
36 35
36 39
36 49
37 3
37 28
37 29
37 32
38 3
38 15
38 21
38 25
38 29
38 31
38 32
38 41
39 11
39 13
39 16
39 22
39 23
39 27
39 33
39 36
39 40
39 48
40 0
40 8
40 13
40 33
40 39
41 6
41 21
41 24
41 29
41 32
41 35
41 38
42 4
42 7
42 10
42 11
42 16
42 17
42 23
42 27
42 44
42 47
42 48
43 15
43 20
43 25
43 31
44 4
44 7
44 10
44 11
44 16
44 17
44 18
44 21
44 23
44 27
44 42
44 47
44 48
45 5
45 9
45 22
45 30
45 34
45 49
46 1
46 2
46 5
46 9
46 26
47 4
47 7
47 10
47 17
47 23
47 27
47 42
47 44
47 48
48 10
48 11
48 16
48 23
48 27
48 39
48 42
48 44
48 47
49 5
49 9
49 22
49 24
49 30
49 34
49 35
49 36
49 45
