0 3
0 5
0 7
0 9
0 13
0 16
0 28
0 34
0 39
0 41
0 42
0 48
1 10
1 11
1 12
1 14
1 17
1 21
1 22
1 30
1 38
1 43
2 5
2 15
2 18
2 24
2 29
2 37
2 39
2 40
2 47
3 0
3 9
3 13
3 16
3 28
3 34
3 39
3 41
3 48
4 6
4 7
4 13
4 29
4 35
4 40
4 41
4 42
4 48
5 0
5 2
5 7
5 13
5 16
5 18
5 24
5 29
5 37
5 39
5 40
5 41
5 42
6 4
6 35
7 0
7 4
7 5
7 13
7 16
7 24
7 29
7 35
7 37
7 40
7 41
7 42
7 48
8 19
8 26
8 34
8 44
8 49
9 0
9 3
9 12
9 16
9 21
9 39
10 1
10 11
10 12
10 14
10 17
10 21
10 23
10 38
10 43
10 45
11 1
11 10
11 14
11 17
11 22
11 27
11 30
11 43
12 1
12 9
12 10
12 14
12 17
12 21
12 38
12 39
12 47
13 0
13 3
13 4
13 5
13 7
13 16
13 25
13 29
13 35
13 40
13 41
13 42
13 48
14 1
14 10
14 11
14 12
14 17
14 21
14 22
14 30
14 38
14 43
15 2
15 18
15 24
15 31
15 47
16 0
16 3
16 5
16 7
16 9
16 13
16 25
16 28
16 39
16 41
16 42
16 48
17 1
17 10
17 11
17 12
17 14
17 21
17 22
17 38
17 43
18 2
18 5
18 15
18 24
18 29
18 37
18 40
18 41
19 8
19 28
19 34
19 44
19 46
20 33
20 36
20 43
21 1
21 9
21 10
21 12
21 14
21 17
21 38
21 39
21 47
22 1
22 11
22 14
22 17
22 27
22 30
23 10
23 43
23 45
24 2
24 5
24 7
24 15
24 18
24 29
24 37
24 39
24 40
24 41
24 42
24 47
25 13
25 16
25 28
25 34
25 46
25 48
26 8
26 27
26 44
26 49
27 11
27 22
27 26
27 30
27 49
28 0
28 3
28 16
28 19
28 25
28 34
28 46
28 48
29 2
29 4
29 5
29 7
29 13
29 18
29 24
29 37
29 40
29 41
29 42
30 1
30 11
30 14
30 22
30 27
31 15
31 32
31 47
32 31
33 20
33 36
33 43
33 45
34 0
34 3
34 8
34 19
34 25
34 28
34 44
34 46
35 4
35 6
35 7
35 13
35 42
35 48
36 20
36 33
36 43
36 45
37 2
37 5
37 7
37 18
37 24
37 29
37 40
37 41
38 1
38 10
38 12
38 14
38 17
38 21
38 47
39 0
39 2
39 3
39 5
39 9
39 12
39 16
39 21
39 24
39 41
39 47
40 2
40 4
40 5
40 7
40 13
40 18
40 24
40 29
40 37
40 41
40 42
41 0
41 3
41 4
41 5
41 7
41 13
41 16
41 18
41 24
41 29
41 37
41 39
41 40
41 42
41 48
42 0
42 4
42 5
42 7
42 13
42 16
42 24
42 29
42 35
42 40
42 41
42 48
43 1
43 10
43 11
43 14
43 17
43 20
43 23
43 33
43 36
43 45
44 8
44 19
44 26
44 34
44 49
45 10
45 23
45 33
45 36
45 43
46 19
46 25
46 28
46 34
47 2
47 12
47 15
47 21
47 24
47 31
47 38
47 39
48 0
48 3
48 4
48 7
48 13
48 16
48 25
48 28
48 35
48 41
48 42
49 8
49 26
49 27
49 44
