0 15
0 17
0 28
0 43
0 46
0 49
1 3
1 7
1 12
1 30
1 33
1 35
1 36
1 45
2 8
2 10
2 14
2 20
2 24
2 29
2 30
2 33
2 40
2 41
2 45
3 1
3 7
3 12
3 14
3 22
3 30
3 31
3 35
3 36
3 38
4 5
4 10
4 14
4 20
4 25
4 29
4 38
4 41
5 4
5 10
5 25
6 9
6 26
6 32
6 34
6 42
6 47
6 48
7 1
7 3
7 12
7 14
7 22
7 30
7 31
7 35
7 36
7 38
8 2
8 10
8 14
8 20
8 24
8 29
8 30
8 33
8 40
8 41
8 45
9 6
9 26
9 32
9 34
9 42
9 47
9 48
9 49
10 2
10 4
10 5
10 8
10 14
10 20
10 24
10 29
10 30
10 38
10 41
11 13
11 19
11 26
11 40
11 48
12 1
12 3
12 7
12 22
12 30
12 31
12 35
12 36
13 11
13 18
13 24
13 26
13 40
14 2
14 3
14 4
14 7
14 8
14 10
14 20
14 22
14 24
14 29
14 30
14 31
14 33
14 36
14 38
14 41
14 45
15 0
15 17
15 28
15 46
15 49
16 18
16 23
16 25
16 28
16 29
16 43
16 46
17 0
17 15
17 23
17 28
17 43
17 46
17 49
18 13
18 16
18 24
18 29
18 40
18 41
18 43
18 46
19 11
19 44
20 2
20 4
20 8
20 10
20 14
20 24
20 29
20 30
20 33
20 38
20 41
20 45
21 27
21 37
22 3
22 7
22 12
22 14
22 30
22 31
22 35
22 36
22 38
23 16
23 17
23 25
23 28
23 43
23 46
24 2
24 8
24 10
24 13
24 14
24 18
24 20
24 29
24 30
24 33
24 40
24 41
24 45
25 4
25 5
25 16
25 23
25 27
25 37
25 43
25 46
26 6
26 9
26 11
26 13
26 34
26 42
26 47
26 48
26 49
27 21
27 25
27 37
28 0
28 15
28 16
28 17
28 23
28 43
28 46
29 2
29 4
29 8
29 10
29 14
29 16
29 18
29 20
29 24
29 40
29 41
30 1
30 2
30 3
30 7
30 8
30 10
30 12
30 14
30 20
30 22
30 24
30 31
30 33
30 35
30 36
30 38
30 45
31 3
31 7
31 12
31 14
31 22
31 30
31 35
31 36
31 38
32 6
32 9
32 34
32 42
32 47
32 49
33 1
33 2
33 8
33 14
33 20
33 24
33 30
33 35
33 45
34 6
34 9
34 26
34 32
34 42
34 47
34 48
34 49
35 1
35 3
35 7
35 12
35 22
35 30
35 31
35 33
35 36
35 38
36 1
36 3
36 7
36 12
36 14
36 22
36 30
36 31
36 35
36 38
37 21
37 25
37 27
38 3
38 4
38 7
38 10
38 14
38 20
38 22
38 30
38 31
38 35
38 36
40 2
40 8
40 11
40 13
40 18
40 24
40 29
40 41
40 45
41 2
41 4
41 8
41 10
41 14
41 18
41 20
41 24
41 29
41 40
41 45
42 6
42 9
42 26
42 32
42 34
42 47
42 49
43 0
43 16
43 17
43 18
43 23
43 25
43 28
43 46
44 19
45 1
45 2
45 8
45 14
45 20
45 24
45 30
45 33
45 40
45 41
46 0
46 15
46 16
46 17
46 18
46 23
46 25
46 28
46 43
47 6
47 9
47 26
47 32
47 34
47 42
47 48
47 49
48 6
48 9
48 11
48 26
48 34
48 47
49 0
49 9
49 15
49 17
49 26
49 32
49 34
49 42
49 47
