0 10
0 12
0 18
0 28
0 29
0 32
0 33
0 47
1 19
1 36
1 41
1 44
1 45
2 5
2 16
2 22
2 23
2 26
2 43
2 48
3 4
3 11
3 23
3 27
3 38
3 39
3 46
3 49
4 3
4 9
4 11
4 14
4 23
4 25
4 26
4 38
4 46
5 2
5 13
5 21
5 22
5 23
5 43
5 48
6 7
6 8
6 15
6 17
6 18
6 28
6 29
6 30
6 31
6 34
6 35
7 6
7 12
7 15
7 17
7 28
7 29
7 31
7 34
7 35
7 36
8 6
8 18
8 28
8 30
8 31
8 34
9 4
9 11
9 14
9 26
9 37
9 42
10 0
10 20
10 32
10 33
10 47
11 3
11 4
11 9
11 14
11 23
11 25
11 26
11 46
12 0
12 7
12 15
12 17
12 18
12 27
12 28
12 29
12 31
12 32
12 33
12 34
12 35
12 47
13 5
13 20
13 21
13 24
13 40
13 43
13 48
14 4
14 9
14 11
14 25
14 26
14 37
15 6
15 7
15 12
15 17
15 28
15 29
15 31
15 34
15 35
15 36
16 2
16 22
16 26
16 42
17 6
17 7
17 12
17 15
17 18
17 27
17 28
17 29
17 31
17 34
17 35
18 0
18 6
18 8
18 12
18 17
18 28
18 29
18 30
18 31
18 32
18 33
18 34
18 47
19 1
19 25
19 45
19 46
20 10
20 13
20 33
20 40
21 5
21 13
21 24
21 43
21 48
22 2
22 5
22 16
22 23
22 26
22 42
23 2
23 3
23 4
23 5
23 11
23 22
23 26
23 38
23 43
23 48
24 13
24 21
24 40
25 4
25 11
25 14
25 19
25 46
26 2
26 4
26 9
26 11
26 14
26 16
26 22
26 23
26 37
26 42
27 3
27 12
27 17
27 38
27 39
28 0
28 6
28 7
28 8
28 12
28 15
28 17
28 18
28 29
28 30
28 31
28 32
28 33
28 34
28 47
29 0
29 6
29 7
29 12
29 15
29 17
29 18
29 28
29 30
29 31
29 32
29 33
29 34
29 35
29 47
30 6
30 8
30 18
30 28
30 29
30 31
30 34
31 6
31 7
31 8
31 12
31 15
31 17
31 18
31 28
31 29
31 30
31 32
31 34
31 35
31 47
32 0
32 10
32 12
32 18
32 28
32 29
32 31
32 33
32 47
33 0
33 10
33 12
33 18
33 20
33 28
33 29
33 32
33 47
34 6
34 7
34 8
34 12
34 15
34 17
34 18
34 28
34 29
34 30
34 31
34 35
35 6
35 7
35 12
35 15
35 17
35 29
35 31
35 34
35 36
36 1
36 7
36 15
36 35
36 41
36 44
36 49
37 9
37 14
37 26
37 42
38 3
38 4
38 23
38 27
38 39
38 43
38 49
39 3
39 27
39 38
39 43
40 13
40 20
40 24
40 43
40 48
41 1
41 36
41 44
41 45
42 9
42 16
42 22
42 26
42 37
43 2
43 5
43 13
43 21
43 23
43 38
43 39
43 40
43 48
44 1
44 36
44 41
44 45
45 1
45 19
45 41
45 44
45 46
46 3
46 4
46 11
46 19
46 25
46 45
46 49
47 0
47 10
47 12
47 18
47 28
47 29
47 31
47 32
47 33
48 2
48 5
48 13
48 21
48 23
48 40
48 43
49 3
49 36
49 38
49 46
