0 15
0 17
0 29
0 31
0 34
0 44
0 45
1 3
1 18
1 20
1 21
1 33
2 6
2 13
2 41
2 42
2 47
3 18
3 20
3 21
3 33
3 40
4 13
4 41
4 42
4 46
5 7
5 9
5 11
5 14
5 22
5 23
5 26
5 27
5 30
5 31
5 32
5 34
5 35
5 44
5 48
5 49
6 19
6 41
6 47
7 8
7 9
7 11
7 14
7 22
7 26
7 27
7 30
7 31
7 32
7 34
7 35
7 48
7 49
8 10
8 11
8 24
8 26
8 32
8 35
8 37
8 43
8 49
9 14
9 22
9 23
9 25
9 26
9 27
9 30
9 31
9 34
9 40
9 48
10 12
10 24
10 37
10 43
11 26
11 31
11 32
11 35
11 37
11 43
11 44
11 48
11 49
12 17
12 24
12 37
13 41
13 42
13 46
13 47
14 22
14 23
14 25
14 26
14 27
14 30
14 31
14 34
14 48
15 17
15 29
15 44
15 45
16 19
16 27
16 28
16 30
16 36
16 39
17 29
17 44
17 45
18 20
18 25
18 33
18 40
19 28
19 36
20 21
20 33
20 46
21 33
22 23
22 25
22 26
22 27
22 30
22 31
22 34
22 36
22 39
22 48
23 25
23 27
23 30
23 31
23 34
23 36
23 40
23 48
24 37
24 43
25 31
25 33
25 34
25 40
25 48
26 27
26 30
26 31
26 32
26 34
26 35
26 39
26 48
26 49
27 30
27 31
27 32
27 34
27 36
27 39
27 48
28 36
29 44
29 45
30 31
30 32
30 34
30 36
30 39
30 48
31 34
31 44
31 45
31 48
32 35
32 39
32 43
32 48
32 49
33 40
34 40
34 44
34 48
35 37
35 43
35 49
36 41
37 43
39 49
41 42
41 47
42 46
42 47
43 49
44 45
44 48
