0 9
0 20
0 24
0 31
0 35
0 37
0 49
1 17
1 25
1 31
1 35
1 38
2 8
2 9
2 16
2 24
2 26
2 30
2 47
2 48
3 15
3 18
3 21
3 32
3 36
3 40
3 42
3 44
4 8
4 10
4 16
4 21
4 29
4 30
4 34
4 37
4 43
4 48
5 15
5 18
5 25
5 31
5 32
5 35
5 36
5 37
5 44
5 49
6 8
6 10
6 13
6 16
6 22
6 26
6 28
6 29
6 30
6 39
6 45
6 46
6 47
6 48
7 17
7 19
7 38
8 9
8 10
8 13
8 16
8 26
8 29
8 30
8 34
8 48
9 12
9 20
9 24
9 26
9 48
10 16
10 29
10 30
10 34
10 43
10 45
10 48
11 12
11 27
11 33
12 20
12 24
12 27
12 41
13 14
13 16
13 22
13 23
13 26
13 28
13 30
13 39
13 45
13 46
13 47
13 48
14 22
14 23
14 28
14 39
14 46
14 47
15 18
15 21
15 32
15 36
15 40
15 42
15 44
16 29
16 30
16 34
16 48
17 19
17 25
17 38
18 21
18 32
18 35
18 36
18 37
18 40
18 42
18 44
19 38
20 24
20 41
21 32
21 34
21 36
21 37
21 40
21 42
21 44
22 23
22 28
22 45
22 46
23 26
23 28
23 39
23 46
23 47
24 49
25 31
25 35
25 38
26 39
26 46
26 47
26 48
27 33
28 39
28 45
28 46
29 30
29 34
29 43
29 45
29 48
30 34
30 43
30 45
30 48
31 35
31 37
31 49
32 34
32 35
32 36
32 37
32 40
32 42
32 44
34 37
34 44
34 49
35 36
35 37
35 44
35 49
36 37
36 40
36 42
36 44
37 42
37 44
37 49
39 46
39 47
40 42
40 44
42 44
45 46
45 48
46 47
47 48
