0 1
0 8
0 19
0 24
0 25
0 29
0 30
0 43
1 2
1 8
1 10
1 19
1 24
1 25
1 29
1 30
1 43
2 3
2 8
3 10
3 23
4 7
4 9
4 16
4 18
4 20
4 35
4 38
5 21
5 22
5 26
5 27
5 32
5 40
5 45
5 46
5 49
6 9
6 17
6 20
6 31
6 32
6 33
6 37
6 39
6 42
6 44
6 48
7 9
7 16
7 18
7 20
7 35
7 38
8 15
8 24
8 25
8 29
8 30
8 43
9 16
9 17
9 18
9 20
9 33
9 35
9 37
9 38
9 42
9 44
10 19
10 23
10 34
11 12
11 13
11 47
12 13
12 23
12 47
13 14
13 23
13 36
13 47
14 28
14 36
16 18
16 20
16 35
16 37
16 38
16 42
17 20
17 33
17 37
17 39
17 42
18 20
18 35
18 38
18 42
19 26
19 30
19 34
19 41
20 33
20 35
20 37
20 38
20 42
21 22
21 26
21 27
21 31
21 32
21 34
21 40
21 41
21 45
21 46
21 49
22 26
22 27
22 40
22 45
22 46
22 49
23 47
24 25
24 29
24 30
24 43
25 29
25 30
25 43
26 27
26 31
26 32
26 34
26 40
26 41
26 45
26 46
26 49
27 31
27 40
27 45
27 46
27 49
28 36
29 30
29 43
30 43
31 32
31 33
31 34
31 39
31 40
31 41
31 44
31 46
31 48
32 33
32 34
32 39
32 40
32 41
32 45
32 46
33 39
33 40
33 42
33 44
33 46
33 48
34 39
34 40
34 41
34 46
35 37
35 38
35 42
37 38
37 39
37 42
38 42
39 40
39 41
39 42
39 44
39 46
40 41
40 45
40 46
41 46
42 44
44 48
45 46
45 49
