0 1
0 7
0 11
0 23
0 29
1 0
1 6
1 10
1 23
1 24
1 26
1 27
1 29
1 37
1 41
2 16
2 29
2 34
2 35
2 46
3 4
3 5
3 6
3 10
3 18
3 22
3 27
3 36
3 37
3 41
3 45
3 48
4 3
4 5
4 17
4 18
4 22
4 32
4 44
4 45
5 3
5 4
5 14
5 18
5 22
5 32
5 42
5 44
5 45
6 1
6 3
6 10
6 18
6 22
6 23
6 27
6 36
6 37
6 41
6 45
7 0
7 11
7 40
7 49
8 9
8 15
8 20
8 28
8 30
8 31
8 33
8 47
9 8
9 10
9 15
9 20
9 21
9 26
9 27
9 28
9 30
9 31
9 33
9 36
9 41
9 47
9 48
10 1
10 3
10 6
10 9
10 20
10 23
10 24
10 26
10 27
10 28
10 30
10 31
10 33
10 36
10 37
10 41
10 48
11 0
11 7
11 23
12 16
12 20
12 24
12 26
12 28
13 17
13 19
13 21
13 25
13 38
13 43
14 5
14 32
14 42
15 8
15 9
15 21
15 30
15 31
15 33
15 43
15 47
16 2
16 12
16 24
16 29
16 35
16 46
17 4
17 13
17 19
17 25
17 38
17 44
18 3
18 4
18 5
18 6
18 22
18 36
18 37
18 41
18 44
18 45
18 48
19 13
19 17
19 25
19 38
20 8
20 9
20 10
20 12
20 26
20 27
20 28
20 31
20 33
20 48
21 9
21 13
21 15
21 30
21 33
21 36
21 43
21 47
21 48
22 3
22 4
22 5
22 6
22 18
22 32
22 37
22 45
22 49
23 0
23 1
23 6
23 10
23 11
23 24
23 27
23 29
23 37
24 1
24 10
24 12
24 16
24 23
24 26
24 27
24 28
24 29
24 35
24 46
25 13
25 17
25 19
25 38
26 1
26 9
26 10
26 12
26 20
26 24
26 27
26 28
26 31
26 33
26 37
26 41
26 48
27 1
27 3
27 6
27 9
27 10
27 20
27 23
27 24
27 26
27 28
27 31
27 33
27 36
27 37
27 41
27 48
28 8
28 9
28 10
28 12
28 20
28 24
28 26
28 27
28 31
28 33
28 41
28 48
29 0
29 1
29 2
29 16
29 23
29 24
29 34
29 35
29 46
30 8
30 9
30 10
30 15
30 21
30 31
30 33
30 36
30 37
30 41
30 43
30 47
30 48
31 8
31 9
31 10
31 15
31 20
31 26
31 27
31 28
31 30
31 33
31 41
31 47
31 48
32 4
32 5
32 14
32 22
32 39
32 42
32 45
32 49
33 8
33 9
33 10
33 15
33 20
33 21
33 26
33 27
33 28
33 30
33 31
33 36
33 41
33 47
33 48
34 2
34 29
34 35
34 46
35 2
35 16
35 24
35 29
35 34
35 46
36 3
36 6
36 9
36 10
36 18
36 21
36 27
36 30
36 33
36 37
36 41
36 48
37 1
37 3
37 6
37 10
37 18
37 22
37 23
37 26
37 27
37 30
37 36
37 41
37 45
37 48
38 13
38 17
38 19
38 25
38 43
39 32
39 40
39 42
39 49
40 7
40 39
40 49
41 1
41 3
41 6
41 9
41 10
41 18
41 26
41 27
41 28
41 30
41 31
41 33
41 36
41 37
41 48
42 5
42 14
42 32
42 39
43 13
43 15
43 21
43 30
43 38
44 4
44 5
44 17
44 18
45 3
45 4
45 5
45 6
45 18
45 22
45 32
45 37
45 49
46 2
46 16
46 24
46 29
46 34
46 35
47 8
47 9
47 15
47 21
47 30
47 31
47 33
48 3
48 9
48 10
48 18
48 20
48 21
48 26
48 27
48 28
48 30
48 31
48 33
48 36
48 37
48 41
49 7
49 22
49 32
49 39
49 40
49 45
