0 5
0 6
0 15
0 17
0 24
0 33
0 35
0 37
0 40
0 46
1 3
1 7
1 14
1 21
1 28
1 29
1 32
1 39
1 44
2 16
2 31
2 41
2 42
2 43
2 49
3 7
3 14
3 39
4 39
4 45
5 18
5 19
5 22
5 24
5 26
5 27
5 33
5 34
5 35
5 37
5 40
5 44
6 10
6 15
6 17
6 40
6 46
7 14
7 21
7 28
7 29
7 32
7 39
8 14
8 23
8 38
9 19
9 20
9 25
9 30
9 45
9 47
10 11
10 17
10 46
11 12
11 13
11 17
11 23
11 33
11 40
12 13
12 14
12 21
12 22
12 23
12 29
12 33
12 37
13 21
13 22
13 23
13 33
13 37
14 21
14 23
14 38
15 17
15 40
15 46
16 31
16 36
16 41
16 42
16 43
16 49
17 24
17 33
17 37
17 40
17 46
18 19
18 20
18 22
18 26
18 27
18 34
18 37
18 44
19 20
19 22
19 28
19 29
19 34
19 44
19 45
20 25
20 34
20 44
20 45
20 47
21 22
21 23
21 29
21 33
21 34
21 44
22 23
22 29
22 33
22 34
22 37
22 44
23 33
23 38
24 26
24 27
24 33
24 35
24 37
24 40
24 48
25 30
25 45
25 47
26 27
26 35
26 36
26 48
26 49
27 35
27 36
27 37
27 48
27 49
28 29
28 32
28 39
28 44
28 45
29 32
29 34
29 39
29 44
30 47
31 41
31 42
31 43
31 49
32 39
32 44
32 45
33 37
33 40
34 37
34 44
35 36
35 37
35 40
35 48
36 43
36 48
36 49
37 40
41 42
41 43
42 43
42 49
43 49
45 47
48 49
