0 3
0 11
0 17
0 19
0 20
0 39
0 41
0 44
0 48
1 7
1 9
1 12
1 13
1 14
1 35
1 37
1 42
1 46
2 16
2 34
2 47
3 0
3 11
3 12
3 13
3 20
3 35
3 37
3 39
3 44
3 48
4 16
4 47
5 6
5 8
5 22
5 23
5 28
5 29
5 31
5 33
5 40
5 49
6 5
6 8
6 23
6 28
6 29
6 31
6 33
6 40
6 49
7 1
7 9
7 12
7 13
7 35
7 46
8 5
8 6
8 22
8 23
8 28
8 29
8 31
8 32
8 33
8 40
8 49
9 1
9 7
9 12
9 13
9 14
9 35
9 37
9 42
9 46
10 11
10 18
10 25
10 28
10 36
10 38
10 39
11 0
11 3
11 10
11 19
11 38
11 39
11 41
11 44
11 48
12 1
12 3
12 7
12 9
12 13
12 14
12 20
12 35
12 37
12 46
12 48
13 1
13 3
13 7
13 9
13 12
13 14
13 35
13 37
13 46
14 1
14 9
14 12
14 13
14 35
14 37
14 42
14 46
15 22
15 32
16 2
16 4
16 34
16 47
17 0
17 19
17 27
17 38
17 41
17 43
17 45
18 10
18 28
18 40
19 0
19 11
19 17
19 38
19 41
19 43
19 44
19 45
20 0
20 3
20 12
20 37
20 44
20 48
21 26
21 27
21 34
21 38
21 41
21 43
22 5
22 8
22 15
22 23
22 25
22 28
22 31
22 32
22 33
22 40
22 49
23 5
23 6
23 8
23 22
23 29
23 31
23 33
24 30
25 10
25 22
25 28
25 32
25 33
25 36
25 40
26 21
26 27
26 34
26 47
27 17
27 21
27 26
27 38
27 41
27 43
27 45
28 5
28 6
28 8
28 10
28 18
28 22
28 25
28 31
28 33
28 36
28 40
28 49
29 5
29 6
29 8
29 23
29 31
29 49
30 24
31 5
31 6
31 8
31 22
31 23
31 28
31 29
31 33
31 40
31 49
32 8
32 15
32 22
32 25
32 33
32 36
32 40
33 5
33 6
33 8
33 22
33 23
33 25
33 28
33 31
33 32
33 40
33 49
34 2
34 16
34 21
34 26
34 47
35 1
35 3
35 7
35 9
35 12
35 13
35 14
35 36
35 37
35 46
36 10
36 25
36 28
36 32
36 35
36 39
36 40
37 1
37 3
37 9
37 12
37 13
37 14
37 20
37 35
37 46
37 48
38 10
38 11
38 17
38 19
38 21
38 27
38 39
38 41
38 43
39 0
39 3
39 10
39 11
39 36
39 38
39 41
39 44
40 5
40 6
40 8
40 18
40 22
40 25
40 28
40 31
40 32
40 33
40 36
40 49
41 0
41 11
41 17
41 19
41 21
41 27
41 38
41 39
41 43
41 45
42 1
42 9
42 14
43 17
43 19
43 21
43 27
43 38
43 41
43 45
44 0
44 3
44 11
44 19
44 20
44 39
44 48
45 17
45 19
45 27
45 41
45 43
46 1
46 7
46 9
46 12
46 13
46 14
46 35
46 37
47 2
47 4
47 16
47 26
47 34
48 0
48 3
48 11
48 12
48 20
48 37
48 44
49 5
49 6
49 8
49 22
49 28
49 29
49 31
49 33
49 40
