0 3
0 6
0 7
0 25
0 26
0 30
0 33
0 43
0 48
1 2
1 15
1 19
1 26
1 36
2 1
2 15
2 24
2 26
2 36
3 0
3 7
3 25
3 26
3 30
3 33
3 36
3 43
3 48
4 8
4 9
4 10
4 11
4 14
4 16
4 17
4 20
4 21
4 23
4 27
4 32
4 45
4 46
5 13
5 29
5 34
6 0
6 7
6 28
6 30
6 31
6 33
6 39
6 43
6 44
6 47
6 48
7 0
7 3
7 6
7 25
7 30
7 33
7 43
7 48
8 4
8 9
8 10
8 11
8 14
8 16
8 17
8 20
8 27
8 32
8 45
8 46
9 4
9 8
9 11
9 14
9 16
9 20
9 21
9 23
9 27
9 32
9 45
9 46
10 4
10 8
10 16
10 17
10 27
10 32
10 45
10 46
11 4
11 8
11 9
11 14
11 16
11 18
11 20
11 27
11 38
11 45
12 15
12 40
13 5
13 29
13 34
14 4
14 8
14 9
14 11
14 16
14 18
14 20
14 27
14 38
14 45
15 1
15 2
15 12
15 19
15 22
15 37
15 40
15 41
16 4
16 8
16 9
16 10
16 11
16 14
16 17
16 20
16 21
16 23
16 27
16 32
16 45
16 46
17 4
17 8
17 10
17 16
17 27
17 32
17 45
17 46
18 11
18 14
18 38
19 1
19 15
19 22
19 37
19 41
20 4
20 8
20 9
20 11
20 14
20 16
20 27
20 38
20 45
21 4
21 9
21 16
21 23
21 42
21 45
21 49
22 15
22 19
22 34
22 37
22 41
23 4
23 9
23 16
23 21
23 42
23 45
23 49
24 2
24 35
25 0
25 3
25 7
25 26
25 33
25 36
25 43
26 0
26 1
26 2
26 3
26 25
26 33
26 36
26 42
26 48
26 49
27 4
27 8
27 9
27 10
27 11
27 14
27 16
27 17
27 20
27 32
27 45
27 46
28 6
28 30
28 31
28 39
28 44
28 47
28 48
28 49
29 5
29 13
29 34
30 0
30 3
30 6
30 7
30 28
30 31
30 33
30 43
30 47
31 6
31 28
31 30
31 39
31 47
32 4
32 8
32 9
32 10
32 16
32 17
32 27
32 45
32 46
33 0
33 3
33 6
33 7
33 25
33 26
33 30
33 36
33 43
33 48
34 5
34 13
34 22
34 29
34 41
35 24
35 40
36 1
36 2
36 3
36 25
36 26
36 33
37 15
37 19
37 22
37 41
38 11
38 14
38 18
38 20
39 6
39 28
39 31
39 44
39 47
39 48
39 49
40 12
40 15
40 35
41 15
41 19
41 22
41 34
41 37
42 21
42 23
42 26
42 48
42 49
43 0
43 3
43 6
43 7
43 25
43 30
43 33
44 6
44 28
44 39
44 47
44 48
44 49
45 4
45 8
45 9
45 10
45 11
45 14
45 16
45 17
45 20
45 21
45 23
45 27
45 32
45 46
46 4
46 8
46 9
46 10
46 16
46 17
46 27
46 32
46 45
47 6
47 28
47 30
47 31
47 39
47 44
48 0
48 3
48 6
48 7
48 26
48 28
48 33
48 39
48 42
48 44
48 49
49 21
49 23
49 26
49 28
49 39
49 42
49 44
49 48
