0,0.16184760859279118,0.7007683196653302
1,-0.29845814400295523,0.4050634281390238
3,0.17209289616154097,-0.2756512232814513
5,-0.3960073448988916,0.6415704463396772
10,0.6196735063893775,0.3845950564759097
13,0.41012511443609023,0.2069888778512303
15,0.8453185115325682,0.25940104720684887
16,0.739011642428327,0.5002377210209028
17,8.512506084895074e-05,0.5183369651620156
19,0.9596939188757277,0.04941512454080244
23,0.34006803628482396,0.8900774637258585
24,0.20170566766174564,-0.5906352277062182
36,-0.8304582156010404,-0.020369330772516007
37,-0.049769603888384556,0.36802379439239147
42,-0.6026770454536877,0.5387935248537773
48,-0.6631079428153316,-0.4123200572242527
49,-0.8771294396969568,0.3526811214606511
2,-1.0,0.13648718200791476
4,-0.1546637515111877,0.8335293853746435
8,0.6644146887790437,-0.05321168650656418
12,0.974220163792822,-0.09912918632919783
20,0.07866292037248902,0.8378482747281055
32,-0.25539690347734456,-0.4749036989879864
27,0.02505673894339467,-0.6448182021857843
31,0.20899128510852336,0.042805506455992445
39,-0.36220936333122516,0.8416159175195158
44,-0.5927732617836223,0.28852204107439466
46,-0.36901133176266626,-0.3282924798128551
9,0.44159330880861286,-0.7669184059868467
11,0.02473736378713522,-0.41769222915789234
33,-0.2386882795684676,0.003451829563087779
25,-0.6617860051428559,-0.6707926281209892
40,-0.7350535825611877,0.6833261372043926
41,-0.8623653384171572,-0.27533624355875974
43,-0.4944672080712959,-0.6216541570043326
47,-0.20671474230119113,0.18145705740688092
7,0.7400078774995593,-0.6568091299825517
26,-0.043712278938376564,-0.9655804600603514
38,-0.5979551267612485,0.04644196912639796
14,0.07323651380296939,0.07448576927379154
21,0.3289857425446892,0.39252365930398686
35,-0.6412613267808479,-0.24992670508080178
29,0.5575223939375501,-0.28592510848122166
22,0.41339626967059007,-0.1374475801790659
34,-0.33086498445023355,-0.9925144596878615
6,0.9136120915521981,-0.4131556704082721
28,0.35156087399036773,-0.9505588721631473
18,0.8241073169613651,0.7526467276791049
30,0.4008409743958655,-0.44998800154034524
45,-0.20603733015485992,-0.17746360333336292
