input_data/irreg_block_graphs_0.75g_0.25ng/graph_sample_1 0.6201257705688477
0,0.13832117021796864,-0.7859905760561684
2,0.12216771574412971,-0.11170759198562487
3,0.6138501304934265,0.2042822597884232
4,0.5450834185670553,-0.7950338378587801
5,0.7359709184726896,-0.39563166901556424
6,-0.7591610213201663,0.40968594455003826
8,-0.34974198582090027,0.4836523979287344
10,-0.7975977956731239,-0.055452388098807495
13,-0.5648752018460939,0.17127820236435667
17,-0.18349593498236585,0.08502275942165415
18,-0.37816340568043266,-0.03788352231078385
24,-0.2877224409507063,-0.2809927947094006
26,0.7170080261589313,-0.7187852227235739
28,0.7280705982603615,-0.48941862791948715
47,-0.21731868828969717,0.3054747329822126
1,0.4463451000120511,0.4690517419097073
19,-0.8593793170933733,0.24927524857125144
21,-0.5053677099957434,0.56997263305496
22,-0.012705449678630227,-0.4316061356606851
31,0.2531038944279712,0.22684743097383692
36,0.048180513991181666,0.9160380590269964
44,-0.09780481768629867,0.9121564135761087
45,0.3169880988268055,0.0789763447097844
46,-0.38962234396328377,0.845080314661166
48,0.5677668856228967,0.7594237401476769
9,-1.0,-0.007857444719063234
11,-0.3840261577591299,-0.4936734865695029
16,-0.6005467435281183,-0.4580317260056584
32,0.38853043872112214,-0.21635498927192992
34,0.15713176282668678,-0.5372393567036524
27,0.3038615408557947,-0.6978091629826517
30,-0.26919547519436954,-0.7357156701068428
39,-0.16613917749410953,0.6248738574082133
20,-0.014165643039337327,-0.8258016813861689
33,-0.4427427958691257,0.1745671562187244
40,0.48560949363164324,-0.047107090205452555
7,0.12719001995118723,-0.34197172871417886
23,-0.5774017099780048,-0.7325418276843111
25,0.8677596664570505,-0.09680759550665514
14,-0.2479471016418709,-0.6383320592487562
15,-0.7668627794269736,-0.2604823466073179
35,0.8115389816911304,0.12039094791743427
42,0.3147406495350884,0.47905688281656794
43,0.7011576663948422,0.46631310455474306
49,0.06746270362736213,0.25765837635035016
29,-0.024824474054035983,0.021281025878517306
38,0.1976608978590612,0.6860563825022844
12,-0.8582697216338949,-0.5467332197812276
41,0.8791754343932467,0.3166199925418443
37,0.2204021658601012,0.9059258019766586
