0,0.0799266383849468,0.6207224867881582
1,-0.2902425744985847,0.7515619859622339
4,-0.028894086093419372,0.9451093921144627
8,0.05282412643424657,0.35434168959155365
20,0.9463235658100514,0.2447586807842586
33,-0.9093633646478031,-0.294709787307106
34,-0.5201662278357089,0.2556457336665026
26,-0.4669124750354072,0.027963616270787233
47,0.6565403851458961,-0.32857128367709165
49,0.6598691060680134,0.06809211346304532
2,-0.5852753469383996,0.7555945118090578
3,-0.5087692397300319,0.40268229996213184
6,0.6482459402489876,-0.1265486956195
7,0.3751355252715275,0.6597541755922247
10,-0.25983340666233373,0.26478641317633816
11,0.1986656465275369,0.04739423719033494
12,0.20259293640494386,0.7842488987207642
14,0.5398479992722083,0.6869834697864339
16,-0.003496977411412022,0.07836181410919821
25,-0.2764682081884686,0.37818078030267993
30,-0.8123945176900506,0.04366357954797207
45,0.35781264650072026,-0.21790976896479602
5,-0.4717048936618494,-0.14403136661356414
19,-0.04145798742940297,0.5119133887525056
35,-0.36930787432605733,-0.425155457606182
24,-0.7281011045128591,0.4550655569432223
28,-1.0,0.15995037350727556
37,0.3048035272895339,0.3366996080765137
38,-0.2220007078702513,-0.05140930098876492
40,-0.017754420031556434,-0.6195057794116485
46,-0.13488556317605727,-0.43136751929710654
23,-0.06626776170575849,-0.31067977785381046
41,0.07158260291012693,-0.12196786385133382
43,-0.0582082999698552,-0.8190286944465587
44,-0.34752669612707815,-0.7887752168377938
13,0.6490032059572215,0.2989551155272829
22,0.3015316457947626,0.21648737272851684
29,-0.7435169658723488,-0.20860364970761863
31,-0.6331762891663679,-0.44026716897367857
15,0.2791402633283745,-0.37027497935478165
17,0.5591013153190854,0.02533338512763041
32,-0.5951300008367405,-0.7012046537554965
39,0.4503372342822673,-0.7116810140031476
48,0.23720513414701236,-0.7935976232006386
42,0.6252908812634158,-0.5469732320793854
9,0.4518777177625184,-0.46759934658388697
21,0.9027458582236416,-0.17888445753724194
36,0.17883342902283986,-0.5845431693641934
18,0.6050239438914078,0.5309956609394093
27,-0.2434062858434836,-0.22195653340516883
