input_data/irreg_block_graphs_0.75g_0.25ng/graph_sample_33 0.3297994136810303
0,0.6742538442836038,0.43193347840519375
2,-0.320659836574063,-0.21763942496447225
3,0.2632944184172955,-0.09732209240908542
4,0.3077876804288229,0.2641539554199657
5,-0.15840344761376945,0.6169012751146146
8,0.5742047565399355,0.5702110378070785
9,0.5827908754562243,-0.12605336493517014
10,-0.005477083204916189,0.7322166027435169
12,0.8198155518843702,0.26527757690562304
13,0.04148292014048974,-0.31699506645087583
14,0.036903910430129465,0.11353000670514198
16,0.2586881076626543,0.7885368594978637
19,-0.02876202462817369,0.4420057218158158
22,-0.0780746413952653,0.86526059238243
23,0.4505061314639206,0.7929280204909478
34,-0.40180969345510376,0.024337368388516845
35,-0.6550347621356107,0.34987567344380244
43,0.5308034601792858,-0.30631199990705954
46,0.286826401069295,-0.5734588948286231
1,-0.2342504080862051,0.29886162760211393
7,-0.1491658453563338,-0.769617178387237
18,-0.4798825337758395,0.8827022400743525
24,-1.0,0.3320272231065983
26,-0.6043369344407167,0.6281330054516794
29,-0.13622325826741238,-0.19802805266836918
30,-0.45417874471084735,0.33667183218483276
38,-0.4249445393896002,-0.2649523090795097
42,-0.2924052794689334,-0.5859710927781102
47,0.6055572745888319,-0.5932465086460148
48,-0.29843311597100064,-0.8528488245340254
49,0.08526712817406495,-0.881557320345244
17,0.4795962556189848,0.3807344897406644
20,0.36677358935632365,0.02602963806507307
32,-0.9323821403276389,0.059622052566972436
25,-0.3553660828003057,-0.46480706225771107
28,-0.9053305044289851,-0.5101407904817297
39,0.5051658895205962,-0.8531670703410006
40,0.10123328083367443,-0.14696066256294202
15,-0.10558871929783285,0.11630281406275196
27,-0.6753419405966931,-0.1400064220579444
44,-0.554700143785527,-0.5009951079281112
6,0.8385355555341323,0.10459104871418691
33,-0.32317383744817607,0.5148549929187561
31,-0.614906255122732,0.084670923276677
37,0.040243667232324455,-0.640923457797577
45,0.4151658574578605,-0.3445217050389837
11,0.18817506774429626,0.39575923575397154
21,0.7028049649648872,0.08699928368693224
36,0.7581976821949021,-0.36272913466233225
41,0.274757501104776,-0.756875033263946
