0,0.8967300211659909,0.4439733891650993
1,0.23354722823529928,0.9319807664192805
3,0.2525516161602459,0.6466073311892786
4,-0.22999328581680648,0.38781045750728227
5,0.5245791643822203,0.6089552528123671
15,-0.5945949100335126,0.6045369033848998
20,0.01774298643455049,0.26897386764679904
29,0.42414149395413014,-0.4635628518730435
37,0.6255881659472063,0.4406754351660496
38,0.16949673248084784,0.3632713381023233
43,0.4106727224831213,0.5125837749816274
45,0.7584696757978442,-0.45517637624315976
2,-0.23486110846947644,1.0
21,-0.5266745713612851,0.839469629091086
25,0.8063204502038784,-0.22740368243103418
36,0.4313744331357311,-0.2590147357782802
48,0.6398192194031898,-0.016397191132912665
17,-0.8709517148459676,0.04744838073951277
18,-0.28355359571537875,0.6669552542293729
19,0.030740080411730816,0.7964335371671815
35,-0.25969770389897767,-0.21319688054325514
26,-0.021155613067051358,0.4633756521142449
39,-0.31056003659057796,0.04253268947746967
40,-0.3519113431119439,0.3105563306587191
10,-0.4955141306600431,-0.11353369102386787
14,-0.7583946053464964,0.46754188964194926
22,-0.8361774562543776,-0.1668672076636656
28,0.36746890784204905,-0.6613162026003585
7,0.020604221619100735,-0.9753207958499907
11,0.08680939974779339,-0.6230431962881199
12,-0.7103212985932204,-0.7102115978773658
16,-0.7077268100240041,0.23630198914900735
32,0.3813089309099018,-0.08960734709059309
27,-0.06465342903648542,-0.36986015774182085
30,-0.27922408535509974,-0.4837696961796484
41,0.6374320624287486,-0.6013185881044026
46,0.42054175846178765,0.21952856225446105
8,-0.08069275312532408,0.02508177741834462
9,-0.7144286495676192,-0.4359687489162019
44,0.16388683420308067,-0.3089421860290218
6,-0.46213105442364294,-0.6826297582203718
13,-0.44554917632960683,-0.9529178582488982
33,-0.5045143572084921,-0.297064995821066
34,0.031248161337778704,-0.19880192285651346
24,-0.05307234211932586,-0.6950730701298423
42,0.736102044864471,0.20944103539439812
49,0.1396910900231975,0.03319807788946647
23,-0.5372082050132466,0.176995547512858
31,0.8817576072580229,0.045035361839660074
47,0.24493722707604432,-0.7882654923093052
