input_data/irreg_block_graphs_0.75g_0.25ng/graph_sample_39 0.5529663562774658
0,-0.30037108647756816,0.5878377259390358
1,-0.3620477611638659,0.7549858215796814
2,-0.6168675676005194,0.6153506690129522
3,-0.7009324073756554,0.07582753739423603
5,0.30101752930431336,0.10855292476031785
7,-0.2469653425717172,-0.255658991786572
9,-0.6994101293927752,-0.1554574084708972
14,0.8503817955546856,0.3929795225231643
35,0.006289358627810507,0.3032685314905504
24,0.32366182586793474,0.30856662651487043
27,0.5254153572956398,0.6742622217011401
48,0.043968697671155084,-0.8406957950173042
4,0.1646019256521255,0.8074710993639419
6,-0.6862674491763695,0.406566797371005
13,-0.5755695364546064,-0.3334966054020504
17,0.603847026480451,0.34448645825851104
19,0.41544552055019685,0.7649096755027377
23,0.7575965779344022,0.7096161887820682
37,-0.7829269668888966,-0.0848399532679298
43,-0.6008761225964192,0.18459890313605312
12,-0.8251786886248591,0.32580662187809317
16,0.1580660756027023,0.5708150232174611
21,-0.13140421617626463,0.6549732083840932
26,-0.12103179747074537,-0.05040516145953042
38,-0.2999163912590249,0.12240876117042539
41,-0.5365345773048215,-0.705061484734637
42,-0.8792592478629758,-0.3535371887263292
49,-0.3223478313273523,-0.8107401492746323
8,0.12445920119609134,0.059792459804794536
33,-0.18553079191234548,0.40914991582804183
30,0.044590548957708045,-0.3301027469136193
40,-0.36006278869470665,-0.09955855127217797
44,0.1272531755461589,-0.16365462568933695
15,0.027999709582863012,1.0
29,0.6422157058734398,-0.12414771457349111
31,0.5706749026946432,-0.2576330748669829
46,-0.1303445669769915,-0.5305580913380213
11,-0.09905779350556403,-0.8538904365523307
25,0.50134024607661,-0.5864756976346682
28,0.36102616786310865,-0.3740853485258521
10,0.265402280615308,-0.7944714750789355
18,0.13776025832856068,0.24922960589184642
20,0.8937807544752518,-0.001881236598014177
39,-0.6576446383787767,-0.5861543329736355
47,-0.3060153995144537,-0.5235259077598547
32,0.7243250455119232,-0.49468785119126074
34,0.8586352124691524,-0.17606689864103262
22,0.6229890683394776,0.14099152723309777
45,0.19168004243574766,-0.445482600667093
36,0.18213908819981336,-0.6401784983219307
