input_data/irreg_block_graphs_0.75g_0.25ng/graph_sample_9 0.5461935997009277
0,0.3480579794409683,0.6047192895235985
1,-0.5286282858608792,0.6966789907661912
2,0.7064283984366776,0.48490340857589387
4,-0.2626369066044301,0.7605252087170903
5,0.6596500007577375,-0.018975329241206602
7,0.42108885762638093,0.09543738830957851
8,0.731463154270114,-0.2376715950974873
9,1.0,-0.11580186596871711
11,0.27271603621741974,0.2886290139117214
12,0.885491838877857,0.16529418688190992
17,-0.6910496863971674,0.453463190141971
19,-0.06429326462521112,0.2527790584231092
35,-0.04723922348334467,0.6265098307648717
31,-0.27154104355077224,0.49482652351642936
41,-0.17159662670603834,-0.05764808377422445
42,0.041140684796446135,-0.22572376968123495
48,-0.550275530503705,-0.06051817694804014
3,-0.6411157238819933,0.21511561149845326
16,-0.9646965398638009,0.034637267244881594
18,-0.5759092355249941,-0.4166031107621808
21,-0.1447039907203475,0.9227237393589616
33,-0.5333033786421884,0.5200713607554535
26,0.35572228318778176,0.8082184451835539
30,0.09830983139116974,0.4180046385757405
39,-0.6972443987489368,0.1431769514949635
43,-0.24442248744935716,-0.27869630933325246
20,0.44458224035871025,0.3379257347552072
45,-0.0019757962672619623,-0.6280843538294415
47,-0.31146790766213184,-0.5678516485078824
23,0.20043444553574338,-0.17997417675057215
25,0.21555865933160936,-0.45447588870893973
37,-0.8039261222917511,-0.3998936535494584
46,0.09255527587090845,-0.4099521603657463
14,-0.3207629473324552,-0.41346481250531464
28,0.024383890468031813,0.08989453622358862
13,0.5540060011450122,-0.40037403588253534
34,0.7314886477323432,0.21792983947041072
36,-0.14793350730083232,-0.8313648009163673
38,0.13061318423124874,-0.781938243213179
6,0.7235248175619045,-0.7566181419965022
10,0.4156964157983536,-0.7681317200772788
40,-0.9666023691833526,-0.1889167573056052
24,-0.41077368288463184,0.08460917305052809
22,0.3495385360938348,-0.12537663593703488
15,-0.3064138273461338,0.20341076513022485
27,0.6034373282895411,-0.5263526924646793
44,-0.44484018227443556,-0.8907778448284417
29,0.6009315907431136,0.6606601800863169
32,0.18116195144550118,0.8347712944729287
49,-0.6846293845022561,-0.6797298191882549
