0,0.5488458436632748,0.3641167104599775
2,0.15363248332619647,0.29103675416272207
3,0.3620574521742767,-0.6546417912374759
5,0.21275783378082247,-0.4092927662345153
6,-0.1918152394618628,0.6928166537390646
8,-0.21433976581724035,0.4575412586089986
14,0.07688263716828032,-0.17821613638874703
17,0.49380677525350486,0.026755799586074713
21,0.0002190201127371047,0.3651291379705528
32,0.09278093447105004,0.10881643020407163
33,0.6905689110093696,0.700769874797992
24,0.16068329982802804,0.6613413460169039
25,0.5062378009770154,-0.3791123850685602
29,0.3692851450553026,0.057808532993773455
38,-0.7058829880052802,0.19164924327383012
43,-0.17333133535313391,-0.42925498108571447
44,-0.4356942207062814,0.16859678902399397
46,-0.12070889165144877,0.030504972186571076
1,-0.22042028521182414,0.901265688819865
4,-0.24161632726966997,-0.24536625862241235
7,-0.7482842242801175,0.40680589341123014
19,-0.5642992846121568,0.4961167383875102
30,0.655117865721747,0.47082174196083715
39,-0.7010303600793885,0.04599214874611093
41,-0.42002777278256365,-0.12859206220332062
45,-0.4560879359283638,0.5023907978603439
9,-0.2585077866901983,0.2710762637884197
11,-0.6938807210244645,-0.5668044071396544
16,0.7660777590864326,-0.16767249646663576
22,0.31868772142778123,0.41727138407182224
26,0.6586010209137143,-0.07355538327975528
28,0.06429133071127376,-0.2900156758460846
31,0.18343338336770434,-0.6815172251149327
48,-0.4368540834785606,-0.3952386791640665
10,-2.2574575425079433e-05,0.6053560379725679
23,0.757693740458997,0.05891920759570304
27,0.938222239748537,-0.37839335089197285
49,-0.6311405960227632,-0.41797564307709634
12,-0.17232861594829002,-0.617597199535956
20,0.0786957692658632,-0.6276232048938378
35,0.6784294862964403,0.25671626339773984
37,0.08292952199977019,-0.009939138252657485
13,-0.3304226655799143,0.03476099843644538
34,0.33355538558285436,0.6608700373387584
42,-1.0,-0.2761059856937467
18,0.4220368074507352,-0.21429930087109314
40,-0.7219786471516886,-0.19108824647316175
47,-0.5021056145395888,-0.6521374390940032
15,0.432411733157325,-0.5196650208209209
36,-0.09716196583880896,-0.7411419273555584
