0,0.2516358875996936,0.612445126096588
1,0.7727204469221471,0.03339900646384042
2,0.4306190380525011,0.1934650342638441
3,-0.07297276199871118,0.4661765641075164
4,0.8861650002503576,0.42837865453009366
5,-0.3495887632606442,0.7822941587412461
6,-0.36912408128995494,-0.2767519704387877
7,-0.908997865712072,-0.26979740816205916
10,0.6017949870794519,-0.1539188480218116
15,0.07162530477884262,0.08566204035971013
18,-0.09669896974218868,-0.34869527296308495
23,0.5766967428204847,-0.7899797793245432
32,0.39337899301743856,-0.09612159396399471
27,-0.5580038753706951,0.3772688505510186
28,-0.6463025836344727,-0.2364892737599669
36,-0.5848059309104437,0.7804420460788138
37,0.6058570839523605,0.3970242515868363
38,0.5517079672713432,0.6249839805261618
39,0.004598498554268387,0.30846865136182045
43,0.3401517108284618,0.261909176581211
47,0.38556791849495237,0.7564216819875464
48,-0.42238082823724676,0.09389717342950842
49,0.07536214873107833,0.7280893238490547
13,0.007888982249916209,-0.8118378158622843
19,0.22847089694405212,-1.0
24,-0.3826647930983169,0.5665345916490082
31,-0.17729356699671447,-0.6698505253429949
42,-0.635510600973713,0.14854579171874108
45,-0.2073254154427926,0.5563862003412638
11,0.12797938528530117,-0.3956476033132796
14,-0.3427977271905202,-0.8368408677317261
16,0.886719211591867,-0.1823109607113217
34,-0.9603561169595374,-0.026732595954141687
35,-0.35040827764200877,-0.04535046746100248
25,0.0011246487766912517,-0.08158274938982865
29,0.38743854237251774,-0.302419924058735
40,-0.11799824374078659,0.8803846583718095
17,-0.0058375781073575685,-0.6071313928702413
26,-0.7416134188628843,-0.4636544598277179
41,0.19529166403548112,0.9739947382595961
9,0.9533465241794846,-0.5204233309650598
20,0.2766376990821421,-0.7192524968781747
21,0.6480380508635855,-0.4943723630535135
44,-0.756895558310131,0.5228318090537594
46,-0.19952619290664816,0.12435439424992895
8,0.4039831103238266,-0.5544924860863014
33,-0.46728534802643273,-0.4630425992076236
12,-0.6238395084828608,-0.693450947718446
22,0.696539886053125,0.13069703778572717
30,-0.7831123232142371,0.20609279112199597
