0,0.2475068520535541,0.4508832187694861
2,-0.5696411256934975,0.5758312838079926
3,-0.31812400942128377,0.6804983199308807
4,-0.2109390129686096,0.5288093694721837
5,0.4019869723053477,0.7558077127941254
8,-0.12316712620981494,0.4595552094979188
10,-0.043671440526552016,0.2359035942544378
12,-0.619152089863642,0.27003663733800287
29,0.6547736857422629,-0.27521068721214514
44,0.3921364303684256,-0.30981819901693475
46,0.3467854657447874,-0.5646925963272181
49,-0.17573464862119245,-0.672661623401322
1,-0.025408804059068785,0.7962433928987999
9,0.45989395641042186,0.2331932529941232
11,-0.012629604474817853,0.05650607946497423
13,0.20141717649919255,0.758054458209279
14,-0.5355621600557502,0.12445142135994207
16,0.09999651944693187,0.41678747682208106
18,-0.838451322023568,0.014692429222098144
21,-0.4246536254005051,-0.09149297802997428
33,0.6607815274934655,0.33898868245154945
34,0.34687630624296784,0.2476860048014333
26,0.6930658146385895,-0.03068686840346805
39,0.04803312233743091,-0.4266135726072639
42,-0.1608185136223268,-0.02777154482768928
6,-0.1571370997749898,0.8152868270295799
15,-0.34269523557187476,0.2780914799075766
19,-0.2076024028094731,-0.444521110618227
20,-0.5510797997511129,-0.3376907291997745
23,-0.7191199391927728,0.028193235770785308
28,0.2745328935596059,-0.4044890520595166
31,0.48837972438228366,-0.11067988856701924
37,0.14783946757550967,0.021641085884738252
40,-0.7082613514998557,-0.3097718550395416
43,-0.3991905212634646,0.0962904511087363
7,-0.5071063883137018,0.4475792350064033
25,0.49171438299877457,0.4445759209761855
36,-0.31590586362573725,-0.6042027888778632
47,-0.35152788539245783,-0.27424199865083365
24,0.3272159314159455,-0.010816797339372193
35,0.5577207466580291,-0.46706481369903563
22,-0.0947489487308374,-0.2732592212015121
32,0.722237994105242,0.14641133340619575
38,0.11097386133974133,-0.21001204057642572
45,-0.6272930079903155,-0.45314717157463436
17,-0.4774000640068299,-0.7439534779731533
48,0.15636126213640322,-0.6576998685783917
27,0.6899145422291125,-0.6828746804384197
30,0.9999999999999999,-0.09979022313043194
41,-0.0031226448199725668,-0.7388343258293407
