input_data/irreg_block_graphs_0.75g_0.25ng/graph_sample_25 0.5724217891693115
0,0.9304898563888422,0.6322777288536092
1,0.22426553022048767,0.5984277857939213
3,0.3779763463773645,0.9976376462724407
5,0.6425820776207648,0.860526715104431
13,0.16181046098419982,0.9730496056122777
21,0.3293929844692817,-0.5063910239997576
27,0.3100390173945762,0.3075263173567666
46,-0.4869249220604866,0.3983659916493794
2,-0.10088490187644171,0.9647666101490885
4,-0.605509086837908,0.6402822899046356
9,-0.2928887113327595,0.9480002384108596
11,-0.5940362621807678,0.8764440626211738
16,0.6233255414374211,-0.2190899153219099
19,0.04660404854847954,-0.6827700205490236
20,-0.5820557161972625,-0.11625676749441134
24,0.5827360696541621,-0.5142473085310547
26,-0.04886995800187382,0.002481053259783293
28,0.14863136618731035,0.17428548149853787
30,0.21907591679630134,-0.2635491806439023
37,-0.7454886072323067,0.28960194712175
40,-0.28159300639409657,0.20809625368500884
41,-0.2414697304138794,-0.4684290585429178
48,-0.2840133584358675,-0.020287667351281513
10,-0.2541539786277231,0.5815743764008253
12,-0.7001137753532557,0.5003602803526539
17,0.2510054801481099,-0.8177672580351443
33,0.5840425715976958,0.4785991303514984
44,-0.8216054986157959,-0.27370816389985775
14,-0.3442511579531155,-0.6301618678502853
39,0.08344196095097385,-0.5569646665885505
42,-0.0880576646379807,-0.24818687100886888
47,-0.46015365985696266,-0.2616832627110783
7,0.052362099544444415,0.3393689638965577
8,0.10340213419999453,0.7156317460014713
23,0.45670186243581584,0.03529836096804328
6,-0.9716475767330134,0.14173977955930772
18,-0.42420959962888877,-0.904123014849111
31,0.4043214516288185,-0.08913074620338603
49,-1.0,-0.5881251323439708
32,0.8500488318593346,0.2514580240569201
25,0.20182215156222108,-0.9819693722665627
29,0.8441209425088896,-0.3176863338149481
36,-0.7917292626337573,-0.05396734724863323
45,-0.674697622678304,-0.418337714855847
43,-0.6764402085286599,-0.6941358317284008
35,0.9590203332901631,0.06997832348984083
34,0.9848732040065692,-0.058583103126161606
22,0.5386422437476407,-0.8545707698108471
15,0.7694187294321886,-0.5933972109728999
38,-0.20935894678094338,-0.8522591026219717
