0,0.7095185707170593,0.713010486968143
2,0.5518055165513756,0.4903040365987038
3,0.31174246190428456,0.31270059931705113
5,0.044789153122327965,-0.028799132473981994
11,0.1927871791228705,0.9233175264757243
15,0.36100746270619144,0.12223605277910984
35,-0.20302486571282344,0.07392887813781991
27,-0.49393560703434247,0.2635442693167595
31,-1.0,-0.20349785421639255
36,0.8318931737524359,-0.1966057434415769
39,0.8219185480604204,-0.6432820451458378
47,0.10910710047867114,0.11875633211134697
49,0.23410317256287858,-0.716693012367036
1,-0.5490801818590688,0.4967731174555995
4,0.06342079078326755,0.9776999211370859
6,0.48686603070795,-0.16364268476512603
7,0.08028588933309974,0.6154569396486741
12,0.45244084388433986,0.7810398747702971
16,-0.8885367017947932,0.21753828303437636
19,0.18187633062984154,0.4397663734852676
20,-0.6113145557782336,0.21678140067457927
21,0.007310386325324481,0.8345785278350729
33,-0.8170647890132116,-0.5103465108245512
34,-0.21274794542826497,-0.6506991492978992
26,-0.4991538392854884,-0.12944462466626488
38,0.1482602663340048,-0.273377539456912
41,-0.1480591229722265,-0.5575149844275253
44,-0.49881588585739006,-0.45570601428930557
46,-0.005029168325656532,-0.9396821642112255
13,-0.200340722788862,0.6368405886730935
22,-0.538150770592168,0.7928846281642979
32,0.09643573794777839,-0.45817446622112734
24,-0.7468588611321084,-0.2475244199769392
25,-0.7963557306790491,0.02799297232876387
40,0.3609950630592927,-0.2503805599809237
42,0.9680204959123551,0.02348261870870427
45,0.3893475861610903,-0.518761473444735
8,0.6841381638391655,0.02571161408390903
28,-0.29656488866236896,-0.4001352574684629
29,-0.40184878799144996,-0.978700699232628
43,0.6441075071264099,-0.4214249780014638
14,-0.7869903261060354,0.5788586723420318
17,-0.3436996215525095,0.7648938063010664
23,-0.14143462891187342,0.3258477531729416
9,0.6167925407713303,0.28379976586725575
37,0.1748230350019331,-0.965197533745188
10,0.9585411069615253,0.40545029766341095
30,-0.5712773937419482,-0.7014494242050533
18,-0.25639051942916513,-0.1593921726225049
48,0.5243408008918139,-0.8927628925684251
