0,0.16328517929134928,-0.4701948224034956
2,0.37999949399475996,0.3555028335535062
3,0.9791130888135967,-0.3018402317287825
4,-0.13859688558669067,-0.7409433156657949
5,0.8351271265716758,-0.5543699608311042
6,-0.47236729290806023,0.6428626318483417
11,-0.20078881763379403,0.8681452738001799
19,0.5672619565430543,-0.6569729855358143
23,-0.17417898987146263,-0.08010589135794462
33,-0.01301037511903247,0.7008676577842864
26,0.012030308478522024,-0.062161106871429256
27,0.24523668942746193,0.22812413736368742
28,0.698625734496634,0.3852699688812249
39,-0.1985563498937703,-0.5290154711416177
41,-0.7693535705147415,-0.4517848108546748
42,-0.4236117143196108,0.08809504362980444
45,-0.17481590306964803,0.2472108475615457
46,-0.9300155685469261,-0.2361308101379652
48,-0.6707297583950207,-0.7932120458111175
1,0.35496343568257194,0.5876818698725603
7,0.16995673327192218,0.9409009450143329
8,-0.5356952696537651,0.9216983385392171
13,0.12910540362798445,0.468565192319921
21,0.49313042894396053,-0.8763847944378789
35,-0.1295715628842137,0.41137730317149296
24,0.0032610740012686767,0.9694989694065939
30,0.5283228032984767,0.8625205701926352
36,-0.9656765679834036,0.17574050159876706
38,-0.4602780598777981,0.39981813779132075
43,-0.9784503251569601,-0.032777760259156484
16,0.11168942884642515,-0.190240415935764
17,-0.2187869241830215,-0.8760962392388622
34,0.6970805599731958,0.6322147128747477
40,-0.2915871004266916,-0.2716095986468434
47,-0.5934992021964491,-0.13321397679893365
14,0.36478097080037886,-0.13040577985453855
15,0.26537013423915895,-0.5799666291883785
20,0.21266165018150307,-0.8965125167939184
22,-0.004272985930151424,-0.9858575898492681
32,0.9241900532747176,-0.029355696517476857
25,1.0,0.28159153997489916
29,0.5372389107336705,-0.21202365908782783
9,-0.5717754886568966,0.37926371895201655
10,0.3827430924892685,0.15005196899153642
12,-0.7416907960100823,0.10506226304695379
44,-0.8289770251612171,0.49628122423687177
18,0.6999111595232184,-0.3492019698664499
31,0.6702174720626548,0.1080972765716142
37,-0.5339800781090077,-0.33159047493366545
49,-0.4050362764790163,-0.6344743732293551
