0,0.6390577334991956,0.17295175791510428
2,0.15467957861854195,0.28809861243440893
3,0.10242072814337955,0.7003332026697383
4,0.6746681974562686,-0.5262573972887105
15,0.7926981181224063,0.5791017447813199
19,0.8664587007633575,-0.17920623674392214
20,0.5833768614137276,0.4254060771418889
35,-0.1715487820058667,0.2362997716861352
24,-0.10652840437082355,0.64124139908765
27,-0.5105984580840734,0.12536984779017582
29,-0.6247466872365225,0.3669865593421809
30,-0.3552311470045598,-0.389315028585507
36,0.451321405110047,-0.6854651684311417
44,0.31581255940838754,-0.8975462381097143
1,-0.24634995778774607,0.9010823113672002
5,0.22323095851254177,1.0
7,-0.440750529317978,0.7111279362682323
11,0.2230094640459871,0.6098213882437413
13,0.24632917697508735,0.4265969777798757
14,-0.13111518171026154,0.44112224440805925
34,-0.47068935602699774,0.5510002110426139
41,0.6142127822461675,-0.20660854141205265
46,-0.3569971970163285,0.15040905325940945
48,-0.22065292348983168,-0.467194679832392
8,-0.8162888002505221,0.2369644645647453
9,0.025021951572877146,-0.14797163902897933
12,-0.31554005379378663,-0.11004334012875022
18,0.9249747763840832,-0.3613159004818084
28,-0.7759044998577562,0.08615656917239128
31,-0.9295554837285284,-0.1733925981570848
37,0.12538763458369312,-0.6561198168044244
17,0.4022921211434859,-0.5204361766039267
21,0.366354206736636,-0.04123951083250149
33,-0.6778450770637875,-0.28157478786104856
45,-0.004605326013350067,-0.8389685830142571
10,-0.7682066260709831,-0.4358322882004414
38,-0.2849032235245797,-0.8819620319894064
6,-0.7435656601460968,0.6763887220769563
32,0.20641475477749147,0.08811094054021343
39,-0.517269087737623,-0.4331824789999318
40,-0.012181450394373365,0.013993586137269746
47,-0.05259151784016806,-0.2796459602819169
25,-0.5376493957194611,-0.07184554629798098
22,0.8452760496229943,0.2791207692634263
26,-0.07988258165368402,-0.5714987673885457
23,0.8278718849787936,0.08041747127401573
42,0.222872888927979,-0.13601326677571415
49,0.34047934893358417,-0.3721567555740709
16,0.5041864428200395,0.6972459459509087
43,-0.5272109169510635,-0.8205548253734322
