0,0.30246563228558143,0.8251501009008521
1,-0.3802304656025272,0.8507639380868983
3,0.07772566614392826,0.6676459696408609
4,-0.02667339716162459,0.9867341783255099
5,-0.4959895462720483,0.29484698969784273
8,0.16840092820324762,-0.596231934540003
17,0.4294070021022652,-0.05086660194153672
23,0.5056418366780804,-0.5082611295088015
33,0.339869272030242,0.3149268135206067
28,-0.05106549137932953,0.691560209900403
29,0.7179800771640862,0.412859771572811
30,-0.09318596883592448,0.07403453054379701
42,0.15283806267398214,0.18218081729860766
43,-0.6487303589466034,0.34356530559966797
2,-0.400996301953538,0.5796372189889027
10,-0.20182777431136192,0.41682521962636043
19,0.8051237053184803,-0.24096759768930504
35,0.29813850664922115,0.49169567806227016
26,0.4369958680297267,0.7486154814866846
48,-0.02895079921623125,0.3671899001519959
13,0.15725343644830916,0.044813843456784054
36,-0.23774495921292293,0.10926322700267663
39,-0.03869440545143352,-0.1041525023352728
40,-0.45693710230455997,-0.33100976254778924
41,-0.8863798064183307,-0.11921917689708603
45,-0.8364289405226871,0.42411710521384727
46,-0.39234543846791636,-0.5714573325740875
12,-0.49898902069197926,0.5100957046920036
14,0.21202124520159818,-0.37079682854027574
21,-0.0651324535475022,-0.6203338765534878
32,0.8558544949580257,0.5798608190220687
44,-0.8368771392061182,0.0755973232534003
49,-0.7960684577164756,-0.26108477042167094
7,-0.6856641370730033,0.0251458887429672
9,-0.577817937743465,-0.5004948488970021
11,-0.18247170460337986,-0.8572833938159258
20,-0.15602658772225475,-0.41976922210023027
37,-0.3819889530402536,-0.7436622921716814
38,-0.6772265325203718,-0.45663995527550705
47,-0.46874227301556864,-0.04862439941280709
6,0.3896409827250029,-0.1808948541974043
27,0.32062938201507984,-0.5655939123443051
15,0.1909835962420109,-0.9999999999999999
22,0.4084184542273186,-0.8701503735960188
18,0.017273686516903947,-0.290047666029862
34,0.8146908730669196,0.23608032457315486
24,0.569901776539552,0.2360464825644214
16,0.8173061467562733,-0.4992259370149575
31,0.6201194121140992,-0.19769536147044006
25,0.8945059088474773,-0.08478911204993753
