0,0.792282735288562,0.3386209265739375
1,-0.1311459212883787,0.8953603499363236
4,0.6093310261261402,0.7439532159307881
8,-0.22246568141181475,0.42290735129540996
13,-0.7442227088202696,0.7585368192394157
16,1.0,0.03807654162033968
33,0.2773309715149367,0.9731899557462355
24,0.005780819015269942,0.8183480091561546
27,0.6287229024834461,0.03231744076104448
28,-0.4019180405619112,0.08278387911355199
29,0.6040252613183431,0.5672194341506376
36,0.006932729960735396,-0.22203349773875114
39,0.27181125948645146,-0.8923173054562283
40,0.8024769893282946,-0.36134347243570997
42,0.5702222289212302,-0.5821998637830921
2,-0.2629850262528097,0.6681282154341552
3,-0.015215816904764829,-0.012600023106433506
5,0.3023068445951664,0.20890721920336475
11,-0.48824955477345,0.6578190285679171
12,-0.8912085347322376,0.6636901312466978
32,0.18245114726411793,-0.0053803367354181685
26,0.04094511375828554,0.32537050500818065
31,-0.8578878209917533,0.24233367688842586
37,-0.2706994264449952,-0.16100369117565197
38,-0.15321929323688294,0.20836233700988172
41,-0.6548725388070052,-0.23723311711444536
44,-0.537012936203987,-0.07704003099766263
7,-0.44761272462966495,0.22749748559229482
9,-0.7943951119921518,0.3322765432979264
10,-0.999115655229133,-0.143677422671548
14,-0.6945016981962229,-0.43219042403651103
18,0.6389823940342809,-0.20589974328086813
46,-0.2992101250316378,-0.6218896487178469
6,-0.019582598533797024,0.6877235030202705
15,0.26854746399691926,-0.33057626406508106
19,0.7487069875592258,-0.6732791493870615
20,-0.06301003064024398,-0.7214951937885631
21,-0.49567555149681775,-0.7068565600970723
23,0.00042016712999708763,-0.9564008355256153
43,-0.7089862561919948,-0.604523182289658
48,0.06552298581990139,-0.5884109919110232
49,0.41771285755727844,-0.1658055685383908
25,0.8422826197385136,0.25229733811221455
30,0.443266689217247,0.22262750034206644
45,-0.3795311181032178,-0.412020701047248
47,0.4653781472209865,-0.808387911642658
34,0.25172500597862707,0.43360468696138377
35,0.26317066444837484,0.5978820087728032
17,0.2701047370200589,-0.594196496419446
22,-0.23771657830724793,-0.8830726710194359
