input_data/irreg_block_graphs_0.75g_0.25ng/graph_sample_21 0.3758261203765869
0,-0.06690944946941974,0.5773316050130041
1,-0.742017906044949,0.6736497652815939
2,-0.7253466540977402,0.31697693166140456
3,-0.26302002143844394,0.8176225006149258
4,0.2870864179663399,-0.48861407771770043
6,-0.007640982067927135,0.16810459923121793
21,1.0,0.028306678245111346
23,0.14658573098889763,-0.42750094795722393
34,-0.5041475801589059,0.44034596691225186
25,-0.10883495370286717,-0.5171552800534678
27,-0.37606772355262547,-0.22498900335361272
37,0.6982873434910248,0.5431994655845871
41,0.24544672946288543,0.1780927728020354
42,0.4655438813444734,-0.2312054959702293
43,0.5156847506955253,0.1589614970656062
46,0.4779178084801345,0.48710821500179063
48,-0.25455609760312026,0.30395974043866575
49,0.7185205983631174,0.3396350481827413
5,-0.8647938046041513,0.1506759677886821
13,0.10191408574808968,0.4934827899646007
15,0.1841059471322437,-0.8884228543521772
32,-0.38840223003980784,0.04617912208910245
26,-0.7330220767351214,-0.4056422315819952
38,0.30223652467141665,0.8425402643267134
8,-0.8340447751528092,0.01843089792767376
10,-0.16140344863482634,-0.019617667899095664
17,0.0621393383564652,-0.7318592353664027
20,0.2279654954971371,-0.03355860162199378
22,0.410487163484549,0.252519885624289
30,-0.5299185708770171,-0.40868907170362934
11,-0.476783647492429,0.7916280644954736
12,-0.565821217737171,0.20337451985755578
18,-0.07204106395499445,-0.36146077267331916
35,-0.7484597545020238,-0.12799072603451292
28,-0.3592244395275648,-0.7846707673483894
39,0.097027594017436,0.874469394094022
29,-0.14329373816539268,-0.9180516664592767
31,0.1518321812161225,-0.15308059227286852
40,0.7843786488697583,0.042208225407894547
7,-0.5160069610524975,-0.5790907073547897
9,-0.2712937964953275,-0.29447272437190836
36,-0.22852433055933502,0.5429639527779162
14,0.8373957843424369,-0.2805057552254621
16,0.7306917049662652,-0.6488935166580662
47,0.1870582178294695,0.6669820160922024
45,0.7068073926107905,-0.16110043006740252
19,0.4526580986414674,-0.7286641147654495
33,-0.8472013980820994,-0.8178579395928103
44,0.5713673702069967,0.7730574555995366
24,0.4256378133655254,-0.4987131616788157
