0,0.24339917903784694,0.2881739641688821
1,-0.027158357833137067,0.6728419620865066
3,0.5106772100262469,0.45290965512031783
4,0.8272723048977844,0.5867555193937175
5,0.09701359528467349,-0.13196407663296683
8,0.5588161153382641,0.24306253700538838
13,1.0,0.10771020574764122
15,0.012885009909458078,0.2595408136240839
16,-0.49041897873191415,0.7069925607634961
20,-0.4024788340049699,0.9783750946209483
21,-0.17153947884230816,0.6670640162603677
23,-0.28447631952888813,-0.22709059275634033
33,-0.4057572484933334,-0.7000810028773121
35,-0.4942356445470836,0.49630784121757376
36,0.23489512169024473,-0.8210436368750622
38,-0.2336063973016227,0.37413637916832365
42,0.22034488677910052,-0.2729877893650073
43,-0.6330339683267082,-0.17775243915983174
47,0.5480504817644718,-0.42093277369911075
48,0.05772168370190988,-0.5742039000490732
49,-0.3192759693080684,-0.0941441239099609
2,0.24710911130626118,0.9315933304332449
12,0.8112266047210203,0.33484815313993493
14,-0.6295361561196628,0.2645508665488507
22,0.1950310384664505,0.7071543803332598
32,-0.3811604289426527,-0.512316041112751
28,-0.048564793947765715,-0.05985490768420612
29,-0.6664687481576963,0.5127389159850133
39,-0.14488400126349926,-0.3099398352925406
44,-0.5315882089551219,-0.5089264066008797
46,0.30108497809771617,-0.5962191174412979
7,0.5883353740440855,-0.05232130181178003
19,0.1277508019663898,0.5007923114860592
6,0.7007743146198797,-0.5235102301971895
9,0.3284207826699966,-0.4589830578220792
25,-0.7462686689998099,0.18737976591078828
26,-0.8966870376325654,0.003390828190503588
27,-0.23921615852858125,0.22063478051695634
41,-0.01685489697640574,-0.896474771017197
37,0.7205282980636349,-0.30277679728184365
40,-0.19269611455758487,-0.6040996654146493
45,0.36094074475828053,-0.0211656682706138
17,-0.4093023202538897,0.11310041539757362
30,-0.8798095394733907,-0.1963052402193729
10,0.5228228172605952,-0.7641006932339186
31,0.11664233357401607,0.09616919798715541
11,0.8543326545236933,-0.15951089169332724
18,0.45830325012695444,0.5425576996441708
34,-0.6594415470692364,-0.28487939874750007
24,-0.7399188748330778,-0.577196835584946
