0,-0.1861020698103861,0.2581144856897975
1,-0.03377673624504375,0.6045921985677346
2,-0.030645452093511667,0.21767398063362423
3,-0.031907048196013886,0.31884903716084506
4,-0.40106003558096215,0.10217422392451671
5,-0.03567161677896422,-0.016174861329119744
6,-0.03803059605048287,-0.11613930474726274
7,0.2139143210458507,0.258164743884146
8,-0.01878865330559939,-0.3059691169530125
9,0.15693577357573413,0.3844291967433551
10,0.03629303765701757,0.48103101812460014
11,-0.42456008225901337,0.4406116498365573
12,-0.11839381887614486,-0.04374006026674284
13,-0.6159736676378654,0.49685419430765615
14,-0.2826066617047477,0.1145687593831409
15,0.08072938949796418,0.3268764376815694
16,0.18162714268765184,0.5249180262123826
17,0.11028626770445578,-0.09815793282373429
18,0.23946469984440114,0.3874256657150498
19,-0.07063864010695443,0.39735921486574105
20,-0.14252926387268808,0.07339434320578897
21,-0.1760345438643915,0.13969357205179356
22,0.14480084547646238,0.07545014899738321
23,0.19983658969786283,-0.13099603824159084
24,0.19647456634328053,-0.028554215201782293
25,-0.3190381636233842,-0.13667991667533674
26,-0.10570179690444936,-0.12448588776763084
27,0.3221746960417493,0.2142345677722023
28,0.07832972564055064,0.007847442463282058
29,-0.0668400873518887,-0.2310940296054512
30,-0.22267397499954192,0.05009954373117004
31,-0.38310933071071684,0.17303310706284333
32,0.3545338967282848,0.04826457590385939
33,-0.18288000255019018,0.4261251526760621
34,-0.20732778770770305,0.6499310160480954
35,0.2785022341806638,0.27860870458827586
36,-0.07558233276961811,0.18033562951326912
37,-0.2871236074957044,0.345511687451552
38,-0.3017975241250205,0.6067983347142726
42,0.2201901165898274,-0.2982662876412983
43,0.40951698501700967,0.2614257867528668
44,-0.02114108845452675,0.7679699061982528
45,0.12829262541170738,0.1731732980394001
46,0.27232848759094896,0.600340934032374
47,-0.24059292419324535,0.18323785582032343
48,-0.5080314287358967,0.05948672332499824
49,-0.11647712096887686,0.6383378999919173
50,-0.4276979114013753,0.6135284440421152
51,-0.37580494507169065,-0.153282538825901
52,-0.4113060838886786,-0.22502364822685114
53,-0.7142166064846117,-0.14961582605611634
54,-0.2958556850757808,-0.18372404166873058
55,-0.6256889573394077,0.2808745859277786
40,0.21629454115295674,0.031082896009408396
41,-0.25544379613161655,0.3929590957820315
56,0.3711711296893601,-0.19382223619348726
57,0.23228167652024936,-0.2391092581494731
58,-0.10821660490573883,-0.3185483058125944
59,0.36930718869744916,-0.03058254715998417
60,0.037556227601711505,-0.1945857118831588
61,0.04674219642532003,0.16604773868933426
62,-0.1566909266251627,-0.1799285109732127
63,0.0974888823677914,-0.28176178074386476
64,-0.23167975196666882,-0.28339412536603564
65,-0.3748305964041336,0.005611876548354653
66,0.22849419253981712,0.1147638190499601
67,0.28784598434886777,-0.08818733044630633
68,-0.252884590395537,-0.4104606685230921
69,-0.3876397639391875,-0.05107551327816026
70,-0.4992742818427185,-0.09112055295984624
71,0.15953395604578158,-0.26027752078187544
72,-0.45577068158758693,0.24373292287739703
73,-0.07227999035587253,-0.3689598576700921
74,0.10021797335248683,-0.4546874806976546
75,0.017812188571137453,0.10643925462444954
76,0.17508234441598636,-0.5870353511092533
77,-0.2734338951622029,-0.37408825326290523
78,0.5999273396151534,0.08025110253854965
79,0.14079373238471196,-0.401903893651456
80,-0.3806225876888578,-0.41058921847242213
81,0.014230865472072899,-0.650927015713376
82,0.20015719828800832,-0.45758958095475966
83,-0.08469227623455089,-0.5330834361798372
84,-0.5416653711574476,0.012238837757413726
85,-0.5784466990251984,-0.2951099847695814
86,-0.6613689948578587,-0.04414517343322358
39,0.40923980787617936,0.46171589591494944
87,0.545679574791011,0.15888133189929246
88,0.12291372088585514,0.8017000156095366
89,-0.19411847600702356,-0.06483552965349902
90,0.6872812971984458,0.3417684867003158
91,-0.5587954195791682,0.216467594469208
92,-0.39460740943993405,-0.3437594473349498
93,-0.1779484072123481,-0.3804170029688104
94,0.3175269237847792,0.3957748689795919
95,0.4583523484666491,-0.23433854059905915
96,0.5625333327156782,0.31508504079412214
97,0.2917115698631472,-0.6300922845284265
98,-0.6816500763890959,-0.42844555068450535
99,-0.16343271393199071,-0.6385758084202489
100,0.6013954993750238,0.5893194834250833
101,0.3895054714218356,-0.42358591764757725
102,0.4860259991867627,0.024209965941261877
103,0.5892064849971786,-0.23210541344594746
104,0.5955489353202114,-0.13914539525881842
105,0.5545494668527008,-0.5117841455226741
106,-0.3151674554512667,-0.6836174240801615
110,0.3252489048987941,-0.9243475770263804
111,-0.06339364899532146,-1.0
107,0.9261369609670238,0.20679390378356638
108,0.7706006834090963,-0.46003199767165054
109,0.8070346612909084,-0.2882311753754956
