0,-0.46765697030565134,0.34501952861202634
1,-0.11077892959699315,0.14131105793167067
2,-0.2531135053935378,0.1233881951020361
3,-0.1847445407253944,0.09689453232837442
4,-0.10122331859988332,-0.01021252949033916
5,0.014461782910278597,-0.09786953511197309
6,-0.049106527195956325,0.092589183952124
7,0.13740740793409695,0.07998463283926487
8,-0.057328815511617184,-0.06404687943698181
9,-0.32813527591002006,0.12225434861420402
10,0.04644811984263753,0.14932373597824564
11,-0.11691805413498219,0.30553188896905076
12,-0.2265416747250399,0.2326190807788598
13,-0.32327191454977133,-0.04325267278271514
14,-0.27264252033876857,-0.071883184195901
15,0.07899592278584668,-0.07050265555554111
16,-0.11206296828864433,-0.25162608062063
17,0.018279205083771625,-0.27056230815531185
18,0.13842760206971963,-0.2574636323360733
19,0.21695834231917357,0.1398585954257045
20,0.00816030852428143,0.2555588908692796
21,-0.23843049943591124,0.31561711296603695
22,-0.2354200093079024,0.18356675173296466
23,0.11925381856511078,0.2985007887897451
24,0.2714335431153679,0.0221355733334767
25,0.39405816240013797,-0.06080453405250509
26,0.25783177532957696,0.07953724066466356
27,0.08428961966030718,-0.3128407333978385
28,-0.1246294683915147,-0.3301666286527651
29,-0.4783729433150318,-0.09045612838811869
30,-0.22722326203950718,-0.17149757105926894
31,0.039254197655562595,0.31355890483069115
32,0.00619649181256588,0.44586784558613823
33,0.4567758783729371,0.17855705959553222
34,0.0941979530369148,0.5220189777044786
35,0.17913254878539864,0.26562272757349487
36,0.20206678871008205,0.160012983795773
37,-0.21901204714601347,0.5935105690321557
38,-0.33378946631169315,0.27442720522482394
39,-0.5468436703449443,0.08278181405620488
40,-0.6118949356399622,0.21675261309424376
41,-0.6910309165270229,0.029283595783346942
42,-0.6269746249107372,-0.24022700089856544
43,-0.5409193905042045,-0.17020342851491205
44,-0.3119565820934562,-0.20458729128018854
45,-0.42018510133014636,-0.2994970551515578
46,-0.6044544941702309,-0.254298585145927
47,-0.4320556366638446,-0.4289506854981919
48,-0.15376724144843124,-0.3564522277111945
49,-0.4592807665203495,-0.11126892746781666
50,-0.0016813986529565295,-0.3497473631811676
51,-0.014215820306114792,-0.4097490527183884
52,-0.44273957231918115,-0.3817971152364847
53,-0.18061775438094554,-0.5317241957657347
54,0.12970617983939053,-0.46571280731713055
55,0.15280093197845224,-0.533946924859964
56,-0.005769741386568885,-0.5516157623836963
57,0.027934711118444606,-0.5742289257320553
58,0.23088074268612696,-0.4979920544539557
59,0.254689883840164,-0.584864615928899
60,0.44404394443065787,-0.15730814074910263
61,0.44427347108755433,-0.022082507889520656
62,0.3559009061440443,0.3919451533202721
63,0.2724804641208306,0.4547842202354381
64,0.42370913083443973,0.26305644882930757
65,0.1804859186979603,0.46980580688919066
66,-0.1762389207727415,0.5850167510242446
67,-0.008060809479897072,0.5851057524852901
68,-0.017459023962618763,0.4730616696027164
69,-0.46595110812531665,0.4716959446301363
70,-0.33309320896921013,0.481824225063542
71,-0.38673194218879936,0.40430992625571416
72,-0.0050787675557138695,0.33944502067135124
73,0.4955587652796917,0.40013873630499874
74,0.4101677248853977,0.31408055190251727
75,0.4036533144992234,0.43703165166373414
76,0.2741344618736293,0.5710731417128174
77,0.6480765651086401,0.06862575981173692
78,0.6099384822576525,-0.030734969739339132
79,0.4539280341293109,-0.20128278436206848
80,0.39632333473929576,-0.276502014818506
81,0.5806531937346968,-0.16381107008591553
82,0.6520789025315769,-0.12307796881605644
83,0.518895362128629,0.06969626825305522
84,0.005684719653062774,0.13806295062101806
85,0.37961987821741433,-0.2092361638670114
86,-0.2458534408057556,-0.04650420191734026
87,-0.0757846685191357,-0.6682985207357186
88,-0.519353143566302,-0.29672128974462864
89,-0.5072239377375506,-0.5101421815519683
90,-0.4174447035671478,-0.04692363782131037
91,-0.876488995301838,-0.0018170944423652967
92,-0.8484156894569586,-0.18978080341183262
93,-0.6765723673580063,-0.1580504590414789
94,-0.7978832255566588,0.07595357484831852
95,-0.6583865432843561,-0.05363690240301985
96,-0.30369841213756255,-0.4150447397459057
97,-0.5685031111121829,-0.3670649580435223
98,0.13974776266901173,0.6924028801213976
99,-0.08785782855488107,0.689612952856138
100,0.2427544531422911,0.7491272782212697
101,0.1162652494637737,0.8034545701390681
102,0.4686289250056294,0.5531780944431426
103,0.7452352494251362,0.2605435977527196
104,0.5746705366606026,0.5431192596415392
105,0.615994076116575,0.3222953830929378
106,0.676460519302774,0.43899967494487685
107,0.24227907256235168,0.8113318818201108
108,-0.14089230960484397,0.900161595626706
109,0.27335986859734124,0.6839278173148856
110,0.42522794014975546,0.6655864801198714
111,0.04803472091934616,0.7254403732045416
112,0.4380986163650393,0.39179221048483504
113,-0.15638777942625406,0.4611216318536552
114,0.11682655349578094,0.6233826113013146
115,-0.20949050184036092,0.8108791104744938
116,-0.4897040072302035,0.6253323014643596
117,-0.04090053271780504,0.8296896495770091
118,-0.4066170800673058,0.8711189399173873
119,-0.6233053524168121,0.5415449799996515
120,-0.6637560310422386,0.3878093488853436
121,-0.6727497027814868,0.29700409827399044
122,-0.32154335130296263,0.5982298969093649
123,-0.6310893709500232,0.4455517905898371
124,-0.9291535139393485,0.08268325586629875
125,-0.9296434467747049,0.1945147431523049
126,-0.6468307661344331,0.5976479591216979
127,-0.8039251449225246,0.48809581098485666
128,-0.8058813476905092,0.31605017538045893
129,-0.8557117921804411,-0.10270498118183408
130,-0.9999999999999999,-0.17166068753432484
131,-0.7437769463338719,0.3725660775513311
132,-0.8331663592754683,-0.28788457531073114
133,-0.4221767779457628,-0.5765512374622768
134,-0.6074988436974638,-0.5264437604830199
135,-0.7448412824114907,-0.27655213202807233
136,-0.4597933932167305,-0.5241009247394697
137,-0.6031455175609587,-0.591425513249238
138,-0.7856663456307044,-0.4278567910739483
139,-0.6527327412437058,-0.44377461289248343
140,-0.28892825321044574,-0.5846293030679828
141,-0.28516699722450406,-0.4881727541121852
142,-0.8484156372279629,-0.4295776873877289
143,-0.2543933156662485,-0.6975142799272338
144,-0.35623722034098887,-0.7451109661121541
145,-0.834322887952976,-0.5647698592204491
146,-0.3986811754096206,-0.671766646152123
147,-0.48634952496778766,-0.7069984931717155
148,-0.09966385983991383,-0.7601085801892408
149,-0.2795237146256652,-0.8006393066620241
150,-0.1409939809978091,-0.6905459789705555
151,0.011163426306351273,-0.7440572808790934
152,0.10166756057173974,-0.6954322044723663
153,-0.44866015631897527,0.23104552787645463
154,-0.38086187703792657,-0.4695147889625347
155,-0.7004823679291682,0.18854130947729233
156,0.14271500915067456,-0.09991070475677408
157,0.37427079991264317,-0.4055740207813857
158,0.18705680107088846,-0.764663353946775
159,0.07899720897085784,-0.8273449708380046
160,0.37581448645371635,-0.5166195773555301
161,-0.17621940346682075,-0.7800382730656479
162,-0.5289362040772709,-0.7687551338529437
163,-0.23512541894054373,-0.7943386462607752
164,-0.5548459413383902,-0.007612634247775958
165,0.2054190684700669,-0.6473886033298507
166,-0.08576863229176135,-0.9054313049872452
167,0.007727523964589008,-0.8389575794818382
168,0.2750773365226364,-0.8484539905099311
169,0.5612803582663735,-0.4979648092106297
170,0.5249661799682511,-0.36480417750279925
171,0.2393835056908168,-0.2977000661536665
172,0.4732210610353319,-0.6349929119679639
173,0.5635449384664986,-0.6149820103598773
174,0.6373748450334962,-0.4765586642399625
175,0.4114200571658529,-0.5532835230953602
176,0.360230211547119,-0.6791559124048314
177,0.04742589551852074,-0.9389906233091513
178,0.23077606972299392,-0.8897986632994508
179,0.39113935526464266,-0.6270719005576674
180,0.5183597005465378,-0.4703958045479722
181,0.6402724626286571,-0.4160968544827319
182,0.5566205309937408,-0.5669498419451874
183,0.408003349651414,-0.8431729964694075
184,0.6588222037145439,-0.5097100823948768
185,0.7409617534117344,-0.23465273766936592
186,0.6953004344627657,0.11027400303580359
187,0.8040872603420642,-0.12182021508227105
188,0.7940146151150773,-0.20895652182250277
189,0.4257134124210907,0.09774846093444742
190,0.7786115238217927,0.16992198466680436
191,0.6835477778688791,0.2707255284599259
192,0.8271783395662867,-0.01441617256296214
193,0.33945182697911547,0.30489846710531543
194,0.4906279316705651,0.743163841502495
195,0.6837271564432027,0.5458052293626341
196,0.5723047047341969,0.6276464390416252
197,0.058143591453784824,0.88961713186714
198,-0.20050475289987685,0.9333480465654849
199,-0.08926273011186078,0.859036101918221
200,0.1284511842109802,0.8755828493091073
201,-0.33480624167606243,0.7648669990168273
202,-0.5491792753510318,0.7822688684658672
203,-0.5271011438340244,0.7041027841737798
204,-0.2775846631126748,0.7057316873584574
205,0.3123819439571269,0.7082361259529198
206,0.8158913619152508,0.4979437647220831
207,0.7155287875154948,0.6680226436690077
208,0.6122544507780008,0.6572035732805241
209,0.4936407168025213,0.8289581117869087
210,0.8173503663108496,0.33302111814427043
211,0.7648387789373151,0.4117080750269113
212,0.9882047303711342,0.039681152520098614
213,0.8710080370062995,-0.1330419092385261
214,0.7452453222948356,-0.38651782170939636
215,0.8039351584746391,-0.3437056644641655
216,0.9544594350533349,-0.17722996351743994
217,0.907420444234947,0.037984313465284004
218,0.5834027912565836,0.3508419292507344
