0,0.37634475825832936,0.05214737576791826
1,0.4431706036522556,0.15804570293557865
2,0.9387639721946182,0.26577211062803735
3,0.7859190379107448,0.45953458743318587
4,0.5818974450515846,0.6203600850350748
5,0.2745614303491536,0.615296017287851
6,-0.08828439470330951,0.5201841380333806
7,-0.1922372351797164,-0.0928652704739278
8,0.12871525159718275,-0.5091701395961156
9,0.5222537904444637,-0.4735009677553075
10,0.935580026255367,-0.04528589123290178
11,0.812395164822872,-0.3380633669368336
12,0.7370492436406223,-0.40959789231427013
13,0.9090779261382128,-0.12873134860657826
14,0.4766943743866126,-0.5731613277872417
15,0.245628322356865,-0.542877085294285
16,-0.0964327106373025,-0.27745445497261945
17,-0.07927367479790676,0.37313419277378734
18,0.14905839803667364,0.6700087911160292
19,0.4694797682306238,0.6548745972527241
20,-0.0001288377635939186,-0.0011186364545935378
21,0.7247785581093505,0.55917794906146
22,0.49303612685632575,0.74327968345839
23,0.2327966029232097,0.7378495951818127
24,0.057701150636315,0.5212320721421456
25,0.09257299269524526,-0.06096703766765873
26,0.36595651714741745,-0.4256325340630122
27,0.6093992433080359,-0.43769866456762563
28,0.9451530493572775,-0.005142527996818404
29,0.806882242316824,-0.2764966823008956
30,0.866726652261256,-0.21161179019689141
31,0.9627333390488455,0.07947672175507389
32,0.621825861509766,-0.3245823447857717
33,0.23559766925363276,-0.3163798985995141
34,-0.0378960705778077,0.22471188028555325
35,0.039945984292451775,0.6162936219737779
36,0.3376254075110183,0.6906004503220239
37,0.607748795894178,0.6974120064206798
38,0.8028335525931394,0.5436694530553353
56,0.30458569982551154,0.34560321714676695
55,0.08850565584161624,0.4566585423703469
54,-0.18930101166130028,0.3560737099604064
53,-0.4121171337211552,0.20369507428786757
52,-0.45757360661843927,-0.08272611408154408
51,-0.32354127770657864,-0.33347192823133204
50,-0.018057298352823496,-0.3924382690450125
49,0.46408356144374363,-0.09172176781128807
48,0.30417140912975527,-0.34022899300704745
47,0.2197538026872125,-0.39764470038346705
46,0.4162000552159311,-0.17915222021646907
45,-0.009274561806085014,-0.48270705219115373
44,-0.24705014353669275,-0.4000812611026604
43,-0.42518734333470076,-0.17586053759434944
42,-0.4216963801398628,0.10760252819743298
41,-0.2767065859479389,0.39246146780061314
40,-0.020431912373825824,0.4616146064311625
39,0.1936520897436905,0.3265932693128403
57,0.5956560966854715,0.7698873619271768
58,0.33434583673236223,0.8642019997843131
59,0.008601372136602609,0.8289835521636595
60,-0.2759842768176732,0.7185036617903804
61,-0.40561045827007863,0.42472235411048076
62,-0.28510503942108256,0.006664400018796224
63,0.3588763458275565,-0.14737651116632752
64,0.797252417313129,0.30645785593722785
65,0.7087980712879869,0.0062546747035993455
66,0.6567587004396114,-0.12894224972847076
67,0.7794154459367504,0.19683508388683765
68,0.40342662711005867,-0.2956815022491562
69,-0.11338303188685737,-0.16633088845920407
70,-0.4154156350844084,0.3069747939376185
71,-0.33396338904227657,0.6232468043272947
72,-0.0847055043652526,0.8575131660809958
73,0.21331885101354353,0.9009166995455181
74,0.31012221608295226,0.8991068912259442
90,0.06995350535852607,0.9999999999999999
91,-0.24979493795638436,0.895390940480978
92,-0.5036688199875841,0.7621803085638287
93,-0.6151490544269025,0.4965668152408247
94,-0.5816616314085576,0.21498916464532108
95,-0.1383753860279055,0.15482780724713727
96,0.5851077112682276,0.5090577224775864
97,0.5134527459825353,0.22878291581640517
98,0.38864100066475665,0.16539374376839802
99,0.5774472098538942,0.40913690541778913
100,-0.09260087509987393,-0.05101443646120105
101,-0.5197418802057501,0.11139066907260789
102,-0.6316569986157042,0.38862547243301954
103,-0.5464637977412666,0.682158910239557
104,-0.33078069955346634,0.9070639019816763
75,0.04461787314657118,0.8857909724223331
105,-0.2085935714205788,0.9329421712420909
119,-0.5353679880510711,0.8299219763875837
120,-0.7424514769781944,0.628683194020035
121,-0.8353794162161349,0.36231948931368174
122,-0.785453329266407,0.08672943569429058
123,-0.5315999939821784,-0.017498461385846605
124,0.32972181462679145,0.5043712426259767
125,0.10302496744094444,0.1602121871332375
126,-0.168335629081931,-0.011180136363128432
127,0.2615194798890813,0.4240108605158238
128,-0.529564956475475,-0.17471697240440132
129,-0.7429588102916127,-0.02423903112767449
130,-0.8476137562912122,0.2505875174009778
131,-0.7871714710769586,0.5314709062549361
76,-0.1700691036246079,0.6731136190974345
106,-0.4263994448280446,0.716062107343561
132,-0.7171723011524449,0.5359918185165732
144,-0.9284958525577555,0.3488580665120959
145,-0.9587150207420555,0.027394364473929643
146,-0.8648543628152153,-0.2548906209787518
147,-0.6294600302023028,-0.38240319923614097
148,0.12442640311234358,0.06346140323792127
149,-0.21672005422835464,-0.45603283424587154
150,-0.35282458839402603,-0.4814314403923628
151,-0.011806964925859365,-0.19126206638647059
152,-0.5637836474500089,-0.49376843672537957
153,-0.7984373108044178,-0.3421682763638173
154,-0.9372439641267022,-0.068474095789509
77,-0.24057003732652574,0.32544714474021763
107,-0.518439129028802,0.4465125331540051
133,-0.77564771965882,0.22738316022938
155,-0.9240198317385604,0.042498737913620285
165,-0.9578504062774105,-0.2800358081307631
166,-0.804488330813661,-0.5412273092655444
167,-0.5068187584092859,-0.6777724538435457
168,0.07281579300053014,-0.5140345518005316
169,-0.15110061286529824,-0.7217658228558453
170,-0.2635792518350723,-0.7420519500423219
171,-0.018378678425331182,-0.6043052482974185
172,-0.4892323786208131,-0.7596983458341833
173,-0.725920285405593,-0.622955580385616
78,0.1787094035968308,-0.1491118390563348
108,-0.3133530505820801,0.15573734794039973
134,-0.6737082517559055,-0.08837144030838862
156,-0.808269348688789,-0.23212392980440788
174,-0.7637620824020123,-0.5290019380394201
182,-0.6161032416258458,-0.7900867075127309
183,-0.2866077484489098,-0.8771518390327582
184,0.32510200450052457,-0.6714039797440032
185,0.0714918032367517,-0.8782019696139682
186,-0.02891242920066918,-0.9080745252485328
187,0.2231856642574211,-0.7541043472359077
188,-0.2508518566122526,-0.937763182608038
79,0.5347364247075324,-0.22201984856778617
109,0.22763636750223962,-0.05372107941763616
135,-0.39773247685864355,-0.2432549240240553
157,-0.5888623700559722,-0.4013492198642888
175,-0.5639838356944789,-0.6772889507812333
189,-0.3601640126586852,-0.8885121156192377
195,-0.025524420849249704,-0.9838299233027733
196,0.5582429762185744,-0.6947167371145002
197,0.32026336393167454,-0.9050095994031228
198,0.2113899777969766,-0.9462091683776407
199,0.46151418249430803,-0.7765213602579636
80,0.8641014092938756,0.18918170925426908
110,0.6807301705386706,0.3590169393341621
136,0.408631648202981,0.3216760243052804
158,0.016125450273390452,0.12582949754075906
176,-0.09967516158486586,-0.4997626019374245
190,0.11297992319422255,-0.7216218480054193
200,0.4742513274302305,-0.6983679924228291
204,0.9553781554622459,-0.29838194953335817
205,0.7722487171504133,-0.5768135799453923
206,0.6966008626890009,-0.6411307456990191
81,0.7422573738446824,-0.07565460449021054
111,0.5534178288965397,0.09060107139462834
137,0.06560000258671608,-0.1299113869260282
159,-0.38774663432955386,-0.36542262320782937
177,-0.3380174405424436,-0.6561414265059705
191,-0.1245208168198873,-0.8669198699273215
201,0.22179421582075018,-0.8854387766726531
207,0.7583448214757126,-0.5398614558895782
209,0.5694086421224753,-0.8172000946989169
82,0.7949950659876192,0.023911927152434433
112,0.6198768565045691,0.1816333945023083
138,0.25436400824278715,0.05073187412383637
160,-0.23362893214052255,-0.27643047431387213
178,-0.22840210872024788,-0.643855411454676
192,-0.023753862833761765,-0.8306845685269418
202,0.33456472964279826,-0.8413599306677584
208,0.8367585490411165,-0.4723385946545828
83,0.873548148972509,0.30125552221905105
113,0.6905935449117214,0.460555339946062
139,0.42654022962098787,0.440383486384386
161,0.10859335872237652,0.28006846379814837
179,0.06637787133753,-0.355152579829303
193,0.22037463880783817,-0.6530054996788326
203,0.5753968161727082,-0.6059331046247903
84,0.5334389981245098,-0.062067036258582356
114,0.2061347788048011,0.14163308819095502
140,-0.38869108559954957,-0.06812265153896134
162,-0.6373911677566699,-0.2709663916461873
180,-0.5833835378038286,-0.5930927230389927
194,-0.3911306788831317,-0.822720403680977
85,-0.07657313262227992,0.09252785076611328
115,-0.4654092808336404,0.25106033637083647
141,-0.7153381963792944,0.04904201653124861
163,-0.8703190720380787,-0.14691291451458358
181,-0.842881346932443,-0.4484372153249249
86,-0.23953985207556736,0.4951413066018671
116,-0.4902469531135768,0.5476902503720744
142,-0.7723147457754193,0.3374108742706618
164,-0.9431959946500823,0.13990527788501678
87,-0.12747530814104105,0.7489518226047794
117,-0.38560101813389774,0.7990860343930377
143,-0.6718167851082316,0.6397269354549283
88,0.13279545497542705,0.8446123251329076
118,-0.12288623289557897,0.926895187021957
89,0.42689274637367935,0.8619391797632735
