0,0.7247962948145201,-0.07646413556882252
1,0.8030489609971868,-0.09115612666171953
2,0.7368296342268807,-0.16644442762771564
3,0.652802866098974,-0.14323186440067662
4,0.830091041743723,-0.17267258260371188
5,0.6503572175351776,-0.2282049706284976
6,0.8318947508331214,-0.12242190618653621
7,0.598016091727546,-0.23456377188752245
8,0.5747142391003712,-0.14389891124227983
9,0.5665919227858663,-0.08011775621857795
10,0.6067506232449942,-0.3302830774963114
11,0.5295917437991341,-0.1864643015901725
12,0.476667175252426,-0.09775921749166241
97,0.5160543636386515,-0.3462570527769144
98,0.5854049617279757,-0.3962652882328914
99,0.6394339096001056,-0.4242212855292016
100,0.5487405868376019,-0.4294640556045466
94,0.4323095599132015,-0.21116007666548772
88,0.3685087256888536,-0.14343998040659423
135,0.4135937335764278,-0.041092043635940316
13,-0.24003858769904093,0.36028431012247814
14,-0.3270009072411587,0.38052506435845523
15,-0.3002679598003095,0.3378974631279276
16,-0.23210885706395173,0.4344476074352524
17,-0.2152562040274455,0.2814054890748352
18,-0.3138378922504098,0.4420233894197928
19,-0.38608274436250684,0.2955939719297219
20,-0.39178732985468545,0.37925670347410373
24,-0.15193900063461638,0.36718981242023435
25,-0.2651593400044398,0.21271985686267594
26,-0.15341978656897942,0.21471619135726183
27,-0.21980919650076933,0.21407733931450662
21,-0.3704765591900577,0.2335033706443829
22,-0.41262711541168234,0.16391258052780244
23,-0.4682718321700987,0.33969383543626286
29,-0.4785194157764203,0.4201589950705418
30,-0.3273907794086083,0.18978314702834106
128,-0.4329955129218487,0.20227476080657814
129,-0.46946145117471866,0.2707760525300997
31,-0.3161468338643655,0.12687986136151655
131,-0.5200765588509215,0.1362691967900408
132,-0.4818370795493429,0.08229517149713925
133,-0.5115226985508164,0.3667252915509848
142,-0.5860226767380718,0.315856362281454
28,-0.042825523613758375,0.36216912964175235
32,-0.07403384760698217,0.31216681717529127
33,-0.14415047773490083,0.09026073966887745
34,-0.09151821977844575,0.16034573638078736
37,0.01625013809813899,0.3678639812736333
38,0.015393766420630835,0.29207998499419924
42,0.06834650637646904,0.3721078469472483
138,-0.5896048446570422,0.3934322826758235
139,-0.5278595718604362,0.46439003531590994
130,-0.24365134359595716,0.06809890303736209
35,-0.04769073069968342,0.44160327941930244
36,-0.07271820388451578,0.4139782110846967
39,-0.019686545716144054,0.4122235438324843
49,-0.10070580716172424,-0.02339585591970285
53,-0.14474603669163208,0.01592362954388393
54,-0.06819813745993644,0.06055042787954665
58,-0.11762308729934019,0.10079348501975197
43,0.01039755188357156,0.19836562248956696
57,-0.02500007017495763,0.12538203462735173
40,0.02301991102878964,0.47676008691609234
41,0.08254955593761497,0.46257723913460197
44,0.07599281971036548,0.21894252354993046
59,0.02741361392019496,0.12293623155058424
145,0.0899733510507402,0.14124886807651535
45,-0.057369463020827266,-0.11643401713507108
46,0.01715585307984889,-0.20666920671264286
47,0.033038665499554455,-0.1707480397897474
48,-0.06260283712203936,-0.19575808098372993
50,-0.1374151828917697,-0.12476381610519632
51,0.12677744724494422,-0.23114327948838992
55,-0.029829815650005757,-0.010568718757842552
56,-0.20104228024698556,-0.2151437861480586
52,0.24010564440410986,-0.2108840663478095
84,0.2720740412435996,-0.10257042294499828
85,0.34191269415839043,-0.2618447229518966
86,0.28505965535243494,-0.24918399291028115
87,0.252799493945421,-0.29214194048508546
60,0.05098874605145249,-0.053872385365697995
61,-0.2859058180814127,-0.27880508392267556
62,-0.23277077614155098,-0.3068448141533124
63,-0.1651654097025177,-0.3034946853886492
157,0.1433700036879178,-0.045366200410896895
158,0.1226493232671704,-0.09564641548437497
159,0.09510063294077685,-0.14173146197115857
146,-0.0711949193548108,-0.3341405799943808
64,-0.9221454854981559,0.6523786632177352
65,-0.9038198922534628,0.5883674158452739
66,-0.9482495966791261,0.5718828263259191
67,-0.831380465447715,0.6229068425449541
68,-0.8396058028615093,0.5268117888321869
69,-0.9364444415989329,0.47165738891329445
72,-0.7493324239620717,0.5765145498864188
73,-0.7443136202758618,0.6358985769499691
74,-0.8491459557087226,0.7246722591594925
75,-0.7859769949273281,0.7100756373616057
70,-0.787648026391032,0.4479095669309305
71,-0.7456654859103382,0.5238811270612314
76,-0.9236483565283686,0.3635531112356871
77,-0.9982390521220411,0.3799966515287158
78,-0.9999999999999999,0.4271138518224245
79,-0.8606906012346254,0.37615636292206267
80,-0.6773634027350708,0.4501139129705999
81,-0.7462934138495962,0.3827461775524389
82,-0.7407611494904748,0.46582485428346837
83,-0.6548055005005248,0.525987330284808
116,-0.8425495634714063,0.28915851643767104
140,-0.6016631675972132,0.501400615407309
141,-0.6650573959868026,0.36600010313542936
143,-0.6988408052242575,0.2902633363180802
137,-0.5960667689639972,0.4298908608885462
89,0.2232745790997003,-0.005008827649122364
90,0.2042821069752503,-0.08603518058342534
91,0.31818079794910686,-0.0005027161590403783
92,0.41250404943589947,-0.3404851952086029
93,0.3720240787544569,-0.3628404809947984
95,0.30282718825944605,-0.34996328769887897
96,0.3770109646184068,-0.2314143502452464
136,0.38240584927706534,-0.07746038016403678
147,0.17790600738134305,0.08901204014553135
160,0.30084967961457415,-0.03406115507797268
101,0.4737415682144632,-0.4068864355873384
104,0.4290659476973153,-0.4306191401448124
106,0.3539635348733739,-0.43481960816527776
102,0.6360505355444408,-0.48664069562766765
103,0.6403300716744929,-0.5307616136796058
105,0.49152351577504416,-0.5022350592472511
107,0.7090593351871776,-0.5833271342862512
108,0.6471349927067415,-0.5898913733945794
109,0.5288247256436589,-0.5919828029262644
110,0.5811328108127125,-0.6146788673474671
111,0.7573262297926945,-0.48800325786238813
112,0.7459154319180167,-0.5384786382262522
113,0.35295831036807995,-0.5160071742304886
114,0.405441059384063,-0.5247856404141135
115,0.48673933711194395,-0.6038401979727925
125,0.656547673177212,-0.6854706716082676
126,0.7277996662741869,-0.6814713469890069
127,0.8095791390448333,-0.613479391181727
123,0.5814473814405884,-0.6591034175840554
121,0.49398513624094303,-0.693529282878324
122,0.44234232440652177,-0.6901981276356531
124,0.553291148663752,-0.6935531726404303
117,-0.737487618657043,0.2577283902447661
118,-0.6394658516219155,0.3247994659602623
119,-0.6331842357852986,0.2782362057919932
120,-0.6499548668891095,0.22557832752694154
134,-0.5583416739566919,0.2967456336697388
144,-0.6149617704403244,0.1705812333132598
149,0.8133985613582806,-0.7103343928907784
150,0.867681948068537,-0.692560234665121
151,0.8972011199883313,-0.6316541725628481
156,-0.7089632550483046,0.16714714247005558
148,0.18220940749177633,0.16871142316480034
161,0.020983003056944546,-0.25840749998842705
152,0.9515281397530537,-0.6962197198145741
153,0.9480074866023878,-0.7453763665684565
154,0.9971200406880943,-0.6757327133214591
155,0.9872692086101785,-0.6276145257110021
