0,0.6190736998269288,0.5527983289549744
1,0.7056946892729444,0.42491240168391875
2,0.5839527856657196,0.4199449715855317
3,0.6599895314586336,0.5154348195059038
4,0.7527935307458583,0.5419091921585412
5,0.5207326458006886,0.4975697477173395
6,0.8077595212139178,0.5111388750859805
7,0.856740191728114,0.4304924902390817
8,0.6544952691774666,0.2925166311232786
9,0.7712997252168239,0.36278440513435334
10,0.4434064631804774,0.4271884761928777
11,0.5193380362878005,0.3042933616659653
17,0.42971733009280105,0.3752727866793633
12,0.9450340142425374,0.5117461043818825
13,0.9231276581272857,0.3658490760592861
14,0.8081402773445103,0.29268505228929603
15,0.6150644011434145,0.1316528687318979
16,0.6300052957871942,0.2265109024457492
18,0.29621360229714017,0.39123156818350685
19,0.33483413948539387,0.4314104833221716
134,0.610216138559153,-0.03191059830563101
135,0.676029945797791,-0.020190908811477948
136,0.5588555916330116,-0.028603612631165478
20,0.3770043010530736,0.3008935180927316
21,0.46704156027563276,0.2967295468596543
22,0.4844474174531026,0.2029759601699974
115,0.27843833244757654,0.2619667201088148
118,0.217575316873121,0.3979046198720114
119,0.15965950355736702,0.44239075210515433
116,0.34210085774727844,0.23942152026752053
117,0.3975619930734141,0.13846943785009233
125,0.5216031735343643,0.04425257927651869
126,0.530931212391502,0.12627830764481668
23,-0.23988818950279825,0.029199185555673825
24,-0.228021950732123,-0.09288293242085453
25,-0.3563241054390605,0.021642666335716685
26,-0.1349132560477965,-0.024240386628663187
27,-0.14708592671451023,0.11849797576808602
28,-0.33888475575490745,-0.20069203132006422
29,-0.08070686006222891,-0.13906325763369476
30,-0.203243956714493,-0.21816720983527932
31,-0.4627327638143836,-0.10412472670171968
32,-0.37735779884236464,0.14623914532217494
33,-0.455061281756701,0.15347039145105482
36,-0.04325107869980075,0.039904526111160736
37,-0.013622236437260073,-0.09415527708186734
43,-0.2258630297374644,0.21629125041757338
44,-0.036701242274102965,0.20294907190281838
45,-0.02688561204048918,0.1543792682542217
34,-0.4684965036381262,-0.2747880034684944
35,-0.32827386029439526,-0.3163135388457874
38,0.0481854480799937,-0.04515531428724507
39,-0.10902131702735104,-0.2936244052772989
40,0.06282042592081231,-0.19240293599116523
41,-0.02954732757932433,-0.24310055692176064
42,-0.24319271202566037,-0.35233713731250554
46,-0.6265641860266314,-0.11524119588117959
47,-0.35342612873496226,0.19310902956099746
48,-0.5082644416135015,0.20983446410106396
49,-0.5285701240658371,0.10539622050957961
50,-0.35262269722817546,0.2689121738536064
51,-0.5812880219330979,0.22572650557464646
52,-0.6010874426198339,0.18318519131910374
53,-0.4037373121489621,-0.35483736989398373
54,-0.5998193447280173,-0.218079907276782
55,-0.318005170676531,-0.4034033159654681
57,0.057749010001675524,0.09510922999523534
62,0.16107395851003609,0.0519908029313874
63,0.15750952051949216,-0.09789800866321119
64,0.15375433483467124,-0.035919054734397896
65,-0.04335447387442188,-0.4488231870579092
66,0.13836393380437884,-0.3647295965290005
67,-0.18430173802758879,-0.47968821019166497
96,-0.23678982367386625,0.29011582720199103
97,-0.13096100754567533,0.31990409214528115
98,-0.13106203285329832,0.362433458258642
100,-0.23475233149923916,0.3319963407611779
129,0.0633349042947457,0.24658605016842192
56,-0.740686361010605,-0.11904255457588923
90,-0.3593161636951473,0.0927439573998626
73,-0.6645520322610468,0.16317729552734372
106,-0.5344008263429774,-0.033297631393417265
75,-0.6980036153456136,0.28991732986153207
76,-0.7401280232085319,0.2551675759468753
58,-0.3717410686585844,-0.2537882948762721
59,-0.46720476427802493,-0.22238147245030415
60,-0.5942289189031001,-0.3118328732454844
61,-0.7356972661259954,-0.25826898816214944
68,-0.2828788322388357,-0.5382040022251011
69,-0.2558000020796942,-0.40451156369614427
70,-0.7718967304255752,0.057727578826243596
71,-0.8587668817720555,-0.03604504542832142
130,0.1313726247576721,0.18100566951934302
93,-0.41404078275035067,-0.09161552701251767
95,-0.35557672634326154,-0.0996710675431481
103,-0.2793330712469455,-0.1981339985111912
104,-0.5074968284368111,-0.18157962286420107
111,-0.6384526315302823,-0.2819101645647885
158,-0.6841842168314162,-0.4176488613556464
159,-0.7373258862406451,-0.35531272509248435
123,0.20528297761719988,0.18693975988349906
124,0.28424348920222126,0.12280839664878826
156,0.2598585166255789,-0.0006592786201645072
77,-0.031978925426691826,-0.5542287461311328
79,0.0945623819964261,-0.5079342155406211
80,0.09187907310495727,-0.47211883037011765
86,0.1966543613916606,-0.5298837548342481
87,0.19034962278445147,-0.4937376945459337
88,0.24807618175195625,-0.455729114082176
78,-0.13034482415352705,-0.5907438217080616
82,-0.22439341283771733,-0.6513823408864168
83,-0.2095817210127649,-0.5210525256246786
84,-0.1257484367550845,-0.4648230067328241
85,-0.14714495647928807,-0.3497826372713044
72,-0.7920693992704115,0.1849819547379972
74,-1.0,-0.045062360742837086
81,0.11954466866066284,-0.5948534192236041
89,0.005022639316794045,-0.38213527780653234
110,-0.12106345674547664,-0.27060214323269277
157,0.04665015391494428,-0.33107180474035575
160,0.41886618646128626,-0.4304696068825922
147,0.17943272416735503,-0.3174783518388981
148,0.19574296380671885,-0.38198934949434654
91,-0.4067293835553395,0.27760097204890316
92,-0.33091956308405746,-0.0345147070411288
94,-0.3111012311121119,0.30757375149886934
101,-0.3055215488250432,0.4219071537289199
102,-0.4249554224617441,0.414513312845346
105,-0.5763120561899809,-0.11897228340618195
99,-0.17776714147284003,0.40581303636055865
107,-0.2695449584019934,0.4669463408633624
108,-0.3718531425691818,0.47300134852004677
128,0.016444054719196608,0.34082368161041515
131,-0.09258486482765482,0.45541555391776184
122,-0.012461402191227539,0.4297692673377208
109,-0.23582969634802228,0.5431938382309056
132,-0.1320653304555755,0.5177988630559721
133,-0.0884321271743703,0.528205045771778
112,-0.6860098834986216,-0.04686515236931295
113,-0.7374328428955579,-0.09318452962947231
114,-0.7268730362714322,-0.16581870913161711
161,-0.8504610541681774,-0.1051365015092793
121,0.14990648030243386,0.3037807390468991
127,0.488548129251762,-0.002852289184680684
120,0.09000105500824142,0.3833740787251117
151,0.593635183379005,-0.12489847980269866
152,0.5481842304368678,-0.139504875460679
137,0.5713431506299748,-0.17134184568049884
138,0.485966499271735,-0.18323918793176816
139,0.6390584733773169,-0.1527325389125875
140,0.7044522343448751,-0.16713303654291925
144,0.45229981444646394,-0.16448794309895295
141,0.4166775036299095,-0.2729206770489714
142,0.33235880534485046,-0.25707518518010747
143,0.3544760124913802,-0.31309926990752696
145,0.6174132247499055,-0.2644299529200563
146,0.24372423288272257,-0.32704729056022386
149,0.5905195566069016,-0.3862651354364677
150,0.6701891223596383,-0.2683939456753862
153,0.5353573349981643,-0.30080390196595536
154,0.5585120515937047,-0.4305946832887121
155,0.5262980864515939,-0.39901740014182796
