0,0.1580652134963925,0.1454366346080516
1,0.08409752548587882,0.20004839211966333
2,0.1229649774052619,0.23801960305334202
3,0.031167885094948593,0.05607486334318715
4,0.06906719212208409,0.11401559580996957
5,0.15919343263400634,0.028995816963662952
6,0.28345227350464813,0.16684812007306682
7,0.04909439720328755,0.35039518125764646
8,0.14788445883531093,0.35108351073616106
9,0.019976611661643377,0.24877498753621927
12,0.16711595547296046,0.0974609058728995
16,0.04605033264582359,-0.10937594607702335
17,-0.0902447246925839,-0.03178945686322271
18,-0.0170526324618233,-0.008216350142564026
19,0.09767815795815252,-0.00548919566080153
20,0.15839658767204212,-0.1561395557231799
21,0.2528871895909633,-0.10727103659842756
22,0.2964017455588426,0.02895095830178508
13,0.2735621578300448,0.32985605556770015
23,0.4101372316931964,0.2690476619748397
10,-0.08482232877194786,0.34044490103593494
11,0.07399965206710303,0.5446290730671796
14,0.22930424799883375,0.46806213513608147
15,0.06392958251622348,0.4747429471337911
24,-0.15918652313781514,0.2893242114619033
25,0.21131257501233267,0.09952834727844678
26,-0.2565713987518589,0.33679331200908913
27,-0.10012594627714634,0.4636968984464778
31,0.21921129203080014,0.6268866237064148
32,0.14396677263265462,0.7014527749919546
33,0.15681029732533555,0.6058864149063781
34,0.0836337036539793,0.698489040482965
35,0.02132668084494937,0.7247991683143211
29,0.1996726112867333,-0.030577351443826267
30,0.3699953481033884,0.00361959238294151
41,0.2958055069911409,0.503811353682473
42,0.3490685304955522,0.4119283579534515
43,0.42938481842794746,0.38020011985294105
44,0.4190788950630798,0.5168032966512164
45,0.3026612385272809,0.5968420676424134
46,0.11769723171212952,0.5706405433906677
39,-0.060151449425330406,0.550058246801688
75,0.03440174550116639,-0.2721297728878338
88,-0.0938118537687458,-0.19911039663353705
136,-0.19510190460431942,-0.08203757380851613
156,-0.11797081774409986,-0.09977342893208022
97,0.01561424064334281,-0.15134591821740404
71,0.21125740848369615,-0.26693658259162467
73,0.2935534927826094,-0.25542737125719367
118,0.5501830504268427,0.3167535917488432
137,0.4259105170391564,0.4510425287169391
28,-0.32549479428512235,0.37605985604975517
36,-0.42671146681188205,0.39969124675922124
37,-0.38730841048716425,0.30248079484995316
38,-0.27221856938725636,0.45322094921588474
40,-0.2216097321841906,0.5210166255822618
93,-0.5107105460180049,0.3873732076801553
98,0.18127254211572555,-0.20947430483731308
81,0.5046239830622301,-0.14932886978590368
91,0.5085929111412428,-0.026148779505783686
47,0.15366523973983828,0.8374157835468753
48,0.09087147162211917,0.8464890237535616
49,0.021798629135991284,0.8806609568255177
94,-0.5683660793342615,0.3246841018368425
99,-0.5605200906069464,0.20968434087400598
100,-0.4682283374016253,0.20048310791414045
101,-0.3841549177459656,0.41980668365594204
113,0.565519983910578,0.4085137329332833
117,0.5565679360059708,0.490627359023446
123,0.46419691689766346,0.6282321823579599
124,0.5670325535741813,0.590658982822374
110,0.1821776377141405,0.9713288948287836
111,0.10501877839707614,0.9869566408447903
112,0.010436766126714722,0.9946356911214786
50,-0.28631794269550104,-0.7820826545777276
51,-0.43307983743618483,-0.6816880338492812
52,-0.3573221865042437,-0.7714408274317307
53,-0.3986750876621523,-0.8457991234896521
54,-0.22393100283447606,-0.6735809764247238
55,-0.5021241351864795,-0.7961026763405165
56,-0.36825751310217475,-0.5591840669112786
57,-0.5354324945524628,-0.5705785560464097
58,-0.5782223994138462,-0.7148071948590535
59,-0.48960707239607765,-0.8641527262473196
61,-0.2922205086648253,-0.5476436610493988
68,-0.14728973424007782,-0.5457318920708082
60,-0.6525104254293517,-0.8190353046528532
62,-0.23012445458908223,-0.44776573944804815
63,-0.47956689651258316,-0.4962418089180379
64,-0.6287771828977936,-0.4192481560741134
65,-0.6862270073866349,-0.5300344577764573
66,-0.6653421043994497,-0.6567428963511506
67,-0.7376242019461308,-0.7677366104736693
70,-0.3755652736071772,-0.43549874754505735
69,-0.06238739575220443,-0.4259789862918111
87,-0.12399265105565753,-0.3291685967006007
125,-0.32081415727382645,-0.3529158288060581
129,-0.545900600524177,-0.3676460715064267
109,-0.6376391746231597,-0.19045211535413017
72,0.35794530083255943,-0.33861040436590695
74,0.3864819155828177,-0.21137567485902733
76,0.43303769262359776,-0.28870243256592676
77,0.5156178754389744,-0.2332614735618705
78,0.3623800449120446,-0.38977291611362386
79,0.43244212699811413,-0.5062593142532468
80,0.45662376367825736,-0.4267386052091041
82,0.5552881814783456,-0.06915807560344846
83,0.5959869017916802,-0.5703763126478492
84,0.5438815572644016,-0.5634657749550698
85,0.4885963778950287,-0.6305859315453725
86,0.4336372648005394,-0.6596113559204899
89,0.6685615340039859,-0.24198511308500537
90,0.6674533752049604,-0.1410014592201242
92,0.651686334565092,0.11201520300517644
150,0.7149585406752711,-0.5082167239096543
151,0.7277100045656885,-0.5787170750530233
153,0.7052508599030771,-0.6273008382931615
154,0.6526634602762511,-0.6647416917812186
155,0.5588649757768711,-0.7207590792410133
127,-0.24746337820852723,-0.24362035824511308
133,-0.21607002131350614,-0.1651311796983136
146,0.8296511345979853,-0.28790107248834396
147,0.8006506782750368,-0.34053020123570177
148,0.7455864306125904,-0.3746083597506055
152,0.8002740944688156,-0.2233475936136194
114,0.6361298047789825,0.2863581005145032
116,0.6906810891341854,0.2783414428035419
119,0.7646866684121847,0.19029720617101287
95,-0.629076053919336,0.2793390761368552
96,-0.663127406894784,0.41025378444672467
103,-0.690384960239787,0.3243842570092837
104,-0.6873380505109754,0.17766088792721713
138,-0.7667852798663795,0.20803259342321623
139,-0.7485603316626467,0.2676203234673352
140,-0.6675586609446261,0.10768464291246259
162,0.05126744198327202,-0.31912651483790777
163,0.11367218462845807,-0.32089373959625817
105,-0.7451853116215668,0.29501276477171245
108,-0.6081745330924917,0.03890524646731889
102,-0.8552428744151043,0.24466875484873826
106,-0.8841351091186433,0.38078866665478867
107,-1.0,0.3006146185795716
132,-0.6525203474917706,-0.28503124459441675
115,0.6711389176434713,0.39226077808163434
120,0.7503287128462334,0.35681353713360914
121,0.7019793197272869,0.4775528459499016
122,0.8146450492556653,0.4708217278459418
142,0.5762864708629906,0.7343146604841104
126,-0.47424262956210633,-0.3408925866646594
128,-0.3952235191241356,-0.2589808510881495
130,-0.5698328647014027,-0.31063635496172887
131,-0.5245656074426067,-0.2624782018344696
134,-0.3757172594879565,-0.1462761641242281
135,-0.5247820359709947,-0.16776636611477014
143,-0.7474098565967848,-0.3009882092919661
141,-0.5634967148565116,-0.0396173076635644
158,-0.47984344747288515,-0.11567583249060796
144,-0.6846784017923907,-0.17404499185139674
160,-0.49880958266346204,-0.04637307283073293
157,-0.3469951828199125,-0.03449163908830916
161,-0.6780364752639956,-0.04228617051904815
145,0.8425868316840284,-0.4520163941753903
149,0.8185573474647245,-0.5125475620526123
159,-0.48936851787959523,0.0225267060350061
