0,0.7640491077152549,0.40149988186710933
1,0.7930706399724344,0.3183038395600636
2,0.7568155928356485,0.3381068501213269
3,0.6883924530432505,0.33004223386696874
4,0.7274396393789495,0.43210831956429463
5,0.6638060342894834,0.39753831537521844
6,0.7520030792464591,0.251337726355496
7,0.5864613353821189,0.3299888570993686
8,0.616768060831812,0.39903794238707896
9,0.7616843204911692,0.15684647533854326
10,0.5328590705004645,0.3844387593023892
11,0.4969721965355928,0.36739701720433404
12,0.4914188153447749,0.2906995732022663
35,0.7658910171002146,0.04576643552480888
36,0.8335852781715805,0.12049845721297567
37,0.7906669669505598,0.10529394779604684
38,0.41749879136216894,0.21242826854505845
13,-0.20614674555021606,-0.011460283626307898
14,-0.18983528367024047,0.11328700230785191
15,-0.16180811867106318,0.08166931465938504
16,-0.25904433545530375,-0.09701356656688068
17,-0.16959031141205744,0.0006564409007103664
18,-0.23875484382081635,0.0949839017588035
19,-0.26645747690189103,0.14614501573182545
20,-0.219217804898484,0.18230747778158624
24,-0.37249959192135706,-0.18827452332192152
25,-0.30286940064297874,-0.20602421131526752
26,-0.07194064072242382,-0.04055488974609628
21,-0.33691807607777047,0.17671693380077655
22,-0.32444925365132393,0.1426875217766407
23,-0.2794245867132023,0.21715200455992179
52,-0.446570463616058,0.22546491128518528
57,-0.3257386520369301,0.2365039519660928
58,-0.3311584652762452,0.047275619438775424
59,-0.2534874598816665,0.26042256555262006
27,-0.4517101939712517,-0.27643844452896943
28,-0.38631669965773396,-0.3091849934796297
29,-0.360711118553392,-0.28444602914635464
30,-0.43390319982756675,-0.24467003268643042
31,-0.49143080579383636,-0.1913207480087045
32,0.03337966704972872,-0.028136583568364477
33,-0.10225957928576343,-0.1333579385969407
34,-0.04052685797465022,-0.13160049533712156
96,-0.5855855682422887,-0.1326487947768333
159,-0.5899333613478119,-0.21785770250869196
102,0.1216300511157766,-0.08691288511655662
104,0.09021730368298084,-0.034118247652188884
105,0.13706270371712537,0.0006781304809093902
107,0.051171907725966345,-0.1198106451085524
71,-0.17078076370822518,-0.19635057767385164
140,-0.08567635373207932,-0.23405709017808543
141,-0.09096173775149945,-0.19925368111101563
120,0.7032633522870326,-0.03923157671917985
153,0.8845301588551278,0.0677206919027716
155,0.848977015993123,0.050405730984499464
156,0.8671188181610233,0.005970749317880855
113,0.36370636108959764,0.11565901118629796
39,-0.45210800076475494,0.4997820788867457
40,-0.4113186970060317,0.4346084849360879
41,-0.4059707438620022,0.5441367044392175
42,-0.47968377357588116,0.5447430220042926
43,-0.4897265185739446,0.4352569182599999
44,-0.5317196451875355,0.5263773583434305
45,-0.41271328867659013,0.3334347929935345
46,-0.4443090891028679,0.32179777709367186
51,-0.49667506753835955,0.32124303343132865
47,-0.40145465539276337,0.25658326070333776
48,-0.33706713539352395,0.3234164994623041
49,-0.4909939515607145,0.20127319341418443
50,-0.4687645621045499,0.2600717171288422
80,-0.5501453301751652,0.09536607884929742
92,-0.5755329307466824,0.13143796884694592
53,-0.5390318084215062,0.22271588198057937
54,-0.5659757640412474,0.28568306031947077
55,-0.5752818342387344,0.3534473839031085
56,-0.5162191830149203,0.28792115215669833
88,-0.6278169313110668,0.15529909062001004
95,-0.6795133088668384,0.27042333334248575
142,-0.5630123486212029,0.38975938775619534
143,-0.6119218614067762,0.3893672685443811
98,-0.6667358249463337,0.36337165692734313
62,-0.3825008504751321,-0.05086377320740081
63,-0.3302945681371959,-0.06616208283529368
65,-0.3876556774906662,-0.01800328979471095
78,-0.24539050810218066,0.158398718932263
152,-0.19502688832811307,0.28820263244439664
60,-0.43430729739958035,-0.1129808147342456
61,-0.3548270227370904,-0.1395219274925636
64,-0.3601560661444671,-0.21419663766987806
66,-0.5423456934134255,-0.08724557685365876
67,-0.26824206528689654,-0.16726038989280753
68,-0.342257572999159,-0.3205932188341488
69,-0.253851769374121,-0.2689732257163927
73,-0.6027367094318666,-0.06658372101615834
74,-0.5582050008296019,0.00032671977069492715
75,-0.6266226288706992,-0.02579663933642739
76,-0.6436844811894541,-0.1623545491850774
77,-0.6448927908309309,-0.07461183201421685
70,-0.290980767156741,-0.29889169926738535
72,-0.18684285148937846,-0.2327844032617024
85,-0.1629932566797675,-0.2966395901203233
79,-0.6335854105728329,0.030832666924273344
81,-0.6220701237044243,0.06228331937268925
82,-0.717111300739813,-0.09213230860962197
83,-0.6704311216961316,-0.13145205393097048
84,-0.6689277002079144,-0.026796224332731853
87,-0.640981584243816,0.10575640938273426
86,-0.6941074110431803,0.12160659659372579
89,-0.7164810610985601,0.0705512195652989
90,-0.744098918624177,0.12520699276198555
91,-0.7328792733906575,0.17546490605738935
93,-0.8090156347809525,0.11814411047411229
94,-0.7720526673545157,0.21939073901474246
97,-0.7810844935764536,0.27827445744514795
99,-0.7318582386956961,0.34245490106233845
100,-0.7075620666349328,0.38127805454586694
101,-0.77373460462854,0.32428730989907395
103,0.18410000381372943,-0.039369540183914274
106,0.2241942481292982,-0.10070592522381319
108,0.24122367760374377,-0.023732600261751176
109,0.28354526562223636,-0.04405436517756748
111,0.3315465251519954,-0.08043704167244249
110,0.3112771839895716,0.026141139667771027
112,0.3574873496484566,0.0050386903933464094
114,0.38263555746144573,0.028460531519964503
115,0.4124549976379376,-0.16146290500373045
119,0.514782551398228,-0.1661440917386995
122,0.4963150932086843,-0.13594391275921802
124,0.45208029885204604,-0.25984722488382644
125,0.47695854448836905,-0.2376768191995024
134,0.38355769300768006,-0.28793735285757466
135,0.37110131388459505,-0.24099174097032636
136,0.3862993776615369,-0.20049250649622738
116,0.5939663477938334,-0.08428094387649315
117,0.600887442797314,-0.15572921872889878
118,0.6566147368709271,-0.077687781606128
121,0.6946193959776094,-0.1316148358519334
123,0.6877585805629305,-0.21159131573501586
131,0.8016554371892514,-0.07482557645899993
126,0.7698651669884082,-0.20040107015495637
127,0.540782104501737,-0.24262042332227746
128,0.7774662144909142,-0.26274295558275207
129,0.7544695489869047,-0.2942985858340414
130,0.6348988994671964,-0.2716138756825053
132,0.4363588912204641,-0.3697791162635681
133,0.4875815882548162,-0.36518582604870303
137,0.8508361833781357,-0.267006364041214
138,0.4521431826646371,-0.2917031029391625
139,0.8361175971314864,-0.34436850797575863
157,0.9133860263429127,-0.07588852612920371
144,0.4323038785606027,-0.44250394390606584
145,0.4624955610953792,-0.4759530610585298
146,0.49579295353960295,-0.45311746315504825
147,0.5331040582422771,-0.4632764187434291
148,0.51817334073935,-0.5576656187041069
149,0.591206650513479,-0.630734000487792
150,0.5033258787601198,-0.6595547700500024
151,0.5475310515040901,-0.647415993866766
160,0.5776004268462906,-0.7302840437350221
154,0.9531290853646528,0.022531963981823586
158,1.0,-0.043815660899430245
161,0.6151264324808878,-0.8181661337229532
