0,0.506322060605547,-0.052946011836008035
1,0.6068444427059931,-0.056369076732524774
2,0.4645620551518761,-0.009086188612287684
3,0.6110360368180873,0.019907875296056175
4,0.35273589836491986,-0.06345368596610985
5,0.3012334644866484,-0.04195701107892768
6,0.7530842468948018,0.019859950306620612
7,0.16019698382112746,-0.08386640325439697
8,0.22208371141114405,-0.14454126250808003
9,0.1056243588240252,-0.11836836395628016
10,-0.01473084406579097,-0.10956589326480116
11,0.03136568559330494,-0.1837546135935927
131,-0.046115352162934435,-0.1772681213607706
92,-0.10783714208331212,-0.23502008592189855
103,0.007338834861004045,0.000235085976779808
12,0.4062367051461076,0.6797581685396512
13,0.3405351130709235,0.7020241737810871
14,0.4309274596006231,0.623295031310008
15,0.33109808916517935,0.5688471617197915
16,0.23462907641265862,0.6811297733779442
20,0.28588940579824595,0.437950976325188
21,0.21582106754479843,0.5232155003856324
22,0.2711081922477451,0.47775250739875363
17,0.11472606626405632,0.6978418068434078
18,0.1802022808543334,0.7310444055112647
19,0.13135308112601352,0.6054590683001049
23,-0.00349564853204628,0.6257626945449314
24,0.09292437238990074,0.7521107821890516
25,0.025587079452627816,0.5455369066021182
26,0.09299359257152368,0.456608479036676
27,0.1491539558080674,0.3943345497022625
28,0.19066512276283185,0.4645555837275592
29,-0.04023789061226049,0.4815882490693304
30,-0.0031213570194131013,0.6930423337386408
31,0.01647168673713669,0.3925421854266282
32,-0.04555171794024552,0.3375254069202396
33,0.05487839060172779,0.3563425463206553
58,0.01521788863754709,0.3092929644249522
133,0.07908295286861085,0.42716931429486704
134,0.024916248886739097,0.4837586801901005
135,0.07911139889399688,0.4964990628419019
49,-0.16627776310309333,0.39693812077940027
50,-0.15191430685274188,0.5183628510580491
59,-0.02508983219407267,0.27237226806520215
60,-0.07418594884840898,0.21070845459440865
34,-0.6841654062947468,0.6718772277029812
35,-0.5528142230406686,0.711926197216579
36,-0.658394215434426,0.7150802974084758
37,-0.6634496571257619,0.7832848186026615
38,-0.7162715278106632,0.5847650576735017
39,-0.4943190914430435,0.7776711231421877
40,-0.4389996724142079,0.8000273709064629
41,-0.4314123842069943,0.6792960966798494
42,-0.6004018423989974,0.8328119276619418
46,-0.6647749529757939,0.4642916394112052
43,-0.3745121337128174,0.720200430073299
44,-0.3212791114418142,0.7502780049195259
45,-0.3075250360439125,0.623004829592934
47,-0.19694175465394068,0.526075970958437
61,-0.5559360197612239,0.388693070030716
63,-0.06473028137986711,0.40246745337395046
138,-0.17613702033093293,0.44711854501945475
48,-0.26423336406737385,0.4392534467044213
51,-0.250324005574042,0.49799724937124623
52,-0.28722651741757493,0.32730105802040416
53,-0.29365898839823,0.39347929464743675
54,-0.43919389585359087,0.32429779864759833
55,-0.4247854240044437,0.3801238023736665
56,-0.20312032513405273,0.2333130454574106
57,-0.3156092114476438,0.2572121615681907
62,-0.18971258986747602,0.15983474690989344
64,-0.0039317298216054765,0.18734238902121333
65,0.04597586467313297,0.14624061386532403
66,0.003583962109853934,0.09064861679296096
96,-0.2899140855381877,0.08547035713666587
97,-0.1827919307773243,0.04596109700767831
137,-0.103297242550035,0.4997814016762301
101,-0.04947461284025944,0.04991627021930439
104,0.06741061437453634,-0.01577652794319219
67,-0.10071825722373885,-0.6248182738525647
68,-0.1924720787858163,-0.564634812859115
69,-0.08355263682300061,-0.49999936903632025
70,-0.08306358740067595,-0.762013019072263
71,-0.15860128829816358,-0.7372449213935017
72,0.007751397588099443,-0.5711769464081071
73,-0.3022194608293396,-0.5216127244497342
74,-0.11068139856950521,-0.3682052055347864
75,0.022848255104988866,-0.4657102043504634
79,-0.013016381037475367,-0.8824762132834434
80,-0.1511331347158403,-0.857781528323671
81,-0.09528080915668352,-0.8691262995259269
82,0.1253854262344709,-0.6420648331102151
83,0.0272408713775787,-0.6845679318169146
84,0.12173927611241289,-0.5374210097382506
85,0.07966733326982257,-0.636728149381807
76,-0.39059631839376197,-0.48884634104892016
77,-0.3968562067483145,-0.43986672242804187
78,-0.3005864217715713,-0.3991586094012566
91,-0.1974427673250816,-0.3198129654943023
93,0.10247227325679331,-0.3637622347808058
105,-0.38403169706544554,-0.3410219943591411
106,-0.3279667334288435,-0.3308629505611703
107,-0.25153885485172994,-0.27073971863198165
86,0.13347642952767644,-0.9270667103943196
87,0.03909986691100398,-0.9816011265601504
88,-0.07670251012422562,-0.9999999999999999
89,-0.031546568527961845,-0.9830016982398265
90,-0.11380292064974051,-0.9611097286055269
94,0.1312071470420755,-0.7547635334309187
95,0.2085523966088313,-0.4403626227629242
136,0.2741811301488969,-0.8834349623099782
123,0.14255404618741824,-0.2429497134988684
124,0.20899362225159748,-0.33174520782755457
112,0.31914643053429037,-0.36759075292706433
98,-0.42339051242686926,0.07225686583047569
99,-0.41954735622939515,0.028554245606954465
100,-0.31753524036597497,0.004028523776181628
102,-0.5495936935125106,0.03130906895775098
128,0.07793359687098572,-0.10090665937636747
132,0.1333125018908459,0.00025113481445787725
126,0.1710666287571695,-0.14464492091010384
108,0.35335685540956874,-0.3951776179370064
109,0.4031687154774452,-0.5264775721611641
110,0.4213034350905807,-0.4649997183929331
111,0.26885380971943307,-0.26685907810444215
113,0.4559576208104556,-0.39949953997876647
114,0.4099462901224634,-0.6598942999717375
115,0.5329231604217385,-0.4954871722499412
116,0.4640218493838052,-0.5925625940854782
117,0.5013047255812082,-0.5642418951957177
121,0.39526184487554406,-0.2554433752871019
122,0.3666300633302827,-0.2899006005564594
125,0.2316468591874616,-0.20646349531351252
127,0.4656882160993547,-0.32524343335142103
118,0.3936390177999078,-0.7978822204586546
119,0.34959404280861706,-0.7734757723012783
120,0.4717416162597773,-0.7253503921069947
129,0.23583066483309587,-0.07468247207114113
130,0.29934802701454305,-0.11237105613996388
