0,0.058891682041666414,0.09774442015537507
1,0.19143415558294538,0.26631730867499076
2,0.12574934146756866,0.10895044290602954
3,-0.09175543850342105,0.07432311307974157
4,0.03025517553492356,-0.054845580139118534
5,0.08121200733321918,0.3558061858699176
6,0.11689766201445996,0.29300473092827983
7,0.2710257162891151,0.4310109726593458
8,0.19653137198150936,0.44803736096363855
9,-0.019095526457884482,0.1767743961103625
10,0.17756089894294733,0.007643903924061407
11,0.17414589910015218,-0.08662325620192547
14,0.020547262268729004,0.23398118992165054
20,-0.1875098808532671,-0.037788775871568266
21,-0.028628724062750358,0.10227438405161962
22,-0.13117309949960182,0.24723161707413283
23,-0.16695159648338156,-0.10151427988331672
24,0.09579648566028197,-0.2536655208168388
25,0.14946689356131299,-0.17272257036033542
12,-0.0546618870752315,0.4020031825278335
13,0.07755967922710458,0.5234574987942192
15,0.2467990462938717,0.5183965020034779
16,-0.0703547111046908,0.31573402637032266
17,0.1086319378432562,0.43775457344700996
18,0.15199736132940667,0.5729682129880133
19,0.025514098610832345,0.5640424766744006
26,-0.23292285094206913,0.2589384784726494
27,-0.23686288709395836,0.18641096775518184
28,0.28790642239912684,-0.11577171949877074
29,0.3848296578248592,-0.048943769236202854
30,0.2152167602350756,-0.2858330077573999
31,0.33549807233322954,-0.1878544602149919
32,-0.11810104077676661,0.5792704738869638
33,0.007843546967294716,0.4502409043684037
34,-0.13836907326321105,0.43060710205875125
35,-0.21486308741412227,0.4393800058840816
36,0.18033267971054845,0.10427001549207433
37,0.1766713323604802,0.6904933567806202
38,0.30708249302825663,0.6859075114450468
39,0.020936483373379212,0.6445179369941058
66,-0.30018939522172416,-0.18087919024617335
67,-0.17209547672429654,-0.22012007291184657
93,-0.014008938251141769,-0.0646000865904998
95,-0.11298367890925921,0.004954651580634078
102,-0.28540222666412346,0.3330681868822781
51,-0.0388348397753566,-0.27180645534810305
78,-0.2295981564202525,-0.2395698625036527
80,-0.35415984504130543,-0.10164544021606332
42,0.23273414881292626,-0.4215578482690441
43,0.1620838700462803,-0.4391992350562778
48,0.11194623748415555,-0.41038558801083364
52,0.3088697437442593,-0.2990769863397023
71,0.2855194172922192,-0.24541278825512652
85,-0.3810474042428905,0.3598969296233823
86,-0.4284716126631147,0.22364270862452412
87,-0.3941534870740307,0.3083495675620811
88,-0.461678048720417,0.15703256692542858
72,0.47049138235611204,-0.17499544047530888
75,0.5237174249970561,-0.2733659643880004
73,0.5360091083269198,-0.20104758552723537
117,-0.265155539241182,0.5673900197911692
118,-0.22186728805457548,0.734641019912829
119,-0.23593827689354702,0.6314652920285018
100,-0.3991325479248321,0.47933572801274554
101,-0.3480444559791833,0.4646387212722247
120,-0.3588460416443516,0.575672419902381
96,0.40508249363433535,0.10731097285209576
97,0.3990171771093337,0.16944505037808305
98,0.32489046344771594,0.19244186139477829
83,0.23644651815217582,0.8414517956938494
84,0.08094571540656295,0.7945647710361368
40,0.2784806807773731,-0.5782040811006512
41,0.15939430890870449,-0.568750176439693
44,0.04174811183583435,-0.6775252553063306
45,-0.016344661724114185,-0.5149129955937789
46,0.12358671057262147,-0.6784754173679299
47,-0.01884937720534542,-0.4773810543714419
49,-0.04845467635940604,-0.3061121485269793
50,-0.17600183302055378,-0.4172495724974817
77,-0.13830644050565638,-0.4159983892441659
79,-0.1610697828974638,-0.6113830768164907
89,-0.01719150916046531,-0.6829140274884126
90,0.09050242585850378,-0.5969543565165172
91,-0.0392826631551135,-0.21068883934525268
56,-0.313187896187588,-0.3446749940273979
53,-0.3976430027143086,-0.5127543575925553
54,-0.6105862079765453,-0.5428022204618957
55,-0.4789450364522439,-0.41876043311155153
57,-0.5767796097565105,-0.6250142630335647
58,-0.616338666871306,-0.4007654208137674
59,-0.5093464872312681,-0.6350864176052786
62,-0.47724435283413813,-0.2720211529945652
63,-0.6358584433638427,-0.3359203846573486
60,-0.4606882627552236,-0.7804352111023188
61,-0.4877681182796294,-0.4508248881167823
64,-0.6455846072310663,-0.23533735034030084
65,-0.690143141672942,-0.2767877891967606
68,-0.26868688535773244,-0.7742610831637607
69,-0.39625137383839437,-0.256524811977993
70,-0.5482587729204891,-0.3239299216793162
92,-0.10376380605536206,-0.1344366164806603
81,-0.41971901082789875,-0.17771096381817014
82,-0.5203492773580318,-0.08552347768046707
74,0.6328447019281472,-0.19350606287136402
76,0.6337739036199477,-0.2748546712940303
106,0.7183722281204064,-0.21732431698804253
108,0.7219008415027018,-0.15237156407713667
109,0.6365612289700799,-0.09208925278482137
107,0.6928411000733413,-0.032268251974270266
121,-0.5123212692845905,0.014439614641018656
104,-0.5881047093007952,0.0894950211488438
99,0.27640703782728854,1.0
103,-0.49573453698188696,0.33199389012097086
105,-0.5538033387913451,0.20811929735994572
94,0.056245163378905234,-0.13144878802598914
112,0.60274699489684,0.06441550750202317
116,0.5599857097987045,0.20702928792711667
122,0.4939325789905098,0.29147092409734554
113,0.6013657437882542,0.12922209251682873
111,0.7715015525919224,-0.04816401865008271
110,0.7355628201332187,0.03768389432162667
114,0.7693672947916826,0.15105080423507167
115,0.7242558585566037,0.233657709647437
