0,0.1731403266128602,-0.03966609922617827
1,0.13516993790778883,-0.04565113533868649
2,0.15809848977389332,-0.010852808620271213
3,0.08845653778573649,-0.0058606278384012896
4,0.18515543830752,-0.004000626880594758
5,0.24855453329537472,-0.059290324134540454
6,0.23836447415119918,-0.031419956071170235
7,0.11853457284507668,-0.067421359505997
9,0.04107866121311132,-0.021396594497539154
10,-0.013043375023178393,-0.029058625843204514
11,0.049726956569752005,0.048295802478836344
12,-0.0064375269678211425,0.014339167205044839
13,0.26326667675772525,-0.012504258498162293
14,0.3175778501130429,-0.04297865854217619
8,0.07067239336661542,-0.08861306484379057
15,0.02467876836399133,-0.04134808247694002
16,-0.007121300136017412,-0.05500843534697827
17,0.018398172018207926,0.016150828982496698
18,-0.06012489137866643,0.01309021482158062
19,-0.08619165865617102,-0.031478882601770876
20,-0.07062738345007398,-0.09209002509135442
21,0.00013688316175389112,0.088225245719611
22,-0.0029471696839776405,0.026219525755287288
23,0.054216858339094155,0.09927848533528905
24,-0.027434747212405675,0.07531043173892439
106,0.3348965005087557,-0.018933858733732954
107,0.3813165695027,-0.060582367243154446
108,0.3807898926938954,0.009774228095722185
109,0.39084842987021057,-0.017003744866725914
103,0.0630315448345007,0.04321794957189181
112,0.07973567548039855,-0.01833654377119356
114,0.043866887287062735,-0.052820615315709134
99,0.016234668930056186,0.09744798037211924
87,-0.13087318481196672,-0.005278326258781047
116,-0.07610892238777026,-0.009678010513346824
82,-0.16679498197863654,-0.04098291195631936
88,-0.1365578835416132,-0.08822141501870734
117,-0.11505975110185405,-0.1530871578619344
37,0.03648252071861716,0.14097771677847895
93,-0.03308084751696625,0.1406350538506939
40,-0.023045627547155674,0.05486112881206409
122,-0.030228043099787275,-0.052239901956820045
28,0.05463962875040546,0.1740868279132376
29,0.10096666878539505,0.16877560017845375
98,-0.0047101127677543235,0.14486396992882863
25,0.07419245158283536,0.2366130478945765
26,-0.013332924966196669,0.2772068195351085
27,0.002651501116063018,0.21605134416448382
30,0.15308991535867397,0.22589387392616472
31,-0.08369535272404925,0.33154773821147226
32,-0.06587694089543555,0.26602874553602784
33,-0.099545255677298,0.30316904828059715
34,-0.04870408891343761,0.13544478280230574
38,0.20341248252068292,0.28330971609300754
39,0.23172079121822284,0.22944127789520752
35,-0.16942635160780276,0.348809794556397
36,-0.12929653802266397,0.3264133799805881
41,-0.13689950687965163,0.397482086589373
42,-0.25217782738167593,0.3338902934776424
43,-0.23152350454285836,0.37543599398919747
44,-0.21930303114281938,0.3996390962741472
47,0.2374801563206706,0.36467827364033584
51,0.2155956178418457,0.34561997717173804
52,0.26371080582180834,0.31778583985152176
54,0.17347600744476074,0.3383586368561083
55,0.28209921037420443,0.2709192813657052
56,0.2513890171323304,0.2890976094055608
70,0.31930320718372823,0.21950051365634526
151,0.2922318085815925,0.22766009187563507
168,-0.08656282168277929,0.43625622749595266
174,-0.1345446403630204,0.46328888629072373
175,-0.32098932775267186,0.34763132595821156
176,-0.3241051792863529,0.2867029009662132
45,0.25994145738685365,0.43714144754594764
46,0.30140408863409235,0.49421577758494467
48,0.31320079541675505,0.5597717470858457
49,0.35919456936785465,0.5314338714413812
50,0.28752641781721133,0.3820951271506407
53,0.3260919557266478,0.3345624117222486
71,0.11764403151358342,0.3399044200468482
72,0.15084447218872127,0.39928333814221895
57,-0.2068316325073818,-0.7927980145215768
58,-0.13477000487067783,-0.7868624675314421
59,-0.15797920310689664,-0.8169961869994887
60,-0.15707494375353567,-0.7468037792277948
61,-0.26734836723695227,-0.8295723500800949
62,-0.20299044827171017,-0.861394409165014
63,-0.24116647519644263,-0.8479587865177752
64,-0.09548179555480032,-0.8025604534898486
65,-0.08403885852512212,-0.7339349957179193
66,-0.11355572943037094,-0.7344532427913745
67,-0.13511300627432915,-0.6827839060216343
68,-0.2569637749163784,-0.9028651840144424
69,-0.13627427250231755,-0.6175006017306817
144,-0.3001560197075586,-0.9515069076505004
145,-0.24357567652154133,-0.9692347408335636
104,-0.1331928922048271,-0.5539928759091921
152,0.36360183653912276,0.2651762365795406
153,0.39259566823036457,0.1961534166134043
100,0.054965129829668974,0.2754752530522395
73,-0.29083830592043064,0.0015292817919516952
74,-0.3038484653054726,-0.047721996404629784
75,-0.3000827510593594,0.023778504558396495
76,-0.24506578847004165,-0.029930508322790296
77,-0.3239887991162825,-0.002374938196818622
78,-0.3401407921404476,0.06574268662706012
79,-0.27083642048326323,-0.08506718664566143
80,-0.2787544316931077,-0.10531654751291424
81,-0.3689004466030013,0.05391538253354955
83,-0.3896646617249422,0.006135507428777338
85,-0.37919442477800436,0.1291037403990805
84,-0.2049460293265585,-0.09743022445192112
86,-0.42131485051653705,0.0775897365020502
89,-0.36664510551100615,0.212889657357277
90,-0.41816064877261966,0.18138173746421604
91,-0.10878674898685406,0.15995198195028162
92,-0.1848120554124909,0.19072653982531468
94,-0.25627448187335555,0.19549074721319953
95,-0.2503528276154942,0.2426419424894661
97,-0.02429010231554127,0.20876378802658524
96,-0.3092669391360688,0.3004208931012865
160,-0.30383846588008423,0.37755216378593975
101,-0.09783161337711936,0.24831510111142774
102,0.059838331559449794,0.14670670763300425
105,-0.1647519103061458,0.30382748791594544
121,0.122559521494859,0.09229800615192177
162,0.09114290594296799,0.1888925246547393
170,0.038737930756236105,0.23545891981664302
113,0.13282265386100056,0.01773637091735061
143,-0.13076946547668322,-0.4892499426746753
159,-0.22747966112475262,0.36349354293466013
110,0.42020059927427167,0.07138679493086118
111,0.4333638077244533,0.04633963536224752
157,0.4277376911421402,0.12877770961648113
161,0.4771376740211533,0.08882004385874726
115,0.1344614927711586,-0.026717772307669398
118,0.18729001897988423,-0.09973664602860031
119,0.16514567370799751,-0.10279895033223421
120,0.1323427216007747,-0.12410864902244138
128,-0.11139117598651463,-0.22470673786367915
129,-0.15870141948693547,-0.20362553348257148
158,0.16974365891207127,-0.17647442249974787
148,0.10377162413914565,-0.1863504095995273
123,-0.03897667702012608,-0.11550469133011958
124,-0.0905669995811226,-0.08595227343701599
125,0.001966533916943408,-0.14205670532542244
126,-0.007623289944125807,-0.2111819340270758
127,0.05233652252217086,-0.19584992802533693
130,-0.06513720850806536,-0.2464068815011148
134,-0.023057462254329322,-0.27823402351756327
139,0.02958261065668374,-0.25873193917360954
147,0.07410697554099707,-0.25116472734081297
149,0.11762886883574984,-0.22302679292459754
150,0.1398861033740139,-0.2182267549667285
131,-0.14247552498177388,-0.256374326129697
132,-0.0809252414572772,-0.29816614844647515
133,-0.09887790585468684,-0.2745481136028601
135,-0.09107505944510497,-0.36118275476640477
136,-0.034964589473132274,-0.331196372665751
137,0.02338289817869686,-0.3151295960434272
138,0.054192906773002585,-0.305265988034029
140,-0.11389273391382969,-0.4228942055772575
141,-0.16459465431899384,-0.45715584134956133
142,-0.08970404005291707,-0.4760874655152515
146,-0.34290490848141614,-1.0
154,0.4657479637269196,0.22304017612126797
155,0.4466428652869384,0.24776209471565763
156,0.4505119133033747,0.182070109321264
171,0.0644395225375369,0.2873341129198341
163,-0.025863567345975138,0.395810490030892
164,0.006227049835570203,0.32171992952779116
165,0.016655153402057168,0.3701957261937301
166,-0.04180594226137716,0.4321078924584024
167,-0.015524761106532768,0.44304651666356026
169,0.03344926651685818,0.4457426354102559
172,0.03840367876408193,0.3116791939299359
173,0.06492610192907664,0.3681554286072961
