0,-0.19771013289250705,0.42073342910049544
1,-0.14545706620732557,0.46432998504262496
2,-0.16878148269914134,0.3196609291389979
3,-0.20773564655550755,0.47571553331393657
4,-0.19879008840737142,0.5668963947646238
5,-0.16475759335302262,0.6170571183476046
6,-0.28210336368191097,0.22114020215960148
7,-0.19654598636632867,0.1965748321632737
8,-0.06133949924953498,0.24181978192422213
10,-0.25414001403552544,0.6122118537608046
11,-0.2170458190748873,0.7060400456905417
9,-0.2535225571973168,0.7370332183165543
12,-0.37624440746727417,0.1659928274539156
13,-0.29516319002982777,0.1567388088177128
14,-0.2963394019897308,0.07509139919179399
15,0.04457716392820336,0.15660814674309517
16,0.05055529338955202,0.21337748322979527
17,0.07714433061525618,0.24148245786294253
18,-0.3364473401706557,0.6946393798587885
187,-0.35712762560357025,0.06316848570261359
72,-0.36092646818220286,-0.07712092816928703
83,-0.2951633403291105,-0.03835331865560291
113,0.1522265509318673,0.15267834870363825
114,0.00027886353432555664,0.17172755095452108
33,0.1350922247211639,0.2312358934464764
34,0.13725948313323966,0.30816992605978183
146,-0.4404808603044573,0.6707186506507665
19,0.19151845671701065,0.5794257704333402
20,0.08702260747649725,0.5027421760588388
21,0.08485955997248096,0.6110359759256887
22,0.18267036607204995,0.4728024009478874
23,-0.035286394309192004,0.5653803200263292
24,-0.04036663856238697,0.601690622299989
25,0.04286082311401374,0.43714775374021586
26,0.12374037033151832,0.37451467454278453
27,0.08182829131178719,0.5544209153215521
28,0.15407568533762536,0.6074092280236497
29,0.057584299047739686,0.6294740526835348
30,-0.18684399407112592,0.5789291981894003
31,-0.10448370427157966,0.450584659140604
32,-0.023480867642171225,0.47089902668268024
35,0.20635873719231185,0.399592972776759
110,-0.3243073140198531,0.48896944614774773
147,-0.31600428758494514,0.6415303970986507
112,-0.24819685512702652,0.3905837035084253
186,-0.10448860667271485,0.37546595755223977
117,0.23666797040038667,0.15012956899707444
36,0.4854716259313492,-0.4983618351410143
37,0.4168196908728518,-0.5690066740205691
38,0.35426810742248155,-0.46735317426193757
39,0.5487298418260822,-0.5902541575093462
40,0.6016673301653372,-0.5766066254512017
41,0.6303550732333862,-0.4842715123110483
42,0.2806642457436054,-0.5105782919590912
43,0.265055568575346,-0.3946934697864185
44,0.7660987859700095,-0.39458374879164715
45,0.3828512021774113,-0.5763476397282158
46,0.15972746135262902,-0.5545259152622389
47,0.16018671260495154,-0.3225480119778258
48,0.2554513381657599,-0.26781007265910517
49,0.25590890174366293,-0.29873664895783536
50,0.8852941236452379,-0.3160295244162464
51,0.8028219486712236,-0.2678285910884064
133,0.5226405046062053,-0.538960523097794
136,0.4435843228419662,-0.6577909744034454
137,0.4883218870173347,-0.6411052845141737
193,0.07709800813325826,-0.6159441974434956
194,0.020937564373389547,-0.5096858296434675
128,0.18686971392477097,-0.20019587801439256
164,0.018420731046802055,-0.33089934581787206
129,0.25154373759610765,-0.16886951477952192
196,0.9739860609699914,-0.1845080041883807
198,0.8884608763820322,-0.20870293727706582
174,0.7452218752375805,-0.13981147878516134
182,0.7949449656572315,-0.1344505180118779
52,-0.6424418980147352,-0.32686691602194196
53,-0.6057317305424715,-0.23392332542180275
54,-0.6719435339016062,-0.29011284077568894
55,-0.5957836730826837,-0.3432089104527501
56,-0.6321601899873454,-0.2305228941855443
57,-0.5335924606162267,-0.26999985488786943
58,-0.6868306146779037,-0.14175878605737618
59,-0.5014207478538609,-0.2978031931956638
60,-0.6018819837813112,-0.11502557166517745
63,-0.40628678095013454,-0.30609521413008284
64,-0.39472129586919774,-0.22689589243951888
61,-0.6617038268000951,-0.014641120258435007
62,-0.7137183002947759,-0.10585472135445777
65,-0.43244302551302927,-0.37063987434995466
66,-0.5055814988009726,-0.03534666954467418
67,-0.5718278516719774,-0.06079814190391926
68,-0.7079423551965454,0.11707013271776484
69,-0.611717745901406,0.05261569087727103
70,-0.3460789713368225,-0.34626356167015887
71,-0.2764388471165051,-0.2883627242717174
73,-0.32161449685635635,-0.4322875940823329
74,-0.4519317597735,-0.07278027077870551
75,-0.439058903824513,-0.02402915435512067
76,-0.5039043904516101,-0.12224565355584262
90,-0.6702502563525825,0.2801613622543167
96,-0.6809589080146268,0.172429112530186
78,-0.25291510959783686,-0.16337411174996525
79,-0.16103388449048447,-0.2158820096566411
80,-0.1574247389732824,-0.24898850178793958
77,-0.2800549610205541,-0.5479495929401362
103,-0.5320716574293263,0.09603076497933928
108,-0.530495425585878,0.023339326489271138
152,-0.2894896906359372,-0.05909897547119579
156,-0.38129147193688473,-0.1360503502269476
161,-0.4452084990204041,-0.21944798440947225
81,-0.2533876620080479,-0.662956254482353
82,-0.16418346038788706,-0.5482646149502217
84,-0.11290185720984193,-0.17138547156922052
85,-0.010036806330180035,-0.203099131579454
86,-0.12631387657459364,-0.7067964769050135
87,-0.04905163174093595,-0.4599001370197628
88,-0.12190307112199025,-0.4853020395539933
126,0.08135276555836354,-0.11372195108287593
127,0.11967961477795934,-0.20481477698053782
149,0.012748962301894661,-0.6578674176516658
165,-0.0662735412047925,-0.3547178663456336
166,-0.1064130854494253,-0.3992427867691383
89,-0.5989932188508941,0.3135625958627849
91,-0.5961865421575407,0.4023080414126473
92,-0.6298872722309335,0.20314458847091005
93,-0.5531662398487878,0.3064436629950794
94,-0.5175366558142631,0.4110660417793848
95,-0.7607768998024432,0.26916659254022646
97,-0.702390101254965,0.3674772416277344
98,-0.7024361716277373,0.41143187542146686
99,-0.46846126819766765,0.47745970533384124
100,-0.5566861648536842,0.5197423509826108
102,-0.5656487653384429,0.19204124884540405
104,-0.7793002058959257,0.2296188849318822
105,-0.7760892872546696,0.16435505885706178
106,-0.4739015291819611,0.4110543108278624
107,-0.3850385313389662,0.41185144108609034
101,-0.8191433352317797,0.4144783177927702
111,-0.42581643180799017,0.5622145538914058
109,-0.8723698422552746,0.30896662230415717
148,-0.17694237765696097,0.2684783095896858
115,0.19075919835993432,0.08588335045333215
116,0.22998826888335316,0.02971467146960571
123,-0.09849208396515041,0.08872972777737394
124,-0.062091273844692395,0.08429843809443269
125,-0.09011005182576835,0.16273581320699143
118,0.2479186542579058,0.07985722120827808
119,0.14641338737670714,-0.008099728873376223
120,0.29907703379450284,0.11661591490306643
121,0.1819182306071244,-0.10132156286729159
122,0.33629970246826973,0.05449553884706884
130,0.43659877589133184,0.011520375617079137
131,0.4256085955205598,0.11684193442456234
132,0.33823797274436446,-0.06528085741022242
151,-0.1695275008416108,-0.03604255956382242
154,-0.17836541979512172,0.019313797814241026
157,-0.10908312479876996,0.008796370452245768
190,0.11881510266027845,-0.36939552068374304
191,0.16719395117967936,-0.2969345936808825
192,0.11017370556193734,-0.30157481343768916
175,0.5395553444795245,-0.0012703764691272797
177,0.5499723975498441,0.03225817809363072
178,0.5041481726408715,-0.07617938317823117
188,0.5036858449680811,0.13759388902692857
134,0.6493522962248984,-0.5058362160309611
135,0.6064391353649956,-0.42274124350073855
138,0.6956381470410095,-0.36254389494374034
139,0.6279736165139524,-0.29823189713812126
140,0.7046163629353929,-0.4122300842983003
141,0.6968477077879934,-0.23612679277384913
142,0.574875818471804,-0.179736526514459
143,0.6529495264298332,-0.1911956126296946
144,0.7226994238969311,-0.11844625621429454
145,0.822620388094086,-0.17344481430296607
171,0.6104150197451051,-0.08102015124339321
179,0.70365452430683,-0.06844736786376582
168,0.8655196247698278,-0.07078210528801213
169,0.7795658286206449,-0.049003042591345504
170,0.6430709702871014,-0.021062558158968417
185,-0.3703546607046112,0.7644492895709485
160,-0.21937710011185962,0.13499737358141856
150,0.09362018521430297,-0.5197522179571133
153,-0.17018565691892007,-0.11461446102797392
155,-0.22537423620899902,-0.0058761324254972555
158,-0.07594825744006566,-0.22528800141177707
159,-0.1460707060813342,-0.26546767867432963
162,-0.4218692501053443,-0.2764216050322372
163,-0.33871274475848256,-0.2771483762232045
167,-0.22298300523814923,-0.3514406004517572
172,0.7752529779072331,-0.0008653031116197169
173,0.6837566547139265,-0.0192838310384851
176,0.6318939326525396,0.07619881356704974
180,0.650142950715597,0.05209434460083694
181,0.6978564020108114,0.19959282556276817
183,0.7327303652153521,0.16036151664265175
184,0.7730705785945124,0.1265851364468801
189,0.6170130161576876,0.22709477576889103
199,0.777830652556223,0.226656134209097
195,1.0,-0.022921838675950195
197,0.9177378662729424,0.12952120006448142
