0,0.20243405419086935,0.17827195860293607
1,0.22434723481217705,0.3105601503936069
2,0.2725747674002991,0.11328798919846333
3,0.14350407693928025,0.10076207575664335
4,0.1479369158097227,0.14837907895856337
5,0.05539938248645767,0.17503339775353005
6,0.24781010323453642,0.04613950987693738
7,0.1390804696678374,0.22003620750057284
8,0.3200942279137117,0.17633628023500034
9,0.27162081856805426,0.23149648671283776
10,0.2909269977129025,0.38115939182699754
11,0.25229351028532593,0.42097977896537836
12,0.18017613316749315,0.4184386208977153
13,0.1639998680587708,0.3380617830373837
16,0.10695963276745098,0.10733507823669343
17,0.3947263962300513,0.07279451480828665
18,0.4306459127016321,0.12904610223229726
19,0.031172206564808763,0.05201413426401281
20,0.21978890772067194,0.11359605115879012
21,-0.03786045638728454,0.27404905522009804
22,0.31757722839918795,-0.06388982308047696
23,0.27546875648138736,-0.08506267937258537
24,0.35805534956718993,-0.0018516767334657465
25,0.3249395966495752,0.10189528177868122
26,0.4157840838553812,0.1899137449979095
27,0.401744560712017,0.26517508653640187
14,0.30230281722337904,0.2433028469576204
15,0.07968703028594241,0.4814348612782559
28,0.08918514746215074,0.6072440076943353
29,-0.014285597230787041,0.41706096415967914
30,-0.037958918571911235,0.4848883121659809
110,0.05146352969307992,-0.014629787668324182
124,0.4481204907403045,-0.05552241505372752
125,0.5301626468090396,0.0786249820168278
126,0.5520669028737932,0.2086533652223001
127,0.5598131384624646,0.14177427379496116
69,-0.042064314379478954,-0.03545608565583743
70,0.0011774402767060971,-0.08333346024806032
50,-0.17462526641407317,0.2692522060553729
98,-0.0655060044996843,0.37678815447747777
100,-0.031502586585942814,0.3458929385378034
103,-0.13688495809855614,0.3404714543508002
104,-0.12422952868318878,0.2963794718191702
117,0.38598033016244976,-0.1374592526506846
118,0.3292295407472743,-0.1978195552658102
120,0.28981112748890175,-0.2083418730259516
134,0.5205120167102946,0.17879917869874257
137,0.5050704145346894,0.31103578159048045
32,0.11369216770687199,0.7196023762952766
35,0.00710152744019874,0.6689531033837675
36,-0.0038069669834163646,0.5554388972225212
97,-0.0698677257425812,0.517219256498277
99,-0.13657704631409945,0.43823975270805743
31,0.07698996943374525,0.8370805762059805
33,-0.04610895934555874,0.7789235940817043
34,0.014461736016819854,0.7778808194480389
37,-0.5791189686187459,0.19836631988770406
38,-0.5722672070601978,0.25498388055987536
39,-0.5404157450339204,0.12616227326460724
40,-0.4569344765104271,0.2425648184397539
41,-0.5209455099319814,0.2556336404459974
42,-0.4631017838501446,0.3455717861603638
43,-0.5701156323729799,-0.02365057498530582
44,-0.40479047550057,0.34584360538534636
45,-0.3275383603650127,0.2919739831836374
46,-0.5455021217736434,-0.17254951691444975
47,-0.6277221521541145,-0.12226317093935558
48,-0.5285436496395083,-0.13515655247211922
49,-0.2539675106780349,0.32499929535228644
51,-0.2557930525371319,0.37293716299255425
65,-0.44561515065129764,-0.27854654898641584
76,-0.5538261185268062,-0.24432071873250183
66,-0.43027220829054935,-0.23437167255114627
101,-0.2195686782889247,0.41691140518767156
52,-0.18816159446132866,-0.25847150694153187
53,-0.2829244961930107,-0.36464498002969703
54,-0.30473367144375796,-0.29277251634499984
55,-0.0953443795274862,-0.15725184422408137
56,-0.05137749524148299,-0.2157889403691942
57,-0.12332525919004363,-0.19747991618082433
58,-0.15924816379857004,-0.2847486421513915
59,-0.25481130777019956,-0.3887652375509217
60,-0.3415271924368891,-0.4377186121705715
61,-0.38763984237775134,-0.3305657254267401
62,-0.2750866602876846,-0.5044590387657221
63,-0.3850812531510854,-0.37161077273015763
71,-0.02359069988883625,-0.12487264924595246
72,-0.05983018628018614,-0.2974444431584166
73,0.0380839270230929,-0.3025461581582425
74,-0.2078737531104258,-0.16866565063333938
75,-0.22380931645388027,-0.11253886388386375
64,-0.3203270551831041,-0.4956322581696647
67,-0.324502100749686,-0.6229778938464915
68,-0.3830055028372201,-0.5810933361616103
77,-0.348856479586946,-0.737549258588975
78,-0.44615929021891226,-0.6727914939510024
79,-0.39685476792480745,-0.6975349679639781
82,-0.15099668625649704,-0.31034182084574036
86,0.02189036801164049,-0.3818549138033499
111,0.016734318600720676,-0.4327712447514032
112,0.0677164045953812,-0.4272988147973531
113,0.17162907566832908,-0.3119542256522389
114,0.10655845868307065,-0.36682937272307536
80,-0.23004875241927772,-0.23332872685256972
81,-0.2711331343729391,-0.21860134268980067
83,-0.33442685084484824,-0.10111604411344985
84,-0.2985433466110106,-0.06627727552984701
85,-0.30543729167550376,-0.007012759881583143
128,-0.4544387406847605,-0.7891908843127194
87,-0.4382665355680105,-0.034703630374707466
88,-0.3798331702986334,0.009988327433841074
89,-0.41045622286105016,0.06968267828428136
90,-0.32693570363460644,0.10824052836787403
115,0.15815061645303696,-0.43422047613834747
116,0.029884368513513435,-0.5180575225566275
91,-0.41225908850087395,0.1922710917284402
92,-0.37298361167845784,0.183456700364346
93,-0.2960243883680403,0.2339272711097592
94,-0.34539713831015606,0.30976147355696476
95,-0.31618309929381605,0.38987657550353305
96,-0.21720559085103772,0.3424453723186765
102,-0.2020369221994819,0.4524567504281792
105,0.8913437396873921,0.13541712841146544
106,1.0,0.15394421491877922
107,0.7772521296061083,0.1443096578161424
108,0.6542496626760889,0.13397847994932666
109,0.7623214534172269,0.26054304750142254
142,0.6480855891998086,0.2706482436681471
143,0.6604783314030555,0.20991442652029538
141,0.1874046307259066,-0.44742165089075575
132,0.2882088038823971,-0.2746800733718081
133,0.32418168384087936,-0.30576232069457254
135,0.288081263325199,-0.39019552411357084
136,0.23599320476850227,-0.3702691670976349
121,0.27123884740079074,-0.3323106323052696
122,0.23608129317561544,-0.4682168303520451
123,0.2884419808728809,-0.44440215297244373
138,0.23481638757785855,-0.5458632990795158
139,0.1880559774126075,-0.572126904693241
140,0.13745855645840302,-0.5563786212322624
119,0.38164886822645855,-0.2756034215370035
130,0.4087119487395432,-0.19725264011170734
131,0.5584940699794303,-0.007793429781544947
129,-0.5150912523269872,-0.882527278114663
