0,0.18932523509156898,0.4439292790718978
1,0.3088644980407443,0.4588875261341158
2,0.20412803644725952,0.5354714616266493
3,0.32249707502059016,0.5764668506411856
4,0.17756559748027378,0.5730512930528756
5,0.15699745871041026,0.3623167832442492
6,0.0886186199054406,0.4675874602341375
7,0.04391186026690617,0.3560902705928896
8,0.22698670662860823,0.45462694276801774
9,0.32677708528088883,0.3209427105206201
10,0.4813555904814226,0.5060360547235394
11,0.03887008588293262,0.5411723246143265
16,0.31794696540302003,0.7156087952444824
17,0.21923606277547875,0.5982454782815642
12,0.10631102683025008,0.5716019523919309
13,0.27183943505249886,0.5992464264392898
22,0.13502889456057166,0.18587611070610724
23,-0.057016400161097026,0.4064443778096639
24,-0.06858543879142112,0.25169931969935017
14,0.030377628418684747,0.4605848966344386
15,0.36189026945208563,0.4432378134343494
18,0.3091232055775498,0.15354284756734343
19,0.3754791708222322,0.144189912231108
20,0.40771847645394804,0.31733755758690824
21,0.6164013519304008,0.38354223352632844
25,-0.025324754266165365,0.6250065371473008
26,0.10648867155356584,0.26846283907564095
27,-0.1299895706300017,0.5488985745129269
28,-0.11155603797252991,0.5976469320886556
29,0.4624186441930632,0.41654854889137655
30,0.4701591348053076,0.5837757059084774
89,0.22730005400742062,0.03185055476807536
91,0.35116590334200065,-0.0008833020611545533
93,0.207424374757489,0.14127400892308264
96,0.5081085451605117,0.07722531446312646
98,0.22516359951806622,0.24235926128556332
111,0.40959924310451473,0.25069732662778366
112,0.5376613298657941,0.45418360683877845
113,0.5557014226673965,0.23740676185886006
140,0.6079567258714988,0.20190482001255108
158,0.7669994183916308,0.39581471997209833
31,0.26095220915314127,0.015487991197340466
32,-0.04877545936522484,0.15852756404515822
33,-0.16487801577907757,0.36276754232934055
34,-0.15354262716775666,0.21167411848757667
35,-0.13596493896056816,0.0849805636764093
108,-0.181159246521816,0.686785755175785
109,-0.09056455547480456,0.7532251451817004
97,0.10260096910938214,0.11610675822133047
110,-0.2859616792784963,0.5979382748125373
114,0.5802832400698682,0.61306478062577
76,0.0899138482411222,-0.023465587445317494
77,0.2688325514025946,-0.094850544204838
78,0.4253643901998533,-0.08998417200879663
79,0.40133093327440345,-0.14933822351463738
65,-0.1017042752086618,0.01108329485563561
66,-0.18278687246736558,0.09809271836365963
102,-0.2682306544315183,0.33921216119713726
67,-0.27148008018457553,0.07919450438613924
100,-0.03523270455028741,-0.11634856317212836
101,-0.2625268823497273,0.2222982045252387
103,-0.3004826372600047,0.16684165520713248
104,-0.10342804899925792,-0.1266811812226308
36,-0.32529925774419993,-0.17129084973475095
37,-0.4036782234875531,-0.11315976931993799
38,-0.37674210191008295,-0.2713512754323896
39,-0.23994598448495605,-0.09346344802505999
40,-0.22444778724279904,-0.17825176308727061
41,-0.5385200333110596,-0.11361340520971183
42,-0.48515212517658124,0.029821690506168418
43,-0.3368203282810633,-0.44761111117746466
44,-0.4330497999844351,-0.44803046118539197
45,-0.5070345974918532,-0.3608194770182003
46,-0.17263555607670347,-0.07283497084473951
47,-0.008683282608196764,-0.1363134904924245
48,-0.23704020064134493,-0.011676845447014354
49,-0.33856183862623357,0.014762392014974961
53,-0.03208050188561735,-0.030384878468368567
50,-0.5426744093114628,-0.21757647518819584
51,-0.573920085040489,0.19220600454500092
52,-0.481511147603923,0.10852712369327297
54,-0.4436677499573029,-0.5822590960481179
55,-0.21735388957858093,-0.5579854595999242
56,-0.564225409007852,-0.5561545356251413
57,-0.37967473811106456,-0.6234093018503657
58,-0.6125379031308125,-0.5085315025982461
59,-0.6161919675318243,-0.4169038779137668
60,-0.16694884812878225,-0.14532399904715557
61,-0.09072349686318337,-0.21471991484991734
62,0.08381384933391205,-0.23380378448744818
63,0.1921300209148976,-0.11222299730519557
64,0.1129984586634415,-0.06675314387672364
68,-0.3916068333130501,0.11426124675072934
69,-0.5330612147139944,-0.3090437963564201
70,-0.3613753696184345,-0.3288625536256003
71,-0.6250404917651086,0.3567938723455338
72,-0.5490701996527229,0.37989011474511325
73,-0.5774659937041395,0.24469491923408088
74,-0.6610312626122062,0.2982771294390071
75,-0.7209155503298872,0.16723783386371016
92,0.09994789510736711,0.0297424294635652
134,-0.41223600569940894,-0.7529779370103045
148,-0.09438864158129982,-0.47851965783833916
155,-0.07733647063077045,-0.6143621313379698
125,-0.6899095482845015,-0.6371167340240401
126,-0.7470509918700846,-0.5488185749876081
131,-0.6429394227715752,-0.6628778807510918
133,-0.700409812380743,-0.47169253071257794
135,-0.6463082677626503,-0.3717198323276384
84,-0.05266135046117516,-0.2741252511866825
85,-0.1876538723516499,-0.3004210027942934
86,-0.0773211263794827,-0.39036322515736116
87,0.12405780588890142,-0.4032349580680362
90,0.3205064319253619,-0.17953965528686158
80,-0.011164389985238436,0.03307248009515163
156,-0.6735579780470745,-0.3041734593754734
157,-0.4563432360590805,-0.41305324197433047
88,-0.25133400345798196,-0.42215096924267276
122,-0.6040601771938426,0.4869099319126556
123,-0.5339267628456089,0.5041949847558207
142,-0.7121566589473624,0.4331074180850744
120,-0.4442130270246633,0.5200060356305495
124,-0.569460997104252,0.549664633572861
143,-0.7550571543226492,0.2543139240564563
81,0.4659296032986508,-0.24269709660165803
82,0.5537532083702159,-0.21271235986423018
83,0.4726499683591891,-0.3048343603379655
94,0.39846770692098477,-0.3319514031772785
116,0.5609017829347448,-0.3309179889188168
95,0.27293701706061363,-0.34614411996381284
117,0.2852354456229976,-0.4551994210106818
136,0.20397152209081845,-0.5553755020365457
118,0.5663838842845932,-0.4064694271012212
137,0.6385485237508383,0.08055479292606459
138,0.6323509688041974,-0.01663060288276841
139,0.6667306405498223,0.025836511163293597
141,0.6751813798851398,0.12757278893106871
99,0.20347047618717748,-0.0422883222131815
115,0.20619698510978754,-0.22465801966893692
105,-0.005984058980404001,-0.31476788236131076
107,0.07704779724694899,-0.29207923816232567
106,-0.12094248481539971,-0.29492146332320557
149,0.16091218887540515,-0.43862255410752354
150,-0.012557508488553863,-0.4992913332183255
151,0.01718781029395434,-0.4348200214930905
152,0.057473824710783564,-0.4986927086351078
121,-0.42021755736952116,0.6382984119494146
153,0.6803409971810532,0.04558322943392936
119,0.7049848464413733,-0.29225380572347764
144,0.7423168261416191,-0.11329181240073644
127,-0.8327453913816354,-0.6387017310745601
128,-0.7214223865330981,-0.8064609690264797
129,-0.7889064696268153,-0.7222681543439522
130,-0.6571514777300719,-0.794715995747838
132,-0.7582376653067292,-0.7449071484156156
145,0.7581683976108541,0.21994487807695765
146,0.8170797813795228,-0.019066487340213427
147,0.8536661297537445,0.13911528430144524
159,0.9757181024750282,-0.03664496244433054
162,0.9999999999999999,0.08557723620911473
163,0.9930177530871389,0.1986432529823289
160,0.34204732831169765,-0.5066825942278808
154,0.671270254442115,-0.20840386663897845
161,0.5354627959238973,-0.42116162214112235
