0,0.10667021843956165,-0.11904322010171267
1,0.1714481292635385,-0.07210361673576135
2,0.1954433582414837,-0.1279849204711314
3,0.028369518439247416,-0.1053479163084368
4,0.2633048605628097,-0.17026961969154175
5,0.2471446322756817,-0.10363640498477246
6,0.22587403767747916,-0.19398342471091973
7,0.2620335349771858,0.018743052020163027
8,0.33845784831144127,-0.1388066831909007
9,-0.10583416937935504,-0.08391576520140301
10,-0.11009504287318961,-0.12588006746818725
11,0.33159953721206076,-0.21789415914257845
12,0.35976234524759926,-0.21322565832777932
13,0.2811530910618417,-0.26444398280147857
14,0.3170660376626226,-0.27416740793801875
15,0.29196727074827294,0.12182753286452967
16,0.26025929612934384,0.13011339261390015
17,0.37032501649602517,-0.05387861847393622
18,0.36659483331875586,0.021921405742070115
19,0.3245824495459353,0.02548159058140169
20,0.343937721930767,0.10369061130385955
21,-0.26272469635893514,-0.027095441857130986
22,-0.2454135313626922,-0.11795377434314712
23,-0.19214384907161108,-0.10706640365124707
24,-0.1817623219634156,-0.148829499814724
25,-0.2386118097044702,-0.05045845798563198
133,0.3505087516209268,-0.32815199024146435
134,0.3151529907537042,-0.3637580796507981
135,0.28148197421291626,-0.32952107503426437
136,0.3971281072396324,-0.09325920676595474
126,0.2132115955393503,0.2280028526420941
129,0.3170103352442381,0.23534043491528345
178,0.3882512519233235,0.17812773519504602
130,0.3009855394564513,0.1986801612323817
140,0.43559450376539305,-0.1681705818925037
141,0.45122158893877395,-0.053448517562346066
103,-0.3529826954010787,-0.05501014313307322
106,-0.3173034886865197,0.04501952632783799
99,-0.24840383534364432,-0.18024460300017742
100,-0.2728032776284591,-0.06649436822289845
26,0.11621238763075198,0.6587924058317505
27,0.0594145514904374,0.6524300040416744
28,0.0970672837443541,0.5461061898754966
29,0.11494082437233238,0.7945821272746814
30,-0.022917893501590066,0.6616917456905522
31,0.16823863990013088,0.719749607737195
32,0.07895009956189016,0.7605599502841172
33,0.00013497321488674895,0.7605567221438738
34,0.014582991564386619,0.5462379934634263
36,0.036796987549796725,0.4387053884314115
37,0.20202390653974145,0.5200553243841485
35,0.2925004411614663,0.7014730286949171
38,-0.04285644022040244,0.42806452962918967
39,0.37292136996902936,0.5843128780853006
40,-0.048135194337167495,0.335825293644352
41,0.027594852141687165,0.37410513322046146
42,0.03994853083568713,0.3405907585052928
43,0.14608216443151922,0.42584781424745194
44,0.2748194638788879,0.48428335362954644
45,0.3557758288568463,0.5189690816969293
46,-0.1560517835692621,0.4400426089974083
47,-0.12305765652378033,0.343341516848006
48,-0.04402820386728597,0.4895544168479089
176,0.35787545568643236,0.4354265637035159
69,-0.11300768870229674,0.2263087684602798
74,-0.022866955244922566,0.22841669383349456
75,-0.05751013053158253,0.29935327643148
76,0.08390980517411299,0.27326164608016396
77,0.15982184274811653,0.3191560775753827
119,0.09003589525319454,0.3105339353318975
120,0.20133152846046323,0.40160851168996803
181,0.24307561241098194,0.5356892598415075
183,0.4034760113045767,0.5453290277837967
184,0.32438973945897226,0.5972510384116537
185,0.5002511853322867,0.5258074983325114
67,-0.24767068311144053,0.39231645999911047
68,-0.25887081187074423,0.4458977333024994
70,-0.234688106629467,0.3212969871352147
78,-0.11049739679750337,0.43728555723407736
79,-0.1416680364989614,0.5497745473968093
80,-0.10037056291947431,0.6084908486124255
49,-0.7362945924580152,-0.3291134935330075
50,-0.7909630946654166,-0.4068085728077714
51,-0.721431190919673,-0.4483892244280248
52,-0.8095989821075238,-0.36102831900059057
53,-0.6895994668269576,-0.3290351210193113
54,-0.6870543737078216,-0.21953719158522175
55,-0.7688527371988834,-0.24963431564241403
56,-0.8399453551146595,-0.4630474683231699
57,-0.8014017099520928,-0.5337590298107975
58,-0.652065653863312,-0.5656141590387646
59,-0.6512463415216468,-0.22319378237180207
60,-0.587071793078224,-0.1470116851910152
61,-0.6736036351692959,-0.1162716437488606
62,-0.7103763516371514,-0.15115464382875898
63,-0.7483695071218467,-0.627276577869073
64,-0.7001891590500477,-0.6765706162965908
65,-0.5430930567258153,-0.5918436247707356
66,-0.5269169595617962,-0.626537721624141
110,-0.4727426306330789,-0.0995305460263803
142,-0.573454425794364,-0.06654926939671738
143,-0.41744175881412604,-0.5888627792257837
144,-0.5434550945721155,-0.7248025735022031
71,-0.3330041095069675,0.3811894651593027
72,-0.3329443628852162,0.30861760340711253
73,-0.3122671439280768,0.40045216685761953
81,-0.17544511082509373,0.14322192437192974
82,-0.22944606711871363,0.20152096230948127
83,-0.08446104032070086,0.11343149748578311
84,-0.4319443966497424,0.36475686230732907
85,-0.33021529166426533,0.17292813213450284
121,-0.19990877856382866,0.254673317421784
128,0.2755106527513481,0.33146881671078043
104,-0.2538900693201635,0.071218300689316
105,-0.18031731762691214,0.029986980154321646
122,-0.28928620955588624,0.16872338923431174
123,-0.3545865414555472,0.2279466033931575
112,-0.08973033523753488,0.0033644876855448446
124,-0.008397607571421942,0.025554251429168028
125,-0.05502327810026892,0.01893155609353272
182,-0.4674444849213829,0.21857330400588232
175,-0.18784131473660148,0.07229205138209695
86,0.9322878757088932,0.032862372098389464
87,0.9121215048072578,0.1731642418965505
88,0.9875624781090883,0.13811238383547744
89,1.0,0.09104800986035345
90,0.9049655521815435,-0.103927115252372
91,0.8519363911697312,0.3046563656378282
93,0.8321259298834589,-0.21990290992591227
94,0.9296126825853449,-0.20435409586726033
92,0.7547735669917762,0.414500784558417
187,0.6329328396781929,0.4901518258189438
95,0.7431705058965234,-0.30684684437260307
96,0.7272319432137097,-0.2624760216467964
97,0.7739060430692415,-0.34073087246549416
98,0.8579836657421958,-0.2993083485386613
149,0.6427107755784316,-0.295774013264225
150,0.661798935543305,-0.36090705770994824
151,0.6232906479368282,-0.3597714126346435
101,-0.3229989498077464,-0.17741409020090942
102,-0.22569619212934358,-0.3011731153391705
107,-0.31918480571832314,-0.31207844100633236
108,-0.34194829387419956,-0.2673754307555602
109,-0.16793103984432003,-0.4310994901400757
111,-0.4599268220761049,-0.04073541533818769
113,-0.2779510680273516,-0.4238948528695394
114,-0.35782527590653035,-0.413140403041107
115,-0.41067643412951155,-0.3472155675438328
116,-0.06192620106729728,-0.5173681928059534
117,-0.13515753752833154,-0.5396016937073187
118,-0.16456989611362777,-0.5720531078318042
161,-0.03084504449460207,-0.11500626983380527
163,-0.19720518758514088,-0.49780740290142395
168,-0.3103308251075881,-0.5196842708229534
169,-0.3869863661983477,-0.5105443485539906
170,0.03284355362912359,-0.500580600239447
179,-0.03241066368259821,-0.5920914485167661
180,0.040960702488713974,-0.5830216626471566
127,-0.32943068516787477,0.3244315183326513
131,-0.4278738873349301,0.318368241822408
156,-0.4686012948642702,0.29297958519984296
172,0.009170348794752687,-0.04653125587951328
173,-0.00019558767527329697,-0.1330608049317838
174,-0.08832111759162473,-0.04487792554719217
132,-0.4330264010068871,0.41450387793653676
177,0.3762509620068792,0.3294348340480918
157,-0.5099106092723624,0.41071013238172893
158,-0.5344412746823018,0.3769983537320088
159,-0.5484352604699988,0.3199262794515419
137,0.41433326886084804,-0.3084731406556542
138,0.26815542741996795,-0.3761238656419474
139,0.2150058524132645,-0.39444945422651545
145,0.5339079659118909,-0.34435434655989067
146,0.5004088830490137,-0.3686512523497252
147,0.48077390751506005,-0.2582093629777548
148,0.13290108558276512,-0.33535876063852765
152,0.5734968983961154,-0.29128398779003667
153,0.03382146647772895,-0.3835226124783742
154,0.025776481112345147,-0.2540989052536269
155,0.06344768906843525,-0.32747387168994574
162,-0.06925677540118425,-0.4656918796533139
166,0.006247937549862975,-0.45665451231301335
167,-0.022304501273111354,-0.36879179532847006
171,0.07978377413683019,-0.47708511496324163
160,-0.5809530561360683,0.24755428143866082
164,-0.11932483341629409,-0.5710504366093624
165,-0.035411905430243217,-0.6172107734080784
186,0.4547344414250295,0.6641691623324364
