0,0.6154825501689302,0.16184207785295895
1,0.5476803325338502,0.23499114738341267
2,0.4938145178553527,0.1294216448656346
3,0.7246134731614067,0.10587676415392176
4,0.4328841213307832,0.29805674644170715
5,0.5099814877023867,0.001186470613184996
6,0.412190299131984,0.06090486927330658
7,0.3807993450201046,0.18451685084552413
11,0.7047227730070249,-0.026505872735670337
8,0.36436665744194563,0.4030233651483938
9,0.44380042811702325,0.4251283250388507
10,0.3360640695350808,0.3022374197844198
12,0.6036379638170284,-0.07363493466009524
16,0.4247271468142923,-0.04822713898965446
17,0.5162480835336548,-0.07218202642735488
18,0.30983804369227236,0.09017047439335829
19,0.33639651985200136,-0.025105539081566135
20,0.281065243502446,0.20852361930394464
47,0.28047433532317506,0.38611578290719073
55,0.35259519737487843,0.4524091050137104
135,0.37587503989526017,0.5114080047138492
136,0.4254189480339888,0.500239272689164
56,0.2156363836148763,0.33428456233864917
13,0.7995380565877108,-0.07339997719273787
14,0.7650129679702389,0.000717677702069658
15,0.6602694342168896,0.02209238946593079
39,0.5577066847492651,0.015484776818440394
40,0.6076649676895615,0.10858072593257717
104,0.3527901982389421,-0.13399901048272025
113,0.4509662942478612,-0.00493993113043068
114,0.4324000319296922,-0.10857778676703837
59,0.1939375517795967,0.11301618542598858
100,0.24906219421815634,-0.012182247470074088
103,0.2704864832935308,-0.12629626731725757
49,0.15618025452096457,0.22653065332726272
21,-0.7666015919472953,-0.17373360098703708
22,-0.7944409772076283,-0.09652239697388196
23,-0.6892937892163892,-0.10017503703167023
24,-0.8747258317266877,-0.14836084248472403
25,-0.6771424459785325,-0.205157681812
26,-0.8605395497689673,-0.014656156306393902
27,-0.6139118977596046,-0.006389055589024222
28,-0.5914407569629694,-0.09045894413167618
29,-0.95407655090369,-0.05594803499700095
32,-0.5733458721844945,-0.18954758837403543
30,-0.9050503374139471,0.05454100148740261
31,-0.8024094632052323,0.07276501687577318
33,-0.5096667639584991,-0.021113431070241967
34,-0.5185337388924596,0.05734752497091185
35,-0.6891658627342736,0.07743417266831704
36,-0.5065462387209804,-0.10789464407333176
38,-1.0,0.02266258543812196
144,-0.8707521369042432,0.15042407396268975
37,-0.47450891744640183,-0.23532079495301275
86,-0.41252857741117516,0.02151190425428088
134,-0.4259966392444537,-0.03458335948603793
147,-0.5971656620980453,0.13270685948299138
146,-0.6816767073829554,0.18033960747089903
130,-0.4125260914697959,-0.14737540924076198
133,-0.3693297202398245,-0.23659124315219848
70,0.4986319911801074,0.1040712523987543
69,0.5375451489110261,0.20472324677665496
41,0.17294054880120582,0.2705979028577501
42,0.1895399739834462,0.3348667541252794
43,0.07971160403137369,0.28639443356853306
44,0.2983976142314897,0.26250184727263004
45,0.0750907547201504,0.22224641470931028
46,0.18681507188205093,0.1713788735724584
48,0.11909702582768997,0.3214455869439632
50,0.04896118468143596,0.22207332132108354
51,-0.023740209651363506,0.23953506060701688
52,0.3734161020084777,0.36001149392477383
53,0.4163641116259432,0.19262697697784306
54,0.31079500204251664,0.15101964082279917
57,0.01506764949978775,0.12924837006487247
58,0.13461382298804947,0.06546957821494497
60,0.09796257016871537,0.1284255370957834
61,-0.007718491082713905,0.11835196849484782
62,-0.09608038190306123,0.13506590334607063
63,-0.09623455544133248,0.18423971115654889
66,0.4795215077981041,0.40073412830683336
67,0.4815401202205843,0.3033141871097488
68,0.3948015208102156,0.07758508734947006
71,0.25948399784253384,0.03503348714776167
137,0.33170781605198985,0.5648272459792442
64,-0.08579470053527383,0.0862006706312203
65,-0.011560443564141282,0.011490642397129835
72,0.10783229285600167,-0.048279820115581296
101,0.1381276848871234,0.014829576918349976
105,0.04007899406829024,0.03615421032612528
110,-0.06402990480465848,0.004891609185896898
125,-0.15633532471127035,0.019570846620504324
129,-0.17621220521477596,0.10455613643967103
79,-0.12146098839516839,-0.015313066591572909
80,-0.08055202013991598,-0.08614001976949906
138,0.569744467419896,0.3356657617893436
139,0.5816736086728767,0.4348479646250974
141,0.6076683391937944,0.2857057643371643
140,0.3456824862476946,-0.04849143535847437
116,0.23649161468472818,-0.08329228517589343
84,0.02964982570349451,-0.13187156763736343
96,0.14700630540757648,-0.1436715010461214
73,-0.17521646744608196,-0.23859908409955496
74,-0.18796029103057593,-0.12074137030032725
75,-0.27598102388836665,-0.17934330159822884
76,-0.07962657085098868,-0.183802209987056
77,-0.16106192593480637,-0.37115552108658073
78,-0.29493731433631803,-0.04273360219274488
81,-0.3405066642991538,-0.3043605739168062
82,0.049487911442898797,-0.2168385460817848
83,-0.07930740541268316,-0.30491835695518077
89,-0.038183201179936586,-0.38906191091393355
90,-0.21110126630981693,-0.481507094447907
91,-0.12227855740742755,-0.45949399248007144
85,-0.2481574910979788,0.01418301335641079
87,-0.3399266557509858,0.033943894343301646
88,-0.270266342521288,0.088708785630647
92,-0.37016130376901696,-0.4305044506329538
93,0.011620071165570189,-0.29590731909701984
94,0.07942743950949464,-0.2526864178363614
95,0.15563277143224452,-0.24027997166088086
123,-0.22222563416936789,-0.07302487094178559
131,-0.33147475217347044,-0.06479210918288873
97,0.017540815213776904,-0.40668553944698316
98,-0.025631514604662727,-0.48397809000692166
99,-0.3049109026982366,-0.526729849486474
117,-0.04272915959341728,-0.2215651460998194
118,0.04520639389592205,-0.3216220105773829
107,0.191916081453595,-0.20399584884073033
108,0.12670580510725443,-0.18018146502525076
111,0.036695623117459136,-0.18452172402366837
109,0.2511890679748785,-0.1826958216193669
121,-0.06111741822034529,-0.3328695677108478
122,-0.09962599007315129,-0.4165390740296675
127,-0.09026576403846479,-0.536436130118758
128,-0.013145287443038785,-0.5893090383137451
102,0.1792529764898908,-0.08779249416219242
106,0.07386885911726897,-0.0766477978209935
112,-0.03387463805869197,-0.11121861977806863
115,0.32732689411064203,-0.1741045893855171
119,-0.11906025655292306,-0.09996986570072662
120,-0.14458469437269594,-0.287490118726271
124,-0.20463506327842876,-0.17855533351185437
126,-0.2592318642012357,-0.25726487581102
132,-0.3101777274540011,-0.15278887067941727
142,-0.876763379281688,0.2447984809678136
143,-0.7828284146695522,0.22136022115842488
145,-0.828109260040401,0.3194639759829636
