0,0.7125095375103904,0.460073741327674
1,0.6993575812414958,0.2935052741528047
2,0.6421887172964782,0.30943684788589676
3,0.684030768585329,0.5562959458343988
4,0.5839108426435079,0.5456393263211399
5,0.5729365619754264,0.6026421109189029
6,0.5094264085200891,0.2522069708777107
7,0.5891602184475397,0.14909799928664513
11,0.6858928961156879,0.19352881462653454
8,0.4941085081750408,0.46077314693654214
16,0.42924534103555084,0.5943856894350082
17,0.43487437578255006,0.6523762830237264
9,0.495999826202038,0.1139900549017
10,0.4049114165823116,0.024538167765958335
12,0.6360997528217092,0.02170623840634136
13,0.6741999753487715,0.0709298249733206
14,0.7728476693189429,0.09182722373712753
15,0.8003010379889965,0.1578805956215949
18,0.3565039412709504,0.6122831796680449
44,0.3608027853778317,0.07758580066825652
45,0.4957803550454115,0.013855679728721131
47,0.3063715957954809,0.12767237384720742
49,0.2611159722580542,-0.1840696314470081
50,0.6476201357478976,-0.06402678368823034
51,0.6149891689804943,-0.13826982003702787
55,0.7376136346615273,-0.06259877841452821
56,0.7759160553923437,0.004451595305537097
54,0.5744725418587598,0.07465595108800033
19,0.3114647999632209,0.7280547276092836
20,0.2485520694232218,0.6946726212734051
40,0.20909759947226766,0.7594071732954183
41,0.10132940957790036,0.6914512147594116
42,0.04485501331898254,0.7076520583088939
43,0.09827887047330161,0.8214914178908929
21,-0.7548888163607305,-0.23155237781114582
22,-0.6328607008991618,-0.14152475332196582
23,-0.8089983357401495,-0.09992017453552453
24,-0.7170272770438922,-0.2774184511650112
25,-0.6609101252558472,-0.33997335865883566
26,-0.6680737105196318,-0.08015703533724058
27,-0.7061038996054557,-0.4261566016838695
28,-0.4900597442866018,0.008846084211739881
29,-0.5649280904190349,0.03052569199314127
30,-0.7253182274985431,0.013413819372961362
31,-0.7196156235409978,-0.4802203005895157
32,-0.651930807141401,-0.5527102819783878
33,-0.6170673905558334,-0.4887908733677181
37,-0.5564074881688645,-0.5790558166182249
34,-0.2738063797840846,0.11628087484153142
35,-0.4091785125944678,0.11223542447744629
36,-0.34896182204086257,0.01713961174164911
38,-0.5166740878481116,-0.6819741624137029
39,-0.48816817084793623,-0.6169247152408809
87,-0.2609850706557901,0.25070771590438407
93,-0.13288655446045175,0.25192073269796184
101,-0.08251540214782965,0.1282823108465351
108,-0.17135277930659476,0.04386433921018903
88,-0.36821489177093547,0.17141526502236215
97,-0.4103476485544864,-0.018802723437899325
111,-0.189240852853937,-0.07842577079614899
72,-0.34209063233514453,-0.6504175093085505
70,-0.4008189096422024,-0.7406635216955553
73,-0.43692194781793225,-0.7975291557417474
94,-0.0712995903281411,0.5822106763650448
104,-0.04465130778222708,0.74591907521243
103,-0.10540893820320772,0.7367779626895826
46,0.3705711031912901,0.1783706146155126
48,0.2105947713444309,0.16510084987388307
52,0.533285357382176,-0.11726005836680663
53,0.4694284963640256,-0.14170109454974852
57,0.18873498430563673,0.2905564530058241
58,0.050065856327570366,0.2024414311127193
59,0.0734461803011559,0.06680300554549289
60,0.11723739172805187,-0.3762617109700285
61,0.1492881352340127,-0.092258222168041
62,0.14836657949829296,-0.1713844747775371
63,0.19078581903552472,-0.2734286444908866
64,0.23926971189803312,-0.3302190268437805
65,0.49438008481201723,-0.23649210900710785
66,0.3654907584529668,-0.0847607177658057
67,0.29954087501292803,-0.10049769769025733
68,0.32495969698524035,-0.17833196777897137
92,-0.005058895373004883,0.2985059264232604
100,0.08702905492867614,0.39944964114893927
105,0.22326911161710997,0.44909057015446385
106,0.1699213494911494,0.4706569072805181
107,-0.0099736922856243,-0.027341589348530253
109,0.08063565457867987,-0.0440377951435191
79,-0.04332018218272241,-0.45704097521301545
80,-0.09148222863768042,-0.41865488552361935
81,0.018581772541006823,-0.5354593104248664
119,0.12562082959924872,-0.5166974290218145
110,0.0405803163440779,-0.15590157787980985
99,0.14832194897411521,0.03839821377834772
69,-0.3468153790079375,-0.8298975862062148
71,-0.28782628491619866,-0.8369109655080713
74,-0.41792378619745857,-0.9536026460970302
75,-0.33554418325274166,-1.0
76,-0.24686557862786307,-0.9993283102166548
77,-0.1435871072706069,-0.6046988794681916
78,-0.18916742890527,-0.5426185298598026
82,-0.21662788098943658,-0.40902342217709126
115,-0.18819274553806534,-0.32552210940534004
116,-0.2724001320269462,-0.32374463268965786
118,-0.336651231568948,-0.23938561640592318
83,-0.2486324963540306,0.3331090685983836
84,-0.2645039905615478,0.4757090807263942
85,-0.39847572026494166,0.4549101767210936
86,-0.13807880497423858,0.40160344196754455
89,-0.352042611999517,0.3086616995520657
90,-0.10737737667187033,0.21831207039659625
91,-0.325820286658771,0.24676404843700822
95,-0.4715179748720694,0.11238404505733426
96,-0.3668777609032057,-0.050354366582565396
98,-0.4812960143901394,0.18274658370479963
102,0.04726934280645206,0.5453477611794288
121,-0.4999941890097818,-0.04620248733736942
117,-0.3396451830438615,-0.1761353375764256
120,-0.4259188944709893,-0.18157242014151614
112,-0.06300885024224108,-0.18948632835995896
113,-0.10651007167739408,-0.1506774736455972
114,-0.08458986807778035,-0.06445622741239299
