0,-0.05275377704921694,0.04026247152329543
1,0.014445652044226931,0.14741713413794785
2,0.02184759232656044,0.05487516749328154
3,-0.006532550248340605,-0.009284505572020192
4,-0.0242085225352264,-0.057347436577314836
5,-0.03808189123019359,0.16332584968799727
6,-0.0318395576940214,0.2502205343430452
7,-0.04877168274786504,0.09757843936184218
8,-0.08867194929260269,0.19428496121046182
9,0.08803329962800123,-0.028483660433522823
13,-0.10627356548047563,-0.08796366608431024
14,-0.09591140133061835,-0.1600696778525798
10,-0.12686635104942146,0.24570154117543422
11,-0.1304961855883508,0.29843538784649615
12,-0.07923041778140641,0.3407515953972317
17,0.18013709013474488,-0.10152540036239789
44,-0.17631988032065957,0.36485116754976366
51,-0.12479765345460284,0.40496572250650326
50,-0.07551042268462561,0.42909396698162355
15,-0.15735796054142323,-0.1932530558329689
16,-0.1889904382174142,-0.14045163668173763
18,-0.1778538041604986,-0.24280045250885904
19,-0.1284538102131291,-0.28337145762544425
20,-0.23515041351151786,-0.2674344175635531
70,0.16253017038678413,-0.22560399899560535
71,0.12865359179095529,-0.2169287236345208
72,0.22966458887834018,-0.12159376415155279
73,0.22022848628976902,-0.16536980218020647
74,0.12221012112410722,-0.16353622683359267
103,0.2916924906759594,-0.1256116437445374
104,0.30711433631738916,-0.09005610412659877
21,-0.23413255291660073,-0.31814665279737375
22,-0.22728893368308686,-0.35362346008895057
24,-0.027317835006968553,-0.3348415218438571
23,-0.33274469559577863,-0.3103725361405124
25,-0.3327987750264321,-0.3695602080142042
26,-0.3269008126839261,-0.41994750541773707
27,-0.43163356070878023,-0.36907906136317037
28,0.043994640825289366,-0.4120985253217297
29,0.07878194586379661,-0.33546864823906297
30,0.05603676132164928,-0.27223438636866015
87,-0.5488790855838594,-0.3522509743035905
57,0.1312715924419262,-0.43629877618052937
61,0.08580400654476361,-0.5101361796704879
62,0.13225660958939542,-0.328862265565072
31,-0.38835196131601546,0.5570685345767964
32,-0.3360255978891437,0.49152158749875136
33,-0.38059728022838724,0.44531783202030467
34,-0.2877726708968737,0.5348309647022839
35,-0.35677314791867715,0.6110644971147983
36,-0.30944066512950585,0.6413319528985856
37,-0.39684764319842686,0.40660945067947496
38,-0.2920274821193214,0.4045268623267912
39,-0.403989911780302,0.35308974823268974
40,-0.4830890470985513,0.4069932187222826
42,-0.34260501979630364,0.7204242926371788
43,-0.39302263443331925,0.7115011291642115
45,-0.29517804485220533,0.753426268535637
41,-0.5233505193297836,0.43273662375686206
46,-0.5261949969173154,0.34765382852866106
47,-0.6041028920325255,0.4200706584425048
48,-0.6232340446508694,0.3821476719224299
49,-0.11013043840097449,0.4799804055107834
108,-0.6307135604234981,0.32402858389679806
110,-0.7183147841032154,0.38395175442546176
109,-0.7217287947983346,0.3374893628453494
52,-0.07688153735215811,0.5815920867143877
54,-0.029232839626916172,0.5737041711288419
55,-0.003564699574981833,0.5271130140767643
56,-0.04629514246534029,0.49547843904510236
53,0.012702112401027522,0.6441241222454003
58,0.22974118163227134,-0.5088252144057178
59,0.18903936203368682,-0.5072353284871882
60,0.11628159931431906,-0.5504087964350701
63,0.31804726103549935,-0.5139576670429672
64,0.3185735893545834,-0.5863705859611307
65,0.26892765946738834,-0.5828218834157178
66,0.16710846148254963,-0.5979102634290223
67,0.43539964842035184,-0.4771183859811695
68,0.4149799596888299,-0.5780216266934369
69,0.3813214880748943,-0.5234099030568046
100,0.4913586360858809,-0.376737018536298
112,0.42713699389736515,-0.3719107238031247
113,0.4235138023187825,-0.41615161059779
75,-0.9024160918096265,-0.056136002995057506
76,-0.8326139566165343,-0.12714752178305688
77,-0.8710554017010703,-0.007103623067081486
78,-0.9247823773282682,-0.15047619528764913
79,-0.9638877289121754,0.025948901194361402
80,-0.886082783404305,0.06266207069073024
81,-0.7570420977535304,-0.22578766716742643
82,-0.9181618256399335,0.11729414722841827
84,-0.8429000947175496,0.169106922285473
83,-0.6601090113107451,-0.3024397780776058
85,-0.8982009237194779,0.24488112353421637
86,-0.8829290210508212,0.20416389604427854
115,-0.84529437839795,0.27490980595331443
116,-0.793893337230642,0.2704664639187785
114,-0.8131753728304276,0.3422542130276651
88,0.7600104149760175,-0.2648576385568816
89,0.7372152942326942,-0.3433927426670085
90,0.6680142021512787,-0.2486575758921445
91,0.7011786907045742,-0.15873094663480433
92,0.7705677690195701,-0.2191347585490426
93,0.6393437069497186,-0.3059076227601266
94,0.5947642159098832,-0.19029948858164358
95,0.5564290222761491,-0.27610432576104976
97,0.6502394612053076,-0.05467776928224235
98,0.7075602774360215,-0.052346242872835125
96,0.5527886076303039,-0.3481930967834064
99,0.5384412443256729,-0.08030715067803738
101,0.5042420561385366,-0.3163487517153342
102,0.44534757935784414,-0.2853891148042938
118,0.5858955888548767,-0.02643767094840703
120,0.6167446040270212,0.01205862153620444
121,0.7443473768424129,0.018686873864272667
122,0.7039045006294341,0.04801923033501886
123,0.805782138191641,-0.005807070804047852
107,0.4243677097209531,-0.09196484269208507
117,0.47799993358425447,-0.023007577808308737
119,0.5412040792315016,0.0329877374309405
105,0.38550146520312795,-0.17518399700270798
106,0.3788600405277551,-0.0692327637367879
111,-0.7262640030860735,0.27879110235113536
125,0.8412159615386732,0.06791892903821874
128,0.7971183537864801,0.1007718420517429
127,0.9017144488605117,0.034417531038182146
124,0.8969974369702128,0.14225396687810318
126,0.9409123279416656,0.10232830656960044
129,1.0,0.07486399880060453
130,0.9964990085639359,0.17523059219545445
