0,0.6391271796304145,0.1233823881561725
1,0.7559251197085962,0.04584504672797975
2,0.7088053769610781,-0.04223609941312273
3,0.7002692980326353,0.17072278274498703
4,0.6408236145660684,0.06946914264784225
5,0.6314485530867365,0.20417357494230506
6,0.6363952535614685,0.245871268057611
7,0.5221749287898844,0.19244543311122067
8,0.477514621957367,0.1823309971302965
9,0.704637066354485,-0.09497346031196605
10,0.710712010593026,-0.21309839550652523
11,0.6643991175128326,-0.19950883518436027
13,0.5087448628490387,0.25718712783928466
14,0.34046080879270785,0.1831367998693557
15,0.3356032144133028,0.2847634273410943
12,0.6733385975316714,-0.27079140978637545
16,0.5856806497758325,-0.3618382374238026
125,0.5616835732515321,-0.3349103266054948
17,0.43047183406090395,0.14817677703215748
18,0.554647800750862,0.2917947295479723
19,0.2047516701182695,0.26243103451821015
20,0.21500557341030974,0.16431080832891592
21,0.27224726263674326,0.02569428008357907
22,0.23990064469575959,0.4067507193357015
106,0.5933958049735621,-0.5130397251855708
107,0.39690584993039907,-0.3758149272949055
126,0.6905723270690876,-0.4829783678560541
145,0.5288465948278495,0.03385547978288854
174,0.28604138871340956,0.09564496952000252
177,0.40113079605585855,0.0812061713122406
176,0.0933250995832481,0.18578208159042842
179,0.1113235338150849,0.3736343673064863
165,0.2927773961594526,-0.1513238845698647
175,0.17837605026178102,0.09468957412302131
154,0.14663044764869482,0.4969194086894341
23,0.3223728368062594,0.5850315997549118
24,0.45447530658415924,0.5055861745870783
25,0.4738108979076423,0.6080376327599792
26,0.4024757092197525,0.6318496088735615
27,0.3870264433886972,0.7172691055245435
28,0.26054233829422874,0.6758142768089874
29,0.14944740629242412,0.5878647989049683
30,0.5512223352883041,0.5083879923099393
31,0.5947617179734868,0.5037230705209838
32,0.5482170406410517,0.37916320396470066
34,-0.024173819975929156,0.5103013329662845
33,0.5494407548037251,0.19491791185762572
146,0.46347381040408353,0.015520917726653757
183,0.5910812655815847,0.09728424343896759
35,-0.17309155096632967,0.351735757591837
40,-0.28696790239991127,0.2258422775267771
36,-0.41135297748713323,0.39610013624028106
37,-0.30904679664580864,0.3194125509064391
38,-0.3278040625440981,0.4339643216665724
39,-0.4297951277517287,0.5398617608736493
41,-0.34253997482323867,0.20512663353663585
42,-0.2102475230092398,0.3660179136194514
43,-0.2224860038025446,0.20412004673201392
44,-0.43794228979451727,0.47153949925181965
45,-0.29732976215114726,0.547002189533153
46,-0.34439000214841997,0.525489998159958
54,-0.5343711768434918,0.6519457674855476
55,-0.4418689351507518,0.6961759739033935
47,-0.3603258113977692,0.1075380712879799
48,-0.30142607560193874,0.10028162358587951
49,-0.43278372586133795,0.14793999658853943
50,-0.11699267492519833,0.2545697132901306
51,-0.09922182554511859,0.3843966748615763
52,-0.20482473905147522,0.47829069423755
53,-0.13766518263369276,0.12660396426745885
56,-0.5754219628535696,0.4028019534056252
57,-0.5036991361098121,0.5130617727279653
58,-0.3054514168271132,0.7156114710938629
59,-0.23865973069950994,0.6058048826794223
60,-0.39843402219608254,0.628045918341483
61,-0.31315383769467203,0.6543541765947086
72,-0.5293083555493566,0.04795520125794035
73,-0.23378391138709176,0.028825840116376844
74,-0.39212149728882195,0.04312354331770715
75,-0.33249289417429556,-0.035244330493371015
77,-0.2794847321403393,-0.010087278450995243
83,-0.019958904026527072,0.17132387220179626
178,0.0009687918555615334,0.29067625926600893
180,0.029018822936741427,0.4093795777597595
181,-0.010094557756791843,0.46222768108164053
182,-0.11700679438903012,0.5142682458966652
82,-0.03945629399123112,0.06070496154913187
134,-0.6266485742819028,0.3026681330483837
137,-0.6142733909578247,0.4619999446385923
138,-0.6884528206030099,0.41235040301238846
139,-0.7108285081558404,0.35244486915357376
155,-0.2940299743955268,0.8615443661605335
184,-0.33937696864080175,0.727960511694141
147,-0.561179607696071,0.5925350734601472
148,-0.49820600310778035,0.7078159868998682
62,-0.905591430322605,-0.18070739148496073
63,-0.8349728821309301,-0.2774001497961969
64,-0.919053684557279,-0.31825391126955566
65,-0.7895535894250036,-0.13486891741387055
66,-0.9085255506147122,-0.39273132828496643
67,-0.8140959591452782,-0.4237179962680214
68,-0.675465781535312,-0.0329902502751605
69,-0.9182430979715562,-0.5192617435259922
70,-0.7093574601036702,-0.5384672819785146
71,-0.8006923872142325,-0.5451314411586929
119,-0.813904448960276,-0.6369173464838622
123,-0.9311191672682739,-0.640027229944847
116,-0.5694993469364401,-0.6142317246103932
117,-0.6897160365339631,-0.6374368125042125
118,-0.5835895420344124,-0.5573417781901127
76,-0.2209119899208866,-0.09527075999225583
78,-0.4764065454900516,0.013711061696685576
79,-0.42847720819338214,-0.09659254262523563
80,-0.38079732044782477,-0.15487715786379525
81,-0.12714830177062747,-0.20188555365326158
130,-0.585459505952836,0.15113359250977057
131,-0.6066903942725254,0.05675241690749651
132,-0.42106364417716496,-0.24311357084001006
133,-0.37242306096172706,-0.3023873795152539
101,0.014375901745414404,-0.17656474542504563
102,-0.015997241873274268,-0.273315349123732
103,-0.06351613760682444,-0.31153814023799087
114,-0.16682844373144373,-0.3362292088851945
113,0.053357796941587946,-0.03901028020378435
157,0.0633744786226314,0.07739520956708264
84,0.17386233183623695,-0.44503632199749144
85,0.2579169081311855,-0.5762470111342892
86,0.26693309165977963,-0.5417641117415647
87,0.17436463374114866,-0.39971632353994324
88,0.20164635779184753,-0.30870132890289875
89,0.07611941493019868,-0.3213364923692118
90,0.41808403000161626,-0.5230087729368185
91,0.35785271459741913,-0.6454944800746909
95,0.4375170675443204,-0.5729717706088175
96,0.13629321478978557,-0.5089184919458335
97,0.27063120200831425,-0.4615262482873747
98,0.04316575599744757,-0.410395101018989
99,0.3598927570902747,-0.2539877138497928
100,0.09948180689918909,-0.23725268979219227
104,-0.04568801552504933,-0.3968101699042114
92,0.47474775536320246,-0.6546927735227567
93,0.5276710230752744,-0.5966221375766922
94,0.4620679378407539,-0.3673110720892677
105,0.5447091431937818,-0.5050013339465945
109,0.5005058793051932,-0.33060634477414025
110,0.5058185020045008,-0.23379592651393458
111,0.47438790388640434,-0.23555193649896364
127,0.624378285997386,-0.3183840911439896
128,0.6078116606412196,-0.36979638977380047
108,0.32903430429485636,-0.3838018361542577
112,0.38332102199528945,-0.09803861386824055
115,-0.16682584169405104,-0.4462245770993976
159,0.2833546872899644,-0.2930967007500749
160,0.26160560647419057,-0.3191906322118757
161,0.3553365355961016,-0.4441589071810522
129,0.4083235535328755,-0.24931046036225663
140,0.6626301936267054,-0.4214216962401201
141,0.6176336683314749,-0.1836826591465828
142,0.546351849217284,-0.0950424445165754
143,0.5078924160697242,-0.11363546830703056
173,0.3239589553409497,0.005920954980795585
156,0.17595746036991974,0.015720572870238727
121,-0.28646434874443494,-0.45331811363014307
122,-0.27727840991976066,-0.5701135979821884
124,-0.23761025210385342,-0.5075143201169567
158,-0.2726694628907426,-0.3807712181924965
120,-0.43578393090525247,-0.5499295941303832
171,-0.34503138088234375,-0.455139277580167
135,-0.7216247037852193,0.124849117328171
136,-0.3353389999961382,-0.38351817505935265
172,-0.41334164784355665,-0.4331583343041811
164,-0.1760229453389727,-0.5217838735356555
167,-0.31417879185421854,-0.5418842903932586
144,0.5996100277157767,-0.014189153913460815
149,0.16534166104326334,0.8097579776639017
150,0.08750022809363182,0.9384285799594165
151,0.16962476622833245,0.6559427953492104
152,-0.05578329345886935,1.0
153,-0.2048298458121089,0.9702192437409695
163,0.13463974114513588,-0.43580043081324293
162,-0.01255430395845894,-0.5390314935652298
166,-0.2709309903951251,-0.5992498283689708
168,-0.36058675808531543,-0.6137253873452492
169,-0.3439961977062641,-0.6944022489816323
170,-0.2777015165731702,-0.7400643554848524
