0,0.2698126343088336,0.33119863244407083
1,0.24202138253082914,0.28854171081852303
2,0.12546757230108768,0.3412664501513576
3,0.3281352630864593,0.179998026942698
4,0.168438605202863,0.40904884339143865
5,0.21291531022527968,0.22836623780279033
6,0.009101261975617489,0.4252896723263921
7,0.06874768511723313,0.47363715082599767
8,0.21248903675481523,0.18587496387505756
9,-0.03803603931432477,0.4145564899306593
10,0.45195236524683546,0.17761001484244393
11,0.43351651460228535,0.2174550855203026
12,0.4490537839716112,0.26421255698423846
13,0.24876942510045078,0.027420543593189087
14,0.38372915955476916,0.033381832562363926
15,0.34754020514460576,0.07449583870058059
16,0.2583549378713006,0.11712659643931485
17,0.1429036073493778,0.17838281785039278
18,0.1220971843473754,0.2958334317180951
19,-0.09840511392475255,0.5159619606241691
20,-0.1633147098289888,0.4351636854204409
21,-0.20244856224677402,0.4510518640629354
22,0.47747209979228183,0.10660674092342935
23,0.39438054683784196,0.12871432791943818
24,0.5454670758644948,0.2944976631918784
25,0.5793128222207232,0.2508021064229465
26,0.1705585607769205,-0.16945385974191102
98,0.20908776642369795,0.004873657501956426
104,0.3293401994724832,0.04631813016813314
44,0.0385242489901109,0.21272408742761137
106,0.09313900407131201,0.08904054666480042
34,0.03251788508522326,0.35403817337344107
131,-0.25824485486294285,0.5124306833274567
51,-0.3185883351771454,0.40064288516225666
36,0.5059160723848038,0.2719097999170744
97,0.5564500182528496,-0.0020982687964203744
103,0.5878473659129414,0.06789584690050611
120,0.5949916836564318,0.1670068920355228
121,0.6757678053840701,0.32855077456222975
122,0.6169462752177403,0.3814029427748924
74,0.08496664977559794,-0.3493819789275121
80,0.07948824881477735,-0.2710007960667334
82,0.2824902961806359,-0.2398152500868318
83,0.19692125903083008,-0.2379351963040084
27,0.3702491166086812,0.571730655935797
28,0.25607547979533885,0.5493473176059239
29,0.22769672619236703,0.5908100038171549
30,0.4649422046565021,0.44635651178211394
31,0.12339873913955016,0.48895616914727086
32,0.3688535011286499,0.5428061521850479
35,0.11757190225267458,0.6014319124853302
33,0.016719383767536282,0.5054843988389139
37,-0.07878984599802231,0.551235300935595
38,-0.05266224722113777,0.6453486571125695
39,0.004697944042928899,0.6207135969050739
40,0.053472216641953424,0.6492997506613507
41,-0.10102921430754651,0.4256881027831304
42,-0.06824829606458103,0.27580953832980293
43,-0.07422487166048232,0.3647735364436425
85,-0.1352674788478174,0.5741895930746624
86,-0.1564934507376427,0.27707118047816764
87,-0.16224917479769196,0.33905883899803796
88,-0.15393601006259858,0.16650319146264478
108,-0.02814483599707488,0.11082312737643238
45,-0.6208197275442099,0.593422603607406
46,-0.5384658100666603,0.4935251630247129
47,-0.5033137000547768,0.3840269321493116
48,-0.4272606354434433,0.3994103553580216
49,-0.3978341388056798,0.28143374559692275
50,-0.41757611896328023,0.49956351895536183
59,-0.37792499977329985,0.13929314639569929
61,-0.4513145897711909,0.17426843511203063
52,-0.6216991596738546,0.18742070048976636
53,-0.645098571480988,0.13143338282865466
54,-0.5161705334155114,0.1192133037725651
55,-0.597430332664762,0.23387538515916317
56,-0.7161903580230233,0.08656552783455937
57,-0.7400663629789465,0.05098352746645514
58,-0.7665127996667712,0.16376889323774657
60,-0.4255209433711768,0.05094515374778137
62,-0.5368038723105018,0.009127340896170991
63,-0.6811186903638354,-0.050098189929584425
64,-0.6483212471981179,-0.005444524184484635
65,-0.29140514028037334,0.10560550577642408
66,-0.26041564058682,0.07800854268056319
67,-0.3290570410084156,0.032012581123763116
68,-0.44095467263812743,-0.0757138563996413
69,-0.49008001769871934,-0.0774114902014386
70,-0.60545838708014,-0.1354571627264564
139,-0.5215336917630078,-0.11367228505570542
168,-0.6715357097294294,-0.1469659673915426
109,-0.20266566547505804,0.0026997518973225884
89,-0.24127027620255131,0.2271332175267897
113,-0.15664056686210093,-0.10734382971408662
114,-0.24922915787697925,-0.02921272405644009
110,-0.3597610236000421,-0.08643841478773635
115,-0.4454492882597957,-0.2056920848050487
116,-0.5214402015191988,-0.19227614850647717
117,-0.5090592137243473,-0.24042771419789358
132,-0.7199877996769175,-0.22751318661649642
71,0.19280031976952994,-0.6582084035569812
72,0.1542927553352535,-0.5179707397201925
73,0.15892037205068,-0.7868198974454507
75,0.1543931268496844,-0.45907527452372515
81,0.04489702370720184,-0.8532634355216758
76,0.03193212064521987,-0.44958681840337583
77,-0.04952900284780841,-0.37796587495541883
78,-0.05076554572785762,-0.3439148092559247
79,-0.07929524698970987,-0.42805859386914735
84,-0.22148122567505568,-0.39529087142699243
152,-0.08505169151974802,-0.8226659310231056
134,0.24673838174443932,-0.15093248181537608
135,0.29274775464512187,-0.164221016875051
177,-0.4003416282010808,-0.3399199542759991
90,0.42499904944203515,-0.21522132630128657
91,0.4811600457262973,-0.1385935994191922
92,0.46921758396086183,-0.19430644279851897
93,0.3516217750474113,-0.11569000801695042
94,0.39854050559801824,-0.26909112342622143
95,0.48490137714222703,-0.3220264056741289
96,0.4841585180855418,-0.0822934604607221
99,0.3617956244508381,-0.38533223837939057
100,0.4874589633965827,-0.38276203537144227
101,0.3992989258775033,-0.3804751881054009
102,0.38483261536579383,-0.46736109772321216
105,0.05382296660652789,0.0011928826769687117
107,0.2532708627606749,-0.04871455472554808
146,0.24341679224302487,-0.4319783058960018
148,0.27651155807320427,-0.4533621569487194
147,0.23280449268532347,-0.5120091484777203
111,-0.06499280093553933,0.034254861811072394
126,0.028100788969700204,-0.07572813687968717
127,-0.0494262821101001,-0.11031304540009614
133,0.13558200910827045,-0.10504445044085617
112,-0.2570731165121827,-0.15420506582301327
118,-0.2906428557765419,-0.33964258797724944
119,-0.22039995501279677,-0.2638504517864005
142,-0.02473770879041964,-0.30030902605978194
167,-0.5060123702470386,-0.36268748716478766
163,-0.5454943745877304,-0.3626305633461415
164,-0.6286601017403383,-0.29139051955246875
140,-0.17726324351101458,-0.41581351095539604
141,-0.17486000298223023,-0.3580745579298123
166,-0.3971214180167298,-0.4405479807873517
130,-0.11436722552757211,-0.25347871901605745
123,0.7332612026906336,0.15542590025084865
124,0.7926236790291564,0.3577399782565073
125,0.7755374051233102,0.42221052288102723
153,0.8547817855133202,0.2078520687542275
154,0.8501239079861421,0.1099047219250614
169,0.8917250628146454,0.293034201657718
175,0.9086649552602503,0.41303669492644307
172,0.8758571227221449,0.34868483391023036
128,-0.00828087703922082,-0.1585293903374421
129,-0.16310264143980638,-0.15962519991484467
136,-0.26746983068962604,-0.2270163922278368
137,-0.3479823766780453,-0.179790862991248
138,-0.332903736792187,-0.12679904275379722
162,-0.6879968617266139,-0.36478412249993764
165,-0.8010680633691011,-0.289650749620425
150,-0.18681462447349564,-0.5702604178291398
143,0.12817767420286477,-0.4078245139255985
144,0.10393015421156251,-0.4426625756750809
145,-0.009288667434924477,-0.4611250757604503
149,0.07550643274524625,-0.5692570631002073
151,-0.16702704485214756,-0.7139420707220295
170,0.9455122007745107,0.1948186081767674
171,0.9623019751919784,0.2940678303625147
173,1.0,0.1902824486964377
174,0.9571764876192194,0.1216712826478307
176,0.9743398670626122,0.07033696852345543
155,-0.8584546592766793,-0.541677348826225
156,-0.8480067419815247,-0.6225697203064314
157,-0.736248176126162,-0.5522654505930262
158,-0.7879531063369382,-0.6620896249199931
159,-0.7852908056894279,-0.4499410631203623
160,-0.8945252726792993,-0.7303198074633791
161,-0.6326468453998737,-0.4647070029581115
