0,0.3975723177705927,0.6016938709119152
1,0.37086370331857166,0.6278523986431886
2,0.3426127961615122,0.6187039272015883
3,0.36017167869780553,0.5677412548103346
4,0.4061441216260392,0.5468944301661716
5,0.379380412971555,0.5480599106153206
6,0.37193338830976247,0.6813619788332663
7,0.3230416256635481,0.6613497436369561
8,0.3250558824208677,0.6841800784697294
9,0.351961142926598,0.5110929035900338
10,0.3848314272096321,0.5029740055514159
11,0.2704788374047914,0.6912559675332678
12,0.34996722986844186,0.45061065988686955
13,0.4496051863737303,0.5020245355142416
14,0.2089581503259356,0.6775736578355731
58,0.31075399197744313,0.40531489346437005
68,0.4052707497060705,0.4056852228369816
66,0.47428363172006827,0.4477315317850129
67,0.4599366340114485,0.45849373936444393
124,0.5029512570124158,0.48805527785425235
125,0.4979893605386555,0.5403567862518752
27,0.16127184458514543,0.6385203973330197
15,0.11329412784085868,0.519846430225747
16,0.10912768044457435,0.48544844020697414
17,0.1414367629378526,0.4619263691415686
18,0.1314243585110941,0.5320780982558423
19,0.06637377189062552,0.5381008355753125
20,0.07785990182948656,0.5591409859238599
21,0.1416906992077515,0.581141674140522
22,0.137339931669521,0.4355096357313099
23,0.1627383276490485,0.47532065135971063
24,0.18648101639774387,0.40987446856410337
25,0.1003473089376207,0.5806610278238943
26,0.18403261340283433,0.4418440177970903
28,0.24436665429530857,0.38576630625964964
29,0.22109718848855345,0.42279964871299647
30,0.1568429159593702,0.41015834274850055
31,0.16925859421041037,0.35061579129993203
54,0.2966332844663208,0.37668408719940905
60,0.21072554761276255,0.32723374034731706
61,0.2297384205370755,0.3100220627123373
71,0.1712134250253516,0.3210730297694977
73,0.15350101398666577,0.2975188041488307
32,-0.09570527420730301,-0.06293728812910243
33,-0.1418347160280106,-0.08606542494755015
34,-0.15459944659748992,-0.06902172854829042
35,-0.10168201624758004,-0.041363899511940874
36,-0.13249044445602384,-0.10638381592391291
37,-0.1196043997553575,-0.02178153701081428
38,-0.08204042485180094,0.004498360244446322
39,-0.18804967299477016,-0.12481368606824407
45,-0.0516271200797494,-0.01550539975649744
46,-0.03513837257058653,0.027957163771136096
47,-0.05286091128058263,0.0571774418621594
40,-0.24468906278799224,-0.0830398977072766
41,-0.20403637701838923,-0.1935313230771952
42,-0.1673623332834587,-0.1902391582741466
43,-0.16450251215537934,-0.15388113678417262
44,-0.1379985796050406,-0.1634020699768478
48,-0.30153008166014494,-0.07147019708383898
49,-0.30139845778360086,-0.03693506477272671
50,-0.1828799886591971,-0.2501051784037256
51,-0.2515639350532793,-0.20085038502291094
52,-0.23814641197115405,-0.24088428449421936
53,-0.00751793080747927,0.02832652437132691
128,0.004313827630454816,0.07061524148145921
129,-0.012411137295659635,0.09344102463097674
85,-0.340888163976751,-0.02490394137901999
86,-0.36071478483749314,-0.050876419442065224
87,-0.30030047072879307,-0.111691899533747
88,-0.32409131853664847,-0.12998544705746923
89,-0.33902904716687665,-0.09282968592036044
91,-0.3709538761016563,-0.01498496384851883
113,-0.15756686384241694,-0.31011282050482786
116,-0.14078345600661374,-0.27933322833808977
95,-0.28046439420351016,-0.15858955723688029
96,-0.30187162285931923,-0.17805689256054805
112,-0.2723805295841371,-0.2572374474911435
108,-0.3056918511767215,-0.2624499979785401
130,0.036733493174163016,0.06248936089920557
55,0.293812275599766,0.3322364238166699
56,0.3111183126898929,0.3132243397719082
57,0.3554160839398316,0.3964934746241281
59,0.26148245579181156,0.2929378663975885
63,0.42363289352627037,0.4132546095423059
64,0.361062948850278,0.34972077216655034
62,0.2762392052146735,0.2570969052278416
72,0.18572216775386755,0.2709024899944221
65,0.48306307437160806,0.4083115318861746
69,0.41958512492824673,0.32673947033617173
70,0.3992958743946166,0.29734734907943183
135,0.5244091192182216,0.4438151502526385
133,0.46084895448423796,0.3490790794317607
134,0.4559961030733247,0.3740350948249311
141,0.13248832893497248,0.24887933995836264
142,0.15686133314750708,0.23656182944349052
143,0.10749592241209084,0.2609640754906805
74,-0.057450904169153084,-0.6846534579822348
75,-0.11883461974404036,-0.7159609214020928
76,-0.09532491713539501,-0.6745722414249287
77,-0.07697039375323844,-0.726709337570329
78,-0.05158492969576378,-0.6287909141872077
79,-0.08787609289518111,-0.6334323289864057
80,-0.027800371803130726,-0.734278256780887
81,-0.06578731457397319,-0.5842176112074609
82,-0.09062356149172682,-0.5791532422487948
83,-0.03941668008446898,-0.5686648678521635
84,-0.016347338528933903,-0.7899488147367967
122,-0.08791572650306502,-0.5302702094270056
123,-0.05790077787839957,-0.519258006062946
138,-0.03310240805248985,-0.8447877125626394
139,0.0026570365302466233,-0.8418051080000523
90,-0.40601740309340856,-0.0177274904674606
92,-0.41947778028548977,-0.04919485567388523
93,-0.4683930025310434,-0.03547735298329203
94,-0.4386989153912438,-0.011974569482306819
97,-0.4756455323141743,-0.06213473910906567
126,-0.501332777344417,-0.028291434195200735
127,-0.5204229185319331,-0.07895922667353844
98,-0.4219145516239529,-0.25638899625333433
99,-0.39962245487156833,-0.31221329186161445
100,-0.3690359529328078,-0.2631107678786136
101,-0.42752733794863007,-0.2831657930618051
102,-0.3699581269000491,-0.28358429151517767
103,-0.47750583301445987,-0.2773335315485068
104,-0.4788337981809031,-0.24315892872435454
105,-0.3407023702051886,-0.31042239403652194
106,-0.45302091416922396,-0.3291335939050171
107,-0.3254243198339976,-0.2806973700657239
110,-0.48441803006262796,-0.30026288887989894
111,-0.5257092057976632,-0.2026935959674842
109,-0.2943038821146862,-0.3076658316045526
140,-0.5402404090524118,-0.14092569787211726
114,-0.1289115545862599,-0.36427073222494083
115,-0.11012706301826299,-0.3261580351689166
117,-0.14344324837263778,-0.40797062419988434
118,-0.10015541042933006,-0.4182241355741146
119,-0.1286759016306992,-0.455929609737688
120,-0.07307645137115255,-0.46825912976640444
121,-0.10105811795353113,-0.48005234218325316
131,0.03713396354234476,0.11884025898661112
132,-0.0013185788999585438,0.14739601139939143
136,0.07693755858027856,0.1611923742450442
137,0.04173254788815257,0.17776789872796397
144,0.08936748012076809,0.21080777741426146
145,0.12275518035866502,0.19543262056816316
146,0.06029644460171116,0.22747999432491695
152,-0.0001431808111289158,-0.894804179761763
154,-0.04352819521478595,-0.8885660535036671
147,0.030978970549220875,-1.0
148,0.08346156941532507,-0.9664209203423405
149,0.05126421831451046,-0.9824735548871488
150,0.03156795419891412,-0.9418370891788169
151,-0.007513035368104261,-0.9853642941964651
153,-0.040791062801775094,-0.9406993255049092
