0,0.8410291683643011,-0.03678848584232958
1,0.7468401428236826,-0.03183701336896417
2,0.7530868669323819,-0.09067736972581557
3,0.8304581665959262,-0.06978087679865616
4,0.8164219863858627,0.023398841213865516
5,0.8929338434827873,0.02345672193790253
6,0.6616801878884709,-0.08745273637292032
7,0.7516337498771626,-0.13791782326727256
9,0.8589405028333494,0.1000750744468855
10,0.8226374457607826,0.11398953710272275
11,0.8968280190856379,0.13377051270734108
8,0.556746683125797,-0.11285727382690151
12,0.6030603674894592,-0.20877037282467747
13,0.44446282758999583,-0.1165885962381801
14,0.8326573111607154,0.19716458039474474
15,0.8061950220925239,0.18471033465082196
128,0.6415123504094529,-0.3060115626059984
130,0.4753674122584563,-0.22310989433738415
132,0.33605339471057466,-0.062392802314980386
187,0.7330113307478738,0.23457819043335226
188,0.807512305155053,0.271690383796343
189,0.887666838838178,0.25883928313615395
16,-0.3380561812700312,0.12355199863531206
17,-0.4479932064340557,0.16720072194694185
18,-0.2278903599730734,0.06957296136584382
19,-0.5010138976268967,0.23320626648853354
20,-0.5549077372011609,0.2165130204307067
21,-0.5450383146449738,0.1620327181888674
24,-0.10383384904696162,-0.018283448199713045
25,-0.1286568253297767,0.0514782279218276
22,-0.6434330954774603,0.27016235352993145
23,-0.6427185925751911,0.1828898558266739
26,-0.7303138615143034,0.22273672828858304
27,-0.7202238641902174,0.3321553020142586
98,-0.0319426375001013,-0.1103481258308289
103,-0.02135666039586698,-0.019464915703246988
41,-0.09047187757357296,0.05811860311339746
42,-0.15061041951249454,0.10474503406928837
85,-0.11814571961093746,0.0015286627310121463
28,-0.810168997792069,0.3634284925368129
29,-0.11900412172516638,0.3924310509167545
30,-0.14477237377965085,0.2780338484709109
31,-0.19718811336138384,0.35047163236896783
32,-0.07938365939428114,0.36594635803842496
33,-0.13403884222846468,0.35359107816815827
34,-0.013516174834606608,0.45903159376674296
35,-0.04190233065544241,0.46400890920305404
36,-0.12640372914470765,0.4537759985552608
37,-0.1335817674027262,0.1698468818619028
38,-0.27880372379709983,0.4124133095066938
39,-0.06300565699921337,0.3356023121441803
40,-0.04151991213031006,0.39406526247019674
44,0.03290870022147172,0.5670595883501316
45,0.016753132130955424,0.5377422992686836
46,0.07809630988304869,0.5084607728212303
47,-0.18307295253524453,0.5360985343221022
48,-0.14668520217018316,0.5563462272197238
43,-0.10277416504905973,0.10892407039928088
51,-0.3644700479638255,0.45927510904474705
52,-0.31104140273045944,0.5041807580161897
53,-0.3470875259556051,0.4894586107921171
54,-0.015241447836038483,0.2668508599813244
55,0.008259601415253975,0.308980877637935
56,0.04802722836300983,0.446706910667796
71,-0.15515585042839852,-0.048813469147117115
86,-0.07848233467946156,-0.008280274514666773
123,-0.01037811756146575,0.06713612514703117
126,0.006444565237492889,0.03825014959281021
127,-0.1724521090220064,0.025608354956013213
173,-0.0006960861084943471,0.11710834435973624
49,0.12897505461918005,0.5764469018864304
50,0.1986989115803222,0.5186570381508452
57,-0.1746719177340621,0.6436390834406023
58,-0.2237174529499704,0.6189063305553617
168,0.2398955900849826,0.5473150911275966
162,0.294455651521022,0.44416741448778374
169,0.2884362990762494,0.5474758645823374
170,0.31012620317040224,0.5113356813747268
184,0.23989877269103146,0.6240379290737538
181,-0.3756960176734088,0.5711280115773304
179,0.03474836539710696,0.19857781401014912
140,0.1230650653405069,0.5123799051795414
142,0.13980109234726162,0.4383605186165327
183,-0.2621910885107936,0.7051321474236251
185,-0.20026069501386004,0.7249970721733648
182,-0.31827729787691966,0.6515784811277163
59,-0.4487113556634491,-0.08966260608256052
60,-0.3519553968203106,-0.07529218065312557
61,-0.3962187261972302,-0.13833885142712515
62,-0.5176250488760152,-0.06827252343737193
63,-0.48614507886738656,-0.16965545842915553
64,-0.5461821407931158,-0.09846681195620993
65,-0.5285517173653314,-0.1292225395897241
66,-0.2973586383379648,-0.14750415287075955
67,-0.32230440638047597,-0.08711464053208315
68,-0.24885043986965438,-0.0824851949248035
73,-0.5845947404333715,-0.22046608637669926
74,-0.5271434063772259,-0.24030123661661035
75,-0.4480338111853197,-0.25405442500672143
76,-0.5853283325483843,-0.1698314446940677
69,-0.1987321580184707,-0.15261903524472056
70,-0.29901650738539415,-0.22200933654132665
72,-0.19918148568372332,-0.09679811363605831
77,-0.17593700673348792,-0.2802192100980105
78,-0.14834491111175468,-0.16178404824269868
79,-0.14970455177307862,-0.08710765014920888
80,-0.25200424985651126,-0.2507294599850763
81,-0.21343952839120298,-0.2640454062804103
82,-0.33087247903235967,-0.2762149596626837
83,-0.24170977429485105,-0.2950799248306327
84,-0.3922452344773906,-0.2508878912208367
93,-0.4179424720122202,-0.31727081585459804
90,-0.10755038682229932,-0.32768993985881656
96,-0.13146366813759175,-0.38445935572921014
99,-0.21753983819454026,-0.38428770291984166
87,-0.13601312544000277,-0.2472204776144361
88,-0.11227948858124492,-0.2826207213630735
89,-0.09732512708742071,-0.2436960990436668
172,0.021983148041358848,-0.007314405375310713
91,-0.02874333777558901,-0.20388190159842673
92,-0.06488016396402994,-0.1958003543361557
94,-0.042501548001468964,-0.2965043960772929
95,-0.043829845335649674,-0.35143398655484365
97,0.051650835469816365,-0.16320059415806357
100,-0.12368450555722228,-0.47154433175297705
101,-0.05219311825410604,-0.4638515667665495
102,0.14115426069933534,-0.10893063827259965
116,-0.2817143865929911,-0.4694007152672634
121,-0.20602090118234756,-0.46649469134304994
122,-0.13583916234482482,-0.5648505460365171
186,0.009655786637735352,-0.5487109295339845
125,0.08967084091204068,-0.034611985037986355
158,0.1935531303055911,-0.014552638978584836
163,0.22993132528511548,-0.09199616948737466
166,0.23422982106294934,-0.128622650300707
124,0.06849954725739153,0.04003952165865321
104,-0.33138900879826294,-0.6624022686865205
105,-0.3279942919953697,-0.5644785237312725
106,-0.3829635022900669,-0.6395256558904239
107,-0.2850907500419411,-0.6417334689951527
108,-0.43746879428929714,-0.657175876761203
109,-0.3682191165892993,-0.7357753746095503
110,-0.32020545385403343,-0.7681008119930038
111,-0.28103032333700584,-0.7362218677076097
112,-0.4253332855126094,-0.5901279056175452
113,-0.355071793447124,-0.5216891091924594
114,-0.4325888544897746,-0.5468164842645207
115,-0.36800936910229753,-0.48832093418832134
117,-0.47934718157720657,-0.6756556308713279
118,-0.49914027392900473,-0.6290481110270487
119,-0.43153662434888723,-0.7284851006115431
120,-0.19420830298494557,-0.6421695290171114
164,0.09105053455395976,0.11915658587792159
171,0.05933849017382806,0.0834831948141105
159,0.17722366670336326,0.10495894255140138
174,0.11430345516576193,-0.036939130530226946
175,0.10379757485721117,0.016530244120277197
129,0.5490873918514257,-0.29663712620736177
131,0.4983988100699281,-0.32512686502245186
180,0.21543768782525627,-0.006879492694570641
133,0.1600846183035106,-0.9069952509833338
134,0.10648333955683287,-0.8303514426507672
135,0.09289338036571752,-0.926038544084552
136,0.14600642324656393,-1.0
137,0.08398453946896271,-0.73536859523174
138,0.0527943177536863,-0.640999819451011
139,0.20450277625553034,0.44438076201083426
141,0.19034362501883523,0.4789363847402417
143,0.23889985484231815,0.3565468462048054
144,0.18476755478255344,0.36176522712275494
145,0.2475396891405189,0.4247665913837337
146,0.2104113202767776,0.27114758605572786
147,0.2733669828153539,0.3333251919074138
148,0.15502536688733856,0.26778418838228335
161,0.22981238201870866,0.19123348788741468
165,0.1665557725473273,0.1838248477393726
176,0.11859697952724581,0.18340920971690033
149,0.3452592495467748,0.18133589303213463
150,0.4416918883350073,0.19849272793271944
151,0.2692469804247807,0.08420119235616794
152,0.30063719930177973,0.19495813933066813
153,0.3318053778653468,0.31008682436376084
154,0.5451501648609921,0.2255481636455593
155,0.5139389055247072,0.1826919345644251
156,0.5039312914090182,0.26469419693693447
160,0.2772273092011042,-0.014898783940446775
157,0.6379659735630924,0.24630531424170987
167,0.3136884263230283,-0.1021173685330201
177,0.15760230266971195,0.0869039116437788
178,0.09705057787267674,0.07752228519812608
