0,-0.33962269471973183,-0.1884596057831785
1,-0.19128603843280526,0.06475407920459778
2,-0.4755465583165048,-0.38164886808904164
3,-0.38285378519549956,-0.31942654891832406
4,-0.3858509461620645,-0.4035052504496318
5,-0.45185014423411635,-0.26983919137728374
6,0.07799317256703703,0.18430105155450166
7,-0.417188624322985,0.08518652506846049
8,-0.40163972258035296,0.24009158487089177
14,-0.5736392213250252,-0.4519736337420376
15,-0.2731763946847942,-0.3828088030119529
16,-0.251562979620564,-0.2674077916221237
17,-0.38329715325942953,-0.18046089051714115
18,-0.28193132348136873,-0.3148471667060489
19,-0.5949002429843424,-0.39465989633177606
20,-0.4242032588246384,-0.11929398601565243
21,-0.6142658466914769,-0.24506176138556687
9,0.14964957162683964,0.2986022410909845
10,0.30267515971609743,0.18490576284390517
11,0.244198168894223,0.3193636252836121
12,-0.5369028180881724,-0.027120966948107793
13,-0.5223416834779996,-0.09629681486258176
106,0.004115385875679966,0.354851715293085
109,0.18191160309039484,0.22976629070952567
115,0.4236278218575232,0.18294358418193585
130,0.5335079445945912,0.10517257874471818
131,0.5020831331097348,0.05603094887644386
37,0.1337768109242308,0.48375489581054226
47,0.24566165253517877,0.44480712358216146
112,0.33349169191317163,0.23879868056155304
134,0.3881034053309824,0.3802475854742511
26,-0.4173349827736148,-0.022413755672745634
56,-0.6128910418088039,0.13400285558372724
63,-0.567714433238388,0.05205067843501729
22,-0.7238763474878388,-0.39392483311954585
23,-0.15974779937282058,-0.4646397179413861
24,-0.11246629005335017,-0.2993202632063902
25,-0.19556606005660393,-0.10839441623635222
64,-0.09879893207619118,-0.18370065631250715
67,-0.10710903999713357,-0.37077974189684865
140,-0.7567057433415347,-0.3380492580786243
141,-0.7298360260067289,-0.5299987087087026
60,-0.23219394493137985,0.06040718509766731
65,-0.23810441067095803,-0.12142084358629492
99,-0.6590575152777578,-0.13518817312648598
143,-0.8145715219642415,-0.23284707118143755
66,0.029873735900294688,-0.48905589877254046
68,-0.07158110791003959,-0.4846546365591538
69,-0.043303824142620594,-0.4436343038329392
76,0.07522585939300383,-0.3853644332859806
80,-0.004655877646465226,-0.16005339438717173
94,-0.16372891412686638,0.10049155405187556
95,-0.18446177115686727,-0.008941047593962023
96,-0.3064392571044356,0.06557747695837397
97,-0.006634456214178343,-0.044212512504954976
62,-0.5111115013062263,0.16773725425827232
27,0.055517476047664,0.8328420075327572
28,0.1598030380455516,0.7898099564150051
29,0.10513462206647647,0.85818775089984
30,0.0616737043365887,0.6507278074497533
31,0.16074542067067574,0.6903644746923107
32,-0.008788060877815107,0.9545886734550744
33,-0.029120302457114694,0.814585187810549
34,-0.08857742966354423,0.9394052436541
35,0.009782809323099332,0.6215379764117859
36,-0.12894233731233443,0.5079760548548535
41,-0.16791292511519085,0.8390890508525329
42,-0.10936625584522901,0.780877708585566
43,-0.19885742328720835,0.7648399156893532
38,-0.04066659144835628,0.4552289021069271
39,0.17697064766212978,0.5557443150846471
40,-0.14999568298624127,0.6302108313870691
45,-0.14039919982594487,0.2775488293883087
46,0.032821185695674854,0.4141221858630254
58,-0.18083883858825311,0.28932505708751693
136,0.32767025028325236,0.7049808100247559
137,0.3071071241737447,0.6118114839482863
138,0.4062419810330711,0.6383693242730722
139,0.3636721138285815,0.5364194714584569
44,-0.08453316295037408,0.6005908301364644
57,-0.3267522881511684,0.2847695649585746
59,-0.28465011485501446,0.24735838920794603
61,-0.11371768588362623,0.052627083784598065
135,0.4604756189137908,0.4888985792856615
48,-0.5895755790990742,0.34102702359438797
49,-0.37740391682595004,0.4060622787938897
50,-0.5197118529178166,0.36656674970540254
51,-0.4606622824426275,0.4062253581662376
52,-0.5666399814984071,0.4926527787917263
53,-0.7538075564154348,0.4075702353489181
54,-0.6779148313680403,0.4259913653263922
55,-0.6597984399877674,0.26405367134106505
100,-0.342707556059784,0.15383764932503793
102,-0.3433500747975598,0.227922117271097
104,-0.5060042764525824,0.11389291023447318
70,0.09505114247569812,-0.36861750520360964
71,-0.009700064972789907,-0.3219417057334751
72,0.23829965388098384,-0.46241406502273885
75,0.07176482145946264,-0.5823683020067871
73,0.2731023520870957,-0.5260202325386424
74,0.12249391122582037,-0.5898447929146189
77,0.3707874565750565,-0.4698381493242434
78,0.3437494308297099,-0.6255600709814421
79,0.4585729096784528,-0.409695563179925
81,0.2983159423606543,-0.7541211061316891
82,0.5348604985371066,-0.4785872209182268
83,0.06649069847408993,-0.7934668129618706
84,0.2409304713908436,-0.4142175123078606
85,0.25325078460009093,-0.25334902438879675
86,0.16042474248244604,-0.21193539921299923
87,0.41145965907018833,-0.31657152890372825
88,0.5380488544432004,-0.42958067484441803
89,0.4201516268865546,-0.7782110597945714
90,0.5236237981304976,-0.6311971118493815
91,0.6414363512185299,-0.2610910645363978
92,0.6078000844865846,-0.3329997187037625
93,0.6549217185653647,-0.46627621898836796
98,0.18268483943374822,-0.07683160660013423
142,0.37232669312967376,-0.946678271838234
128,0.7324100865022218,-0.36546210944389695
129,0.7155359999348073,-0.27600437986603527
117,0.2552789089972178,-0.8889540869209057
118,0.1250195304381854,-0.953359029083405
119,-0.05199053822692995,-0.9482958596250706
120,0.024852862276831342,-0.9801666471580043
110,0.3189530198778,-0.07630720606509113
113,0.48175517632533205,-0.13591125523885886
121,0.5620718974419933,-0.26337483843368226
122,0.6153405214731519,-0.2041579065893476
124,0.731740636978439,-0.14958590417909692
125,0.6829470851949052,-0.0291207592078362
127,0.6202392188441125,-0.10598652709294701
101,-0.15991748983428822,0.23696984643955218
103,0.02146214351689787,0.19019862152533332
105,0.10732966900145774,0.07029998277733503
107,0.15540343844251817,0.03417653852321137
108,0.22356485201925655,0.08927658241558893
111,0.3293288084497997,0.0870380265978129
114,0.4792507307584773,0.033980358625313074
116,0.4784523185774988,0.23427068532463982
123,0.6532515322134759,-0.03810985645931517
132,0.6436846468023737,0.17092214775477496
126,0.6339407002620316,0.07391587670079677
133,0.5663796400534584,0.35189220838357943
144,-1.0,-0.26980983078757526
