0,0.2388898318162717,0.2635801520088996
1,0.3646884817830468,0.22176479354841752
2,0.3505908196450203,0.3525949052150158
3,0.28560115441683376,0.08544753590066952
4,0.117641815868291,0.4069178393136097
5,0.4582830894630006,0.09839862273979168
6,0.49201911131497694,0.24148727470286252
7,0.46373487149538223,0.36151397366364546
8,0.2408308943491097,0.4535515362202715
9,0.38779216244792175,-0.042781311250428215
10,0.21853763197457834,-0.07733517283497053
18,-0.04801881977423793,0.3987137180287094
19,0.18654292250588214,0.5398022718343393
20,0.15596204772044756,0.612008986101243
21,0.04118736975943425,0.2792818692758931
11,0.5122011293309604,-0.04161000045860758
12,0.5668350840073735,0.06916261096725579
13,0.46192936234010923,0.03164287805466116
14,0.5646023206987694,0.22002786187041073
15,0.42342233914460087,0.5340487020909105
16,0.5540548585222975,0.4880938988913439
17,0.5208926467849283,0.4979774823227446
22,0.545902072669269,-0.1429264567025868
23,0.07587790544405713,-0.20278119249587737
24,0.15399013824561147,-0.2133374406832527
25,0.3310996543339055,-0.13562314551680973
26,0.06584133905379264,-0.08103890918948928
27,0.16990036765622488,-0.016553463578575553
28,0.2248073340854184,-0.13312909389650324
60,0.621832137463067,-0.17116694655541104
139,0.5941307138461375,0.12670263085216954
124,0.37821380817080585,0.12312198816720618
142,0.29951571429364704,-0.015603994135751626
117,0.26112005221999146,0.6061768627186589
118,0.38223784248477966,0.6753291039533832
123,0.5786331751471535,0.6001453266792485
29,-0.19361771926192864,0.5748561762094787
30,-0.22381639675956994,0.4889222179512025
31,-0.17375107966639192,0.38036636848402533
32,-0.1220018142239013,0.47277867211311964
33,0.2591938130413355,0.7192422449552308
34,0.23410618961792812,0.8004663593391393
35,0.14588148684668203,0.7879656920257858
36,0.07040385466103254,0.0875873851163256
57,0.4964754494582305,-0.22202644701462404
58,0.6878685486083269,-0.1864804739838284
59,0.6512623297548676,-0.2658041466893879
61,0.19864642773588487,-0.2041446409362658
62,0.16737462914334778,-0.37243190907352786
63,0.07325310747975203,-0.3455498780930746
64,-0.05336680112920809,-0.26398098676998305
65,-0.08491247550231956,-0.1326057040515854
66,0.3600740299774337,-0.23720954114928958
67,-0.11721589611417643,-0.07641741880559948
68,0.30486131388152093,-0.2852172959617036
47,-0.3655920053075648,0.6004404394620392
48,-0.3308173388863737,0.2890864803934192
49,-0.24853333761804933,0.4159523843122858
50,-0.2314324750181507,0.3513358806132572
51,-0.06642372486683663,0.5180972291689512
93,0.2662845715571474,0.9568300517179771
37,-0.6716584448433836,-0.1810919937065468
38,-0.4991626254915843,-0.03930993542800189
39,-0.7485427065282593,-0.38748317618621136
40,-0.26668453103850726,0.030501513880156792
44,-0.6849777473815224,-0.6232519427140518
41,-0.2135688031079976,0.19757045736980283
42,-0.11399720689926177,0.09180639330415022
43,-0.1575855012788905,-0.09629472071047997
101,-0.3655412243258588,0.20000993504833972
149,-0.06262731145619042,0.22493063193676396
150,0.04076425351506034,0.07757258525740485
135,-0.19442525623359597,-0.3395961830407144
158,-0.009971593344794473,-0.11689010162783044
45,-0.5284633201818882,-0.7094157637579872
46,-0.6358456254778578,-0.7785986861435643
129,-0.37730431176771384,-0.7481268639965951
132,-0.46797036526402797,-0.8433168538049838
133,-0.5189417831785678,-0.8216388041958296
138,-0.49394499896929017,-0.5923407105856001
52,-0.49899594600886293,0.532001451264383
53,-0.5383600481894211,0.5821633544590956
54,-0.4855401372213947,0.6747318440400069
55,-0.47026367459112156,0.391876509083155
94,-0.2920091792776454,0.10491113489988035
95,-0.4068483893571561,0.14137932283964183
96,-0.3361084007121367,0.12470698729680386
98,-0.4825757049802879,0.2903420597654088
99,-0.4437937572390156,0.25818514259464753
106,-0.11490489976727156,0.42421082124077264
107,-0.17339747335121009,0.5257376781445201
108,0.06908165768106467,0.626709121237526
109,-0.04108618858450469,0.6741415787123015
56,-0.5822122868737571,0.4341149789077359
102,-0.5686865105599868,0.34071549024160375
104,-0.6164998556650052,0.30927333471368257
103,-0.6536993919960528,0.36157146676141627
79,0.8529879220528297,-0.21893458213792968
80,0.7430217174394272,-0.3886034943174239
81,0.6264421435981071,-0.36572464918977005
69,0.26070218857238786,-0.5258865617554306
70,0.20510793932436208,-0.46936828626249466
71,0.11562820536221509,-0.5353623332429046
72,0.024239888525890513,-0.40313410363674035
73,-0.15830662434031126,-0.299461578438254
74,-0.20659997492761834,-0.18696596858976397
75,-0.2606728656604862,-0.13246020667961161
76,-0.24287260499217928,-0.04833714814034045
77,-0.3455403924445729,-0.1326689262778374
78,-0.3052252743205682,-0.07594518367630532
165,0.2633453871708273,-0.6627553097553656
166,0.36160036822536307,-0.6701543939438962
168,0.18464977152087017,-0.6350328160859829
110,0.35469610163779985,-0.521043590283622
111,0.18287148042931592,-0.5494521456290481
167,0.1711130118074749,-0.7099484003308887
171,0.06513297108996265,-0.7105544114507674
159,0.052448034946784426,-0.4432177303013439
136,-0.10602295023020682,-0.4583110435446574
152,-0.3306005915407069,-0.34835603760012596
153,-0.28296213828375927,-0.3003817528192363
157,0.0007817722758063642,-0.2513830851214079
97,-0.33856155111497044,-0.03535418050367177
105,-0.3486050819854036,-0.19001915281719933
86,-0.4868623559235386,-0.1604199617330641
89,-0.5132220512466066,-0.08694625568587894
84,1.0,-0.26572550360826425
82,0.6597044688229893,-0.496512606859432
83,0.5232739498110295,-0.5018071246691691
85,0.629370113094448,-0.6235094779689212
87,-0.6363885081285502,-0.07692989541715624
88,-0.6607862758993318,-0.12961433873665923
90,-0.6577447782078282,-0.21207323688377172
91,-0.8384381931036637,-0.09177698691470243
92,-0.8414358023872385,-0.2037218216334721
100,-0.5609306425609427,0.17632112327211133
156,-0.4326328576138159,-0.3206747628516025
146,-0.26611575669972937,0.6143062721279118
147,-0.18160763698424154,0.6266328988676024
119,0.2245068427070949,0.6855182336632886
120,0.15464714516647832,0.7243114257861222
121,0.08621618947602126,0.771982401484416
126,0.010708082323716723,0.7990462746716117
170,0.10278359761370043,-0.7097455955814566
112,0.4629358760333994,0.4455076787376726
113,0.37023588962879106,0.6074576091536574
114,0.6576439257851145,0.4851224482181112
115,0.5758798861179966,0.364939246801276
116,0.39861251076525617,0.2765475744442034
122,0.7408109527444641,0.3677362694819478
125,0.2274941705816644,0.16997746785129186
140,0.7408567678211726,0.21620117513580028
143,0.8592676312721226,0.3038357256955352
144,0.18733841798866155,0.06201357608293053
151,0.10355768277396823,0.2652257627302633
127,-0.2481149257811287,-0.644623354838445
128,-0.2679647769237917,-0.7980510853719479
130,-0.19750839758438377,-0.47662262965609725
131,-0.16146402121751394,-0.5447328690523516
134,-0.07647525408817693,-0.3239453717755991
137,-0.05863812094441218,-0.6876503417236914
154,-0.3989903156168569,-0.46981878776835156
155,-0.479101423683676,-0.4396820273489045
160,-0.6184369901702655,-0.5237545013350171
161,-0.5485510893287969,-0.5467465387620097
141,0.7602385671500349,0.10910782118131215
145,0.10433512492184804,-0.06841615541865688
148,-0.32894784856523435,0.7834536363708777
162,-0.6464103584866062,-0.4357633832644314
163,-0.7542614124431252,-0.6232098468720905
164,-0.7789867607854079,-0.5267951602113854
169,0.18162112944626901,-0.8046308215406606
