0,0.410372789199114,0.7061976662975018
1,0.2683378696808136,0.5762321474570048
2,0.4286051982629751,0.6253993014888166
3,0.22385208975558507,0.6254107699546759
4,0.31992468928471524,0.8772378775266747
5,0.5536262820778426,0.7700583035511008
6,0.59833555685177,0.5838460281199775
7,0.6364386679748139,0.637472114448191
8,0.0862041019287838,0.4814783002117641
9,0.21930160348924532,0.42860491516114146
14,0.5539686986030755,0.9267712091289683
15,0.0728283669010028,0.8614578542931797
16,0.18282420571788296,1.0
17,0.7624571264256546,0.43255761992202735
18,0.7803261868948871,0.6132985905985142
10,-0.11318282144064909,0.42634792536427274
11,-0.10017394218167247,0.5640222868523549
12,0.14512778684314917,0.2614727118360188
13,0.014769140554349792,0.4031565432106313
61,-0.28228242507112206,0.47956062855743803
62,-0.20631808102311727,0.3148809975800401
64,-0.24205612929918763,0.6151189564019557
66,-0.2703519696332061,0.566562309979625
69,-0.13125981477494986,0.1994398611623647
71,-0.032586810303163266,0.24333538354397
20,-0.12121710828124004,0.736387895307914
101,0.18974571480366215,-0.0006589764568627852
102,0.15811001553809423,0.16138344027174636
19,0.7931170993418439,0.7959756140963131
21,0.856959606158484,0.16589952382549053
22,0.8507719305960363,0.3323922264296988
23,0.9838932612036352,0.43012631319424605
124,0.9655112633479639,0.653579505392545
125,0.9206355317674507,0.5536927661453447
126,0.8822054186230592,0.6776579214018357
113,0.761749667173647,-0.01571540109784928
114,0.891364530738277,-0.06600642129793693
115,0.9536695841842061,0.030175893889887048
117,0.7397030918557175,0.138437100497079
120,0.718940821027642,0.2553874836678669
127,0.8858285332987114,0.4331594823484665
24,-0.6663506939998542,-0.123886737665874
25,-0.7757217493841304,-0.08974383066159317
26,-0.7510194712518842,0.08529649592512806
27,-0.6039905004292293,-0.18133660078527417
28,-0.6072771337822449,0.018478062491751882
29,-0.539325682790225,-0.3510600985019315
30,-0.8062732319413676,-0.2072789761002943
31,-0.6754336086557955,-0.060400138802137
32,-0.8325544395785653,-0.01773496813238309
33,-0.716660654840066,-0.29048878608630635
34,-0.6395645434525434,0.32670622797660387
35,-0.8293795129115381,0.2712129914631652
36,-0.7251418095625368,0.14779455841966754
37,-0.6875691879790576,-0.3583077465181883
38,-0.4244355968938086,-0.17128871209023655
39,-0.4388086249563762,-0.06501293858618966
40,-0.5786658885074052,0.23232746637599097
41,-0.5388255076525225,0.10924509859402995
42,-0.669671647574379,0.13681499905716318
43,-0.7552881710201583,-0.4231643203045315
45,-0.2743292418368157,-0.4181871233594983
44,-0.5152284545083381,-0.2361177442679406
46,-0.47967946343989215,0.4991406222949738
47,-0.38596655144304065,0.347578216647424
48,-0.6095063958818471,0.47768706276321543
49,-0.8089676393706821,0.45748194898621536
50,-0.6025019305235438,0.31511846524986575
51,-0.3068915607235562,-0.24067541443646454
52,-0.22241667272225996,-0.1560925151926067
53,-0.2843339409596229,-0.1117792618360776
54,-0.45496625634430277,0.448711643683913
55,-0.5435625108816445,0.36650624288763806
105,-0.3598189096460415,-0.3619410505424304
56,-0.28402765093741245,-0.6093527484962759
57,-0.153971884674453,-0.5758885845523888
58,-0.1837702221336982,-0.38738976452047996
59,-0.06717088940662283,-0.2358340203298655
60,0.004284779809366652,-0.311625476095534
63,-0.26255952257993564,0.3931440641147687
65,-0.19308008938700233,0.2170537712762521
67,-0.4908216007702042,0.5541799679105566
103,-0.10216792980251097,-0.1760688569467783
104,-0.1900824062441965,-0.20663430407779923
106,-0.39475469929339846,-0.2811998308383788
108,-0.12779008659410737,-0.0263078162295306
112,-0.020104540437446305,-0.0666251681925716
107,-0.1640403295819471,0.02960512037220418
68,-0.43442986743308254,0.6146077330769499
78,-0.0903787621827896,-0.737919018339689
83,-0.28194726578028256,-0.8424842077565161
84,-0.25845530095380365,-0.769051765125666
85,-0.3754557044208319,-0.7964240422638591
79,0.09410306968365634,-0.6390408416201246
123,0.15956882378395398,-0.12915455447985866
70,-0.08882357503008985,0.11445804719879332
72,0.04572625081566427,0.061008858543278734
73,0.06998533541504076,-0.8202403939135496
74,-0.05622839891005519,-0.9419558784505653
75,-0.15523024065737065,-0.914847860947313
76,0.09105984043282149,-0.9760500679897337
77,-0.012378752508616237,-0.8129339183966047
80,0.21629896249466127,-0.7912185723395833
81,0.1843762171840984,-0.6305503261692343
82,0.13026004179511294,-0.7467313244528446
86,-0.31475905816489247,-0.9740230961796902
87,-0.006863458314338499,-0.5798453339058046
88,-0.16205677870373228,-0.7021736772422968
89,0.2788557483454924,-0.5503377217206699
90,0.3362715585779082,-0.5460253468502061
91,0.1253459832145025,-0.4498358309164328
92,0.2546254225576999,-0.41137111051219327
96,-0.042452798674106486,-0.37366692923364364
99,-0.229442569560443,-0.5219519559709203
100,-0.168013452605797,-0.49827857298723227
93,0.4143433017845462,-0.39737766395258767
94,0.3169072540392361,-0.29429751579706825
95,0.10051981014010543,-0.2400243330065817
97,0.24002942302847327,-0.20590568469367276
98,0.49157719240316355,-0.46484710335599605
109,0.4857633886537124,-0.22860532348297788
110,0.5250931155244716,-0.31466992997164417
111,0.6353527953600951,-0.36132924355704665
119,0.5986739442189583,-0.15085722590903908
122,0.40461817461134725,-0.062062477871933384
116,0.7538089468505311,-0.20647151451786439
118,0.5980814682727963,-0.006043833807144884
121,0.5557768440952431,0.10407539626380419
