0,0.30137336424977756,0.2796407764619811
1,0.33439630409693993,0.3966036069301082
2,0.23982777004687109,0.20049046385975955
3,0.3610065833102161,0.22547947930229192
4,0.35677675067157755,0.18406399082054672
5,0.1981203362779535,0.31921211199118676
6,0.19641669825734734,0.42320852038053414
7,0.46033453403977465,0.4096470564017154
13,0.1463353114003206,0.2704091937378746
14,0.1412189458177769,0.11512748758845276
15,0.2016305904884723,0.08409593570271265
16,0.30046583718975606,0.10698867692460567
10,0.4879893653705402,0.2870257483704779
17,0.4394457634756925,0.17957561904641536
18,0.403779479811229,0.10779631114848436
19,0.3937222362077503,0.06328156697995983
20,0.4746483633892375,0.08938293173873131
21,0.48953405275897305,0.17018735770837604
8,0.09114233960234623,0.40346053671457743
9,0.11109971513614565,0.5241991088269017
11,0.5313971467880992,0.3852358815963361
12,0.5714108184117668,0.36197342329814297
22,0.032034858251812764,0.31186131174860976
23,-0.02982299990608816,0.4436868619604144
24,0.06539649916507412,0.5023063609942163
25,-0.005225714036896033,0.5637992558057169
26,0.6026347483522977,0.2729741624111692
27,0.6174372272558157,0.3117915482871383
28,0.6867611293134357,0.36583510132905744
44,0.04355529258210918,0.21441501984380384
56,0.03424164394417903,0.1081548430565882
57,0.08741878870455184,0.030071064761677303
58,0.206305444692316,-0.0234389927335137
114,0.3091599424543368,-0.02339423579378499
113,0.3859164861631856,0.12174204950386358
115,0.5176457359908957,0.09054225663669327
83,0.31281414081522707,0.01627600224187182
85,0.2901697741831083,0.05942421369470568
88,0.41435659033924005,-0.009161886954138682
94,0.619864892861398,0.1774089158148698
43,-0.06499204755033626,0.28465143003366944
45,-0.08089454209787444,0.34610917224846593
59,-0.17240657460818606,0.37732952221578503
62,0.1406566657378861,0.5799740130178898
63,0.19562965960249754,0.5208802789091231
64,0.18802522376240707,0.5641414544965324
153,0.7993698792938463,0.37985905643278206
154,0.7484000318542117,0.4628011215240554
29,-0.6504329421487598,0.35631429168003825
30,-0.7427537504780037,0.36357363445613977
31,-0.7593789540671537,0.27885263320369624
32,-0.5315224688664295,0.36366480775309484
33,-0.6294092852269954,0.4152599837728314
34,-0.8309254502157598,0.2894775896595865
35,-0.7547020477651136,0.20397856992944538
36,-0.7254844298041245,0.32135686674067554
37,-0.5642970769639178,0.48797639793554504
38,-0.4982781768633806,0.41076916094559396
40,-0.40315299578622865,0.3396632868689289
39,-0.6836827600694522,0.07853858655041979
41,-0.44180241624591926,0.4607874784090317
42,-0.5462164697653746,-0.013848638432953088
51,-0.30028112135300555,0.3172732182551106
53,-0.34589546727295034,0.2289601303968492
123,-0.2876817037503667,0.3981706508123225
155,-0.3597425695120933,-0.07598048705869197
156,-0.504145712924511,-0.10516228533374801
46,-0.15526817180063973,0.27815009013769343
47,-0.21993568361693447,0.3035506260302699
48,-0.051230563363787604,0.19578014242061553
49,-0.20170022125449238,0.2367814424236544
50,-0.1494939751880879,0.3309299904477472
52,-0.29829451640251226,0.21093157916772723
54,-0.1175487053026531,0.17924832038472363
55,-0.03991708209109577,0.06934142323730176
60,-0.27208772718172647,0.22198958419132894
61,-0.27072286220343,0.08502428874943285
96,-0.29254160061334566,0.13421822953091989
116,-0.4020401440414598,0.1075832200524073
97,-0.3172669839816993,0.11738018502377726
124,-0.0009509937060357336,-0.07921044265845474
125,-0.030833070169329138,-0.015422386983535274
126,0.22654396923152045,-0.14046783351122882
127,0.3105184933371971,-0.10393303444128703
142,-0.3724442955113126,0.09156541287647545
143,-0.33218228784892073,0.04687268773008617
144,-0.4146741008436755,0.21995208075508504
122,-0.3585614689622966,-0.05217543065158218
109,0.2810057229915963,0.5047623868690102
110,0.2773369457248827,0.45162884147753624
111,0.33413064560313255,0.4665543017260694
65,-0.2873378881529125,-0.5483226721769378
66,-0.2747028944561819,-0.59826641077584
67,-0.3510147746912113,-0.5647943593859763
68,-0.14973593125260143,-0.596396236306914
69,-0.3719429813106383,-0.4733941392346431
70,-0.20049196860354077,-0.6172758907828532
71,-0.41449868222265734,-0.46379106372028284
72,-0.134358935494061,-0.6532783869651994
73,-0.4625224412062446,-0.44581856961696953
74,-0.04769765362488466,-0.5911660096186375
75,-0.011892512416987099,-0.6117763427734603
76,-0.45093830953358666,-0.3254850208621281
77,0.065564838733993,-0.6310964105942457
78,0.10023490241127739,-0.5329719499927332
79,0.0969066644625984,-0.6023079173581852
80,-0.48141627471922677,-0.19004535037569673
81,-0.39005836994232707,-0.19847992749717952
105,0.18850002159210538,-0.594275593861979
106,0.1635854031609485,-0.6517105970531876
131,0.18663659648141318,-0.4050908854203956
119,-0.45879062353791483,-0.04536657405649142
120,-0.327923134990021,-0.27992382300231233
121,-0.4239033019986814,-0.2841983827505556
82,0.14847830246964883,0.03575470608473383
84,0.2580006609901167,-0.042693431004449126
86,0.047371917854145115,-0.007043081171013076
87,-0.026888774635990532,0.020756525156904803
89,0.10400601200677828,-0.05129733078993426
90,0.020021865087857933,-0.1025088797411003
91,-0.04968382781349769,-0.09599137859898788
92,-0.11923839267066776,-0.062293589872100326
93,-0.17924310596631599,0.06688410261199176
95,-0.24379203502872454,-0.039060368162066796
98,0.33520838573712625,-0.7882806785931157
99,0.36094476091146577,-0.7081687382456592
100,0.262256069559624,-0.6973163433098788
101,0.2853143379293176,-0.8123528591443621
102,0.21827270703460958,-0.7243538299223532
103,0.36972908676499316,-0.5933650240928612
104,0.457773036078772,-0.677902957716723
107,0.1686627593790784,-0.7735994292041535
108,0.2527936311000318,-0.50994181972554
128,0.19219988532233626,-0.37257006463010783
129,0.31299711175126355,-0.44537744238419985
112,0.34751492271205997,0.3333482674921167
147,0.28726362672310257,-0.17943795785496217
117,-0.4898391683621224,0.022597681910907445
118,-0.5087136392262075,0.06033898462585326
132,-0.3099171408366273,-0.3842537168256055
134,-0.22160992356584377,-0.3636529747098377
135,-0.2354617133835203,-0.325390152668608
136,-0.3583764699456312,-0.3634598782581752
130,0.07974820154794945,-0.2294702335037502
150,-0.16128665908487455,-0.08586025882675781
141,0.1707830707554942,-0.27401863353299455
148,0.2606746259095068,-0.2719908559275896
149,0.35336675722408345,-0.23282001301216115
146,0.2781368878315678,-0.3157007637131987
133,-0.17529500447451252,-0.4260963277222314
137,-0.1029006839886694,-0.33731831913336285
138,-0.03020659597283065,-0.41345922895161125
139,-0.08333146783002496,-0.3770011275120264
140,0.04179075911896738,-0.3261238558204836
145,-0.5344330168324369,0.27456812518828394
151,1.0,0.4700996268078065
152,0.9061258814855726,0.4132687700390398
