0,0.3154404946883711,0.613555437026848
1,0.4007985962014162,0.5297546695258508
2,0.2987188502119808,0.7264137258573012
3,0.2760158650205416,0.4218968673649094
4,0.27985166290471053,0.832864675066574
5,0.457399508196008,0.3511433287123224
6,0.40076564195219805,0.7070277175211621
7,0.5333295174242524,0.5927472613260846
8,0.5332924406457913,0.4252998764240382
9,0.4037655478993842,0.3888555415827501
10,0.11374992899426256,0.8725675544039375
11,0.18225796986035417,0.8301031002817751
12,0.32747809899712366,0.29451194225677374
13,0.14211204538541103,0.2300595627856744
17,0.16860419151103276,1.0
14,0.3403849361796838,0.1863247438713601
15,0.5155996277479706,0.21525593589572406
16,0.48876509952171093,0.24384457793757777
18,-0.06997304439930478,0.8675006445160259
19,-0.026223982859449303,0.9960271122835748
20,0.3093641355441097,0.1326817741698836
21,0.23295840201564585,0.016210977439244
22,0.048114176706379984,0.09199284327498822
23,-0.09472453138234194,0.26077194162210693
24,-0.10336500894370323,0.1821429498334708
86,0.345841859680532,-0.05081727684627796
125,0.44368414359767905,0.0576923785153153
126,0.6315196514803149,0.0668715799481046
127,0.5738838543506866,0.013992552526636793
128,0.5862764283169225,0.17372329163622577
136,0.5304473411656196,0.11831031138956317
141,0.31102502978026264,0.07218743475817506
146,-0.30948265442493045,0.7861065403809965
148,-0.19547919560814742,0.9382197297033351
149,-0.2726325545703278,0.9563917830140269
132,0.058740797006045654,0.17975013315871927
78,0.18705090171961128,-0.21592029806222188
83,0.07981060330489134,-0.09371175768472423
61,-0.079447708247494,0.012511258190939867
50,-0.3565750508788994,0.21575605853977364
55,-0.2743963667635456,0.08312214308581632
25,-0.0342983334725452,0.4622431916219738
26,0.004380595974815996,0.6697875126450289
27,0.07627937206875156,0.6192624372483965
28,-0.15934123396834948,0.6034619355963243
29,-0.07716042781645081,0.5754416370390655
30,-0.09144825300083356,0.6603181348310465
31,-0.22476514191542857,0.5070470813618834
32,0.04879270468212438,0.2604150950178667
33,0.07178143913295873,0.3771743529288957
34,0.12040096248484725,0.4580879716536998
35,0.22666511435825132,0.6369328371605776
36,-0.30346797429155936,0.6593948610619317
37,-0.4159621290857285,0.5174861750855252
38,-0.29281407694981526,0.36216965564540476
39,-0.3395742085061692,0.4332173286929604
40,0.08607460056660067,0.029847588035470343
41,0.10323996624815725,0.1763982947594888
42,0.19710865036335362,0.352055624611083
43,-0.045707451082710696,0.12548044091143568
72,-0.4350184825563088,0.3614328355138165
71,-0.4174098368256792,0.2886380614141917
73,-0.30977311288838905,0.21027382035378178
104,-0.22498347445134903,0.20402151915040032
105,-0.4169217677745238,0.5846577864790677
102,-0.14476385036042125,0.04983060230746164
122,0.09423042872405935,-0.19195800733093252
123,0.25837925233884584,-0.09766781464519846
142,0.20856776364980562,0.04357903065738384
143,-0.02857971358385066,-0.05948457209877839
44,-0.7364514704662439,0.39869168138569
45,-0.5842732530038222,0.3154851898387956
46,-0.5951219327991883,0.2387452984397649
47,-0.7859045729458396,0.31885490488768126
48,-0.6998138409669846,0.28219296739745453
49,-0.5704751604600159,0.13475725336495015
51,-0.6747526107177086,0.15175297598640092
56,-0.5566710180153147,0.2995305975963902
52,-0.5040135750733998,0.027702470272788316
53,-0.6637288187172832,-0.0013484050987508547
54,-0.7274723824933491,-0.009518816369816168
57,-0.5951153833694807,0.012918790029311875
58,-0.683106316022153,-0.21404555964047534
59,-0.6715562924127326,-0.11815850441362272
60,-0.7789298599247392,-0.16129922929561355
66,-0.46319439603472823,0.13325965050323693
103,-0.5305822953084,0.4885625105675317
64,-0.5136165764426057,-0.09481586705506309
65,-0.6409381988779447,-0.18602346039939258
62,-0.5100885395435991,-0.37386988617127026
63,-0.6474529751607868,-0.31450663098970977
84,0.0006336523964911504,-0.17538558914377983
67,-0.23981063163822086,-0.37458100206035094
68,-0.5164500712087461,-0.26840286594038565
69,-0.3821374321714391,-0.24402254450830954
70,-0.4047908142976167,-0.06348829860632862
75,-0.05642834112245913,-0.44742418646621535
76,-0.004024167541893797,-0.287939486948869
77,-0.11043496625631291,-0.5054157278820911
93,-0.3842450809353947,-0.3935414419191729
94,-0.3521588313130916,-0.45691871828252795
98,-0.24204613445997716,-0.30677587996300343
99,-0.25246657042588855,-0.12519584710458334
74,0.10648489015233104,-0.3984165023290727
79,0.2822407986814909,-0.3966453107585305
80,0.20968953532310522,-0.5537622136647461
81,0.011203555225592339,-0.6121767024853504
85,-0.25171305982091746,-0.5417226684859713
87,0.46157314913286956,-0.300785072479688
88,0.4015698775261135,-0.46995401793031016
89,0.3043732252577886,-0.6221052887482479
82,0.10305164614356825,-0.7098831619340974
90,-0.14208639087436223,-0.7083301738821861
91,0.01920505327477338,-0.8336673609733077
92,0.21633560807135355,-0.7965213166614986
95,-0.18594807641065567,-0.4502592392402745
96,-0.26640745712079805,-0.6222566146796649
97,-0.40528885861908215,-0.6109391807675865
129,0.528001637480018,-0.1136560375156324
133,0.43529448632130086,-0.18191992530171577
134,0.586794309974688,-0.215908694591439
118,0.446879449650749,-0.7416600891423918
147,0.3639209752933768,-0.805714679459564
137,-0.199885333566513,-0.8005443956418241
139,-0.05145988133392316,-0.7675832130897019
100,-0.03630879726297124,-0.33686998352227976
101,-0.10013627211255646,-0.20778126862954954
113,0.1343361507765987,-0.4138448181878083
144,-0.45832932261434156,0.708882526804923
145,-0.5126589686068906,0.6899448313304207
106,0.5731805277702602,-0.49550187802890494
107,0.535867730327355,-0.5891965546569883
108,0.35536212117706634,-0.4814918205565916
109,0.565853899661297,-0.7475338262575635
110,0.7078622819116367,-0.6654265730325665
111,0.6023659467802651,-0.7124217961570846
112,0.19183768126998316,-0.5953284705485137
114,0.28086574331693165,-0.4419076962828558
115,0.25773206429311474,-0.29280191895493507
116,0.5517508082197109,-0.8577924742433011
117,0.7087140322610689,-0.8333203050967285
119,0.4836518295345059,-0.8867624429345902
120,0.054594713946947517,-0.640135680830703
121,0.13744154277881368,-0.8180119869856641
124,0.3706987143642793,-0.18920171172414413
138,-0.03104446149817537,-0.84824993550961
140,-0.11262118126651721,-0.8273803427468893
130,0.46373221691240313,-0.09632937624278509
135,0.4498761946587939,-0.027836638019980667
131,0.6605058893732006,-0.022350382176779652
