0,0.6371084818772795,0.669766076383968
1,0.6559958954589082,0.7848049349810415
2,0.7493605825298946,0.7171229036022333
3,0.6839116336984175,0.7289199127621894
4,0.6238497740599109,0.5470059160238289
5,0.7084678815673702,0.6182693681350141
6,0.5071768658984434,0.7412704670312911
7,0.5570149313809946,0.6939658878656991
8,0.5649146251050746,0.7633378830227993
10,0.5296869503941135,0.46586647037448536
9,0.48767180894077394,0.6483523550230099
11,0.3973554156310935,0.6975892184571661
12,0.44004621406860284,0.6670455124867575
13,0.3987944963207587,0.5731840754312717
53,0.4129140000675772,0.4031922756759039
49,0.3486202321398941,0.45517221386066986
54,0.3210946308599959,0.5656953699928718
14,0.6968500788842446,-0.16370208606279205
15,0.6184315201229084,-0.24208387648552687
16,0.5422676298819171,-0.16261608151947485
17,0.606427167389894,-0.12782492660911304
18,0.6230166474166478,-0.07829907471336371
19,0.5140183010363715,-0.26384269417953726
20,0.5091576871992377,-0.05548687005898715
23,0.5701686470836195,0.012078104955155532
21,0.5968603934085,-0.20261298768872849
22,0.4936782696949566,-0.3882640736992658
24,0.450658597427109,0.053771381700276254
25,0.5314632606891944,0.04016874891209764
26,0.5949632543075098,-0.3373591934383467
27,0.6708065566662785,-0.22221289499223992
28,0.650185489856498,-0.05996371876547082
29,0.6054264455966378,-0.4238608141543945
30,0.4070663393152683,-0.4842601667002466
31,0.5683446857022455,0.1269285824410049
33,0.3547314285425685,0.1370979457233782
66,0.6951634588351688,-0.3406387032821008
67,0.5965504463452714,0.09886887954318761
124,0.30146434492952523,-0.5657345739748005
126,0.3101810666561058,-0.5074530580173074
128,0.38217711546709393,-0.5832834562009083
32,0.4675978235561809,0.1761939099369341
34,0.3107922118355171,0.17751092570691102
35,0.37236340608968976,0.22978025442746453
36,0.23828403839679266,0.14777587785526608
37,0.27052016573985044,0.2514275177058455
38,0.1783662386786378,0.22114057119139507
39,0.12819487521804881,0.13053575392439856
40,0.21584015260463418,0.3208092889820666
41,0.19215880562493112,0.4100450545348749
42,0.2798635150160193,0.3517271725293064
46,0.14626648286571528,0.3194380078194676
56,0.0956599327179322,0.23158481104224438
57,0.04213067023968117,0.21168293163938964
68,0.10824247129348391,0.016097255961104222
69,0.0655953179843806,0.035974131139820315
50,0.27877221716238243,0.39031616726838614
55,0.24444260349806005,0.44869048223555846
70,0.13062974906472635,0.5522218057928755
43,0.07518414389515664,0.3421783833560862
44,0.22672018650794085,0.37725298877653096
45,0.0074696915478532425,0.2880123319107581
47,-0.05285856901557493,0.253490585529778
48,0.38547186237801956,0.30580914026106115
58,-0.032105557437682446,0.34204497711978976
59,-0.11477591944282974,0.2986942232216202
60,-0.16606239341643386,0.1805881990119793
51,0.5044852190122132,0.22877619979372374
52,0.47534962860625013,0.34275310366881384
61,-0.14795539060187005,0.3697128151059635
62,-0.2256355933339486,0.30825968263479625
63,-0.2160673889330277,0.2425237702181961
64,-0.28246905189669946,0.18571098226552607
65,-0.27007484153041206,0.12201926783920161
139,-0.3263893165371848,0.23646156501907858
140,-0.3908733053467225,0.12136211689833247
142,-0.38365565844586463,0.18886962880932545
77,-0.3716505826638083,0.06018159283502859
82,-0.2662165554929665,0.007474402555738519
109,0.012760796593613842,-0.06496026274869732
110,0.10588781492583359,-0.06792031753225623
134,0.05643748665479119,0.6742116418534941
71,-0.5309937995326068,0.09090244727350738
72,-0.6313158495141332,0.19620963282650825
73,-0.6508744004029592,0.15245825980657055
74,-0.6191577238660981,0.00436933463158636
75,-0.6470092043843441,0.07842926709093306
76,-0.5902770762369931,0.0645946424987779
78,-0.7145581197115393,0.11893317618565574
80,-0.5677784761125166,-0.041885211991456645
79,-0.7259931797661094,0.04859701637764831
81,-0.4917668742038402,0.1391788406266627
83,-0.3196228166863074,-0.05528594057099871
143,-0.5782128597128193,-0.16498196827347414
144,-0.5161915506942013,-0.10126765819382903
145,-0.4449577988625248,-0.019671837287725986
146,-0.4700472612003696,0.188917343150717
151,-0.21710819842014636,-0.12360731358084948
84,-0.41548143396460757,-0.5432365214881901
85,-0.38562689150243784,-0.42085169982235116
86,-0.5102288157217908,-0.5975178893304667
87,-0.3737413584879959,-0.6560959320096756
88,-0.4519211798024023,-0.6599295656871011
89,-0.4129958469663827,-0.6370646478184142
90,-0.4499784055890661,-0.5139674991346082
91,-0.4109081809797329,-0.29446323028511767
92,-0.3264221597871891,-0.46159853376009585
93,-0.3051741574558847,-0.39193651967612597
94,-0.24704401884167326,-0.4462710310668488
103,-0.36620083593959146,-0.7670161600057859
104,-0.44045855230524067,-0.7423324800654005
105,-0.31978119844668423,-0.7500497630754724
95,-0.4945234511716676,-0.21780526294260874
96,-0.41507012014506417,-0.26060299511219576
97,-0.5113462183833671,-0.25292663117182407
98,-0.4520671478915792,-0.15850781935313413
99,-0.3091281345578174,-0.2727951121052562
100,-0.3262205543731656,-0.2259598503794866
101,-0.2838390942727432,-0.2987971887368093
102,-0.1303787781046821,-0.42149696105707807
147,-0.19817995073130662,-0.2191743463090205
148,-0.22789723277312418,-0.1845674302063953
149,-0.20464704717188828,-0.2846213858492831
116,-0.045093406266051336,-0.5179026822841598
117,0.000963918879699518,-0.460588145817101
118,-0.039833522460830724,-0.4800032626485052
127,-0.0742977241774373,-0.37149281093223274
155,-0.14444307892065752,-0.28056015691641095
106,-0.3256657978645889,-0.8559082124480122
107,-0.2528413728628743,-0.8276747022570243
108,-0.2113887578251304,-0.8239997021532665
130,-0.21476906887907904,-0.9096761656977232
129,-0.11273960893657585,-0.8719586086729013
164,-0.09224814456578775,-0.1349079665423674
111,0.07340372619403131,-0.5482097926555984
112,0.058113313557624634,-0.674483222985221
113,0.02214406831610454,-0.5997165089463254
114,0.13039288959360326,-0.6388211046169225
115,0.19508324160465626,-0.562636613154295
119,0.08764359912244192,-0.8003575974740339
120,0.0751801163643302,-0.7514966138910398
121,0.26369940637821165,-0.6287614209243599
122,0.14127301476187162,-0.7456493734130658
125,0.23157602954124396,-0.6717561493598603
123,0.016989496918237947,-0.8301592622634527
131,-0.08700531771702855,-1.0
132,-0.13635258718157628,-0.9857271981346598
133,-0.04947430106320143,-0.9680423007844384
135,-0.041131664687222715,0.7680541493915043
136,-0.16360731345943566,0.8309321068628425
137,-0.07188477139991156,0.8648525063883782
138,-0.1398144870074817,0.7841219320050314
156,-0.25082514092453834,0.8850407001126127
157,-0.30204949937757863,0.8093290620020842
158,-0.2666944932095724,0.7810798738625798
141,-0.42442611741650504,0.24608746257099698
150,-0.4504607895430453,0.3183324206487535
165,-0.1318688645119185,-0.1899462987387969
166,-0.08904458694827361,-0.23488608842572117
152,-0.5096978002387496,0.42523499396860487
153,-0.5183184745519376,0.5449450861618728
154,-0.5983184376192063,0.4918590239793724
162,-0.47528053996406067,0.6587672476366463
159,-0.3645575493816484,0.8458994787239491
160,-0.38010408260959944,0.7375179131110526
161,-0.4240278427333015,0.7627736826856064
163,-0.505812358319841,0.7477565759642489
