0,0.3515037603461755,0.383785577721787
1,0.19053847596626464,0.4393546182794121
2,0.23150641825926802,0.2907275741654627
3,0.5250543763485362,0.43652902305814717
4,0.4095018345827278,0.38778363709279867
5,0.30342770746682957,0.23121804301756382
6,0.08835763955022818,0.5495031061898251
7,0.023616895674231957,0.40825068752007365
8,0.08300709798404075,0.41592225001116445
9,0.19124839135282953,0.3728131948720409
10,0.3835344860390718,0.23477615321175144
11,0.3211937373389945,0.09176735853380641
15,0.47222262000968185,0.5181584100486967
16,0.6449556251917128,0.5204353745557692
17,0.6299264436219912,0.41334607120799327
12,-0.05833715270998127,0.564589884255044
13,-0.10658980965458634,0.4889911593467021
14,-0.17822829194010115,0.48695542772543465
26,0.47175865975763104,0.12600631291292733
27,0.4088241631893331,-0.06724017481124442
28,0.3188751845465977,-0.16315589041133646
29,0.4203274408830596,0.029142976845279746
30,-0.24917171395497753,0.5895052062700935
31,-0.2916694711768447,0.4711795200251395
32,-0.37440187457734314,0.46939073727978936
18,0.4608402933523939,0.6654944515523653
19,0.42212142313170303,0.6992082291931948
20,0.32015123942040397,0.6164506403615599
21,0.38634410338030295,0.6030510498338438
22,0.5593844271553353,0.5511532249355277
23,0.5743806045407847,0.6631210843462363
24,0.7513972415284603,0.3821929882796635
25,0.6916855555601003,0.23878831599378314
84,0.25737175350985597,0.7359966276999583
85,0.11833305199622678,0.6330385657027829
87,0.17329986196213618,0.6098977022460447
90,0.3819645038629603,0.7659468914694144
130,0.8498128120444586,0.29282616337631473
113,0.588921930571299,0.11557359657525705
140,0.7291586873308823,0.12720839003114842
141,0.6602101202904357,0.06077332623151483
142,0.8078186807286486,0.13229107624332653
110,0.2779832037743381,-0.13140251277522713
111,0.2827591952537012,-0.37379320030066404
112,0.3627278778036867,-0.24072253442866057
114,0.5146667702089239,-0.002734372188321276
115,0.2982105424060202,-0.0590813815849168
33,-0.43512197387966034,0.3314456180351076
34,-0.5654594922519941,0.37353326309895557
35,-0.5043368326064946,0.40253899209752175
36,-0.5292795473867341,0.2391825580899114
37,-0.3837515438222463,0.21685448399969565
38,-0.3962272784023189,0.3816293851809196
40,-0.679541781513772,0.2261100209087414
41,-0.6462493463374988,0.5078731427381554
39,-0.6048952998375119,0.08338999932062172
42,-0.27399740190221317,0.2466045191431337
43,-0.31518961345098145,0.07065237217217933
47,-0.5236492059149861,0.5417442886593052
44,-0.6464770286752056,-0.062027296796609455
45,-0.4857250538841271,-0.012328178163747035
46,-0.7469038043983846,0.019516047519502814
48,-0.8360436020420491,0.15470239834848523
49,-0.8388030384982315,0.2630036469801243
50,-0.7640515051223185,0.6126616902505835
51,-0.6372379784176051,0.6368693611971445
52,-0.11558735389286687,0.2798554578683633
53,-0.15375502338533073,0.38561124326642365
54,-0.15530238720779205,0.03946882451855073
55,-0.17892924620768202,-0.0709500258426568
56,-0.33720741196020704,-0.08143618290111344
57,-0.711376223904697,-0.24966038353001707
58,-0.8128983488171202,-0.016532246917367863
59,-0.5957907438096263,-0.16249548503031952
144,-0.7163721540001182,0.766099908568883
145,-0.8739783895817954,0.7273196918331324
146,-0.7618067165764987,0.7336760187914317
88,-0.006967106814635935,0.4824465384888504
91,-0.03956194460003445,0.2991783369595019
92,0.011058974040814597,0.18207714055948668
93,-0.11286115867484083,0.11983705384254177
96,0.0014870455292398373,0.05559752146536272
100,-0.014301510925523288,-0.0541305040341593
69,-0.2261826151666241,-0.2080909696072702
135,-0.039380366839106826,-0.14179702057449897
136,-0.46904685223571957,-0.20129971200124488
129,-0.7178234447192933,-0.4494819450218107
60,-0.08937168958968486,-0.544148892360785
61,-0.1392909170381959,-0.5695595119329923
62,0.008003068180056305,-0.7368453163285598
63,-0.22191295834458347,-0.41116411562195027
64,-0.1616975087666779,-0.39379247418432284
65,-0.04874242354884813,-0.7181405857891893
66,0.03089772337520002,-0.6701542929652966
67,0.15192877834113297,-0.7927793398844079
68,0.1391806958733149,-0.8409062883378545
70,-0.22309966757931937,-0.2727218271261413
71,-0.3201708975979968,-0.33942493722150746
72,-0.028515876748883062,-0.6529394938168742
73,0.32475067332088486,-0.8116204515919487
74,0.31144207813283675,-0.8638398023805617
75,0.23683378573656536,-0.9416456737317981
76,-0.22655938176338347,-0.06815726630846532
77,-0.32247204936980955,-0.19033811182846422
78,-0.1893115550928995,-0.7292026547936324
79,-0.19867548549892436,-0.8059462384705797
80,-0.12647903954846734,-0.7839788961272116
81,0.07705666063479209,-0.6498781954794048
82,0.13569871774224024,-0.5190123083179955
83,0.17881850527346094,-0.6416333385136792
105,0.49302369034458277,-0.7665068508018723
106,0.36401403157054363,-1.0
107,0.4453643324014262,-0.909445467903575
103,-0.3865802993671604,-0.042961916370580465
104,-0.4120543959231155,-0.12016116543233916
121,-0.3339233958688681,-0.7642152765594759
122,-0.3271136610613507,-0.8378542613448575
124,-0.4004686493008426,-0.825082736415581
117,0.2379225439501941,-0.5218190589180205
118,0.327250919517868,-0.5210653342098243
86,0.1273785541600434,0.7869116948234984
89,0.018952585202821844,0.6597376203628376
131,0.26807187831022683,0.6479580050649102
94,0.08550443706244794,0.30845014426923095
95,0.17096290349149368,0.21254969389279219
97,0.14840448761778244,0.09460967203052308
98,0.22462184115362227,0.41097817331973846
99,0.29395849237946087,0.0726240735449111
101,0.14610649040245086,-0.03488914689067305
102,0.3248797963551838,-0.009929712992730908
132,0.45800272972636363,-0.12315746247217893
116,0.1304801890583492,-0.1276063947174093
134,0.5546338575201851,-0.06449232776612983
108,0.6217441885636128,-0.6003216651431695
109,0.6648792931842566,-0.39814502114606776
133,0.6210592706365072,-0.21052682320484958
119,0.4082111602226256,-0.47804617693777957
120,0.19368088945303916,-0.29153849357575484
138,0.04701282859969648,-0.23653428726986805
123,-0.5180376014939456,-0.741327317876229
125,-0.6500820100990938,-0.6454375100592561
126,-0.6622114054372485,-0.7585774071956556
127,-0.69639121351971,-0.6127716781626854
128,-0.6190845929768821,-0.5973958807461379
137,-0.11713642319710493,-0.26843790375167426
139,-0.3566850669685335,-0.30081926588251584
143,0.9643338723916205,0.11881334435200176
