0,-0.011348798921333383,0.30599597426104497
1,0.040458493977593046,0.19216797183968642
2,-0.05064719917920744,0.19930797787206103
3,-0.07066742573769191,0.29210896624211674
4,-0.13330061764815976,0.30942483539304544
5,-0.09917130894465782,0.4059758725792507
6,0.13657110998933947,0.22875332788599972
7,0.16912208068232817,0.14753359108969677
8,-0.016405009273658643,0.06542519362248071
9,0.04959420061160613,0.07840975072385933
10,-0.04806465278443796,0.09449557266724413
11,-0.19309263909017285,0.38100449788984975
23,-0.14355489069092506,0.4532121968836571
24,-0.22166457324010222,0.47669406645857415
25,-0.13796311696975205,0.5278491355762536
12,0.24803982394380206,0.3155180552341457
13,0.19586763655136916,0.35680319772289737
14,0.270218968997082,0.204740482565969
15,0.21404694910954875,0.2392258116143942
16,0.23410056837444737,0.16260545334007134
17,0.30504918624007127,0.10470043622724008
18,0.2823476467945382,0.04106957950052585
19,0.2381280930357103,0.1164401645484503
20,-0.02053729560810632,-0.06296905056251008
21,-0.059219275765362345,-0.04249208107885133
22,-0.0008804354787298514,-0.1048383046383135
26,-0.32909104515955706,0.41130280596593816
27,-0.2668692084804761,0.48315118688682324
31,0.34113651836267955,0.4504801018318751
36,0.2905463333536458,0.3983536816886253
42,0.3213005088413583,0.28687034504640113
34,0.22282043502054685,0.4922830642137697
35,0.2576494958962527,0.47042575425892047
110,0.3532873625413465,0.3399391079991304
90,0.41364697138511614,0.032950072708776014
102,0.2141372394225391,0.01169931585952634
99,0.23790719093716411,-0.07138901136556058
125,-0.09425849980736889,-0.20670956059801487
28,-0.25473337508497457,0.6150005899612159
43,-0.4654058956634705,0.35056983227255895
50,-0.4056831837989894,0.5090341549765467
51,-0.34910938357733456,0.5687286706905493
29,0.2883160232049525,0.5930281794387557
30,0.34976562411285383,0.5315703404209056
32,0.3834209940320743,0.5830763261999893
33,0.4506817920490714,0.5378940369762593
37,0.3954505695107823,0.6947090494466702
38,0.4525756661286025,0.6776307266435376
39,0.5071534292195778,0.6310548485162222
40,0.5608336492572384,0.5195781319733724
41,0.5827954359137798,0.5823027245091816
123,0.712035597107257,0.5938319991766764
44,-0.5160389348814927,0.4917647779495231
45,-0.48503407902169,0.42693459403729117
46,-0.5472504306258935,0.3250729680089862
47,-0.6219714382235177,0.2584594489777821
48,-0.5920208359114895,0.207988612226067
49,-0.5651393698393691,0.40409729799168764
52,-0.5228118285815937,0.5524715280665664
53,-0.5132333342117241,0.3232208488132418
54,-0.6461535354763449,0.3991581322654166
55,-0.4612610352050827,0.25470479480154595
56,-0.7284113658943575,0.14936929005051178
57,-0.6719061191928815,0.12841371595357462
78,-0.6100511234598451,0.32184969019674936
79,-0.5797147808054347,0.26016538094552016
80,-0.4824134511787686,0.20447995443358194
81,-0.4479119769025113,0.16966420209262578
82,-0.7679007661160067,0.4856050768821851
83,-0.7029507427531243,0.5239103278882855
84,-0.719839584355444,0.41516906284209126
85,-0.7185634478584851,0.32633304593167856
86,-0.3439699444516585,0.1800242899144276
58,-0.7471273006428868,0.02050990412930556
59,-0.8418321107725468,0.09018898753856815
60,-0.8022921127532784,0.023526353859964752
61,-0.7793826400354136,-0.10461983636115174
62,-0.8201656198900528,-0.09620058392183278
63,-0.8894023503775366,-0.05259096388102181
64,-0.8465033384875553,-0.19507506419319523
65,-0.8876992109548377,-0.17383760106405413
66,-0.753137190379299,-0.2191765929828443
67,-0.8149790855120681,-0.29793831101317003
68,-0.7619120541934614,-0.3030317762540006
72,-0.6670271061382687,-0.3326231788352016
69,-0.5195688581819279,-0.35921857714978966
70,-0.5908929965661083,-0.4393594322350932
71,-0.63291077332228,-0.4187415596303679
73,-0.36816053254293435,-0.34791401409123845
74,-0.6617586731627944,-0.5511736602300585
75,-0.7071002618536355,-0.464994894927198
76,-0.7635201486067376,-0.4344503618419395
77,-0.21801159928800712,-0.3121868591995617
126,-0.10534994959881118,-0.36297180664600603
127,-0.17820592042320527,-0.25751458641089964
87,-0.3535398848456933,0.117726793465454
88,-0.340608050004211,0.05603012930857363
89,-0.8423200081201746,0.5923434819644893
129,-0.2225462942523384,0.07336156694802158
130,-0.20651751273191887,-0.008254144326709581
91,0.5004576658344945,-0.02108769072791622
92,0.5540140801614516,0.08959114479528756
93,0.49195735432866905,0.018202299223239727
94,0.38704437411211606,-0.09237635857044586
95,0.4561746507727106,-0.09889678847440059
96,0.6240224353458362,0.03225922637738736
97,0.6996036744223504,0.10094493255270773
98,0.6699717108093821,0.15233216248267323
100,0.48382390426385585,-0.20479940268381464
101,0.430275646101544,-0.21438951989248484
103,0.7988510064444007,0.19208113956261957
104,0.10497458334704823,-0.027172047596435527
105,0.17100034703296715,-0.10015676462018827
106,0.06532858450528055,-0.08732869318282811
107,0.5429589342416411,-0.33385061658451354
108,0.5594697961636448,-0.29067335539105704
109,0.46863179492151935,-0.32588480146514015
138,0.8875506553117389,0.2974408821470355
131,-0.06682918390361216,0.008556590162621183
132,-0.11133954116850676,-0.047035569302906706
118,0.6010786333866591,-0.45466417799270487
119,0.5360233084835642,-0.4329624174993789
120,0.6358938991875993,-0.4040468195151705
111,0.6453461607369511,-0.7812831769651992
112,0.6637894957869147,-0.6594726074187228
113,0.5968452175076745,-0.7811225821177149
114,0.5711291295500929,-0.6826980475052539
115,0.5078035953431195,-0.8056397825990829
116,0.5692858820622645,-0.5652108226052488
117,0.6422890773239639,-0.554763550100106
121,0.39453453511037906,-0.8754279516964902
122,0.4812417400806867,-0.9283670216392256
144,0.26426256625117833,-0.8944958219779895
149,0.3555934305764945,-0.9750855141861886
124,0.8333371947690709,0.5404493878875426
133,0.9339638767811902,0.5410588926164756
134,0.9637892701996674,0.48254143666020927
135,0.8856168809368675,0.4328611239794838
128,-0.07416535740358987,-0.5126552734089994
150,-0.0410537379422923,-0.6574895664764062
136,0.9701221366496853,0.3976677107029375
137,1.0,0.33445830884790495
139,0.1429557087503702,-0.8529006033297865
140,0.16980965078742402,-0.9329565551783401
141,0.057782377205902,-0.8683678141851869
142,0.13979054099520516,-0.9771448120995404
143,0.22972855436633713,-0.9729231031460007
145,0.06294280273869492,-0.7523253065084434
146,0.024349206694472637,-0.8948094521760402
147,0.018927822244391313,-0.7840075490493097
148,-0.07903213217130528,-0.8761291511873321
151,-0.053191360750829586,-0.7720681706504023
152,-0.14905063440244481,-0.7549755817376004
