0,0.28876425922459537,-0.2942066547392055
1,0.22336037284921129,-0.35450199299337154
2,0.2242271696852933,-0.32782609635550475
3,0.240772060011185,-0.27573512389946736
4,0.21440901183058567,-0.20165365200751265
5,0.12375380901613554,-0.313202542558725
6,0.15668477322769045,-0.2788854776931855
7,0.1391710136550894,-0.336971543687227
11,0.13028664135166484,-0.20650288845912537
12,0.11622129830685272,-0.14805099436235528
13,0.1856435457856048,-0.1434319039701398
14,0.2954700930643189,-0.1659295764422908
8,0.05525444442773504,-0.28690748763937074
9,0.02092509696487681,-0.30861794906933154
10,0.0667140305560983,-0.3546020666174329
15,-0.038255643786962674,-0.22928839474230517
16,0.07075687758043793,-0.39827126898741283
17,0.00979426150385288,-0.4025261834842037
18,0.06908877144155642,-0.1440896734864946
19,0.03937655610990878,-0.21971071508298975
35,0.057242118090457025,-0.11017727991591578
36,-0.009605239125178848,-0.14259908184336262
38,0.2855273130794645,-0.12289068199236469
39,0.3935565164164093,-0.1402898113062609
40,0.36737705469844456,-0.10771083806511701
37,-0.035049312642796385,-0.14793674250677027
44,-0.035291229772029045,-0.09367039027326252
46,-0.11465207315443936,-0.3144587632575371
77,0.049731358356971025,-0.49387508180122774
78,0.0877051581738484,-0.4800205943341776
79,-0.036994657920965214,-0.46872889252121147
20,-0.15927103329972395,0.49286284377291967
21,-0.2053036140308328,0.5903746413368431
22,-0.2397188224890581,0.5344304349116747
23,-0.15271790619385864,0.3879711155412751
24,-0.19848412889683145,0.4406716350326867
25,-0.2241106698132711,0.46779049377189846
26,-0.2740241577680583,0.5626602179343171
27,-0.2569009775249123,0.6579708302562988
28,-0.30056245236208057,0.6259602319571808
29,-0.22716186224674212,0.6853073054419474
32,-0.2609562562430983,0.4047051495836992
33,-0.06912444254765218,0.3066236944792464
30,-0.23976215602268777,0.7627683838391403
31,-0.3142033430281091,0.7258499151542847
34,-0.18203296210675718,0.8462580788437221
107,-0.36955809062514844,0.4070063782446987
133,-0.056288795533592145,0.20016033552358475
171,0.044414938504519406,0.32761087727536553
62,-0.08959333569189014,0.8923323139087501
63,-0.14789544978537092,0.932755827733307
41,-0.08545781349721994,-0.16159230858868226
42,-0.14721089579343768,-0.11857044294315462
43,-0.08658027555703654,-0.10074027701014471
45,-0.05053837580458499,-0.03653726066731329
92,0.48355098171858246,-0.1098551829123591
93,0.43080485434386834,-0.042970682322790096
94,0.4535529277103104,-0.0735458911539023
47,-0.2443836737979891,-0.11565329547182776
49,-0.258563654961223,-0.1457758204702557
54,-0.14682778063599328,-0.03759146774684532
75,-0.013370980567784957,0.017123031818132378
76,-0.08285959945977757,-0.007782262151158321
80,-0.11976584672451454,0.04421691347407882
73,-0.11775083152153568,-0.41205431451966795
74,-0.18642373778042742,-0.3986316253579202
48,-0.3414795494987217,-0.16964525466104644
50,-0.34757071664003075,-0.10649598100231429
51,-0.3845992272138232,-0.12130690959383239
52,-0.4309374670895695,-0.06338281540901419
53,-0.4326213720361431,-0.027399410004413573
55,-0.3883171319116744,0.019109804258905523
56,-0.47736285607283213,0.020143112209176292
57,-0.35027609057708553,0.027740988090755137
95,-0.27776049129270197,0.05673352963148927
96,-0.3941870907772116,0.0753273990050749
58,-0.043112867889917965,0.9602248626297479
59,0.06565806938299229,0.930113754262915
60,0.024644820232245818,0.9999999999999999
61,0.0128105780396839,0.8978935866587175
64,0.11255698803442724,0.8602841763154018
65,0.0851922123052552,0.8335577774802393
66,0.10614043654707556,0.7591556130405358
67,0.14926901557469738,0.7680869753988814
68,0.18500473310911222,0.7673063512370836
69,0.1498070471211895,0.6738671178807049
70,0.20189334275078946,0.6760959062791373
71,0.17485595963510422,0.5753440897644115
72,0.17472693279705015,0.46659931336441207
153,0.1963260266997831,0.3856158884269765
155,0.18784301848374907,0.35405771314700174
81,-0.1684855875709986,-0.4922272526238811
82,-0.1971521640865399,-0.44736586793497835
83,-0.09404378460477521,-0.5039821882875224
84,-0.19087830803071595,-0.5134009534546441
85,-0.2972497655297099,-0.4344548355514698
86,-0.28742097208072553,-0.3878731977298428
87,-0.25067523443963513,-0.3804597534123414
88,-0.027007368628381254,0.08277247319078684
89,0.006078375320076971,0.12192275343798653
90,-0.07733617315535325,0.09841657147549462
91,-0.16330170443796688,0.04511117441471528
165,0.12964416660092387,-0.5794440235035203
166,-0.003493616652991618,-0.5432511239963295
101,-0.22633514695185966,0.10836731942505766
108,-0.1413873892863491,0.12618021003618274
110,-0.2203338028026847,-0.593186996368674
115,-0.16832176100710888,-0.5749482468202283
170,-0.06057055774951561,-0.5926087504844009
118,-0.11324023805849923,-0.6095284938204593
156,-0.4071033531930201,-0.47117388804161187
160,-0.3773531167969302,-0.42750444368626
161,-0.36569640492514516,-0.37688018130618056
131,0.018080381403260928,0.17262936643889884
132,0.09833458986026533,0.1826963738628134
162,-0.1853825885757095,0.11041205730338872
172,0.5040219376275049,-0.005318485774268971
173,0.4543448671558605,0.031185790862530288
174,0.4964929697735381,0.04366697649299755
163,-0.27009094673753686,0.140963119040175
164,-0.3530521564671344,0.1185523363667938
97,-0.33615435652300424,0.14596426143380148
98,-0.40538165983382735,0.22945943059325768
99,-0.42929162402568904,0.18858409591203848
100,-0.3154075456639241,0.18495255934378477
102,-0.367032282927383,0.2555374759256399
103,-0.48299608286644585,0.28111249026384505
104,-0.43650772808108673,0.32384681108274505
105,-0.4057254437003797,0.34292239081077314
106,-0.46593675380870686,0.3868785627248218
130,-0.07649315651691077,0.20936489470197064
109,-0.18392306067648675,-0.6971666308794827
111,-0.21546835263125136,-0.6705830467643122
112,-0.2789791186360967,-0.6670515080580286
113,-0.08306779494215193,-0.7178479419448475
114,-0.25984205707307306,-0.7507693729500801
116,-0.18440900299179533,-0.7730929827964031
117,-0.3782417050951299,-0.6931584233269411
119,0.009714141354420258,-0.7639198635445891
120,-0.04787000487578901,-0.7905926317804588
121,-0.009100596939167259,-0.8034451145990782
122,-0.2498099619144241,-0.8344686456064477
123,-0.305797149575632,-0.8378278592293007
127,-0.10612305943716539,-0.694499677351623
128,-0.2172218842216222,-0.8718945922877003
129,-0.4601033713088769,-0.6502373416009053
124,0.06255677186570345,-0.7666163239711362
125,0.11310377798895087,-0.7589068781469744
126,0.08801224455155314,-0.8283734591490891
167,0.1249588122886203,-0.6812206336115882
177,0.1744006253630916,-0.7519900938191176
178,0.20948331292156042,-0.7275589349481384
159,-0.4548825272665005,-0.554617104486378
134,0.09592057769725269,0.23451533355244206
154,0.17376818094086266,0.26848851919776334
179,0.12135084972787748,0.2746730249239673
135,0.5833337799748993,0.4117530580633981
136,0.49274303614996134,0.3657811925857097
137,0.537666367475365,0.4583888014711032
138,0.48202949478352664,0.41171888572200377
139,0.6652933878417734,0.3970428069757283
140,0.6789013291692643,0.456117392061477
141,0.6253805219685727,0.48883620822014395
142,0.4475642112563147,0.4059881201330195
143,0.3746980034631398,0.3800205864192667
144,0.42327448842481424,0.46302461881669144
149,0.7002940301954632,0.5463426836052118
150,0.7583963213520901,0.49971298276757736
151,0.774728857345262,0.42917063762428187
145,0.37833533741378156,0.43970642381424385
146,0.3609914819564886,0.49600203118020836
147,0.3410681404483601,0.4691492650357367
148,0.2659789900829514,0.3409187382214751
152,0.2828040659384208,0.4243386050129574
180,0.24813831353943067,0.30450510981745366
157,-0.4950743836818608,-0.499883204577534
158,-0.5089891460215465,-0.44145203521878473
168,0.17890904464790752,-0.6537275838627062
169,0.21711828299329225,-0.6410460243970945
181,0.17817624881432123,0.30125822544384845
175,0.48085506990236204,0.11317329241621989
176,0.44253370892424054,0.12402839134869778
183,0.3855982598490797,0.1761400197585478
184,0.4245314529861153,0.21049899722277227
182,0.3848804724543775,0.22396504626598931
185,0.30586312252687436,0.25093103605180206
