0,0.6053660861589037,0.09996039415703463
1,0.4857221974331535,0.09567795127360486
2,0.6886429629922247,0.13899639781987244
3,0.43349081947825796,0.16998353990767795
4,0.5752142639754111,0.1908952888626659
5,0.7527167255942362,0.049693014713624424
6,0.6763479079461102,-0.0627857041349752
7,0.6292542936299154,0.001939055748751898
8,0.3124480555916916,0.09215015968599045
9,0.7736256535145375,-0.01761935395000389
10,0.8340703525622182,0.14399011876877682
11,0.2815491658590717,0.18983149357919452
12,0.33316581505645104,0.2684026481222804
13,0.5475196308557712,0.1139022169671601
14,0.47266497674407315,0.27404189248725114
18,0.8328713426979183,-0.13328690954800718
19,0.5537891755961587,-0.12260153955670516
20,0.8100778408094813,-0.04158933714358253
21,0.7000207846300638,-0.1588711984622434
15,0.14276146260176878,0.10685883453790834
16,0.21231265040967923,-0.022764074797486513
17,0.3547252693505372,-0.022617999402540428
22,0.6365525043695138,-0.18428242483697257
23,0.15588026303086408,0.2734218143095421
24,0.3808287678531075,0.4047270051090544
25,0.24796034586977395,0.4228217281963353
26,0.5231549821811045,0.352190750391205
27,0.017792283682189623,0.19435064824584428
28,-0.0345968209368148,0.10054437217556882
29,0.02931338765503297,-0.015059070103439072
30,0.1469553023737152,0.07764111938455956
31,0.2758689100785657,-0.1789809797854369
32,0.0938661003348576,-0.13620820951129656
33,0.44544032719209026,-0.1617667508034697
73,0.7789916490685909,-0.3078278535414794
74,0.6170798598005621,-0.28440378469946687
142,0.4562836674616525,-0.2998276639445597
49,-0.0037075053199870558,0.276918619471048
52,0.05740922848714727,0.4192444761924309
125,0.42866922235495636,0.515435739748863
127,0.28164145751873204,0.5535008536143879
123,0.14147975992187137,0.5330181263969248
38,-0.15986892020670926,0.21499664753098222
44,-0.13614953852538478,0.3140904164081121
50,-0.07095442382588743,0.2587313858752133
60,-0.14539666243797927,0.050142669650140706
68,-0.11750083338391142,-0.04305902035644268
57,0.06470324438275997,0.17418844325384283
58,-0.031145123525603505,0.1487138984710729
62,0.1409528994239894,0.1945868962506213
65,0.2442189211544244,0.26573462010572946
106,0.15298846884038864,-0.2773502670060668
113,0.25716195979926815,-0.32415400788094206
114,0.33155214780664616,-0.3387436278017026
101,0.04766992191377573,-0.26770205222526505
104,-0.059277668561343366,-0.1609081177075043
34,-0.3415243322823125,0.275337839571148
35,-0.4671802211473512,0.2475618187193136
36,-0.2821354332004075,0.3310290034881081
37,-0.5025406350663042,0.2961019534756844
39,-0.526591151508315,0.15635848533521476
40,-0.6308582849690708,0.2405037862718176
41,-0.5575003552072954,0.10828064562912852
42,-0.6417944730794954,0.17928793901567558
43,-0.6092842094002554,0.2839940425914097
45,-0.1027455668244834,0.3963646111951362
47,-0.2389343193089115,0.14314826301267342
48,-0.15363820046191232,0.29154738264638236
46,-0.43554590996531456,0.07099546534010576
51,-0.1654557048059714,0.41244220140843274
53,-0.020874232603005916,0.5201072500767899
54,-0.3330357783558875,-0.10555648632616903
55,-0.42261748516145725,0.31904907958076134
56,-0.14182411537450937,0.13209909293082459
59,-0.28663803464993315,0.08597692200405932
66,-0.22809930449497992,-0.014596825179068925
67,-0.2861075522753348,-0.012890406421415632
69,-0.08304958026355458,0.4687002580279655
70,-0.019440828493302503,0.38870880679131514
124,0.03859474086778903,0.5985208756379456
134,-0.09027968649090097,0.6355796330165617
71,-0.22365306601691626,-0.13328147082203293
72,-0.42470928805638797,-0.12109729004387816
99,-0.19445089835806045,-0.22260405888560525
105,-0.3378401664715517,-0.24576793471548855
132,-0.32877906223117187,0.5199108358175021
133,-0.47547597444419437,0.4771446702987208
61,0.20857361057709078,0.34028774459681116
63,0.17856645731082837,0.44094525291273307
64,0.13052996595819907,0.413645055044756
137,-0.20319434450548587,0.5831473576471521
120,-0.5941597610808179,-0.19414481317336058
121,-0.551952070717312,-0.17008791944950852
122,-0.5981964193737778,-0.09805263197071101
141,0.48866903392350713,-0.4223815745575973
75,-0.15804392590771849,-0.45005058963400296
76,-0.14142172526453758,-0.577565102694092
77,-0.2924420010289695,-0.5032745176617637
78,-0.04738064510677402,-0.3388891624605123
79,-0.1887055328683126,-0.34144013824842645
80,-0.3394218713260944,-0.40713724757436615
81,-0.2661392781427044,-0.4455603523184553
82,-0.2435610398473161,-0.5878726359194671
83,0.011020574913621616,-0.5530995913395115
84,-0.10153563859546128,-0.6316691264914037
85,-0.07182240655761622,-0.6573726506455815
86,-0.1904584043012476,-0.7317132060771536
87,-0.3622547369408874,-0.4417566818582135
88,-0.4195878974265459,-0.36296090987331314
89,-0.4549469250778255,-0.4820105373312454
92,0.06611633583467588,-0.4174057454647616
100,-0.09777824130439332,-0.259556209738684
102,0.1285535137326861,-0.3579296389722329
103,-0.5365648202818772,-0.40845802111324503
90,-0.39120368873418004,-0.5881703073837954
91,-0.23680910169549663,-0.7045889343395683
93,0.15578304563945564,-0.5183319614929134
94,0.07644535019293076,-0.5851708236054315
95,-0.0038697695675987886,-0.7114307407861121
96,-0.1349311854443716,-0.740707118470438
97,-0.23350585730092344,-0.8528900893237664
98,-0.19233898223508827,-0.9068759473107187
111,-0.5210201021100249,-0.4837594112508373
112,-0.3296957648253731,-0.6114597738369858
147,-0.36581342289576096,-0.7448538773090061
148,-0.4046845245239542,-0.7148517250890415
149,-0.32077396706525163,-0.8509594943780852
107,0.22950182175830117,-0.4789511102879856
110,0.1966979745109203,-0.415975566467063
108,0.31428384875419674,-0.4242674311155273
116,0.23064090579950405,-0.6361052269019225
118,0.15290922888761305,-0.6728431911464962
109,0.3151923770754503,-0.36083274945318466
119,-0.501217740630364,-0.2932231809596951
115,0.24786240915990548,-0.5433418061207507
117,0.3033048641834639,-0.5382661509750003
128,0.12454265249966896,0.6451192791626325
131,-0.02681711445546009,0.6973545335103272
135,-0.04687684292059962,0.7551752588884871
126,0.2915803973651614,0.6617796867116149
129,0.09909725088239935,0.7327029520605524
130,-0.11821266809692006,0.6369755249675815
139,-0.25928139884588147,0.6607108208071194
143,-0.4317907342077104,0.6350391126701441
136,-0.12664285403427683,0.8108692718808852
138,-0.23264938461436038,0.7917392387293934
140,-0.3082319402053166,0.9262337812858553
146,-0.4488057940315014,1.0
144,-0.5579820563574294,0.7445038293543726
145,-0.5873154477248921,0.9001472426388117
