0,0.8042840218658321,0.6016006111436705
1,0.694915493619468,0.707140696669999
2,0.8787465783563385,0.7117343606488786
3,0.6673514353300789,0.5410693704742054
4,0.831745217894012,0.7592493081727538
5,0.6370229229632829,0.8662530501215747
6,0.6045864172960405,0.5788977335134763
7,0.74121644251774,0.6498826031739114
8,0.7583842611046575,0.8202486909875589
9,0.6831262331553466,0.43619492536826654
10,0.5319982540152274,0.4195247885541484
11,0.481979648414566,0.9094424538868037
12,0.5969359064404981,0.482159004618961
13,0.6317245894413199,0.3684810554033699
14,0.3766382787786733,0.3337230734738583
15,0.4595210130299689,0.43086688050305016
131,0.328001240138486,0.8486941953382668
132,0.3738098418388772,0.9827580221614267
32,0.2956951842253719,0.19849760085916435
35,0.26550629163504635,0.2293773554994759
46,0.25293646765121164,0.4345758216787115
52,0.3531351358362674,0.5504325165765588
16,-0.1986743662144415,0.2948801472610163
17,-0.3531346912830354,0.2651555336771443
18,-0.05412908885279978,0.2546960833629217
19,-0.1966937877635171,0.20441377103305586
20,-0.4453903516202262,0.09099536596720642
21,-0.3575271838477436,0.17529998663064916
26,0.12914007936447278,0.19907783061281373
27,-0.029634207757366225,0.1990847646815606
28,0.019097223334073644,0.18428717207781836
29,-0.048998593128975844,0.3667180605178941
24,-0.2906911179782874,0.1059486347873974
22,-0.4881137669265704,-0.06525745742552387
23,-0.5082601470668022,0.0970512649832095
25,-0.47550852667763444,0.1903492208251254
137,-0.33827393949474494,-0.17416870634484188
139,-0.4589657576129818,-0.1897938308567646
140,-0.5098914336452616,-0.20753207222524647
141,-0.6089184612518685,-0.01712984079524959
142,-0.6475583577672132,-0.14212647156427946
77,-0.595316348229992,0.26022854321725025
78,-0.6223371150271187,0.14066727941369464
41,-0.1820572601241437,-0.01585106419121184
42,-0.3463647335516468,0.014269039529709567
61,-0.5422960028782171,0.09455477544467608
63,-0.6450702208437226,0.22153955630452765
30,0.033875094111788136,0.10452023842705521
31,0.1256288246567682,0.37092172925168404
33,0.2654890956689989,0.09668591837671452
34,0.22760660842902808,0.08791477377731803
36,-0.05617446020505561,0.026341944576441907
37,-0.036269419583365894,0.4423084677037616
38,-0.21565972190826346,0.4707908151202175
39,-0.0006599889584615516,0.5402497872538036
40,-0.1263850953100772,0.5174477907084579
44,0.010902227669659294,0.30568638274290655
50,-0.030359070227521965,-0.08059838731494307
43,0.10080794127770575,0.4261539558674395
51,0.14164321164395963,0.561235131145498
87,0.20137456146593694,-0.026746243478782412
97,0.33676054038557224,-0.04222841724677064
56,-0.06442435934368194,-0.12523964659298314
45,-0.011726924140538452,0.49619931879259954
47,-0.1353793843215084,0.4217754811702129
55,-0.38607658552407714,0.5266108055848251
53,0.040750752861731236,0.6646384482236671
48,-0.10332977816462145,0.6311512203391697
59,-0.23798605280164722,-0.1028517267958243
60,-0.0998549944203528,-0.20644047742716365
49,-0.053949979397024776,0.6838050767802188
54,-0.03813459129681369,0.8017338333335554
57,-0.17183007107560946,-0.29351387462392137
58,0.06590595777762007,-0.25725893562945157
127,0.10671707469220394,0.7313421193460805
128,0.1783955988587229,0.6893577661605221
129,0.252542533365047,0.6898593635202723
130,0.33163505214533,0.7213291594353229
70,-0.5679475327547807,0.5255512410233169
74,-0.5318207839477961,0.47252724191373363
75,-0.4957702000654645,0.6132583203810853
62,0.010540590801887685,-0.3285922623256724
67,-0.046189120236339275,-0.41599833622731147
133,-0.33357726582658404,-0.42859965995566573
134,-0.36326338875963465,-0.3791041825040444
122,0.12448401937818282,-0.4676982708841832
64,0.13712280478425065,-0.42080813811698414
65,0.1728334345710817,-0.3761747103502531
66,-0.06197207585466817,-0.5051430004035997
68,0.04391852881156996,-0.45939229547894106
71,-0.6736783937278,0.36407965763573075
73,-0.7601237912674245,0.3236119334117979
76,-0.7884274915772853,0.22317917976283985
91,0.2819047774013272,-0.3937609335539668
92,0.3113745872547782,-0.3471437603470252
108,0.08473622242455835,-0.6258081460568716
93,0.2884200906307827,-0.456892255939666
94,0.2622522933886135,-0.4919524740472747
120,-0.04553589731572875,-0.6715256903436556
121,-0.11139679567803308,-0.5922284768215664
69,-0.7077794702055296,0.48174678704897606
72,-0.6345792856941245,0.4161612364458315
79,-0.9212461954060385,0.09573043063791972
80,-0.9349147533095528,0.22037061083566847
123,-0.9919911046532944,-0.08387416969518671
81,0.18213513905902906,-0.19458473738754012
82,0.317810383902389,-0.29823344289858034
83,0.024298638414420627,-0.1999692566727261
84,-0.019897346080408076,-0.26054246446605944
85,0.06833402077804027,-0.12321032667052124
86,0.21073461629087425,-0.1176593339154925
88,0.41552997755572474,-0.2919673420675746
89,0.38701647525179683,-0.4412863320557461
90,0.41838902926126,-0.1935196327599001
102,-0.1848302002021688,-0.25920615182573026
103,-0.1454864641115374,-0.1861028732955367
104,-0.16522838163418754,-0.37504986231399273
95,0.5368791473777311,-0.25331857810136477
96,0.3728700619323141,-0.5795469453328423
98,0.5993111435167882,-0.2408795396167182
99,0.576961679254219,-0.16855395125576342
100,0.2553060942876709,-0.6480170369685049
101,0.31529048475021215,-0.6672803409078599
105,0.6747408287358017,-0.33421861374533257
106,0.74776674622086,-0.33649687664118555
107,0.7309102591375021,-0.25617823260287764
109,0.29366831634430696,-0.8217838173441675
135,-0.31980974469745743,-0.34997110412234045
138,-0.3363480035099933,-0.2677187034107587
136,-0.3233429659853292,-0.46142407781238515
110,0.7569312562898795,-0.4368730317352228
111,0.7898273531703729,-0.5044691877652051
126,0.020096083959251044,-0.7854409480508004
152,0.30949990636511027,-0.98447710369029
112,0.6844906314578639,-0.5971538214010982
113,0.8830930943140545,-0.62120260085296
114,0.5157550538031164,-0.655715223886696
115,0.7713939439945985,-0.732830557051958
116,0.6122356819785273,-0.7780077413239072
117,0.4397593364801308,-0.7332530238133819
118,0.5299243803237067,-0.8350060310191296
119,0.318402984062405,-0.5999033525468643
124,-1.0,-0.22706304554690732
125,-0.9593741079521124,-0.2919128926955131
143,-0.8683215751216582,-0.36182362507724364
144,-0.8868003835778631,-0.44251554050171377
145,-0.8231834893629371,-0.4226720831130971
150,-0.5240905577260023,-0.463402898412734
151,-0.4270869903992319,-0.5369675524530236
153,-0.8147943669443625,-0.1719944055384088
146,-0.804927828640684,-0.5363241567272207
147,-0.7094410294053385,-0.42987525261618686
148,-0.6693524728431446,-0.5043506353687663
149,-0.6299479602764909,-0.5929091149457483
