0,0.42995830125112494,0.606662524894187
1,0.4950300174256022,0.5613635360691184
2,0.32017596261344267,0.5292262541611837
3,0.4895855907178185,0.4485506048942451
4,0.34541601122584,0.5626237760213448
5,0.5725809290668982,0.46702941944517967
6,0.26346535166146506,0.6607135358278435
7,0.251311512279823,0.6194715601821662
8,0.6230955566753137,0.4246687179965091
9,0.14890674970638526,0.5121482172184572
10,0.1947465120902102,0.6582684861601799
11,0.2658879485339077,0.4086703698316621
12,0.6385918535532613,0.3456647087536626
13,0.5835647349283828,0.2703414053357569
15,0.12064198329932277,0.6930951296753236
16,0.13718999038655424,0.616198152306082
14,0.7310044893243494,0.3217853104039232
17,0.17809458433920142,0.451909773015648
18,0.09464181180738222,0.5897262776430492
19,-0.019767369038676562,0.4260337116425459
20,0.2930972379606121,0.3199871658320157
21,0.24928606025307992,0.5045290243387219
22,0.37514595457367206,0.39108985723080175
23,0.336306398481172,0.46815629549788623
24,0.3729903609576035,0.2743151584305896
25,0.4325532735228492,0.39254014486394645
26,0.7351349683367774,0.24274554091795572
27,0.7257062341523773,0.1893403745438807
28,0.472053923318637,0.12242746444780483
29,0.8667552791582759,0.24593707308311644
79,-0.18231205506003673,0.3306454678946328
115,-0.05488064290840576,0.320936238256204
123,-0.14664605229123756,0.3820342506896595
124,-0.17890984928639453,0.4198081620243256
125,-0.10273105433268372,0.4880405071337855
82,0.3636206792222285,0.14513901236765087
88,0.44556247493844237,0.2725569227956681
86,0.4401042560489738,0.16952056470095642
87,0.49874134524762564,0.2213608445246628
112,0.8594758379411096,0.14792303225326225
113,0.8448682873059477,0.0888846386185818
83,0.34933044543347314,-0.005577279875311822
84,0.38962787879570393,0.05346910770080294
85,0.38919895057651527,-0.02974032228829032
145,0.969133231212709,0.12144897432082426
30,-0.18958204278585217,-0.07994242986720532
31,-0.3044816107860987,-0.13120492171937004
32,-0.23902652261377846,-0.046186321747403385
33,-0.3560641969873449,-0.016577669878678657
34,-0.2068506562089878,-0.009387740440007094
35,-0.07712629339003864,-0.024147397613405217
36,-0.1543883677035969,0.059186239868924864
37,-0.05253124451953122,-0.05899052621957378
38,-0.36983435464780506,-0.11468987088889875
39,-0.41911869346761593,-0.21565606501601542
40,-0.46251600215701427,-0.16703702509536433
42,-0.4445578002620745,0.07446654774497147
43,-0.3785436546380249,0.17095625681670787
47,0.079673337245804,-0.06729495051464454
48,0.02480603884786808,0.03247728544190025
49,-0.010152971958258854,0.06461510473215247
50,-0.23811607612689079,0.1623999999286581
41,-0.520408354970708,-0.24847227792629523
44,-0.4954308887039515,-0.31387400252497766
45,-0.5136220602530736,-0.3911004382158001
46,-0.6084670418271605,-0.32173263811533903
51,-0.5367147505649901,-0.10909234401266067
52,-0.590802987082977,0.016598593849818242
53,-0.601664230515314,-0.04664300760630843
54,-0.5376681782431607,0.06938455758632825
55,-0.49920426297670834,0.19721809263483983
56,-0.34981831023513593,0.2486152017471326
57,-0.45299380835205727,0.25358229526299536
58,-0.32009561934922476,0.34599891009978645
59,-0.2633391984999715,0.2911624780305871
60,-0.5693658604744427,-0.47617627898669684
61,-0.4249108004489641,-0.49523614153042067
62,-0.5144275328647463,-0.5176053193312291
90,0.2500476794240537,-0.05159030552541602
92,0.1757272037066013,-0.17658255533796452
100,0.12646573785239157,-0.035125442336224465
102,0.10833359585419816,0.07483663287670216
103,0.019438403682899442,0.16070827998262482
116,-0.08947180524197759,0.16388417150082354
130,-0.397386795856205,0.076120141744518
63,-0.6340908001818361,-0.23131344527557043
64,-0.5564260178434312,-0.2532119856642943
65,-0.6554798643455405,-0.1665988762337947
77,-0.5785969232890108,0.3400979636963051
78,-0.6548533994960987,0.31246412586478745
80,-0.5478882413640608,0.3802764973560391
81,-0.5736813688297612,0.2624819726605841
69,-0.418383911081553,-0.6171325810693608
70,-0.26570654000906074,-0.5511026439914061
71,-0.3604416999521317,-0.641562077699908
72,-0.35049444477133673,-0.44083480974662753
66,-0.5587879689649732,-0.3682119677913084
67,-0.45938868149409584,-0.3233004715838365
68,-0.37971591060488413,-0.3711485588290155
73,-0.4308055041490507,-0.45316684886075603
74,-0.3651333071535343,-0.5011311096971577
75,-0.4468929176324646,-0.1180622198372572
76,-0.22855839269155162,-0.46676070984075074
107,-0.2330039471442078,-0.6451810601011736
108,-0.09037607698510583,-0.5601463360287405
109,-0.19777988926239543,-0.6825452081492247
110,-0.1514969954791712,-0.649150534489873
132,-0.5557938238883037,-0.031655178358141904
120,-0.0446335604224367,-0.48899069962231895
117,-0.7084367686961722,0.4483771502306366
118,-0.6834030986169486,0.2445012193406422
119,-0.8181885095255267,0.23302505817583333
126,-0.6753204916208624,0.30248863088452727
127,-0.5599479678975808,0.14605302738033982
128,-0.6482353671154057,0.14594436629291796
129,-0.666164563963924,0.09623359185541835
89,0.30349524944294276,-0.14735470041664867
91,0.3131181994866896,-0.18839717868877426
93,0.15781138995183983,-0.299040656030329
94,0.2523026569425065,-0.29535028356761206
95,0.18646853727366625,-0.3374172446685518
97,0.16988398867346027,-0.2337059062433481
104,0.12188200641470084,-0.43477287553423183
106,0.05667693857699924,-0.45347660370108345
99,0.2960773768591997,-0.3656568625346146
101,0.2639367527724698,-0.47357976573757504
105,0.18431747143499905,-0.49477132149480824
96,0.24865957585179704,-0.19433088355375638
98,0.3753823834225833,-0.32657725314236496
114,0.12432912992888329,-0.5703193041393448
121,0.03497886516170933,-0.5676192843951735
122,0.04240170506263578,-0.6317532780117983
111,-0.06371757796996903,-0.7047232699480296
143,0.8872456721079502,-0.013081596663958117
144,0.9809242797372529,0.04219208931047197
142,0.9232702279555717,-0.04817807199463728
149,-0.8642978908980206,0.04661703386961937
131,-0.22697434774859224,0.570288004936785
146,-0.4177105126670492,-0.1830203181228378
133,0.7148029113965846,-0.32199216064343517
134,0.49568295893243647,-0.39883721780027537
135,0.8825895414420978,-0.2929636670359758
136,0.8467816520818157,-0.1814517636670794
137,0.20580213428013344,-0.3976706030596717
139,0.9512374373704815,-0.12937378442603165
140,0.9704433290235337,-0.21650097342959404
141,0.9999999999999999,-0.14374408461646968
138,-0.11187514099658222,-0.3016980488019458
148,-0.26852773392023155,-0.3186915523117117
147,-0.742437180218849,-0.14331770578449887
