0,0.43372356164363224,0.032891575777443074
1,0.4516154309882258,0.16523200603432997
2,0.5211398619067945,0.09649069332477302
3,0.372977612224821,-0.022396213284729447
4,0.3342139062408082,-0.071646282791367
5,0.42038786751852214,-0.08130180358971019
6,0.3909851859435051,0.30227738409067095
9,0.3048429438276319,-0.13785049653202475
10,0.2664032915486412,-0.036167511333055645
11,0.21702586205628888,-0.14455986248702346
7,0.27368755436050474,0.3861812308558402
8,0.29046917332831285,0.4282192393123707
12,0.14432349599738137,0.44034949880654034
148,0.20212578113398985,-0.2244277835101876
143,0.2579429160384543,0.07707431281901499
141,0.13243970547811243,-0.16043634699661602
145,0.12618749929554954,-0.23001917543724282
64,-0.029364968630268204,0.41819318851627674
13,-0.19674871592191379,-0.004292223697242862
14,-0.15405421375269054,-0.09726803862322443
15,-0.28870739471406204,0.04086018304274957
16,-0.15068701582209712,0.06558550891098162
17,-0.22761823091777458,0.10663272044017047
18,-0.1186009515571525,0.023218651538057362
19,-0.05607519265525491,-0.040502977054901176
20,-0.2195235192094073,-0.1951713144829187
21,-0.09041012638942823,-0.12022855279405448
28,-0.3394306036196932,0.11405107405203925
22,-0.0357635191193398,0.03929378241618663
29,-0.184683828667173,0.14899205169259574
30,-0.138727649492062,0.12807052473280398
31,-0.25239624107786146,0.049812308840904325
32,-0.30311596902636084,0.18553980352598543
33,-0.34918259232453885,0.16436213965611418
23,0.010484937759473947,0.06337048701315637
24,0.042409817953213046,-0.05559952911992886
25,-0.010284465525100886,-0.00259548746109229
26,-0.2738468572426651,-0.28972497749426723
27,-0.3223080841765012,-0.2604082299441014
37,0.06274350268627674,0.0077525018208358405
38,0.0842226172894115,0.04119824294339188
34,-0.06834437279861652,0.15472100022007884
59,0.11969922361476688,0.0287843750724724
124,0.15477753959887633,-0.13057540063919892
109,-0.28636914867175506,-0.36790952654226877
114,-0.36766130006690223,-0.2993341238803785
35,-0.14350501317867978,0.22993959103565303
36,-0.2382445421171495,0.2296501938964229
39,-0.31519150545655794,0.12952716415487614
40,-0.34040332367960086,0.021677830672306407
41,-0.3623261143611429,-0.014482104277325495
42,-0.3048446410641222,-0.04649770221039157
54,-0.057869743068929023,0.254024136724204
56,-0.1955036912512595,0.31659088820000203
60,-0.25368750590614264,0.33688332267183996
136,0.19318876822175404,-0.009881997832092834
138,0.13975731326682034,-0.0388728692185714
140,0.1536910325906889,0.08852785840706011
66,-0.4159030258748292,0.08946246058498898
69,-0.4264045305163723,-0.026931795958820736
71,-0.3609596102120526,-0.10507983242402213
75,-0.48105071409373135,-0.03545738824851037
43,-0.4234577765795269,0.9437847598641643
44,-0.40698011637562653,0.8600959496882578
45,-0.45663798616812806,0.83155889177984
46,-0.3150859760334641,0.9121625788295844
47,-0.35088980737941217,1.0
48,-0.3712453955883725,0.7677819000982142
49,-0.29233222960878585,0.8079975969517355
50,-0.284412192860026,0.7116172428338257
51,-0.23196851696067433,0.7211895536960934
52,-0.24228972221971218,0.6156697643891091
53,-0.16923159569231144,0.7771675201633942
72,-0.16894480690815972,0.5294474376383699
73,-0.2502938559502032,0.5219919978036855
94,-0.095788652580039,0.7043287092108633
55,-0.015057317110089886,0.35838830018660806
57,0.02160835569074249,0.48898438030164026
58,0.04915100989940109,0.4336434219923291
61,-0.23585867661943724,0.4287078596985331
62,-0.19241736084252273,0.4310028053245357
63,0.08497826760125439,0.6061095092159757
65,-0.1923723737049268,0.3725651753584694
67,-0.33581566658129397,0.32192862695822394
74,-0.11883190417141579,0.5068284996261339
125,0.0596107670537759,0.6986039884171036
68,-0.42242379523766366,0.21925432841692377
70,-0.5096735785580138,0.046320412077646256
76,-0.41962172624715877,-0.15101956353065996
77,-0.6073664453135961,0.06447527532632082
78,-0.6220594700967335,0.020548062798536163
115,-0.3218760829171714,-0.21499880688591697
116,-0.40167965711523246,-0.2055589737037797
91,-0.09396470934378341,0.5974614635450766
92,-0.03429603043913153,0.5438576922264792
146,-0.5908743544778413,-0.0472484380909336
79,0.03616582238357873,-0.8613269216882748
80,0.09952007648034283,-0.9365086942383941
81,-0.006996652117400431,-0.7621966173242628
82,0.07045298471766169,-0.8090956411359657
83,-0.043295025558170414,-0.8623358108197839
84,-0.006165885064762035,-0.8445227149592823
85,0.16563526415576701,-0.8757883166286115
87,-0.07005030245234964,-0.6586679968190222
88,-0.07211026997285504,-0.7365094641590892
89,0.006603829205040512,-0.7149566038899374
86,0.2758445263373452,-0.9026080960427166
90,0.3889127632904797,-0.8695369684238808
97,-0.06465040480253109,-0.5451510948684879
100,-0.11989344765122828,-0.5807176177093193
102,-0.17729215462445874,-0.6592113560058116
105,-0.11425541219277154,-0.7404142002509538
106,-0.1737863679834518,-0.7303183670779549
120,0.4834147858186235,-0.7935036639625392
93,-0.01885313492741509,0.6536561102065637
95,0.09621294768347206,0.49226970643210566
147,0.18059291785595383,0.3903029425329698
96,-0.17896698770040856,-0.5423318087646575
98,-0.12673154302685571,-0.46835409876708073
99,-0.2320572052214391,-0.4769733563429845
101,-0.042531188128879086,-0.44422273834269305
103,-0.18413513478746427,-0.38964136494595797
104,-0.09229380622204282,-0.35845629642803506
107,-0.016051329263561828,-0.3908455508970227
108,0.020895543884239167,-0.35499820715298847
110,-0.20551598195471843,-0.30174909213233736
111,0.01809733511941363,-0.3045051765365005
112,0.11211588550761123,-0.28250098079649166
113,0.06575408811857979,-0.25883858786603164
117,0.564324802982784,-0.7001970675087726
118,0.5625106270427279,-0.5889023493624892
119,0.5130112828647179,-0.6925530364473207
121,0.5582301337233958,-0.47264260578190925
122,0.5215023784155502,-0.3661837840598863
123,0.45519490105418764,-0.2739033797481949
132,0.407791008022645,-0.14819818699949325
137,0.3735825090635681,-0.24956198546363703
135,0.2820543184974335,-0.21016757775748857
126,0.43442180139687675,-0.07085047381196165
127,0.5012165728447122,-0.14214939490214243
128,0.5326537575457071,-0.10554553670412244
129,0.5505026905154422,-0.03293733721871713
130,0.3040000204986381,-0.08569105704095781
131,0.32189717132510215,-0.04872705693878227
133,0.4060888177262157,-0.20279188092230804
134,0.4917615532184621,-0.2005552565983158
139,0.24169558994936344,0.1067974164347769
142,0.20128513923596142,0.07578738510216759
144,0.22233744824631071,0.17365030351934568
149,0.2608182541264965,0.2807281353799581
150,0.2251188463690562,0.28823686242640906
153,0.25178889837945495,0.37772971938948147
151,0.38414851524423455,0.3385062713139565
152,0.337029926056295,0.30601258965041894
154,0.32999638263407366,0.3704746030073773
155,0.42411491881391966,0.4278275051770148
156,0.48306709638333345,0.38589951552677404
