0,0.4602491158513893,0.5397570098650037
1,0.4137154503324155,0.5111043736692275
2,0.46264863691334207,0.457964423195521
3,0.4167809337264765,0.4848500737379873
4,0.4178597410395444,0.6118154223030737
5,0.5280693187778117,0.5332225542679867
6,0.2932880633184304,0.48075981228276077
7,0.42116593678526,0.3908075445175499
8,0.45062383513862536,0.3666174250864133
12,0.41503455279133666,0.4407615463795984
13,0.3546681413584985,0.5610239094964822
14,0.45724885090444967,0.6839010363283874
9,0.6066169725257626,0.5704488373812759
10,0.17573087387228245,0.4892439292037211
11,0.28037225486645284,0.4019143987684647
15,0.48646075955520973,0.36745269828707217
16,0.41738786861723887,0.2993147019409282
17,0.3837937422069665,0.30046537484186736
18,0.651603023553017,0.640111985714555
19,0.13638488185116657,0.40865135063958
20,0.11835757247438354,0.5677056529255926
21,0.2663777534410008,0.320571848810787
57,0.48392693647616686,0.4288941311052751
58,0.33973413918259776,0.5147460045572927
59,0.3648633647944283,0.46092347529819216
62,0.2574278699942134,0.5529923168585826
63,0.3050749921764195,0.5925875506490942
42,0.49393028406463013,0.7584207090825346
60,0.4817877231788744,0.27419710941734865
61,0.5578102409157792,0.3731547582186012
66,0.41806121055119333,0.23067998886923172
67,0.34921499107287673,0.24095889311037186
22,0.6466771144670801,0.7249349112310643
159,0.06310350901534477,0.42358771126619466
162,0.13548395080274986,0.323978136250194
75,0.1427166614785661,0.6316266122086089
78,0.075987641961727,0.6355655724401207
143,0.26071036471870734,0.24748485292245528
41,0.5803238344318059,0.770240011341254
23,-0.3572236593534375,0.19243069676461969
24,-0.35225072161064236,0.2577900602469629
25,-0.29130728514278964,0.1950563838754279
26,-0.36067588181127186,0.12790706729074872
27,-0.41234509301707084,0.2992510743476924
28,-0.39006218655001695,0.3349990887496299
29,-0.2000009046458333,0.19242476293370922
30,-0.2589481563896206,0.1614436681169827
31,-0.32457302886960004,0.2683270270764709
32,-0.3207123418631165,0.10286941571451144
33,-0.39109691053377815,0.059836501002337526
34,-0.43375802994861135,0.08496489564529788
35,-0.11724597147385586,0.1670214475400145
36,-0.34890689078627385,0.03405597812835114
37,-0.390514705073129,-0.029497991102827387
38,-0.4459377142042342,0.020572452413073893
39,-0.4838088191842293,0.06593913009310517
40,-0.49220198348111543,0.006671914099559451
116,-0.027385847916487037,0.186945529865608
117,-0.095017353972386,0.23588253070979628
118,-0.07982278457834656,0.1613743467071786
172,-0.08560353834511003,0.19213073146913442
174,-0.053513263714573524,0.12295090278807078
95,-0.3704231404266837,-0.1313627114025854
208,-0.4897917145022882,-0.06158772498466508
209,-0.5068841560112987,-0.08703270765099956
43,0.4693711589544742,0.8422101653832503
171,0.41992320143475326,0.9115323708211578
44,0.23378936499384437,-0.1155360123207251
45,0.17559618922032416,-0.0579634399620485
46,0.2114394402522558,-0.1357781934409323
47,0.14945572036126886,-0.09373564157126424
48,0.08548729150528064,-0.03979603131097157
49,0.24765430218419512,-0.022255338340329875
50,0.021870985717510817,0.01922837965219996
51,0.04729020755076642,0.025995727472088597
52,0.002878962255375667,-0.047079046841959134
53,-0.0052313746502269535,-0.023816594797954095
54,0.03944681854974462,-0.05691377855131745
55,0.27220679368331185,0.05292790632314397
56,0.3222052102200017,-0.0028282756242448445
175,0.012308610463080061,0.10785792004136549
177,-0.028021287983207296,0.04362133228384718
178,0.06840325342419547,0.10887171238066723
83,-0.03735133928338792,-0.1272769957684281
87,-0.04244722501461814,-0.08757556338416278
112,0.19676144090180422,0.09195074739826961
119,0.36608157494603366,0.046186629904310224
120,0.32940621938561593,0.10908820253481154
121,0.3473628514097873,0.07780153376462945
126,0.36465506481730503,0.09201881707479509
64,0.3052032290700452,0.5321299746039226
65,0.2760819950493561,0.4747328302219311
138,0.4696291449395196,0.1938592422941266
139,0.5357399266815982,0.21928635763431312
140,0.5610513637405455,0.2830166487276084
68,0.21640921285845946,0.6345856091938087
69,0.1944513104320865,0.4899195455439316
70,0.271902602540174,0.6681664710259004
125,0.3767041064685684,0.16213994458434736
142,0.35141157603361806,0.1806168757514877
71,0.20029088311635024,0.6990499983147864
72,0.23556656656196548,0.722606997391238
73,0.15117773177864965,0.683836740530477
161,0.11298131248856413,0.43574439562106015
74,0.2242319214580727,0.8033336391835201
76,0.2618088716586843,0.8739153874563446
77,0.1896680577328398,0.869004893596075
168,0.2673605283688432,0.945803517303234
169,0.3322176142790354,0.9217176404877468
79,-0.14565618344879866,-0.23102008341400024
80,-0.065227940748616,-0.19992440674582007
81,-0.12066710133026956,-0.2736352008596065
82,-0.2338213584179782,-0.26673164996142085
84,-0.05257887118414093,-0.23412980415197415
85,-0.09601980760286692,-0.3027061375565581
86,-0.04516397907359119,-0.35377961989292656
89,-0.3211164163553506,-0.30388007565853253
90,-0.31360509016896254,-0.2186893453068273
91,-0.33696169849778146,-0.27757446211412606
92,-0.28212564275562807,-0.33446728895292355
88,-0.09962637081534667,-0.14190173713512064
97,-0.1584564302119968,-0.34582630950324117
98,-0.0073952808695196,-0.43836233482043263
106,-0.18438873368009603,-0.1714698319159147
93,-0.41066872618826994,-0.34403418307991135
94,-0.3581719480799511,-0.38975585366325716
96,-0.4198038938710744,-0.31228440044486044
183,-0.4691301939708915,-0.4156817267986525
184,-0.4664107779200399,-0.3734770685856696
186,-0.42727007899547287,-0.4580529476108006
187,-0.38815672862917977,-0.38554407236355176
111,-0.20368633840949707,-0.26223960500598564
193,-0.22587045048857113,-0.33929034207907266
195,-0.18078268714643897,-0.4150341193218244
198,-0.12022041164277203,-0.4242587837879552
153,0.021752484931795844,-0.526994597005063
157,-0.02893326863476269,-0.513956736177555
206,-0.05693518045255756,-0.45774351513255807
99,-0.32930459943673906,-0.06800273779117845
100,-0.35087518852986793,-0.11152658640554142
101,-0.42348597534061794,-0.06087829537911296
102,-0.27080258682996117,-0.1294927701877353
103,-0.2779547857772826,-0.06851611317199385
104,-0.3498955319373453,-0.16810326292977426
105,-0.416094974769171,-0.15279478166701746
107,-0.38906301457483844,-0.22007239937586145
108,-0.25601766104322254,-0.2051226550046609
109,-0.4407977251448562,-0.14189333707358423
110,-0.4498357315930737,-0.1948973523397559
191,-0.2895692496822725,-0.27640813684760307
196,-0.48986719004132157,-0.17182075201530578
113,0.09149350298796584,0.14076453853110735
114,0.15911995465424375,0.14610269968550818
115,0.14878038320502562,0.0973518430038532
122,0.4227980611681389,0.12308864853764157
123,0.43831426127423534,0.056837393533194114
124,0.41961985032064963,0.011123706803990106
141,0.5047980718073884,0.1392460996518792
144,0.5200732342178886,0.06612748470644528
127,-0.3865675203602503,-0.8576745688487107
128,-0.42345269281422065,-0.797287519037
129,-0.3423943313615942,-0.7913069114964806
130,-0.41636539933047295,-0.7401888602021022
131,-0.4883494055064583,-0.7277813164042436
132,-0.24740155300416028,-0.7875939416363794
133,-0.2897320072902388,-0.8422302887332895
134,-0.4762238004324312,-0.6641234786793154
135,-0.4492804203898759,-0.6920166699822782
136,-0.5348544468907133,-0.6267341774647487
137,-0.1620502195880177,-0.7478341755755035
182,-0.5019818123489088,-0.5753095877218514
188,-0.46795756228968133,-0.613726212002911
189,-0.5338904682724973,-0.6758380847140271
179,-0.5450602932605485,-0.5301442635304647
146,-0.07446359619947444,-0.6911231128155214
147,-0.10302993674485518,-0.7638778902703225
145,0.17153437980923786,0.24507129662710042
163,0.10168253079689736,0.2673408599406264
166,0.11877568744906197,0.18841844161877044
148,0.019757740935512295,-0.6220545621589112
149,-0.04616026541912944,-0.6620795716647596
150,-0.023735839640716436,-0.5990989612056217
151,-0.04651757885076515,-0.750405602994677
152,-0.07023262586887385,-0.8271377649710427
154,0.09836983409068988,-0.6570481400365794
155,-0.08905270621361103,-0.6323227361908941
156,-0.059200988942914555,-0.5785667647293177
158,-0.007798712919015887,-0.8231066484531898
201,0.14424726242125657,-0.7265024174367407
202,0.17431794925299662,-0.6894914339828759
203,-0.001077918943289047,-0.6980759253409449
204,-0.12695704432323876,-0.5712426802510528
205,-0.16467392415462537,-0.633521493617519
207,0.03688746895524745,-0.7785806850103238
160,0.07703802712155661,0.35048425873401645
164,0.039547849801105005,0.2777970937502966
165,0.05179182081515414,0.19431393282440998
176,0.00017327093054506445,0.2031326165415037
173,-0.011319025900176008,0.1668122555521255
167,0.3179332528841079,0.9999999999999999
170,0.384291888844043,0.9700648158760729
180,-0.5254956013509211,-0.44190816136574446
181,-0.49332827526509393,-0.49104153757230656
185,-0.4556994687653003,-0.5338416526600926
190,-0.30151119392711173,-0.36512508792033715
192,-0.3515953951127237,-0.33218164638675524
194,-0.2429135606775503,-0.41229558269106287
197,-0.2150450341045648,-0.4835404943751215
199,-0.15318510954429557,-0.49352987578946006
200,-0.18957241079252468,-0.558195239071163
210,0.21175276608220361,-0.7634232091851475
