0,0.6576973325627172,0.5295322335100106
1,0.6855185282660138,0.42473392144494976
2,0.5942681694368115,0.523857328613299
3,0.7670148920017402,0.4568505616841767
4,0.5536967586549427,0.6016206609596941
5,0.7883300141239826,0.3308249339467356
6,0.5904159742106925,0.473782507759095
7,0.7004230053580178,0.4794388435152548
8,0.5050738980759559,0.5496623063575263
14,0.6705982324859061,0.5791207439904301
15,0.7670174604830595,0.5647754776997883
16,0.43056685807636985,0.5964725433935758
9,0.8362595400735702,0.20530064161630385
10,0.4844241986729318,0.4947563718964047
11,0.7988968898554504,0.532436622892477
12,0.7733854466285375,0.43502505868333874
13,0.6621852248695923,0.40007760799401326
17,0.39942901535906256,0.5241332598762455
18,0.8332885791739947,0.07775382071450046
19,0.39818488989089373,0.45424080070171374
20,0.8349732760435359,0.640733066860187
21,0.8708442950453656,0.4922032991227114
22,0.9026321850940819,0.565480684777479
23,0.8685348699128056,0.5959869473769159
24,0.6882153318937063,0.35450801076848554
25,0.5636388168772279,0.3508701922109526
34,0.30507004852831704,0.5454859786331951
31,0.3173147606093578,0.4386859272271112
36,0.8991101629006311,0.012250771140804901
37,0.8091702253623402,0.006842639570924537
38,0.7575922013387278,-0.003936769916001316
39,0.8155582802817145,-0.0463357973524577
26,0.3266289830272466,0.5539300119443245
27,0.2829488534266856,0.47345943172359695
30,0.3625087692965943,0.48654957592971726
33,0.46245162213554447,0.4092080491536618
172,0.932750127181175,0.6646536355773537
173,0.6242641228652025,0.2891730327796145
176,0.5431639069741174,0.24596595911206026
28,0.20736114580724052,0.5199479763808597
29,0.2725325605939502,0.5825037695091626
32,0.21832147079094572,0.4055311888090038
35,0.14178517925930317,0.3221107777905025
96,0.18896886204258337,0.4855687459992339
125,0.20324926523846132,0.5841759886148483
87,0.0845767416247687,0.22255423940838956
153,1.0,0.02057160539417406
154,0.9874492063408064,-0.05008307314653604
155,0.8219054343011925,-0.0875069677754182
157,0.7126219379077544,-0.07598273542885914
158,0.7442077326881545,-0.11154045816433415
159,0.8708435179615363,-0.14550270362135323
170,0.7743698684289009,-0.1745398476730471
40,-0.469445757842857,0.015420918533037361
41,-0.5572607937996478,0.06910676773106865
42,-0.5783721114304841,3.584791734518056e-05
43,-0.5244657184636,0.11857919077295041
44,-0.4866242418735643,-0.10204923582101787
45,-0.359174460039358,-0.003602660828940066
46,-0.4656385409556789,0.11730607605768517
47,-0.6289920506189585,0.15069853803169359
48,-0.6551089858483511,0.07048209186355216
49,-0.5923635694081741,-0.10017078822130279
50,-0.6862308428494113,-0.010658279616600255
53,-0.406483677725033,-0.19159441165769944
54,-0.3653250050218517,-0.10655681398844419
55,-0.24885232968288684,-0.025454887778149214
56,-0.4579175427449665,0.22497963503199553
51,-0.702710056931745,0.23177759403952097
52,-0.7275884848543661,0.14779316249040186
59,-0.6934886403746344,-0.09995444921470556
60,-0.6593858727201354,-0.1762473632560846
61,-0.7665973043806936,-0.08151977889168317
62,-0.7899979813935382,-0.0025139627380808046
79,-0.740381810768357,0.32219638966351144
80,-0.7923362293621751,0.30215846242256755
81,-0.7898384866176187,0.23236038506340873
82,-0.8259899818323375,0.09205233317029242
57,-0.39758976448820077,-0.3130954604290698
58,-0.30319761457184347,-0.21520309252565245
63,-0.2712114598281296,-0.12787843850986164
64,-0.14949207577662701,0.002789375589201432
65,-0.1644443033659209,-0.08886542828046709
70,-0.37831957026477286,0.28446139195128617
71,-0.38918719788305617,-0.4346758204377404
72,-0.3474386870717061,-0.411814790868496
73,-0.30565962852313655,-0.3222575522952557
66,-0.20928548320909648,-0.1892608601181196
74,-0.24511722352067453,-0.27859167565404375
161,-0.7773996126269156,-0.16320753985139044
160,-0.7569798728815952,-0.22891089362696815
116,-0.8416927045806963,-0.16752038152156115
119,-0.8575679604559422,-0.08864751205282374
67,-0.04874235340075988,0.03869680729060411
68,-0.1364967166278285,0.08789987362457857
69,-0.06714382272447231,-0.04973262383254387
86,0.058893835784390454,0.1013661791187079
92,0.030414101477923935,0.0065823366270497
100,0.014980773044810675,-0.05921269085193035
174,-0.19748697310886046,0.18480594723048593
175,-0.2779205149546406,0.2641201924368585
75,-0.34729200527829285,-0.5598108984541884
76,-0.39292762520933167,-0.5275230442420359
77,-0.2320797425997741,-0.3768585179610419
78,-0.30690862655029866,-0.37532975750397296
162,-0.4031353319097701,-0.6231278055898986
151,-0.45712200485631566,-0.618967352654046
124,-0.4307183891531603,-0.4180763891390471
83,0.041878532773341866,0.20260500234985104
84,0.1193477714927775,0.16047557188831996
85,0.0850772390364487,0.2876846874025477
88,0.13823106913103322,0.04904457233831782
89,0.14498471533890528,0.26600980972748567
90,0.09749532875129625,0.4093612072607228
91,0.0002947606052740801,0.11587529043620035
95,-0.002081376117149753,0.23897493790804153
93,0.23690437267017822,-0.027123383008753676
94,0.14387442249233176,0.3944867750174913
97,0.11143128641659931,0.5026518217889954
98,0.03984683080449276,0.13255033890531423
99,0.06020298768281756,0.0076032754218758785
101,0.11368028611039449,-0.060537194521159195
126,0.3303935467902637,-0.1441960931297914
127,0.20820057979163406,-0.08190310448645056
128,0.31216409547068275,-0.047321869366605845
134,0.1056837632326442,-0.09768409665519533
141,0.0776364239676664,-0.1442133213686501
133,0.17653512360635437,-0.13344005289237773
102,-0.7472385216887487,-0.39133201056652284
103,-0.8350159396710297,-0.3977417867382569
104,-0.835627808725364,-0.31895022728513944
105,-0.6592756661408994,-0.45065843314855947
106,-0.836589137115582,-0.5103335894511108
107,-0.9036516480356067,-0.40873053349439337
108,-0.8847089796388595,-0.27960189115446893
109,-0.9037205587369191,-0.1973154433215154
110,-0.733468222288475,-0.5303539166319495
117,-0.6691095545974012,-0.5362572138873856
118,-0.5437094934878324,-0.45482799258770934
111,-0.8135763501593444,-0.4796387632519313
112,-0.8596141120242357,-0.37500833620810103
113,-0.9690531997517272,-0.36938264403383564
114,-0.9383026714895591,-0.31617331604779314
115,-0.8344629707168715,-0.2523081816620971
120,-0.7763179206500548,-0.584081450895911
121,-0.7402722352208038,-0.638374781859082
122,-0.6590968663306099,-0.6030908155134864
150,-0.8647161656354606,-0.2989540365413234
123,-0.5760237574522892,-0.5539135850012173
144,-0.6688370821157253,-0.668204220153155
147,-0.5642350802953953,-0.653731324086816
148,-0.6562400155689868,-0.7158683236768039
149,-0.6106969017104629,-0.6518013692042425
129,0.40443612654499883,-0.10122957513665294
130,0.42370584168057535,-0.1730664485022125
131,0.41643771049123535,-0.23415435237160467
132,0.2790989652632096,-0.09348808104971724
135,0.4027726215957551,-0.017190829497093867
136,0.353598116064854,0.017900301870185563
137,0.5073256254134701,-0.14436602586779587
138,0.47582638947505906,-0.08112840828352785
139,0.5166727251499382,-0.2151842914053619
140,0.5234753037998395,-0.27930009119100735
142,0.4584727550840069,0.06031348461129306
143,0.4226948699220582,0.07813271803436816
164,0.6169273572437256,-0.12867677850431417
165,0.6315452589689496,-0.1873222036885941
171,0.6537261995181329,-0.2551087343763893
168,0.48059994265738315,0.16886498503332723
169,0.5176547335624558,0.14073495668588684
145,-0.5197612019959438,-0.6744927036659143
146,-0.5746598486988692,-0.7384312477896677
163,-0.46110252527769063,-0.7282578817633488
152,-0.6900451666123901,-0.8153476017037783
156,0.9711731549766268,-0.15331111084938717
166,0.702952511822693,-0.204974991929025
167,0.6915503664826445,-0.16184618071265167
177,0.60330162868244,0.19196336520787532
