0,0.3023209905489126,0.07427014367794783
1,0.3899544994654647,0.158731487874944
2,0.42190041780894233,0.08821177275240195
3,0.38861051090099974,0.10067222640540485
4,0.25267335908146626,-0.027062985974645095
5,0.3380193859481979,0.014855397003106357
6,0.39741330581120554,0.03832422735689289
7,0.40667957365801655,0.0021871677617523425
8,0.19428501239537743,0.0871487113675964
9,0.4740146219061863,0.17050433439586482
10,0.43531164657948207,0.24567503506833988
11,0.4050831816204362,0.2499650227571742
14,0.1934130895558875,-0.006513572429043893
15,0.13679166926520303,-0.04264348282433648
16,0.3551162050696383,-0.062754978208743
17,0.11230305953205137,0.047122941286389296
18,0.09003422261017029,0.12462869862393973
19,0.16593816236554396,0.13257785462650334
12,0.34053671189786583,0.3141022561661529
13,0.43536575262460153,0.33447341317215223
20,0.2122285350198091,0.28573632954214795
53,0.04213712018910063,-0.020741149118104114
54,0.11439769627188745,-0.14200877702625847
56,0.02047262152666032,0.048490977435204016
55,0.008602756505434045,0.09492741849689351
84,0.05654930291860948,0.17616420089630944
87,0.07691265135138557,0.23287412036046204
89,0.13001947400556305,0.18984974730934318
88,0.07428350081005074,0.2643744705890823
104,0.14650454213834493,0.3232930299344177
21,-0.057082803925611075,0.6695681965754167
22,-0.09817125600220164,0.6651844575409777
23,-0.16411711509948412,0.6385003585163926
24,-0.017610715571498313,0.6126633594795194
25,-0.1288776974243393,0.6572214997922936
26,-0.07874776370244517,0.5706260848200537
27,-0.12190820935127965,0.5659641075610679
28,-0.032069894635144425,0.5158689964303432
29,-0.055951864669255294,0.49881786432310876
30,-0.1432408337576439,0.529836668726077
31,-0.08568032938196135,0.4593019054319584
32,-0.19698148615519104,0.47021014939358535
33,0.05851792618899438,0.45170659565507304
34,-0.13602252746214705,0.46131122384096296
35,-0.1583380367162657,0.4365191023872104
36,0.021525639770758363,0.4277270278405614
37,-0.11325211799514658,0.37647467532733225
50,-0.3121354197272942,0.4168174783907625
100,0.08541968391151383,0.3530688801792253
142,0.14894250433141878,0.40186320684521076
144,0.11776962746357292,0.4407647203642354
81,-0.08636333613592354,0.27322305513550177
38,-0.30948332419637514,-0.06768757182350583
39,-0.40801447497137455,0.06034786233853577
40,-0.23714279139687758,-0.167241999549223
41,-0.19975216337530471,-0.12179239616431105
42,-0.4274815047498084,0.18159101782607276
43,-0.3939397311546646,0.19194032576688155
44,-0.3632225676387018,0.09977713032070913
47,-0.16141784573996634,-0.23631971270315644
48,-0.13108460659235108,-0.16195443787743827
49,-0.1547431450376384,-0.05131636081119753
45,-0.3905747899577403,0.3102628313557412
46,-0.27294824237436116,-0.0015802904888429744
51,-0.40364192982147895,0.4051962830796525
52,-0.3901895821947072,-0.039504024057406606
136,-0.10278763977985157,-0.3432864032655107
137,-0.06931598967354248,-0.2604580842550945
141,-0.043274037752106864,-0.16880140670408447
85,-0.0645901041758131,0.002163477635720349
57,-0.013676531501762706,-0.07973502137698837
58,0.03228876404256223,-0.12861207587243503
59,0.14094798397545683,-0.2211901587940695
60,0.07231459291449634,-0.2119210563087363
78,-0.06789451779775939,0.16614951883805448
79,-0.06354009448633141,0.08724200073733351
138,0.013984635372146403,-0.22102655152275308
61,0.01070882410641016,-0.25253213424286736
68,0.2546788767051011,-0.2281003107951246
139,-0.003696258378337725,-0.30483630676648527
140,0.08581972034039556,-0.3079714386382728
62,-0.1642094146382939,-0.2608998921779446
63,-0.29235568963109937,-0.2878245165995972
64,-0.2798535481886657,-0.22069694042530394
65,-0.3868838122374027,-0.23195975929046697
66,-0.4043799540425098,-0.3120060477386265
67,-0.3775167437736144,-0.16721329331757637
69,-0.42587434701752774,-0.260086033365501
70,-0.4684270589057601,-0.22424417450561066
71,-0.4405297180839958,-0.1481284592559017
72,-0.385989451475916,-0.06333438159080101
73,-0.42597891069453925,-0.07345349283779201
109,0.3333722491358774,-0.133151269172407
110,0.34920938833351367,-0.21237568716662436
111,0.32912649029672236,-0.2439331951596039
118,0.3443506802504509,-0.30035294041244376
119,0.30171526216747685,-0.32000193998517606
77,-0.3542486818539469,-0.3613015396285567
76,-0.4532132315693675,-0.02499871699914367
74,-0.38906830375883733,0.03532447281066595
75,-0.34394956420351125,0.03565957479170874
96,-0.30620394362776426,0.13185924395953863
95,-0.27658689649425955,0.10735705822698406
106,-0.39424990239909813,0.08950869909969016
156,-0.23901247201047737,-0.3861196776225402
157,-0.3295642773847238,-0.43769719690766923
80,-0.0011341446649856563,0.23868639625660099
82,-0.18539506101680844,0.14649230299292818
83,-0.1353095936506039,0.19514324409545802
86,-0.12808656245301617,0.14240515873960502
90,0.04445762257589554,0.3085340048928909
91,0.020906551934447872,0.3222724487842912
92,-0.04750073723647235,0.2655872675583971
93,-0.17619393185812748,0.32057506314143097
94,-0.15821945697865378,0.2643650657404957
97,-0.24987569681783556,0.18037191942131095
98,-0.1607323977605296,0.2409952705517893
99,-0.24045935376430774,0.24440838733639278
101,0.15927472387836417,0.2780535046801062
102,0.12127450610989343,0.3011042524060411
105,0.12441393366428101,0.3793167880395884
103,0.09377694135111841,0.41315824897482845
143,0.20126755983399144,0.36439759019214446
121,0.26328302998009634,0.28324613815079996
145,0.16073486079345806,0.5279726746598715
146,0.22346713449376568,0.4664126127132487
147,0.1831858382494408,0.4849002394321119
107,0.4109577646910614,-0.14860503061085995
108,0.40140516937776044,-0.03895073361870372
112,0.3833190665853213,-0.0067247214095193355
113,0.3549668307873283,0.08850091048633743
114,0.38745241823144044,0.11315372046932204
115,0.344774403888624,-0.03655707413237164
116,0.31264282315426223,0.2093845509756722
117,0.3382211358729139,0.22908767417500014
120,0.2733391246894396,0.3432052780768816
153,0.436811452098033,-0.3458897475015082
154,0.38847855436278145,-0.38213048188024257
122,0.0028062280246364114,-0.4949332730251954
123,0.03313919269632739,-0.5949995689181651
124,-0.016267079322328525,-0.5672657631220769
125,-0.02996627920265974,-0.38880980553792593
126,-0.07694242620337044,-0.46558561261149656
127,0.02317404019387367,-0.443008656372242
128,-0.04679266187869135,-0.6534424535311307
129,0.060136261758038614,-0.660010826064431
135,0.033408213334442445,-0.3458981910318088
130,-0.05284777120565599,-0.5503991494262451
131,-0.017301490169799417,-0.7476251256343259
132,-0.14060202320148482,-0.709827696058939
133,-0.11995448552418819,-0.6285046660955598
134,0.07975699892950511,-0.75702942990054
148,0.041920350784369724,-0.8398393603245379
151,-0.014298613806448035,-0.8199477944456667
158,-0.0576107169022858,-0.37791329589566425
159,-0.11739409770145777,-0.37115611322390935
160,-0.13125101237461498,-0.33868528265358044
149,0.06788000482825794,-0.9284237370032364
150,-0.011162880341573233,-0.9122170504629026
152,0.012297589814527627,-1.0
155,0.4853107061311395,-0.4202062014471431
161,-0.1744497853013013,-0.4265521254502773
