0,0.5328749665794869,0.15634180697267572
1,0.4000363210863314,0.1962132519584684
2,0.5212795851010229,0.24540110812427587
3,0.3927413193857901,0.2718021489638906
4,0.6254640214655518,0.19337702623321193
5,0.6604920534797428,0.04767796789938018
6,0.3601761842446196,0.07897807205097412
7,0.23673359947005726,0.22803832981011152
8,0.4392053201807512,0.36320019377308993
9,0.27290898814180403,0.18353013358403744
10,0.49925666905854993,0.3074866473371417
11,0.2659497850601513,0.2871505237474467
12,0.3595383745537567,0.39480678851700335
17,0.5720190696837896,-0.13809994442178933
18,0.807583493479662,-0.009352845412902898
19,0.7932162929996015,0.10624735858720855
20,0.8200071572490467,0.04842822117390778
13,0.3970648562997802,-0.0710312170883547
14,0.45041893422990037,-0.05480772070477097
15,0.14882912538294257,0.22894818221026125
16,0.1808427700097099,0.30318126990926275
21,0.2518694538744689,0.33827996961601986
22,0.3922334323753384,0.544818677934355
23,0.4749873944053562,0.4950015051341363
125,0.47356058636653364,-0.19647294605622911
79,0.032530931770305554,0.14129776815431522
24,0.5956825601749488,-0.21839929929681776
25,0.4627376984904145,-0.2560291066079893
26,0.5686478062431951,-0.27111285823656595
27,0.6499662866173095,-0.11848479924591496
28,0.6126657909323717,-0.09124428483712389
29,0.9072130102688511,0.10053086244093178
30,0.8309283196137347,0.2232025582751451
31,0.9150892631778811,0.16622626724736367
86,0.4185766316101492,0.2455528798540879
93,0.31520702321456573,0.449587139543429
98,0.21290136792160017,0.48118015972050393
92,0.4240494280591725,0.5054972715944257
102,0.30907802596334405,0.5797785257064296
103,0.522874199057895,0.5877147425183828
104,0.4974963235995407,0.6203883382256113
105,0.43804531322957063,0.6404908752832895
121,0.31677128767832846,-0.29859404704576825
94,0.5635521777493588,0.044775413967857045
99,0.5606500216570082,-0.029444333150424058
107,0.6910849270276764,-0.05251533697074956
95,0.8682759819965705,0.26365845356670925
91,0.7324070353092005,0.329917751595965
97,0.8299943257731541,0.35281551346250817
109,0.9709944596897453,0.26050816408990624
110,0.9429631799145561,0.315542440693481
32,-0.6690194065591182,-0.18865793310998955
33,-0.7345680385834591,-0.32002285103232775
34,-0.6874991592016175,-0.10521303367956374
35,-0.6131850769859682,-0.15565625920647055
36,-0.5327835190550599,-0.1037566792196439
37,-0.6246793840177061,-0.033412987749884764
38,-0.6842383507931915,-0.454972746467054
41,-0.6231272139934454,-0.08559335580036136
42,-0.6485364806960698,0.03291250467242204
43,-0.6801391669073718,-0.011101492585058851
44,-0.5373788722737483,0.03431100629743215
45,-0.4644307401486044,-0.015663325886885925
46,-0.3985025619283744,-0.022926259855016975
47,-0.5206906082315901,-0.0011065567013771916
48,-0.6415970283994248,0.10328335670463883
39,-0.5543784199781153,-0.47153161555190887
40,-0.5545444630998086,-0.5229008973873148
49,-0.41430136621545066,-0.4713919165457973
51,-0.7691753688835432,0.08186938795715143
52,-0.794745299912194,-0.015454727651144655
53,-0.8155236310667097,-0.10324969649712161
50,-0.41421156752444177,0.10303052791838176
56,-0.33175998573981824,-0.037260936736170855
54,-0.3074373916819596,0.09924620796462108
57,-0.35916481932653227,-0.07975410454979531
58,-0.3340847687940423,-0.13744799342538927
129,-0.7575698346026344,0.1963053121266925
63,-0.34346719569490924,-0.32322297509822756
82,-0.4480375472264414,-0.6074913454797412
83,-0.35278986998766443,-0.6273239026884578
84,-0.3595547332053787,-0.5894945555226544
55,-0.34980800460873523,0.21356698507603789
132,-0.913005794204825,0.0698736898364596
135,-0.9029813249041189,-0.0035800857284776465
136,-0.9342620056091878,-0.06466246425410761
73,-0.1797471986569577,0.17074573590018574
74,-0.23835468500705137,0.2025629384067067
114,-0.25158250925508885,0.29720387667979664
66,-0.30929416441440094,-0.24100607266903779
59,-0.2748227330087565,-0.09333943490019364
60,-0.20860832484894334,-0.03604583818673535
61,-0.2263277407359397,-0.1884176584285869
62,-0.28095611307872315,-0.17087310833971833
64,-0.084534431300162,0.01672082668306869
65,-0.09941618147087648,-0.10933576573777948
68,-0.11919941342898638,-0.1855163931180086
69,-0.3419465453783498,-0.2637153539647745
70,-0.2632451586715738,-0.27711431077681775
71,-0.3011311494361895,-0.308629116979619
72,-0.14500788158886896,-0.3516733914814496
67,-0.1840121007677609,-0.3423844039366616
75,-0.014095731501129178,-0.0987281230402608
76,-0.006937610275249528,0.005367997533548599
77,-0.08304385060551421,0.1237807542328121
78,-0.030496960248215146,0.1098148467648417
80,-0.03389106348670184,-0.19774503366691693
81,-0.01665666343631137,-0.2700993373078472
85,-0.007198146493513633,-0.3792477807584808
117,-0.24195601033768732,-0.3961365034302339
118,-0.1703920588974986,-0.4925256110187508
119,-0.21084403289510276,-0.5063810407819663
120,-0.12393107295011305,-0.5033726985643043
112,-0.07661989365970893,0.17882004505082916
115,-0.15777674374289263,0.2918224216022988
124,-0.27062411059969904,0.36603032888721115
111,0.06914232694992922,-0.2264774927727253
113,0.14379416511260293,-0.2973531765358095
141,-0.4125369972127958,-0.7332245531825435
142,-0.26138485616611173,-0.6044337274924425
143,-0.20630570126211414,-0.620239338819884
144,-0.2514835046446951,-0.6626849285768351
149,0.15002730859380023,-0.33112546128525905
87,0.5781171085437138,0.3115266289333286
88,0.48004419024368145,0.37129300659312553
89,0.5102144656805723,0.19969735733744245
90,0.44467342008430966,0.07617960390283794
100,0.5946703425818626,0.043519136647473186
101,0.3205043069758245,-0.0358564443744473
96,0.8625965017261332,0.4112481641617911
106,0.24752026560959514,0.5859956080545162
108,0.7119075767226097,0.021615866720102878
154,0.19142753164728285,0.6268646264209867
152,0.19180403297093235,-0.13479621480872928
155,0.19815063819080592,-0.03321750982847568
153,0.2791302507054878,0.7160724633786366
116,0.07319771157183208,0.010302923843144596
122,0.2370414614919131,-0.38677971886266127
123,0.25753028751845813,-0.3499309917922412
126,0.3511899983943655,-0.4314073787869955
145,0.29742548894913157,-0.501084746055034
146,0.21212296251488283,-0.460131429517548
147,0.2628918872168886,-0.4491382098822059
148,0.33220280770927124,-0.5488324724713379
127,-0.9059581697181482,0.2243566302395373
128,-0.9246551820695906,0.14716633738510665
130,-0.8590926953372012,0.18978398777103575
131,-0.8470721837034645,0.2853944941144808
133,-0.7988514961997691,0.3556035785584902
134,-0.7658052056955463,0.2941344943390545
137,-0.9416058703899063,0.3779829407573343
138,-0.9043266565529953,0.4412914436010965
139,-0.8520530647772758,0.47584000029218304
140,-1.0,0.49509556314888703
150,0.255561382024873,-0.6007041020831444
151,0.18239931331388712,-0.5076636042711223
