0,0.10076364378983721,0.06732085228248318
1,0.11131648569694315,0.005542488836617911
2,0.04774461492342168,0.034243723800933615
3,0.018692600738336285,0.08324791400352861
4,0.16713970026261887,0.1109414858930872
5,0.09293998454450426,0.10268978849087429
6,0.0638354216978481,-0.03003411611938412
7,-0.0010979939476570134,-0.025723650192357374
8,-0.039389949838675366,0.029969241264363074
9,-0.007315102468922983,0.015273028157183758
12,-0.044968729009190224,0.13305767317004402
13,0.13000851334227,0.17233471508554107
14,0.218169512990529,0.18120552219236832
15,0.22064321210863763,0.14136708716593163
16,0.17742583677797155,0.14649640023102134
17,0.240236820251479,0.08745829186058582
10,0.08404378316684094,-0.09899819542329184
11,0.1381210507051232,-0.07593443131358422
18,-0.08078247694166829,-0.03426177133247025
19,-0.06658661278500337,-0.09098198293470268
20,-0.1235942327195105,0.004474185524655546
21,-0.06348103498471908,0.0766410826806463
104,0.02530230920254616,-0.0877944484848406
109,0.11097428250018906,-0.10799067184552323
114,0.15003982683772174,-0.146588861679185
116,0.10502255023308646,-0.182347819272796
22,-0.09759504737104792,0.0777006895718847
23,-0.04917138477186991,0.2139457848175455
24,-0.047856873967134644,0.1817928091358418
25,-0.08982882121650466,0.2140721508450094
26,-0.10257064007770708,0.17666497813906698
27,0.17161794867613686,0.2671574390066624
28,0.11585785294194245,0.251700091210488
29,0.2909712422702931,0.2171561444345898
30,0.24546206807881485,0.2256253691485164
31,0.24912693595784885,0.25300071957731596
32,0.2011805462571972,0.2278047484197257
33,0.27535359823282485,0.16837559338167557
34,0.2980546751564373,0.1001114465099359
35,0.3039128048418296,0.04498302867266188
36,-0.1451169013765749,-0.09855709591271603
37,-0.15331845992882934,-0.045611158356611954
38,-0.11396360716156408,-0.15172091473472335
41,-0.19577358126528377,-0.056525006393772934
42,-0.11426045732509749,-0.026443367809061907
43,-0.17928065064104448,0.0024202152776014603
47,-0.12545883793104642,0.11379306125094364
105,-0.050093645893234666,-0.015310123019252763
112,-0.1837935608097953,0.10179628726161911
113,-0.1734123023661687,0.12473853059682626
129,-0.07442192144857702,0.28902658306714163
162,0.0022642687345138814,0.22141473672840453
163,-0.003146851540266673,0.24410381055258243
164,0.021381193804454298,0.20505440375915981
125,0.10698398811409818,0.3277487044289976
132,0.2714627134869564,0.304251133880324
133,0.20306262038122677,0.3268287985167694
142,0.2885864537302288,0.28242291158726207
143,0.3556691340196987,0.23243885546218365
144,0.33132697040632786,0.26406804026263325
145,0.22104325798093982,0.2680147409364063
146,0.21639802524852644,0.32452081667630545
149,0.26206518485477354,0.15121089231254772
150,0.33119851365828457,0.1404242134810851
192,0.3814645253061795,0.08922295010360602
193,0.3664690743458917,0.05290643154299805
39,-0.1778056043340057,-0.16602698181782946
40,-0.21772434964647575,-0.12366050373358554
44,-0.12701655054431765,-0.21986152524864588
45,-0.1902384543128031,-0.2296326970542802
46,-0.24078334307461813,-0.1955220674287017
107,-0.040495794945613506,-0.06418851827411136
111,-0.07851235495174255,-0.06867255100012447
66,-0.14831353553078397,-0.2923681331047026
69,-0.22631142304583304,-0.2727084554434729
71,-0.27030832558479745,-0.22935468446115836
79,-0.2925898095171544,-0.26724891955465835
48,0.20829090801543113,0.7548626969365317
49,0.11503128712221004,0.7647148528303847
50,0.14162882854065093,0.7263496098077155
51,0.29330900865161563,0.7182185277382925
52,0.23138926085460254,0.7345681985622264
53,0.06350301518833855,0.707602259208795
54,0.1739513584168154,0.7062364882994927
55,0.09942410473977613,0.6651190252029919
56,0.1870005871405687,0.7804030242688937
58,0.27269085915897745,0.7811559122148111
59,0.3604001492649998,0.7173373999990372
60,0.3493147338480202,0.6550560739168799
57,0.014569699133439097,0.6357719166229643
61,0.14638627604974697,0.6699319144955264
62,0.11405854521647585,0.6151369406752362
63,0.06328323833810905,0.5932071019628123
64,0.006618701767283988,0.5602727389834649
65,0.3794641876593805,0.5797215811247824
157,0.11413641616870361,0.5488765708467392
127,0.06439821533056636,0.5198833378047598
122,-0.017890558015033888,0.49062609875215496
183,0.38577440820903197,0.501126775001396
184,0.4285146646863514,0.5422106875021651
67,-0.09020111479102345,-0.35391785363093514
68,-0.21414992672654345,-0.3024626132730892
70,-0.22088608379129146,-0.3315338375850548
72,-0.037345864350770745,-0.3310875204983774
73,-0.11453318116992853,-0.40991165326721396
74,-0.09938196487682893,-0.4376087605111169
75,-0.04807194495747803,-0.40552834262775256
76,-0.006768981347687396,-0.3540746124070261
77,-0.2979506851989177,-0.31052255316333627
78,-0.26764703382194244,-0.3881686735929777
80,0.034562299119922896,-0.3061854430749025
81,-0.13824176656058534,-0.4976890889164456
82,-0.16483273344762495,-0.4736893230609478
83,-0.04461396652356454,-0.47569181732840554
84,-0.11071585887278448,-0.49309315359903316
85,0.007982426052686897,-0.4242473681018899
86,0.06742165191289284,-0.3201984761521902
87,-0.38756908740503876,-0.30078220812973866
88,-0.3776524715672377,-0.2620608203881209
89,-0.26856579743585396,-0.4951005154069566
100,-0.3398642194369439,-0.3243708349019034
101,-0.2934963949449383,-0.36280318021665314
159,0.10405254342519078,-0.2527362668157379
168,-0.21788941384028734,-0.5348251114322844
169,-0.24991391608442778,-0.49459050281133304
170,-0.20802207290603442,-0.47702483216213604
173,-0.08362257091769473,-0.5387810804822614
174,-0.04571670116223386,-0.5433216651342709
175,0.03219200937444026,-0.46206544715672254
176,-0.15830430491641645,-0.523581203691195
186,0.0762882622399475,-0.3953706942396338
115,0.06904918495305,-0.2355075077616238
189,0.13008643568753722,-0.3683688441245581
93,-0.4463236339727598,-0.33394644265267487
141,-0.298194997769242,-0.530268123316326
171,-0.27767247553672336,-0.5815842424928691
172,-0.2339830134746951,-0.5912708510119029
90,-0.43226296756169685,-0.39822049399299253
91,-0.4953236908589296,-0.34597575435302347
92,-0.4887808634725406,-0.38002723430333346
94,-0.39671156930528195,-0.4472078067364651
95,-0.4649527332837697,-0.45767257017710783
96,-0.5087093963182439,-0.42288240477771005
97,-0.3504846216277291,-0.40687777793426877
98,-0.3363779163485852,-0.4830155064171243
99,-0.5832020590424131,-0.4145448017668814
102,-0.29024584364798045,-0.441065232173536
103,-0.27357661004561484,-0.41622416961614195
140,-0.360236017128191,-0.5529322891601235
160,-0.2236297860421501,-0.427009142165237
106,-0.011728895716374749,-0.1034674072192414
108,0.05429886339165919,-0.13638800157909298
110,0.03684040719922661,-0.17112269099566682
117,-0.2634675064899499,0.13855610300292998
118,-0.24578602283526757,0.17099682979111164
158,-0.3171468140500688,0.18928135810046862
119,-0.00849958806693525,0.4199739609216748
120,0.06444284040845834,0.3808555481518493
121,0.03898979933163145,0.38294983715264636
123,0.04404254787845327,0.4567127849445639
124,-0.03520348340114888,0.3580793113393055
126,0.09508236348175643,0.4253080330501358
128,0.11674400148252309,0.4763467368935735
130,-0.10025236310329233,0.34810848544146716
131,0.16482214613367707,0.4093077846829265
148,0.20773851537054958,0.3658491629098999
152,0.3595665357403734,0.30618754219006694
155,0.33531474779695897,0.3565981292107941
156,0.28425295890507346,0.3673152415912972
134,-0.42029348600739264,-0.6830258802459129
135,-0.44968613508575955,-0.7445671924822793
136,-0.3921576141731622,-0.6190957901009968
137,-0.48699378344532357,-0.8019129621381745
138,-0.5511970844507623,-0.8287080566525014
139,-0.4992676347105584,-0.8688189763602465
191,-0.5065729862584487,-0.9371949817996812
151,0.4068897353084515,0.2625104139206039
147,0.17352018478357117,0.22855922219050354
165,0.08024972781057035,0.21666489294774027
166,0.1636029259076143,0.19519065044975847
167,0.12152607371284439,0.26982601967516556
190,0.3738014512176099,0.14311434501149464
153,0.43647912921330295,0.3035271934316415
154,0.41082672793082214,0.35605900913382543
177,0.48907319720104014,0.3408243629661613
178,0.46499529128830347,0.3963570223253818
179,0.3883226548245847,0.4149277903161668
181,0.34094814331446593,0.41849578799126497
161,0.06638134548636805,0.24096344849864512
185,0.028216497063884814,-0.5329528111712473
187,0.09656751990991638,-0.46028158109933714
180,0.44534381381110855,0.45325695982031733
182,0.4022073748888486,0.46825027699892563
188,0.14407405658415295,-0.4314516192215286
194,0.19819988695904334,-0.39257781110416207
195,0.19221221963723725,-0.42555346910102343
197,-0.5289140617408182,-0.9999999999999999
196,0.4443827968199864,0.05070996290363444
