0,-0.03526271799249223,0.10190110669272621
1,0.009766008630014224,0.06332276919487069
2,0.07725685092238962,0.21924336587520063
3,0.0994329655720402,0.1515388423922059
4,-0.014158306965530543,-0.03090178636568329
5,-0.11339341268847765,0.014625948044953728
6,0.038876897499527906,0.19097154109206052
7,0.024466236330374674,0.11835703054647438
8,-0.1128503869899065,0.14613976437352913
9,-0.059302071615320105,0.2202727699413839
10,0.0999890690976902,0.3778928649922943
11,0.05541390251649693,0.33364133565408777
12,0.1058007333423048,0.2951888341132685
13,0.15925550933375235,0.09562792504257127
14,-0.04564894962066866,-0.10547966963618623
15,0.08713415352037097,-0.09251987531597569
16,0.07105407605831533,-0.14410899467027363
17,-0.2192264517993778,0.07337938322438832
18,0.10961288415461692,0.04243022728787845
19,-0.028018252143572998,0.1517175960089372
20,-0.2188043256036822,0.20278391590580425
21,-0.13314822020519523,0.2904557394868039
22,-0.08226404098259052,0.3646038064202827
23,-0.05118916765775066,0.3196787621926723
24,-0.0014595650048125459,0.4199807360125297
25,0.06634360399273014,0.4505061530912694
26,0.006269801662086117,0.474425214258526
27,0.19284306435178203,-0.01044043809144883
28,0.25901780377070804,0.038929029553350376
29,0.23276472482063087,0.12838076148718838
30,0.2728446191491195,0.1694734611840871
31,0.22598980546118388,0.08464601821504995
32,0.022822571261343738,-0.1838433800570973
33,-0.10217702275469258,-0.22174852851789364
34,-0.015498492503551927,-0.19983175809325368
35,0.23222897063908612,-0.09545314859190002
36,0.20349727814781152,-0.16752177992144365
37,-0.1691433223128595,0.11597513535276545
38,-0.2801790514587307,0.12724816216593623
39,-0.3387386895138598,0.1343384214632222
62,-0.0950997275089867,0.3078989370129311
66,-0.23646130643579016,0.31171122075495844
73,-0.27652885362078333,0.3184591259090301
82,-0.3318703498638159,0.21338837228261068
60,-0.1312131243319204,0.42643965496986397
61,-0.0932538121499743,0.42366648915587796
65,0.03195521706205034,0.38651214788179117
67,-0.21154032468526943,0.3832307631196152
57,-0.13111874068065138,0.5289429132219421
63,-0.15639480771068828,0.37603181827783516
102,0.11670823755086088,0.5042825091019253
103,0.18396351409211673,0.3974289748244586
104,0.18180083543947773,0.44801335193331243
101,0.3861588937218498,0.02192868639000171
105,0.38637466714830143,0.0990660646797918
111,0.32554882786504574,0.2544795271743859
112,0.335819607079436,0.19651297425819458
106,0.27653213186700043,0.2992297180203218
76,-0.009872976134447466,-0.2990693084078836
77,-0.06670192279585646,-0.32300183620255707
78,-0.13997855516891797,-0.34137988740624897
80,0.3412159334800423,-0.16566109993492506
88,-0.34945420623908485,0.2551505138723758
86,-0.44141603129429013,0.17038779910341062
87,-0.4478193077801014,0.21658718286869905
40,-0.2524810638421844,-0.8727649206898367
41,-0.32042630131906036,-0.7566789011721147
42,-0.248814185538228,-0.7584549611982366
43,-0.18010212120595756,-0.7810631208970606
44,-0.38475540033738864,-0.8650940154765813
45,-0.328993820540857,-0.8474189315935351
46,-0.3361493423099759,-0.9583133536160497
47,-0.256229585479551,-0.6563193668040173
48,-0.18989080000140338,-0.6475105372028804
49,-0.12653764741267762,-0.6741120255747112
50,-0.46615469464671305,-0.9608239269789013
51,-0.45241519242617906,-0.8994037974228666
52,-0.39814730689464145,-1.0
53,-0.1969911355968593,-0.5449555415528676
54,-0.1360636175725693,-0.5533308540223059
55,-0.07607431754207178,-0.5873171508690394
74,-0.04322751181050679,-0.5446818298679428
75,-0.11716160774121252,-0.4509034998249618
56,-0.1378618645696913,0.47990365730871537
58,-0.20048187786419558,0.4472243490926091
59,-0.07925997281742143,0.4945137343576494
64,-0.3094057867683881,0.4278638663593391
68,-0.45151853209035103,0.39303270171417126
69,-0.4448333534413548,0.434203216400367
70,-0.4180164209580091,0.48407656990838854
71,-0.35914385363705015,0.4519827600733153
72,-0.3464517113578207,0.3737856811863769
83,-0.5295203196656557,0.29169140466038374
84,-0.45111533272890686,0.2813151836456556
85,-0.5216703665086073,0.35728067009258335
79,-0.0704248231604483,-0.399605384201287
81,-0.01105114500250624,-0.4255058543066237
91,0.4803558252285397,-0.16618357694454708
97,0.43333237555233634,-0.099144562073102
89,0.6109866168111228,-0.16246137527285942
90,0.5583197650610903,-0.2717626706441522
92,0.6643640672224588,-0.20748471122369824
93,0.5397472217855608,-0.1917981503074441
94,0.646904260466348,-0.2643526763896323
95,0.7429073309985003,-0.186652705407573
96,0.5469932512879451,-0.07356259410994705
98,0.5804326018460892,-0.02237598123121521
99,0.8602986811048168,-0.20547955159810982
100,0.5121279706354692,0.04670198542311925
109,0.5023919636154653,0.14239155323359884
110,0.48950818263450746,0.10158525234438283
107,0.288565483023878,0.40286358716335047
108,0.30456251418740826,0.34903648064321163
