0,0.43754818747518975,0.5585890804934133
1,0.44192778199650684,0.4008908744926803
2,0.38871097154658457,0.3942624791916725
3,0.3225823614957431,0.44613321758641256
4,0.2458383539323326,0.5958855996888752
5,0.3704442327510176,0.5128306245096438
6,0.39155711737076054,0.5984999939658776
7,0.29698145278803734,0.4007653847759688
8,0.39403521125650814,0.26159696254924547
9,0.3414563266689804,0.2705393699341562
10,0.18925666638578334,0.4379016038772858
17,0.10591128547670367,0.6134026461988138
18,0.08465206727613937,0.5307152089371102
19,0.5757606481930281,0.44201189989684636
11,0.43732077486063914,0.466471636311198
12,0.4997460951718903,0.37068769762106785
13,0.12578177274845104,0.4774394739429769
14,0.36009737560168326,0.6352530984963308
15,0.3120390282756183,0.07338938837306133
16,0.44940564237519554,0.14656965283776918
20,0.25042148087271254,0.15092515881478577
21,0.5052714958200035,0.2675292125805382
22,0.1919624892082438,0.2699681582533408
23,0.340860260640428,0.19248930753867505
24,0.05114667041128289,0.38646160413632685
25,0.48223436126913133,0.6217747135690167
26,0.2792656818584166,0.5762815338491512
27,0.18770713006799095,0.6921809602968277
28,0.04494278739606596,0.6563542846098994
29,-0.05911682996368731,0.3208452357805785
40,0.2005338378772023,-0.05152715420980234
42,0.2969089815788877,-0.11870633271057729
43,0.14024487692528753,0.04484418297550623
110,0.6259552326951086,0.03006732334108045
111,0.6382054863511561,0.21943163364160465
95,-0.04680821468156683,0.6994780157828456
99,0.02682821337155809,0.7338279377333207
101,-0.05412364966738433,0.5561393460886883
92,-0.05015877988958168,0.4970137993755236
155,0.6749612656572225,0.35965563737252265
161,0.7549378176506516,0.47063985563743893
162,0.7105916697085005,0.5361458381042215
63,0.15523423494464406,0.1324810648379929
156,0.3870942176933532,0.059102059063784435
157,0.5501084528120523,0.24618439124424438
158,0.5419099986437813,0.13199118370286347
159,0.5069804927138079,0.175816876161235
160,0.44829356142367766,0.05673470709845601
89,-0.00010463805517421517,0.23939944686926087
90,-0.11949765488725858,0.3914871221434643
91,-0.08452381209421653,0.3390844731303868
107,0.17865149622061993,0.8806545178803291
108,0.2805473457881321,0.8606495219447267
109,0.10775378442953987,0.8318717660258839
97,-0.10087215523806481,0.7228350386608002
98,-0.12750358236155426,0.5079967172142662
103,0.010638172880707173,0.8590801464017767
34,-0.17765650591929102,0.13214737093326978
56,-0.20679912907924902,0.3137363227189777
30,-0.07697692500960936,-0.038021108126480824
31,-0.07143651715596042,-0.1924040316301512
32,0.09567353065964398,-0.14717404743517426
33,0.03647457666183232,-0.07262962460551374
35,-0.24181219615367605,-0.0735349595862909
36,-0.23701231786995117,-0.2662502093632418
37,-0.0255198408363584,-0.14459457889279054
38,-0.10176592549560119,-0.25109138886140503
39,-0.09975367489464612,-0.3576017161054118
41,0.2678173794248129,-0.1984413942136729
57,-0.3267481901295847,0.2589447737101726
45,-0.35582735384512837,-0.23915378005912402
58,-0.40633824233750304,-0.21438801297371626
44,-0.35423520950573256,-0.41529366765046416
46,-0.4085886583980503,-0.3476571420638464
47,-0.021768113410588884,-0.30967606535436243
48,0.023923932089198623,0.023319929815374923
49,-0.13038923269431177,-0.022788100299974922
50,-0.1430615985503077,-0.36533684566362007
51,-0.19376556360766933,-0.18290678750316036
52,-0.05670158164689345,-0.46750372906141857
53,0.022065793047800413,-0.43919493703617624
54,-0.20825409073241205,-0.4925244511719602
55,-0.11558018776639423,-0.5279353305792079
59,0.4511329166646066,-0.1697415891789119
60,0.43066493199462647,-0.24605485349239653
61,0.37636792965339955,-0.2671454040247141
62,0.3447678903957583,-0.31370920224183657
64,-0.4785556354500783,-0.47067844712591533
65,-0.4909564384505388,-0.5641177121705269
66,-0.5480370376947244,-0.20465666433155769
67,-0.560422310150444,-0.4514777094837609
68,0.1279200695470638,-0.42623979039823945
69,0.1486445234993324,-0.32825841311178167
70,-0.1139124192126396,0.11654422595704259
71,-0.27763075438091206,0.08887794154646408
72,-0.2693419774104739,-0.04742791200815525
73,-0.25170510273726565,-0.35075414135449273
74,-0.18555705248878968,-0.5515331970432263
75,-0.38006056974270186,-0.054932634013959265
76,-0.3258345579988105,-0.187429001519352
77,0.08965808196337356,-0.5855860570303386
78,-0.030225950286859198,-0.6472899818590915
79,-0.0617394103307943,-0.603803525470947
96,-0.2574310628153411,0.4675111902572148
102,-0.32388979106163385,0.40828015967649806
106,-0.41918877029039486,0.3956956320301463
123,0.6029994387292144,-0.09905769950842909
128,0.6253387941747968,-0.23389326996113818
124,0.6006457939691173,-0.2645996957958308
130,0.4197533388644593,-0.43345920765712453
132,0.3541741682689858,-0.4601760493105697
131,0.3858310147634647,-0.5188311647330854
136,0.27584044476318204,-0.018227324300823685
138,-0.6837785657919648,-0.4365189468747247
137,-0.6686499280519358,-0.5250272565820353
140,-0.6790068391268893,-0.5726458834297861
145,-0.5525768584936396,-0.7109060457184785
146,-0.46058446751440685,-0.7486050620770106
80,-0.6780864818280801,-0.0989707899481275
112,0.30820457565992254,-0.3927880729231396
113,0.20374240229020998,-0.1857035694313916
114,0.281015666831923,-0.22510735841521085
87,-0.17957664641656243,0.23092033427026587
85,-0.410592933194887,0.0739279175994769
88,-0.35642297747906015,0.20796618156600374
117,-0.1647777443344203,-0.7213184361564913
119,-0.09709976338039265,-0.7683871701608854
81,-0.5795436473912212,-0.004088408285326226
82,-0.5723678490428856,-0.06359560591402587
83,-0.5322880581347791,-0.09428977404820332
84,-0.5450441409223449,0.053450540811523554
86,-0.5113807823781036,0.001549594321038946
115,0.2735669390789927,-0.5905545792378141
116,0.06335021272781093,-0.7448575655949091
93,-0.27156690103466735,0.5841793128746027
105,-0.22315674889886952,0.6257412981161643
135,-0.3313142156135648,0.7010352104761197
165,-0.27832439984873486,0.7958526056887846
166,-0.3587673301082247,0.7763914539007593
167,-0.4244458569277783,0.7137099186621793
94,-0.1912210609185419,0.6709532368977312
100,-0.1866535802296919,0.5592677688890672
104,-0.2881366322002389,0.5227583242260673
133,-0.43729489826620527,0.5332366967770458
134,-0.4240496902312974,0.6368643851618164
120,0.6970422601130917,-0.08451203263244662
121,0.7565915246856207,-0.04228965662533012
122,0.7460921097726552,-0.1385539093979717
118,0.5293770160959951,-0.43421190258307146
163,0.3966694915871475,-0.09131380040361986
126,0.6651067711256415,-0.3117137112581947
127,0.7080232005649663,-0.34968896813967426
129,0.6726386824608307,-0.49642043241824313
125,0.7644912341436065,-0.24227641083408968
139,-0.8224067360111483,-0.46647641552957947
141,-0.8246107463501683,-0.5644176051622524
142,-0.8041772833696256,-0.6457078327935374
143,-0.8822407300653189,-0.5264224139644923
144,-0.7205474567195173,-0.7270404455477458
147,-0.9443905128398619,-0.736466352977189
148,-0.68462577059647,-0.8283913980402682
153,-0.8441516174520806,-0.844245276876546
149,-0.5696795930214994,-0.857216485446887
150,-0.48162510021483235,-0.8691545185816287
151,-0.5057266886641534,-0.939725718335322
152,-0.39519402618728067,-0.9270779934249507
154,-0.6621329866072698,-0.9999999999999999
164,0.7185559714083841,0.1979828556287762
