0,0.3081010913693847,-0.030555588934157996
1,0.3591741461229239,0.05679608934185468
2,0.3784468519231199,9.89218050251361e-05
3,0.39502527405592763,-0.035274065691535524
4,0.4153496223455576,0.002327003802506912
5,0.19970399646519205,-0.08471327163895981
6,0.257290624880348,-0.08431700851569299
7,0.31303394352357805,-0.0879404351464288
8,0.36817562647404606,0.1622556773528405
9,0.4261251055894225,0.08574998006403217
12,0.18523675855922045,-0.18810719223809608
13,0.06933666732244632,-0.07496098970305572
14,0.2904264647180231,-0.1280364468547935
15,0.1053290741106482,-0.022301556351353197
16,0.13403634709321954,-0.08559794687074435
17,0.29720631443266377,-0.18150358516644408
10,0.31318218848631135,0.26106161536270817
11,0.3618929750392328,0.25146040544802795
84,0.2678915292506275,0.30972761074328026
85,0.21982529806805814,0.31880106279621756
86,0.3565494752775814,0.3305307174978397
18,0.08701998572956705,-0.25675072971674573
19,0.032061258601084365,-0.18242314428978937
20,0.045529049807925534,0.02634305201571506
21,-0.02878803775020015,-0.11360858386646942
22,0.006839316218138344,-0.12761493481711578
23,0.0008679803541789888,-0.012379065837632257
24,0.023049721727497047,-0.06680154952512124
25,0.07032613759222073,-0.10914893331298489
26,0.002326780012479117,-0.06995009501004856
67,-0.01197467524800966,-0.2752307682223973
68,0.16087134975960027,-0.3127275371623806
69,0.10689734019412658,-0.3476094854334478
70,0.07819343396300994,-0.20336967171757253
71,-0.027672131536696246,-0.1774025281042739
72,-0.016184712257056432,-0.2230832583436692
90,0.11559269302770006,0.04769591170177682
94,0.025375581189158697,0.08765315078688024
100,0.024554212628295036,0.129468856889219
104,-0.02187724792462718,0.06648195328610884
27,-0.11810734831329307,0.5464221345506259
28,-0.08597167608358418,0.6192744326614855
29,-0.13873043582235034,0.6420670975966568
30,-0.04095423305092986,0.5896188343848902
31,-0.11618464164673738,0.44353509871315466
32,-0.08149284377185313,0.511759520324236
33,-0.0990216175784706,0.7019417751025968
34,-0.03658009650860115,0.6790355763940051
36,-0.1610608138775193,0.720486948416401
37,-0.06915962184430997,0.7309955285641332
38,-0.2057521943097893,0.7066603996393986
39,0.013203148228879793,0.5713915464199688
40,-0.07353428236709782,0.3568892525645396
41,-0.1322083421930822,0.3913872833927339
42,-0.17147283036012576,0.36795984329670667
43,-0.22173402777922488,0.4112041503775925
44,-0.18347504202962303,0.483983580239639
45,-0.1907526412030374,0.4408451817387811
35,-0.12402717531698158,0.77808768513907
46,-0.21576817380530203,0.7772248844539256
47,-0.14604405430061462,0.8206366745692284
48,-0.19224075289115497,0.8013047643278344
49,-0.2555438386756936,0.7868825853582955
50,-0.29131937526834756,0.7339321020639205
51,-0.31478484779201904,0.688651748800887
111,0.02060036915776115,0.3284513856711751
112,-0.04878383995483931,0.2944792577812379
113,-0.011172341025909858,0.31418130212046597
117,-0.05443323909167492,0.25747581912094936
120,-0.2768805872539326,0.35930305354613734
123,-0.2998590774477953,0.47559088436656755
135,-0.31334594821915607,0.8576139853928884
52,-0.1765348510513561,-0.6555367068475602
53,-0.15520204680407168,-0.7361893878782945
54,-0.23336940339520362,-0.7331226697784202
55,-0.16831198924174887,-0.5615007192772911
56,-0.13411052069574006,-0.5740363405629514
57,-0.23839207204918778,-0.6123565237428231
58,-0.331123278095424,-0.7444175053692468
59,-0.2840002356356511,-0.8011776594153533
60,-0.21065423900477312,-0.8271598992086064
61,-0.29730044825281343,-0.6767140202936358
62,-0.1741249166601465,-0.47490363956599707
63,-0.09233470924036086,-0.5119030399929891
64,-0.0687690354123093,-0.5461262920532127
65,-0.332374182491673,-0.8770943789438378
66,-0.21554291907033424,-0.917873805165628
108,-0.1516942965159392,-0.3750314329537168
109,-0.12008322296997775,-0.4130901395721283
110,-0.1848057373417307,-0.37757034076757084
124,-0.2764183991958885,-0.4777599585791946
125,-0.21455471509825164,-0.4363910087614922
126,-0.25629703244996704,-0.41304649186536907
106,-0.043537518561013254,-0.44577237049111856
127,0.02769657758241091,-0.5415044113067696
128,-0.00968353722154439,-0.5264871620448739
133,-0.298278608741054,-0.96357539013282
134,-0.22569801480988166,-1.0
73,-0.10211824291033672,-0.23741630995749124
74,-0.07275223930678576,-0.27561333057311266
75,0.0170081241883938,-0.3680981159545702
76,-0.12287667704776746,-0.2886057216905798
77,-0.09389048771735213,-0.3294888897454881
78,0.15355403651742583,-0.24136495322806154
79,0.23793377568901258,-0.24701217405053572
80,0.20801281597094132,-0.25218166555961885
81,0.22022918134728128,-0.31942958316119174
82,0.19222127694791724,-0.39568095885571664
83,0.24869375872207186,-0.3734256480447692
105,0.16421076482779298,-0.1531973406001425
107,0.025845273700805416,-0.45220833885703265
136,0.2774961427767699,-0.33371280811234644
130,0.17868296989838606,-0.4830458575043775
131,0.21098432328447722,-0.4926499934127872
132,0.25898089604696445,-0.43291530045677334
118,0.15736752896926742,0.2843852725763636
119,0.18159146856002545,0.3577901209512563
116,0.11253301016098437,0.3094140871974805
87,0.24588038751635555,0.16664584876176103
88,0.2021778443413972,0.0981114779573364
89,0.14749649472864831,0.1788800851505043
91,0.21985251580189671,0.039636351609883214
92,0.18096867067179878,0.03753726073580738
93,0.06186874123081939,0.1285299589971729
98,0.13838648874920917,0.251549163109551
95,0.11588505233812416,-0.053777506265393266
96,0.18895401035596351,-0.03589760330104071
97,0.1554094835102718,-0.04232430831135762
99,-0.0037495552818582237,0.1887678202221117
101,0.0429342945872776,0.19342678191226081
102,-0.023122187704850444,0.14492053459343102
103,-0.048547550623445096,0.13475397251597993
114,0.04308412530812644,0.24359341229269713
115,0.0787236543634892,0.31610453338176847
121,-0.37323883359735177,0.35259501476717425
122,-0.35235489143672916,0.4111668859855825
129,0.12676448281978484,-0.5567127988997178
137,-0.36993454545992804,0.9199306980121493
138,-0.42340201922116044,0.9830432668694844
