0,0.42474689335307775,0.2042459296931614
1,0.3775676846854578,0.24783459320160106
2,0.46556255275787695,0.19176535208846293
3,0.3372939016827118,0.2585866870389017
4,0.3676429291462551,0.2925231664038667
5,0.45386136617440626,0.24755324951749508
6,0.5193480929784666,0.14548663483300356
7,0.27306798281372874,0.24786333446823128
8,0.29650002489457244,0.3067866820104876
9,0.47723510302894706,0.2263385477734927
10,0.5491137935702489,0.2009360347342075
11,0.5541759514090139,0.23252757955601694
14,0.23686043040278582,0.28778532773183635
15,0.51562909765728,0.04740432432173392
16,0.5569519712968685,0.04760526370952907
17,0.6210385643202659,0.18348944993332822
12,0.17173191453623177,0.21759260718192966
13,0.19817112458184719,0.25784717437838917
18,0.0706191657276622,0.1982877964067938
19,0.1449967898126191,0.12157536354419962
20,0.14032412979740388,0.1688673176850865
87,0.45876690425440336,-0.03580951420795411
90,0.5070627667940222,-0.046463153684015775
92,0.5362345808462642,-0.01550681204350816
106,0.6128714838852022,0.014656571446040881
107,0.618080444564617,0.0635871665944584
105,0.5861386207217595,-0.055454497832679125
110,0.6580714025826377,0.0024759519305460305
111,0.6607307028147729,0.07075667982280368
131,0.692259534363288,0.09176746188154701
132,0.7117970523247522,0.23004303331475986
133,0.7036690588985852,0.17581872492201892
134,0.6732307604768786,0.26615122689060594
42,0.06863512031050592,0.09923883354852184
43,0.02708970353295832,0.11979613981495267
44,-0.0019246739202163322,0.13115845944316962
56,0.11466265703669686,0.03174216238081296
68,0.17092552973982233,0.0447969226503046
69,0.18524447748596268,0.07933113606399361
70,0.20813527066595555,0.041309538272156
21,-0.6272395726724538,0.26552704079026224
22,-0.5333974886151618,0.25242679881050284
23,-0.6160272951189394,0.30945939565040903
24,-0.5541710220501114,0.2140534025519708
25,-0.5327212813914295,0.2974472969639745
26,-0.700066989818539,0.3361733474152171
27,-0.7118280039898316,0.2933580634812853
28,-0.4648201442179096,0.21004302278506376
29,-0.4885014668405633,0.15983923431598482
30,-0.621036682035485,0.35463015033934425
34,-0.7969573780997463,0.29785654492117636
35,-0.8089009310472068,0.2635698012298207
31,-0.45812268348926377,0.0966558557874524
32,-0.40686031545852286,0.11297107870322151
33,-0.4179291611062153,0.061417030326538675
126,-0.39157914580889625,-0.009978573116989535
84,-0.35029088760979477,0.12596103513542442
127,-0.35740879053933,-0.011546647416164872
138,-0.38955425920293496,-0.06721364259743966
36,-0.8760787677065727,0.23342844433670487
37,-0.857723861820037,0.19758125932249787
38,-0.907202742987615,0.28633070155990575
120,-0.9372466355368325,0.18945613951613915
121,-0.8738889223150441,0.12224332424739649
122,-0.9058845171729539,0.11298917458735935
39,-0.005068115900263654,0.024856546057753608
40,0.02440590245758463,-0.0852283831633954
41,-0.09756716701085827,0.060726607539072545
45,-0.04524035911492686,0.09201129796425499
46,-0.047401933106855414,-0.1516735173971494
47,0.02406422816110317,-0.1498531732422256
48,0.03135750290771968,-0.19115219890659146
49,0.09403303353714297,-0.06301657184628419
50,0.1157927859519041,-0.13276272062627598
61,-0.1624275356723103,0.05837041284949358
62,-0.17711757192080949,0.11320353242504004
63,-0.08920463345923611,0.16328098908256597
64,-0.12308322507493033,0.14492408136201312
51,-0.10806486183648584,-0.23367376188988706
52,-0.14053154822958733,-0.17610624706700567
53,-0.05205682412049978,-0.21471932705634086
54,0.0973807325616848,-0.16499880326718105
55,0.046237416445691175,-0.30057517811024703
57,0.1830785694634022,-0.031772001789456744
58,0.13651652749886237,-0.018222993490759627
59,0.21379981432584244,-0.11781849121871199
60,0.16770426174967304,-0.20414613829668607
114,-0.22916919823153345,-0.14169803086296962
115,-0.24460391753085814,-0.17913453067336904
118,0.11166717666109327,-0.3974033312379152
119,0.11453453247606411,-0.2861533596652288
94,0.31870255476911913,-0.10314790452185195
102,0.2683162801059654,-0.1713963140882903
103,0.2708168209396445,-0.18871749137264635
136,0.1771245641212403,-0.291545058385818
137,0.2449758392305422,-0.2648456130367532
65,-0.187592515701583,0.16624250559448311
66,-0.27034166839613777,0.11165359094456154
67,-0.23552422933530098,0.18970007164726996
82,-0.36904233532856284,0.06191806049927953
85,-0.3198954361463743,0.15720433709817086
86,-0.32064352733338564,0.048759827044647486
71,-0.5804018496196763,-0.054993537943480095
72,-0.6649745177346402,-0.012021616435231666
73,-0.6705550411022777,-0.055854213303967844
74,-0.6743798440123662,-0.09598256830650538
75,-0.4850875065843783,0.0019137893122084548
76,-0.5168315456611412,-0.10291950258605548
77,-0.7588664788602321,-0.030612831049789267
78,-0.7489279471924909,-0.09564641898115195
79,-0.7619811982046415,-0.13210338579446096
83,-0.4288815105570037,-0.025954070163782404
80,-0.8326425579974013,-0.06129675997213217
81,-0.8395754592299539,0.032880344305173066
125,-0.9159719336130047,0.03145411654302128
88,0.4155020337156993,-0.14650362152866964
89,0.40768817519875544,-0.07933790100710811
91,0.4763402901973146,-0.09002561938859159
93,0.4619683802408004,-0.2390806317139906
95,0.35768811926326605,-0.16335755105612143
96,0.38176914090454994,-0.11521430791227656
104,0.5702650521702042,-0.1367545404060622
97,0.5027265683245362,-0.293126737991565
98,0.5549341810875468,-0.2119516910571926
99,0.5577737005230103,-0.2767849154655676
100,0.4857034572834884,-0.3297398061275339
101,0.4116644739204424,-0.3282687282632261
128,0.49058101563485246,-0.38675046196379426
108,0.6362989224053319,-0.13472133926612
109,0.6349487819325274,-0.21049826460289994
129,0.3397510445057778,-0.3916312546750662
130,0.313624026368936,-0.34020771348562673
112,0.6776554121936708,-0.050246565470254016
113,0.7251527379456945,0.017202312752860546
116,-0.32892881497873394,-0.11879581528734895
117,-0.3067465804543505,-0.0890499797727971
141,0.15396710833694094,-0.4724705094729954
142,0.22308962388850348,-0.427219756175722
145,0.11814738571913559,-0.3716659473998257
123,-0.9786249896020288,0.10870388062288398
124,-1.0,0.1552533291552415
143,0.3081725213818754,-0.44601505605864755
144,0.2776175140700779,-0.4283309676939814
135,0.7747580701600335,0.1423784150719201
139,0.25052268036455577,-0.5140760156824349
140,0.21045350239780924,-0.5106440302642448
