0,0.6755896120410404,0.39576585945439163
1,0.7235800866411869,0.4783477343884661
2,0.7343133789155487,0.3680451015782886
3,0.7642686766485488,0.4399924646997911
4,0.638444829306454,0.43609501876885903
5,0.6539226028783572,0.31638816625575317
6,0.5821431461751864,0.3650990367989335
7,0.8216164547903809,0.40931533070097864
8,0.8123844934445621,0.5188957169854663
9,0.852836193674064,0.4790129073500602
10,0.5421201614546012,0.4168248308234067
13,0.5582654790087892,0.2933604396331574
14,0.48548287818944474,0.3715382214611308
15,0.4923771823554422,0.3230200734230994
11,0.9111447054794566,0.449660686182019
12,0.9059312296013232,0.5530620657447111
16,0.9414684610650373,0.513414019978139
146,0.9970120200614925,0.5226313528818501
147,1.0,0.470435866317415
148,0.9920390602284138,0.591635939264298
17,0.47228535635654295,0.24977439427632184
18,0.4020053701163243,0.3285333621067852
19,0.4044033437730317,0.27295923581875403
55,0.3817770425151483,0.20795784371704443
56,0.31560195458301893,0.28766513505392044
115,0.31321863794970856,0.23215684614626386
20,-0.10401458137678554,0.3752498613093946
21,-0.05761191949427353,0.26532119199963516
22,-0.024504589370961907,0.35435974462725817
23,-0.06757978695905478,0.45920181113811065
24,0.016702476113416784,0.24387794821406303
25,-0.06019638481134905,0.14558172663449526
26,-0.1240469133114625,0.24205050559969485
27,0.016470209869690142,0.44097575409715983
38,-0.017672528527887504,0.5401119516200016
28,0.11850777790080375,0.27956952643820376
29,3.678999118569596e-05,0.18489418079604264
30,-0.09424435816610167,0.004241755215205217
31,-0.13574247937994585,0.04773611213893171
32,-0.06100254535664499,0.09498464727811572
33,-0.11294915255937178,0.15584559888723204
34,-0.15536839405200734,0.15347588590935013
35,-0.18269870043139474,0.2511034831131223
36,-0.21668640871787018,0.2622253777225894
37,-0.2211844691445746,0.3290492020947873
39,0.10413647746975828,0.39599055354388246
40,0.07428623997304044,0.501315658312425
109,0.21463771759048964,0.19988291996783417
110,0.1617204917690607,0.20826591760603577
111,0.22577672450404293,0.2499403092092071
112,0.17523713779707684,0.2671508819588002
117,0.0412322615657616,0.12580304624008756
66,-0.15816536740120327,-0.08172591355267646
77,-0.10438334126812317,-0.10684635831385636
78,-0.19750624956040116,-0.03291238129307894
87,0.0028469184121254396,0.05222926830751725
106,-0.17347649672406412,0.10932263253987373
85,-0.12085766499330042,0.0934697775552951
107,-0.2109933782586386,0.18135833432972812
108,-0.17572682406620357,0.19262301477944668
127,-0.26256818833580875,0.2366190245449283
41,-0.4736218247913157,-0.3078278110879688
42,-0.5078193533272335,-0.4127766047773359
43,-0.5696166138808354,-0.3635921439685117
44,-0.4255776952403002,-0.34780959844523524
45,-0.37777529814536714,-0.229694424799272
46,-0.39154091607502955,-0.336975837851837
47,-0.33737554334552783,-0.4236268361030071
48,-0.3526620363609138,-0.1069860762095384
49,-0.31414166985751674,-0.15510287352500907
50,-0.283740742824948,-0.18723722099475584
51,-0.42962350628136975,-0.14825290421993706
52,-0.26941139813068343,-0.23477539910147685
53,-0.30001542583483354,-0.343612534026609
54,-0.22079929151850336,-0.39654680117909497
94,-0.31704472010037493,-0.037015703508652936
95,-0.3629398513793933,0.013725907630813708
96,-0.2618447385721417,-0.03555712493627188
65,-0.19352192195347168,-0.1635176829138513
97,-0.4043708290996274,-0.1072162284497829
99,-0.5115254811845855,-0.13327648082979607
100,-0.4994220694443726,-0.07042158732784214
71,-0.18896241139016237,-0.2667130966379102
73,-0.13677349177314177,-0.3527447759228389
74,-0.10524049323484763,-0.392640177283851
91,-0.16303928458247302,-0.4894787299963618
123,-0.24164082471185752,-0.5208128157398809
116,0.2857987252076073,0.1734642474725982
57,0.0013143613547591372,-0.2003694459860494
58,-0.08304361510168493,-0.16716141499098955
59,0.014672687066632505,-0.11214316827278722
60,-0.08744000429635462,-0.2648607586246402
61,0.0037520445863612265,-0.24024069955105987
62,0.09490321110999089,-0.18221060442806594
63,-0.026458113470273478,-0.3104280600424712
64,0.06926045356112748,-0.2885641086860024
67,-0.09867140198088663,-0.127250861665448
68,0.07418849877149702,-0.04922660322309672
69,0.016685255278190696,0.014801463147592266
70,-0.028095983083343528,-0.08002941302508934
72,-0.0844469777812332,-0.36474210656792766
75,0.11304081331293965,-0.24724885229917654
76,0.04922872096630145,-0.32554711729949065
80,0.1927904201017019,-0.2588989968728236
81,0.13158030804787288,-0.3837777349309555
79,-0.2778841906739985,-0.08416078694273718
82,0.16690285708203728,0.004351827698112797
83,0.1015164271232838,0.026093372781737362
84,0.0063823562909911076,-0.018592951235681103
86,0.09955530659524259,0.07236325908613497
88,-0.12818560480925462,-0.027896112258807573
89,-0.07557115573204315,0.0010818176469614626
90,-0.19983398973016478,-0.44183569388739274
124,-0.06710250149828653,-0.2599789496982931
125,-0.3085228854387159,0.021362479062353314
126,-0.32783185853624386,-0.025032589679986877
101,-0.36399020320299535,-0.14576428150142062
92,0.22909137682880498,-0.352110237387078
93,0.2153869671626467,-0.37738523736185575
139,0.20834500667892117,-0.44211927712404653
140,0.16711924419085006,-0.45423156758231925
141,0.10905940727466924,-0.45523085847338923
142,0.07111557065450445,-0.4309883224963593
143,0.04201349842962005,-0.46340222008475757
113,0.17340513758937529,0.09480545715162339
98,-0.26284026929855175,0.06761016104719887
104,-0.24200875356683615,0.13261721998265505
105,-0.22138887613726663,0.10402595714647109
114,0.18976425234166494,0.1426274776449184
103,-0.2252352979004825,0.03205812417878693
137,-0.26483943738695986,-0.3690162563848157
102,-0.45625378717364695,-0.20152486665358552
118,-0.6063587576307518,-0.09822326228625322
119,-0.589273881054918,-0.04439560232495861
120,-0.6137205452734299,-0.1412600714706903
121,-0.5594962040970324,-0.20088534912469522
122,-0.6111537713121598,-0.19053142256452021
134,-0.4243389196550048,-0.05003447624747418
135,-0.42242232710110716,-0.2094244522332407
136,-0.3636726839602783,-0.2786474910198909
128,0.013105349887336354,-0.3810144058783612
129,-0.03556161433419025,-0.3830868810724767
130,-0.1319697324920438,-0.37535775233574165
131,-0.17857768011939829,-0.3206322821052452
132,-0.40491369344119615,0.0836898349815057
133,-0.42521134276295514,0.038796423570987254
144,-0.0400530825502487,-0.47089033138705066
145,-0.08312658999058656,-0.4816131400277452
138,-0.3670779498217087,-0.39522708547502783
