0,0.20359091398103182,0.11234022508991391
1,0.19488840282552455,0.20130890834807566
2,0.0615631843146993,0.1285158905117066
3,0.14620486787446393,0.23309978756977848
4,0.3609060611162615,0.1201456733799466
5,0.09929061755171849,-0.0009722527731451437
6,0.23223631307759546,0.3357410857169944
7,0.2932479958382193,0.18691642252899468
8,-0.0016948655483848948,0.2404637086039552
9,-0.039310040613936476,0.027393851876952424
10,-0.08580776106553761,0.14889483895297084
11,0.07883037545341424,0.3299348387065956
14,0.46415802700807113,0.2830277721954326
15,0.5000493092060475,0.10515318253533765
16,0.4517618213765258,0.14104397239295716
17,0.48563155682095854,0.2098918341051997
18,0.36003290350177897,-0.048430656983777506
19,-0.002220530382595405,-0.10264639783432673
20,0.14132782025821136,-0.15020716709812873
12,0.2088844326783413,0.5168364863996155
13,0.40646951105673207,0.031836562280919314
21,-0.045970699217752556,0.36512391996021587
22,-0.12373020842141329,0.2954299084002298
23,-0.1430565870176523,-0.05376164978535876
24,-0.19304640293023087,0.0584524023341492
25,-0.20334001088557854,0.18739418283262854
26,0.12343567968927224,0.679619159108962
27,0.2337663835768978,0.6540341518377565
28,0.5611198964178512,0.0046432852899116785
29,0.475276608898506,-0.034489637462240486
30,0.5207874178189784,-0.07179712776022952
97,0.5964998823920631,0.37842263024480643
100,0.6247227372334933,0.2730260016057131
101,0.49398123508711383,0.4306966557462261
102,0.5549516952512052,0.3425403384698581
108,0.277518962009678,-0.1750891262797258
109,0.3842068506106459,-0.17163272365088317
63,-0.0965750095638545,-0.17411760513532668
80,0.027684919689626285,-0.25780630444535885
117,0.24074300958327485,-0.2712057671784316
64,-0.038059167468148344,0.5086807269455556
54,-0.2206769890281898,0.3439919854696302
65,-0.14990924824416776,0.4567796318459312
40,-0.2656840184483759,-0.05387815677357498
46,-0.23601355216465672,-0.13753382211267046
38,-0.2983489707993606,0.11630663811204404
42,-0.2537207095238831,0.2525229648299072
172,-0.014898156229047076,0.8032829589708879
86,0.7038243606003171,0.05886463279270328
87,0.6269512087701198,-0.033422362861178626
88,0.6021201170576376,0.04113749474337065
89,0.7093252562280494,0.008273436720204658
92,0.47780556306026667,-0.20558343072459215
31,-0.5399967555735858,0.005004083198738562
32,-0.38683823895296243,0.003578398948462695
33,-0.6528473804138449,-0.10326664509151817
34,-0.6640626259806378,-0.02717849751024234
35,-0.6295778526878952,0.04077321655076455
36,-0.6690288561702961,0.0835979935872494
37,-0.6163534540282914,0.12655372053182956
39,-0.33567476929073603,-0.1314469795267065
41,-0.36729494066380763,0.1483252459473135
48,-0.7693927356518143,-0.19059348444662014
49,-0.7863881810825217,-0.0890118387021205
50,-0.7507630522408683,0.11589222822273551
51,-0.7257916371503143,0.19905121739066026
52,-0.7871541862815739,0.19274707363646967
53,-0.8071475180125427,0.11755757069896687
43,-0.2208055747200094,-0.1999442278036925
44,-0.25230360158625803,-0.2805755077190464
45,-0.363749070529679,-0.21576551642161607
47,-0.3148754344122855,0.2359303086695634
55,-0.270152101807676,0.3932340085151298
56,-0.15459030313227953,0.3379090046644572
57,-0.13462871216395697,0.24411695982788048
58,-0.10240731348054194,-0.312782710183454
59,-0.31737024464771746,-0.404932200786387
60,-0.347620169851836,-0.35588779105083046
61,-0.2176087764843187,-0.3709479014542741
62,-0.41108222051449794,-0.3610631116853368
118,-0.7918950877836278,-0.3333292635481413
119,-0.8809216849033955,-0.26680297431051103
120,-0.8727753565592844,-0.20617175439278304
121,-0.9071032958408016,-0.11004786107196597
68,-0.2139090987879319,0.4941652237930116
72,-0.3189930474734861,0.5182114966143552
110,0.026502027064147924,0.3287968716303117
111,0.050640813687229724,0.23354910572781742
82,0.059839922974855034,-0.3543634879853572
83,0.06506175873858418,-0.28787912367413987
84,-0.028891235723936606,-0.44311438839586775
85,-0.009606215936652233,-0.27178050105444695
122,-0.3421843480767,-0.5409985853540865
123,-0.42055566952385554,-0.4788519946377845
126,-0.3268407115540663,-0.47921321372591663
127,-0.4683372799576831,-0.4636549321528821
81,-0.06104697803221686,-0.3221812503088992
67,-0.13453134570505282,0.565252330216561
66,-0.07542762602855912,0.5923670537418462
69,-0.25731806546179625,0.5795814659961164
70,0.060942088964596616,0.701611697751738
71,-0.2135448063476706,0.6157454921190563
75,-0.23020036443219682,0.7272982508068943
76,-0.2904003673269294,0.7141674840629149
73,0.23011758512214528,0.7491008698548162
74,0.12829882528629283,0.8169998506392634
103,0.3884936008352713,0.6984366759295269
107,0.34896286276451843,0.803690468854978
77,-0.11713481390473061,0.8431539845794926
78,-0.1998428873415387,0.8259904966994104
79,-0.156118575805619,0.7954898919383555
115,0.14157230088733053,-0.38244291759908927
116,0.01710932193884797,-0.42922497880184873
137,0.10696665973907024,-0.46538233094855097
138,0.2044516305327324,-0.2788733020324993
139,0.03620598869599761,-0.19096461380633376
140,0.13830714303829883,-0.22004874820373754
141,9.717818707432798e-05,-0.6003481803992647
142,0.08499078208509254,-0.15943795449140336
90,0.6577805324732645,0.12738850835504195
91,0.5397184892591921,0.16426380400611335
93,0.5422328317849421,0.2593456412411493
94,0.5802420822824949,0.2337284189516928
95,0.39263960001279424,0.2616535770067082
145,0.3423323901467313,-0.2641968509837021
170,0.5947249679445763,-0.29345949423164464
112,0.20347010370709218,0.2670090337394894
165,0.3032216609848303,0.3535009538905405
96,0.62708957558898,0.5251962921510607
98,0.5826561712420754,0.4877956969346126
99,0.49739147956100915,0.5806095610810657
104,0.5284045609227358,0.69748581180927
105,0.47122403995536355,0.7142392839313471
106,0.4679729288440054,0.8191377437791143
155,0.3531830176887922,-0.3031254386963611
166,0.4440720079015352,-0.28844983597931717
113,0.14717480113364148,0.3478270352166591
114,0.06511115964969325,0.39754177458519346
161,0.08308996999702561,0.08762972288610778
163,0.14070460122739611,0.13255506218740765
164,0.14355296440986365,0.21011469849888031
152,0.15811353543476667,-0.5252158833826193
135,-0.11039829843433747,-0.5469309800115655
136,-0.13000096992156338,-0.49824152825908324
128,-0.8700261957489129,-0.3859911967362098
129,-0.7585782394026519,-0.47035519165248885
130,-1.0,-0.20512330512559104
124,-0.29020459594676573,-0.709376953425604
125,-0.14783269279760106,-0.8077920250786683
159,0.021457774886894432,-0.7864709035417395
143,-0.4379315020683331,-0.5919122483791137
131,-0.6293405832089781,-0.5780717764387937
132,-0.4565007427939562,-0.6289968703342438
133,-0.2712247956470557,-0.5966029108121808
134,-0.19344250258073253,-0.6637197576378131
144,0.10159886641927783,-0.6021095060006848
146,0.131740810944824,-0.08115549669327879
147,0.03686229096714634,-0.08258182951392043
148,0.054664009258393605,-0.714834602637795
149,0.10049278566695662,-0.701778107286685
150,-0.03090724260508099,-0.743011653434358
151,0.13675121123730594,-0.012417646934814498
153,0.1485904488387217,-0.7549565005627706
154,0.13380227076574036,-0.65763597300029
168,0.4754616674974632,-0.3554303906445961
162,0.050557587938995015,0.03840120702071012
157,0.18301808074433634,-0.6513165892238704
160,0.07110402562430516,-0.8516160350200894
156,0.23737517714759207,-0.6605763201186851
158,0.27898848871601983,-0.6082978731545663
167,0.45542126854662734,-0.4120726073241324
169,0.5496549906768651,-0.47236256593909504
171,0.6055342422422727,-0.3878019097422158
