0,0.4213075984496542,0.3999705849188671
1,0.3158900456613662,0.47453591637132736
2,0.39582682282197534,0.3269993174822099
3,0.29916512746477764,0.5629094109604781
4,0.44496769035372574,0.18680075520597098
5,0.5844506175296794,0.43028643404642264
6,0.15259418049533913,0.47517918010812266
7,0.19897164597314348,0.5911886862511122
8,0.25683606030159684,0.3705476653764079
12,0.1284787051853649,0.5347302292072618
13,0.17494292500951805,0.6772853034765388
14,0.46873211936849035,0.5863944490370587
16,0.5964365985006078,0.23869535134179265
17,0.4032133507803934,-0.03455790478453831
18,0.44725463320011905,0.02029127048981005
19,0.7273438247772775,0.3338479935664917
20,0.6098924990266964,0.588049399683971
9,0.015943702895191817,0.5617882438361818
10,0.0017398191789894058,0.4578891418846768
11,0.12462693038721269,0.36367177045123933
15,0.23402768329467463,0.24022942244652498
21,-0.11232206554875757,0.5413208700789458
22,-0.12175881710302239,0.46223043732476304
23,-0.1267142168367605,0.36756896006895456
24,-0.2015793803398002,0.5241274102441966
25,-0.02444749125592444,0.31802471568754553
26,-0.059162454796813126,0.5953060286104577
27,-0.006029496121344474,0.6832828216361335
28,-0.02437929134416535,0.43158761732151757
29,0.0913966751491971,0.5507863204674941
30,0.14349718916682624,0.6513467848404465
31,0.29587204446730264,0.5136807961496814
32,0.09864935084954063,0.783579781945677
37,0.39545795667574307,0.13754752701752834
103,0.09358547951564182,0.16377224290375575
104,0.18254407944027437,0.11543432555732985
156,0.2744718467539796,0.16865868728569125
33,0.5443484471652336,0.031054125333175683
34,0.35541489144509825,-0.17497534368563025
35,0.45470465173629293,-0.11552055242552328
36,0.4278523727682671,-0.19304592887566932
38,0.5598782015598746,0.08372670927675831
39,0.8388939279577248,0.17834192590576564
40,0.7073746263200469,0.7153359424522665
141,-0.25728331019643647,0.3662079602452242
72,-0.17369407726856712,0.29299942345982855
146,-0.27060287587669446,0.4643529794631225
130,-0.20315484422320224,0.21625196626129428
143,-0.352517778314082,0.4679973662717026
144,-0.24203693545758695,0.42178014221827914
145,-0.17463306980805754,0.47417835419953697
134,-0.2338681160718473,0.6676853959503127
136,-0.052282239016898456,0.8398873050266761
147,0.31169509880073526,0.4424250332908754
148,0.47989825614560394,0.34144908261453744
157,0.6132434127247587,-0.12301233866915069
158,0.586479486181293,0.13544965700417758
101,0.18168393370002364,-0.20906665632379054
113,0.46030599220469387,-0.33208961749380705
129,0.26570574683429865,-0.1749841436871715
115,0.5390291367565849,-0.22468350556293984
97,0.33462869662174016,-0.33316088961288964
98,0.2894958266316208,-0.3119680983396139
159,0.7210354779582154,0.020621787451686333
172,1.0,0.1495413907126491
173,0.9823247905015597,0.24743780089195624
41,-0.3048612013018089,-0.17230853426199988
42,-0.46539531921476707,-0.1570104966646367
43,-0.47510448935856336,-0.06854739828155307
44,-0.2189743538124938,-0.3487230241671171
45,-0.13466410101319692,-0.20467273766813368
46,-0.20973601678395828,-0.06527779355388746
47,-0.2351926745536339,-0.11349423150878289
48,-0.33376934637916467,-0.017430508140278383
49,-0.4420729458687994,0.03626790827817011
50,-0.5970534086332172,0.0029841813562258746
51,-0.6332845221315992,-0.1751996008569415
52,-0.5373734436880346,-0.3029034627446366
56,-0.6909019999535196,0.03895252642506523
60,-0.4145444473074195,-0.41788435172417643
62,-0.01219843396907807,-0.4488939642623234
63,-0.10564823017764399,-0.11557359496038204
64,0.00860484521841452,-0.17737829789357581
65,0.07279578724604395,-0.27176195608873194
66,-0.27603028839262905,-0.12688060018460962
67,-0.1816434905574437,0.03824337921198219
54,-0.5343673163482339,-0.015444249321344163
55,-0.31128196689681564,0.14831151866214906
68,-0.3893364497047263,0.08476540741084519
69,-0.5327029841626418,-0.11588834423032457
53,-0.49274250666443276,0.1517218652449969
57,-0.6635617590892473,0.11648690330250845
58,-0.5758876527838048,-0.37653447719531125
59,-0.6490948644074536,-0.3805296467772162
61,-0.5148793091716173,-0.5090635311480158
70,-0.5775864941662628,0.07346064013124363
71,-0.6691569132416804,-0.1138253141634386
73,-0.7140993673998818,0.23014357310647665
74,-0.8214339446217694,0.13530669801240014
75,-0.5878088949758631,0.3701117409600403
76,-0.5811918745875473,-0.506666961722587
77,-0.6805843263851545,-0.5167154595358867
78,-0.49548710689172093,-0.6211620003672215
79,-0.34295030203562243,-0.6695099220775754
116,0.16832683468543805,-0.5053703423248417
171,0.08481713093308313,-0.604756200554741
89,0.014480039260565786,-0.23549638313568283
100,-0.15123239273210712,-0.26122601341239304
124,-0.3051620844411217,-0.284965735795052
128,-0.44174265990085304,-0.06430630247265315
140,-0.6299342649681902,0.44394006891085397
167,-0.8891028321289368,0.24730750998233317
137,-0.5577604954644335,0.5734081258211194
138,-0.451641635274646,0.5518474116892274
139,-0.61872428220408,0.5478587439262976
168,-0.6962401826632498,-0.639679285129631
169,-0.3010216251832909,-0.7593450912635518
170,-0.11613094849519733,-0.7486089189392209
80,-0.1265613121778942,-0.3554124874506766
81,0.023952900281236013,-0.4129831430463504
82,-0.35633049602928685,-0.3769746468667118
83,-0.008719452781438786,-0.11390955376878883
84,0.13662943685035636,-0.5519265221792008
85,0.06916808880237048,-0.19002733313848283
93,-0.4635017930703234,-0.21601638243367063
94,-0.4139791879293484,-0.33890154583431287
91,0.051900373050180186,-0.014983524194747716
92,0.11156540025010558,-0.01735486223753281
95,0.02333679517510438,0.07086133901322839
86,0.07654873543769672,-0.48106321123410895
87,0.24553023175318425,-0.45144519498833074
88,0.24222583068461873,-0.6214173033386521
90,-0.02423223420716034,-0.33934317597634067
96,0.14073368520859766,-0.3509969132291781
99,0.3989430084958159,-0.44772399543750185
102,-0.20522175943300305,-0.4078671623944067
149,-0.5880732874235681,-0.19871396147736373
150,-0.5720182104000899,0.030608639671385336
125,-0.35241641474837715,-0.46186445569122386
109,0.529646670874155,-0.49672141114407514
126,-0.29003606203783583,-0.4849717876988215
127,-0.26133289598506554,-0.5963676149028083
105,0.6278146421591404,-0.566141918494784
106,0.5759987611795587,-0.6115937751086123
107,0.4493966592801593,-0.5959123343017553
108,0.6050477597242392,-0.42640869746203186
110,0.39076993323877424,-0.42190443003736516
111,0.3711092660139812,-0.7513610395759964
112,0.3061354561060307,-0.6133086399609562
114,0.5326839612734583,-0.6932268079844581
117,0.2198043301582938,-0.7641624046301366
118,0.19927367648313896,-0.8562070614055608
119,0.3863009753526957,-0.8152236878182243
120,0.47906558808812716,-0.8441208151011759
121,0.5300040841856795,-0.8045174610715976
122,0.1020469292766053,-0.6884318050483224
123,0.08209670338157422,-0.7536107458078373
162,0.6433997375662862,-0.031904027048072395
142,-0.37056613379294673,0.30310315033453555
131,-0.3411938961470928,0.8033066890325408
132,-0.24577360302745058,0.8265402809501935
133,-0.388631697206497,0.701245228184059
135,-0.5336193605356981,0.725966752880149
152,-0.5382674599040062,0.22335597443898175
153,-0.49545418097379285,0.3672630776132001
154,-0.5457250663527814,0.4606892512923391
155,-0.4480123091939012,0.4371818973932126
163,0.6093540847971409,0.19039604351955802
165,0.6438244316052495,0.28824397557547665
151,-0.5966161111314909,0.2753845578784607
160,0.7494069901870862,-0.12732490953787945
161,0.7737600576040853,-0.08178767292592187
164,0.7228989672089244,0.09313695130502166
166,0.7325365683913984,0.13956192114646646
