0,0.4666394943887965,-0.34265448099101203
1,0.39609343309410405,-0.28610184258419635
2,0.4117747077994196,-0.37320939210639226
3,0.35196819163977405,-0.3054593498476861
4,0.29480069077793447,-0.2707887549628849
5,0.34913866531625726,-0.21485146487138862
6,0.3048129096164542,-0.21772657420445757
7,0.2256067655116363,-0.2012585337133395
8,0.24670702028356722,-0.18166198356410004
9,0.2706998389092378,-0.1366526426898578
72,0.18352756773429338,-0.12832164554077988
128,0.21107319069786193,-0.09432467867547767
130,0.2217847152578997,-0.039196366627872535
10,-0.5864048224308945,0.10080194089754448
11,-0.50399047034127,0.10747834827654303
12,-0.5791836234414309,0.02049802648195279
13,-0.40808958219073377,0.16557339115758418
14,-0.6553268142594264,-0.015073245997533322
15,-0.6165522595375066,-0.09022390814834776
16,-0.40707194052347984,0.24378333696753698
17,-0.28549735049320424,0.1910251684749882
18,-0.34076042333159334,0.18432440870732936
19,-0.5948648696669764,-0.22490731748400244
20,-0.6220459461605176,-0.17743809194292326
85,-0.45901199212353333,0.32141798309695
86,-0.37819758114904417,0.30737147869443154
87,-0.31342206097312386,0.24744202600256665
91,-0.23592387055411299,0.15458623028946455
92,-0.17273198222925892,0.18673196115608875
93,-0.26997252435574204,0.1481538098108668
44,-0.5398704362213773,-0.3236512092508338
45,-0.6050157479845342,-0.2985674453242721
46,-0.5448340679752247,-0.2804816538961557
47,-0.6449128320747748,-0.26626815213628474
48,-0.54979664401712,-0.1827735426473798
53,-0.5823241496387557,-0.12726389410939948
54,-0.6618325079556359,-0.1536623766165253
21,0.7628779352183466,0.25317935218271553
22,0.8324572872411734,0.2492602499370039
23,0.7602937947980922,0.2911477512582603
24,0.8439603659372152,0.3113608287780158
25,0.7652085349368963,0.3319798702061353
26,0.6778524761905992,0.29244830595392785
27,0.9259451298165386,0.3188046616559401
28,0.9147609261324322,0.37608325777918894
29,0.8425328235968057,0.3762381983267186
30,0.5867248516623775,0.2883386297242206
31,0.5947754367277817,0.32692070102211224
32,0.59313880563168,0.24729769300356094
36,1.0,0.361305946184947
33,0.4998597431799177,0.3029447013203481
34,0.5431187258246234,0.3505553230532832
35,0.5536647356094571,0.38599768818277685
117,0.4303751698851178,0.38182198722223576
118,0.4299857183962933,0.34389126146939075
126,0.41547774457507514,0.2622480305423635
125,0.5032137621895008,0.4354267670303613
127,0.5731553685894437,0.46761325777167245
37,-0.43660267103821443,-0.43402357143434184
38,-0.5361546837730745,-0.3728106042272917
39,-0.5057310899085753,-0.3903368024497661
40,-0.44346261770089207,-0.38035706022634164
41,-0.36310417700005004,-0.49187881138739287
42,-0.3302800506800819,-0.411593657709645
43,-0.4029332166023627,-0.4382037877537165
50,-0.2853301650762356,-0.5311709000032286
51,-0.24895737596558307,-0.45121505186850697
52,-0.2259814662333158,-0.3745670803421912
49,-0.465225836509207,-0.29267770115240765
55,-0.49612750596423455,-0.11120362434202868
56,-0.5237954500338073,-0.2348825352227539
57,-0.3697043201012676,-0.27119210860231335
58,-0.41900942546589404,-0.3659407335172364
59,-0.442789002006838,-0.23698947720736283
88,-0.15865412832262019,-0.42269990747825703
74,-0.14082083814360152,-0.3310644445944097
89,-0.20983638985484993,-0.3337454659409679
90,-0.19396482040671145,-0.2616834924724575
75,-0.5218153822943555,-0.05732047421372897
76,-0.6355114934857982,-0.20832550521355664
77,-0.42699436059481216,-0.04143679818232981
78,-0.4195535229962391,-0.07257180297289717
81,-0.4349012213763167,-0.29444846941876873
107,-0.32570172344510445,-0.35509555344926685
108,-0.2798273940642689,-0.2798875714534588
60,0.06870878147738545,-0.14326992902493918
61,0.06764108648422588,-0.24500809760784453
62,0.010227650057368908,-0.07360765918923344
63,0.10602217617841901,-0.0836712082482643
64,0.02180692529953613,-0.11482264149919186
65,0.019569279387083697,-0.32906259771645463
67,-0.03705667480121907,-0.019907769618271103
68,-0.07217326533774054,-0.11561776696761634
69,0.05230605596107214,0.010912548596437838
70,0.08004475829090829,-0.032744875217780224
71,0.15430267571375464,-0.006522286433751052
66,-0.06841057423019516,-0.3178507805337741
73,-0.10762197541747014,-0.22463296880312786
97,-0.10601639685093588,0.053933874323601236
100,-0.013698023785017619,0.058147221269890394
101,-0.15428388143124327,-0.07579072293625083
105,-0.14286002977831008,-0.16064601824856561
129,0.23463288720676775,0.019508550481180366
131,0.20578622623333112,0.06690256200554413
79,-0.3344425619394597,-0.03791532685141467
80,-0.4024588493092042,0.009697255288570574
99,-0.23518240827515252,-0.026718012739403125
102,-0.2931352276395631,-0.0002921131860043504
106,-0.341472227034263,-0.30413450249457646
82,-0.4840173477968569,0.41426809896014566
83,-0.4261757439693019,0.3811109992060006
84,-0.5226948784476647,0.37636468057765116
109,-0.22742094134006385,-0.28803036581649455
94,-0.1754699901163271,0.12086057558015684
95,-0.23683295838657656,0.0713223368853519
96,-0.08551725018714276,0.12852111380573178
98,-0.1766622389217788,0.009160486526085062
103,-0.20066668609147162,-0.10879602916001518
104,-0.1514618530050066,-0.190393731984048
110,-0.22295519896749438,-0.2072952043364003
111,-0.10206459491991435,-0.29020447743440125
112,-0.07002950374337523,-0.25370135344096423
113,0.3835674389295294,0.4406963617312947
114,0.3970261928912769,0.5448808820068305
115,0.3704080876362194,0.4771837808321598
116,0.42222734489091834,0.4513207458627254
119,0.4767613908545722,0.5997292529681129
120,0.4092554024366789,0.6317325757396008
123,0.36679084664563205,0.3051824734273255
124,0.3630234434871912,0.35088575892892104
121,0.5348217470398747,0.5269788815002195
122,0.49016434899478745,0.5299862127442294
137,0.3329700576242176,0.22266468091028782
138,0.3383852764610675,0.27210826260348603
139,0.3566544280766116,0.18986991285615648
132,0.27873101155257807,0.09234127569152438
133,0.30358873252005847,-0.017784028836094007
134,0.31607474886980114,0.02927803641507671
135,0.33083200304107746,-0.04621316215395092
136,0.27424794959182075,0.1473612298562466
141,0.3541636980842097,0.12581521688166086
142,0.39762393762611,-0.023633749652079906
143,0.416323692721354,-0.09467811344192907
140,0.2724893009642912,0.22000861726133694
