0,0.19007890897172253,0.2917505649807214
1,0.2399221702763589,0.3058315507003233
2,0.2535108366436774,0.22993705153326435
3,0.14789858281150142,0.21424092890804555
4,0.11314297552053491,0.3438469936031812
5,0.072687504205777,0.27526070567268346
6,0.25610230454706495,0.38164850493661145
7,0.3220671922532632,0.35109204578781367
8,0.17054694929199518,0.3512182333191184
9,0.31312902379597496,0.38885009048740954
10,0.32995603677220164,0.3293041774176431
11,0.1983047705910988,0.45233139238652004
12,0.08892461918626317,0.07338955637326
13,0.19249032889084602,0.41965171231057297
16,0.07150066196219397,0.44721076105225127
19,0.11362499803011546,0.45303082118193916
20,0.013791968477541123,0.3515476590050826
21,-0.03670570548586617,0.24165206443576207
22,0.4370993791311674,0.4268897699186521
14,0.33979911607572605,0.21272969527312527
15,0.2982238839359715,0.48690761883462047
17,0.18481910441837016,0.5675066395186241
18,0.24513363145304637,0.541364239859088
23,0.001109610409914885,0.06934409278076917
24,0.09873133009355564,0.0046068990220342705
25,-0.010954645531726964,0.022967230646918295
26,0.14825557694873007,-0.05098064379922321
27,0.06968593097283367,-0.022854118957881447
59,0.21952921932801228,0.13327250428035783
141,0.46602686095039814,0.23123420098497802
158,0.23361220123478066,0.6074060699914359
28,0.11056740071211052,0.5675232882074447
29,-0.06884591119619667,0.3358804103763568
30,-0.08347665520926276,0.09700529382229621
31,-0.09554203984545635,0.21452355706704518
32,-0.13350986932268522,0.33737407170341305
33,0.5288450875110186,0.5073629035899211
50,-0.07386503338196398,0.12209485364017514
51,-0.13101503354401664,0.05721488340826623
52,0.2081509004432348,0.012058333488502469
53,0.14310736981940006,-0.10347199033284944
54,-0.11685646023599822,-0.021367907629142313
55,0.22788400118691252,-0.08752120959792908
63,0.17026455632857593,-0.17103142886939934
163,0.14716074211242575,0.6670956861881046
164,0.08209579627889739,0.6782597278769996
43,-0.18177638635598367,0.13372047826957226
49,-0.16033395530931718,0.17222196495867942
103,-0.2385826840107569,0.3953578721429921
147,-0.20150518988955912,0.45250022969820325
166,0.6352184225754689,0.5461057309425716
34,-0.3245907022387317,0.37431955507477865
35,-0.4157141228926944,0.3876489209462289
36,-0.3573201403134981,0.28126888335870026
37,-0.24835552865911478,0.29258746495719795
38,-0.3028202802581421,0.17700848341421282
39,-0.25019928709689343,0.2635183852029837
40,-0.09808821489775825,0.2560460998601867
41,-0.3895845067342906,0.28198991167760223
42,-0.38717901912013897,0.20061279606151616
44,-0.2603550074959017,0.06098931996747472
45,-0.32874047863845784,0.0643263380336792
46,-0.40620780334679235,0.1554596488656638
47,-0.30120102685443234,0.10321956822962987
48,-0.31846394760988433,0.3133029565313435
72,0.06947524518406666,0.18119983330883255
137,-0.08473648885780884,0.38349304606317536
138,0.0040426018669495545,0.27580049861985834
140,-0.2569879787191716,0.22782514178237323
109,-0.428192208489548,0.1768305280384801
108,-0.4677926353078588,0.08123286858650024
64,-0.24999588823299523,-0.029807736873285848
65,-0.3812442433920127,-0.018474994439469723
66,-0.21721253511895047,0.016870450881886996
96,-0.4473058371954759,0.08266387566405375
97,-0.3485391503438803,-0.0005589007573773357
98,-0.5288790968356611,0.18935332523488438
102,-0.32478023523165117,0.44312887596637124
56,0.2681273521534281,0.008561448319228712
57,0.17863505933260823,0.08583603372642512
58,0.3285246300827335,0.005834010575658583
60,0.26867166718772645,0.07670692481277998
61,0.3295676678565507,-0.03931354923559925
62,0.20801004164974715,-0.21194479876437267
67,-0.20153343736070992,-0.11010601041968687
68,-0.16661583545341696,-0.04249477096645192
69,-0.10395934082828862,-0.08628021449648637
70,-0.10437428711644155,-0.15210063179958308
71,0.3287031856097522,-0.09280597090749823
73,0.18701816963306425,0.16735892552112902
74,0.4139727065990764,-0.07161587815273487
75,0.13375852994630857,0.20141504761017237
76,0.4179099150156393,-0.12555610293756997
78,0.23426210935051922,-0.2659473094763322
82,0.21134916999110595,-0.33880095574695573
83,0.2804990012152193,-0.3090071158094573
77,0.13295345585366244,-0.2908415741386341
99,-0.3445288239647941,-0.10082456963216692
92,-0.4451805107214564,-0.06452746266947006
100,-0.4997770192035999,-0.0061700688102373545
101,-0.47066908662521084,0.023946016714078318
105,-0.29838742414599095,-0.18848093826244156
106,-0.1896689968435525,-0.22848140024457456
115,-0.1587505456663134,-0.18731981251574886
116,-0.09810484594211556,-0.26990390451645185
139,0.11072419468264338,0.2686227787431828
79,0.477320980133311,-0.18039216702455158
80,0.49931675923623103,-0.22017871628633498
81,0.5380443622142407,-0.1423595054549046
84,0.1340756473595401,-0.3784586428090089
85,0.03956655001497523,-0.3776014080575231
86,0.3377871663396148,-0.34810266181279187
87,0.35538560653260565,-0.29289580684996286
142,0.5123483647205693,-0.31880294656692787
143,0.5920515927772674,-0.255832689752927
127,0.3063629788099582,-0.423604148384685
117,-0.08748641219397149,-0.370121970301805
118,-0.08413344199844584,-0.4398099013534465
119,-0.0037134815087560874,-0.4474483419023268
120,0.08001516562254163,-0.49546395778226304
146,0.41488537500516526,-0.4294024531252647
88,-0.776778335213705,-0.0741170312422634
89,-0.6634475383933744,-0.08135523817809705
90,-0.8313624702851407,0.019289412071154404
91,-0.5541977513615003,-0.04311503692648079
94,-0.7330037239683587,0.06387705565023892
93,-0.5436401806098237,0.1150313951047345
104,-0.4070979984127861,-0.1698927165212088
95,-0.6226116899396474,0.028056033467121825
107,-0.3804379948438534,-0.2595279777623242
112,-0.2665584657714058,-0.3039630005657648
122,-0.16284055996483224,-0.32526391190058157
110,-0.3372793390527445,-0.3757770017469956
111,-0.42881337415642,-0.34782548823278087
113,-0.2707970148082837,-0.49630780248834594
114,-0.19796764801449346,-0.3958686715747257
157,-0.08246774018128618,-0.5836191853558665
121,-0.16707397738976087,-0.46514325355220404
123,-0.04767838942160817,-0.3642935358393661
124,-0.14306721026314576,-0.5573493321171671
125,-0.002442638786123975,-0.5716346601471239
126,0.1538756078767949,-0.5889178771914172
128,-0.03278375378859754,-0.5091608826341786
129,-0.15511147878459147,-0.6769254319780956
130,-0.04417679903266861,-0.6852490493838842
131,0.06425040959643093,-0.6154614787684904
132,-0.11065588750276084,-0.7594131377702243
133,-0.2261637425311962,-0.7612870096115302
134,-0.15280034769194586,-0.7929788756431586
135,-0.2884440007855166,-0.8572636611145493
136,-0.11771109712805441,-0.9047731338942058
149,-0.27311120962323465,-0.971352841093535
150,-0.3567208363757869,-0.9366117762989998
148,-0.1743650135356772,-1.0
151,0.584598874989426,0.25886741726931195
144,0.45508026820878594,-0.4591652706232298
145,0.318739641647184,-0.565906140060118
159,0.13613896886627114,-0.6124210072237812
152,0.6899186717831354,0.2289522364699207
153,0.665323647081851,0.3338491750519395
154,0.6985801653081308,0.293508837346599
155,0.7549437932801681,0.3901978437372325
156,0.7365123090212197,0.5003251502306091
161,0.22324015320343268,0.7136992818350647
160,0.2558888757635127,0.8178121450720026
162,0.16741065293895865,0.7771807761566699
165,0.08508038470111991,0.7690609232682103
