0,0.563430147614321,0.18030882158145609
1,0.4576289047571704,0.16036450248766884
2,0.5596037750361302,0.07537189243142726
3,0.6506413836306985,0.19447506715507346
4,0.6745186717474454,0.13450674616813862
5,0.4294094850127895,0.2502269054463648
6,0.32373965668616017,0.185292314558666
7,0.6180848155010777,-0.04053930012851896
8,0.6048670354689922,0.0014293185462212615
9,0.6838459262808145,0.10125875818790944
10,0.500859659745915,-0.050834015476958955
15,0.7147188973194921,0.27869252970833164
11,0.19507685577145295,0.18604923327320322
12,0.2848529407098248,0.30418235775137187
13,0.20103235465584646,0.07833882176067429
14,0.2758603903932971,0.13754422643234973
16,0.5788605560203016,-0.17438932367179957
17,0.6913856459373491,-0.1457071272786422
18,0.7651988558914721,-0.01173046532866999
19,0.45651551276217495,-0.1807348257390643
20,0.3729091639060767,-0.11273796599574575
21,0.40437365180462176,-0.01816784082056021
22,0.10750682215664746,0.22291966459570564
23,0.07241816628400714,0.11789221737367761
24,0.2310499534991679,0.2855774102196172
25,0.19561077460601664,0.408197341597948
26,0.3117244382378791,0.4243661909085549
27,0.1417920336698507,-0.0017304981583564035
28,0.25714418207606443,-0.04759646337924391
29,0.2957585946631998,0.03685995824796895
83,0.7820900033186894,0.378572025091737
84,0.6935961851312203,0.4492710714093148
72,0.5441473946246106,-0.3273632183334645
81,0.6649809813812907,-0.3082912908849094
61,0.340522761426633,-0.2536172955652967
62,0.40537192287250623,-0.3131092497051293
66,0.2905103752223496,-0.16339321794685785
47,0.03745248636157306,0.32997972180942925
48,-0.05779445375309553,0.08573313025627444
49,-0.040081093883894914,0.19318860888731726
50,0.0576143060497466,0.4163205541294379
57,0.16703527297145915,0.5003019743871276
58,0.11470839775167463,0.5055733989633059
53,0.2018645596957296,-0.12581632512005916
54,0.019908279497984536,-0.017419076035181356
30,-0.7775653386787535,0.19443093343000079
31,-0.7429365179043994,0.3532454881730437
32,-0.7117878649102025,0.3115217173709043
33,-0.8387389242995422,0.2864672133252545
34,-0.7564263383005952,0.033381688879671134
35,-0.6193340134731854,0.4301535985785422
36,-0.7360494409894643,0.4737352744893867
41,-0.6556711406861121,-0.09063753163245274
42,-0.8905258749643523,0.005356313340305386
37,-0.5156569155715882,0.467410883772228
38,-0.4822153937698527,0.5065150344838505
39,-0.5966360302730466,0.5435614742558467
40,-0.6492314570755665,0.5245422455859557
43,-0.36134724329564866,0.48401152533504316
44,-0.4675761693225286,0.5583927912706944
45,-0.3967094787388359,0.6136862660921095
46,-0.3797277784033393,0.5759827135063449
85,-0.6047682206174692,-0.2008617680858879
88,-0.5239868449460481,-0.12582412097596066
89,-0.4941682952603146,-0.1504510641813792
102,-0.5566495869545812,-0.053714037460513994
131,-0.3022556146347378,0.34200616513058557
135,-0.29381374486379047,0.6371232860954424
136,-0.33495795132414463,0.7479825195757777
142,-0.41434158087124434,0.715500654740257
51,-0.0526538716757371,0.30455725822003415
52,-0.08879168724268419,0.3686416714877198
55,-0.20264739536314896,0.10630281956573252
56,-0.1627966909026102,0.26277265713996556
59,-0.15468029965314156,0.3593079991694629
60,-0.16644757809704908,0.4460562852985482
80,0.271515961222543,-0.26156800018992205
154,0.04616099714035631,-0.1453362282099821
125,-0.3182944200779673,0.07567877304663742
126,-0.31970693770327424,0.1283650418367052
127,-0.2883010031902751,0.22265634631118117
128,-0.2643837957465894,0.19517737820810885
129,-0.2349434613290472,0.3320498183560239
130,-0.2554175453297915,0.28484341922116874
153,-0.24410085464331177,0.43802533888871925
63,0.2809323981703584,-0.3092922882138196
64,0.3012177370695888,-0.4015922761662213
65,0.24427003861139748,-0.38489335116669576
68,0.3861075105236853,-0.4175386552296725
67,0.3012517723469332,-0.4818064621461415
69,0.3071550988853898,-0.5592076841692112
70,0.2106989552396266,-0.5160299168017235
71,0.1303960443976724,-0.4938245494118187
73,0.24353750782790004,-0.6249603210476332
74,0.3599371192461547,-0.5727520527605917
75,0.4267571741752983,-0.5210504921083153
76,0.25419929467097807,-0.5476128228208005
77,0.1353992460052088,-0.6369500702625596
78,0.03458221221525759,-0.5995339250791589
79,0.06035470254287143,-0.5241927543990262
82,0.5753012428607529,-0.45103411397679993
118,0.156832643897333,-0.7437285173618985
144,0.4701980167472071,-0.5694250973677748
145,0.40653902685244464,-0.4217311171207916
120,0.2566827302088082,-0.6789832347067114
121,0.4148291020806685,-0.6025480224450541
111,-0.005005890700637884,-0.6998244017722516
109,-0.11452198604142859,-0.6413253429456839
115,-0.07462148834155526,-0.5694301734805606
116,-0.07872681144714722,-0.5047324554060196
148,0.3524568968726566,-0.3305029891190948
155,0.15999642269221065,-0.25552098791957933
150,0.8220445851600071,0.4926371482397578
151,0.6197112565879005,0.6112441163635592
86,-0.5947297645842522,-0.32765411183551985
87,-0.48398051065443576,-0.2711765232550948
90,-0.461506394523271,-0.40356571438083094
91,-0.5720258474488651,-0.4122246281802513
92,-0.6862001556574383,-0.42518006178893725
93,-0.5103921955021135,-0.27696947062921495
94,-0.47825968550803966,-0.45121748353194757
101,-0.4172929503662373,-0.030340972713584435
103,-0.48713455757498697,-0.05329130871323797
95,-0.3950718117844667,-0.37528171264596005
96,-0.34310358613229297,-0.49891243264265744
97,-0.572035453832534,-0.5127311635607341
98,-0.5219853535614687,-0.36495579171166304
99,-0.6784377073631763,-0.4919323374444877
100,-0.6881596055044993,-0.5691854427084434
104,-0.3779270960904357,-0.5752157957697673
105,-0.30815911501997306,-0.44264111918897964
106,-0.2027620045146208,-0.5670638493756807
107,-0.22360675256868395,-0.5128411546950652
122,-0.5187191375931989,0.059326379239621065
123,-0.4245165113492185,0.05871863153874268
124,-0.5678304141482353,0.03735392273728166
108,-0.24231156585686536,-0.6558388438205246
110,-0.13112331810733044,-0.7433635838116455
112,0.011312081517314197,-0.8061747064073682
113,-0.11658369907137356,-0.8664146524493513
114,-0.05828028233983131,-0.8185099067401955
117,-0.011560949855478092,-0.9291924236915341
119,0.057883375750547854,-0.6894947023097051
132,-0.2155038981271274,0.7710110204739898
133,-0.16681969772988667,0.8929118281679507
134,-0.09021888810200795,0.8597607447937574
137,-0.014088173557028745,0.9437620340728817
138,-0.03200724236593461,0.991127761434326
139,0.05422198983333146,0.9007833903597642
140,0.14474355690551483,0.9645042118961097
141,0.11561223339382116,1.0
143,0.2053963076332727,0.8946230238513928
156,0.27532472840894406,0.9407024741537011
157,0.2677116024637653,0.9874776094837195
158,0.36340369937302186,0.8596272431926807
146,0.5796909020172575,-0.5937887299403529
147,0.5574128513605706,-0.49662559459426153
149,0.5127285888854501,-0.4268849271829631
152,0.5045995617012918,0.7524545738833703
