0,0.7074306926865191,0.04852879558809517
1,0.7147861313444768,0.21149924280205393
2,0.7041559016302885,0.10646755816870516
3,0.81966361081454,0.05347495122659977
4,0.6365951432458569,-0.063073936054902
5,0.7182226848988589,0.26353707570938834
6,0.6406362281519332,0.36320859880007184
7,0.6524097038629452,0.25474525594222697
8,0.7440164579685115,-0.025767693930801177
13,0.8567970244717794,-0.0609685054823291
14,0.5232523522665864,-0.2004781251124171
9,0.5053570023799903,0.4478053379769285
10,0.5714150733006177,0.3628868576885911
11,0.6134258443956457,0.18643697823036537
12,0.5713799846446828,0.2524127449072137
138,0.3709873890550043,0.5194928749946734
139,0.3990483164268276,0.5523746314027025
143,0.5165616850840651,0.49593097506530415
144,0.6332469811731551,0.1318028725883463
145,0.5332856954931727,0.14074081484497156
146,0.5672372803664342,0.07055184689707983
64,0.3773740116428145,-0.29917858230163163
15,-0.2642307376297248,0.36362450386549844
16,-0.23274170397400018,0.30303161781002697
17,-0.1824459462693545,0.44373968089987953
18,-0.32267837619096357,0.48642042434530186
19,-0.2953529799496324,0.41819373981249697
20,-0.263289118700329,0.5103961925179327
21,-0.38037972784904733,0.3383370062167649
22,-0.28181913572090095,0.2308458869461362
23,-0.3466367823077955,0.328079418204672
24,-0.37150699759848466,0.22508878674893323
25,-0.2813694485323013,0.31568948975962763
26,-0.26810335668425683,0.17923454038259723
27,-0.3550258161799274,0.40142645334810867
28,-0.15561527880607331,0.41125091857020174
34,-0.2761533215907859,0.4600549615053992
35,-0.06539531240160633,0.5367547822136276
36,-0.023038829652229104,0.5244433179426332
39,-0.31864834453430296,0.5475132507847
33,-0.2212682504049567,0.4420856741224654
40,-0.20198717718383716,0.11793035435324951
41,-0.3005532422250955,0.1087617568182816
42,-0.3203944340481587,0.1689223543012845
43,-0.41223600304829383,0.17492268183727866
29,-0.4697886861196022,0.30668065833445074
30,-0.3395410182025099,0.08184727410866054
31,-0.37876036158822757,0.11494375257582976
32,-0.47883590382308167,0.1883239849416161
37,-0.22740692673719964,0.031371850525460314
38,-0.2678893622356781,0.03803331385909634
44,-0.24885868752115622,-0.004964831425797004
45,-0.45033504103838057,0.09681221736947879
46,-0.2075148273877864,0.549330189979406
47,-0.10096854315758828,0.4623075434547505
48,-0.12026757089546732,0.4358258731795782
49,-0.14178086335877238,0.5389369028748814
50,0.10090223873040628,0.5728879818096688
51,0.008068915213145176,0.6279193781374925
52,-0.15819433508307892,-0.07810830671200351
53,-0.2768110939397403,-0.09073548036962743
54,-0.2507544951384473,-0.08410337094135034
84,-0.16809666367548265,-0.007383275157012122
98,-0.1381830372971738,0.08593326747661645
127,-0.07345145102647088,0.10523775873202604
79,-0.15350613601571322,-0.117767360812304
118,-0.020213145833082542,0.4567945276831711
119,-0.02485028900789725,0.36139947382833915
120,-0.0595997614354465,0.33739798160068185
135,0.2537346519026064,0.5446021519600074
136,0.2510545307404609,0.5928559456093043
137,0.17231959097358704,0.667701964333948
68,-0.007067454521374244,-0.13777604890534667
80,-0.05011896706148696,-0.14670660759087206
81,-0.13597080194294997,-0.1807290730302152
82,-0.0747552326287043,-0.1856595876063322
85,-0.22658531951997893,-0.20753655070761776
87,-0.2509655986015654,-0.1694984548064789
86,-0.2776841503773469,-0.15869927573639442
100,-0.33330598968278086,-0.21603745878983607
55,0.14430824583608198,-0.2998339226453469
56,0.2670355633780868,-0.3832593968270652
57,0.22346547213900403,-0.3032597090802632
58,0.1384056837336428,-0.20038229578391628
59,0.10617707619046633,-0.32334919994855044
60,0.1617386601517919,-0.3285337715436542
61,0.14571284752504932,-0.41201607242736166
62,0.03767719662350472,-0.3844441820989991
63,0.18245181366448499,-0.20340466823732636
65,0.3348783133027891,-0.3718980916325406
66,0.32228913161285966,-0.4951598348734251
67,0.2294445609282721,-0.495097381006884
69,0.05585280203857543,-0.20453503054924282
70,0.05188883794409299,-0.24812657098832927
71,0.27875205517049445,-0.13389021556371303
72,-0.08575928102684766,-0.32495154173863044
73,-0.037572786640115444,-0.4291986121974372
74,0.08374299020362183,-0.11040680005831043
75,0.29522261596481597,-0.22887865538258967
76,0.258635732546542,-0.29071100235114206
77,0.17944689514910495,-0.15050476697308324
78,0.1859444702622094,-0.08963965764525936
88,0.35077066739509416,-0.16454252136879668
89,0.38524255786922973,-0.08580357181299604
90,0.35449911687953534,-0.2633984828592399
91,0.3779484870263869,-0.21781383117098843
92,0.38080615096463694,-0.03562160252167749
93,0.4061291847722979,-0.14045193786121857
96,-0.11649009810971178,-0.24570991289949684
99,-0.2335316901047988,-0.32440287586434735
125,-0.029427958945210005,-0.1846519819307597
126,-0.008690164268808295,-0.02211819025670461
130,0.09444076457748078,-0.0022974657089613764
131,0.028560698704835474,-0.09359181936905499
83,-0.18234943288472852,-0.11870255961158956
94,-0.09004950678466798,-0.0022368337250610482
95,-0.08209911999227462,-0.1121620832446546
97,-0.22051014371619704,-0.24351532847530025
101,-0.39314416847905415,-0.16068461041132368
147,0.49236180669040985,-0.028323815982867123
148,0.502155456502725,-0.08743210902931443
149,0.47428644536629255,0.03801534297202723
103,-0.267812417167129,-0.45124928395068425
107,-0.3036747779931678,-0.41206529679760795
108,-0.3287051340578651,-0.37972186335764463
109,-0.357462405048146,-0.3097783430089555
141,-0.4459284413877747,-0.23546836028315335
142,-0.39478288724972727,-0.045188211747564315
102,-0.3353220158263814,-0.554021065802944
104,-0.38811997731350556,-0.4934316239725285
105,-0.45534194597977956,-0.5819193312285834
106,-0.398978897720096,-0.651278730125213
110,-0.5121041606599269,-0.6791446839355793
111,-0.46688834590667694,-0.7442225358445816
112,-0.5249246437980263,-0.8121834541211832
113,-0.6027437969375902,-0.7787059552805994
114,-0.6168529767943688,-0.8860839276776334
115,-0.7062820659151544,-0.8295318559430147
116,-0.6344495620042724,-1.0
117,-0.7186823039533501,-0.9392058345278965
121,0.019664077264988155,0.32458210399199533
122,-0.017280101127658938,0.2246973718144211
123,0.06456558065070726,0.3061504319023011
124,-0.06613050284373213,0.2249726638937358
128,-0.033074550873571515,0.09105014424599657
132,0.01412512806775506,0.1652537252484969
133,-0.07290638119184728,0.15678709599793403
129,0.024899713231103196,0.07344891073411916
134,-0.20712784838100798,0.06228696137233437
140,0.1879565197128905,0.7920202114927236
150,0.5832840845126301,0.008261634555090781
