0,0.5160455778388535,0.5521983288441986
1,0.4035919544462055,0.6185279375586262
2,0.4651120107617785,0.6429442021060403
3,0.4855389179935739,0.49880260706505825
4,0.46287937142803137,0.4371848545846061
5,0.4232206537521233,0.47945358213994255
6,0.2648299941297859,0.700564837022001
7,0.5080506652886286,0.6193108508754044
8,0.34738326636050165,0.6234485997406758
9,0.34453184301463974,0.7336528693591651
14,0.5584864187374887,0.30699714234094294
15,0.40207941489908855,0.32373769717919343
16,0.4922922282174475,0.3844527439371268
17,0.35992143188390113,0.39034009781848256
10,0.11147075258850324,0.6996410202380552
11,0.0978698763208291,0.7509706873207936
12,0.2043202810225007,0.6769866142478845
13,0.2125314114938308,0.7298922930608375
18,-0.035920543385709984,0.6672924460965457
19,0.04105497021424726,0.7224616116621979
20,-0.06784707510398542,0.712904889379738
40,0.6077946158540889,0.2832078476122893
43,0.6922132865701732,0.30862819403354824
46,0.6339182688512833,0.19036804059791035
47,0.6799620812699585,0.17224065797667645
53,0.5849625056788598,0.0919657676164469
37,0.494768655820679,0.2560942292491213
42,0.39716435386437865,0.1880903048756659
51,0.2865087946925214,0.26559224661779995
52,0.26832025946992033,0.3763228564882745
62,-0.16662433457898493,0.5893716881731009
63,-0.12915208168040354,0.6777125311196778
21,-0.8895210996492051,-0.13021005622293452
22,-0.9229214140936122,0.03694351916663412
23,-0.8792717266633062,-0.04393538219399443
24,-0.9309332408689774,-0.025407581027989228
25,-0.7844776053581988,-0.2580582989465863
26,-0.879158360515918,-0.17965080471270345
27,-0.9023006630035469,-0.2551139160701647
28,-1.0,-0.2220316091705793
29,-0.8547028908750536,0.18669440271211168
30,-0.8340599297391763,0.08243177070641176
31,-0.8724198687934671,0.1268558794682541
33,-0.8931362032968614,-0.317897993763905
34,-0.6485505888767531,-0.3102213496858738
32,-0.734274250492709,0.1762347958950324
106,-0.5934740436727751,0.18172857056381317
35,-0.5026548968043894,-0.2993576869363551
36,-0.5690486724032711,-0.2459522701285852
75,-0.3427102746368136,-0.2779711096772224
85,-0.4379267189903355,-0.2165717826967474
89,-0.45596693707334307,-0.32375165805277084
38,0.6474536476015674,0.25048604152716664
39,0.635878118725567,0.3387586736756954
41,0.3718727235564855,0.2486856624105152
44,0.7554424595015461,0.3364182915746394
45,0.7435323321419679,0.23393499527187786
48,0.20239798759910266,0.2561718938290743
49,0.36915814239929223,0.05832024046738296
50,0.3178894022281975,0.11714715998493412
54,0.08097604613204458,0.13611396896422326
55,0.17673732451126156,0.15247881966655447
56,0.24147257325964436,0.06911450072069014
57,0.2955583808347007,-0.01931184083443446
58,0.3810299631624398,-0.08332659210574583
59,0.2062865362088346,0.029230209611752725
60,0.15502739103930646,0.30976764902004056
61,0.17075689911415545,0.19214088262401405
121,0.5385713318466181,-0.08566287436336982
95,-0.07106890541919783,0.09835214430408115
139,-0.028861853195459874,0.21687484485939376
140,-0.04679120009798752,0.16208244893447393
141,0.40664396155344695,-0.049220830526103654
142,0.22088517418127926,-0.11764072966715798
145,0.17649246000137,-0.08870784496614788
146,0.27155306839517346,-0.14386612166631765
147,0.4110756444212985,-0.20747871193241701
148,0.49771990992809906,-0.12460471729439263
144,0.13358426988180047,-0.06132114296126916
137,-0.0021049369320665554,0.3656466321534607
151,0.07094577977305543,0.3218464018550289
152,0.04109999542208067,0.2740376491210842
64,-0.22535127694848572,0.5580729696629531
65,-0.27070091121161294,0.6108349595678576
66,-0.3288213730926445,0.5013347709274997
67,-0.16662755219245526,0.4798383244248411
68,-0.30152530939110794,0.4512464853004566
69,-0.3708378431556214,0.33832727687987685
70,-0.07022782583119912,0.38573779295159455
90,-0.4473999108724254,0.17151202986845343
93,-0.2825539967014966,0.25398272296069907
104,-0.4655220160206808,0.28470302281158444
105,-0.4695189607168312,0.3282444424784159
107,-0.5101143990251064,0.2675272392593114
136,-0.16403790958402623,0.3349087051589556
71,-0.31119730072782686,-0.1514479802234921
72,-0.1849433906421257,-0.14345587163094947
73,-0.283876971398132,-0.06251205161622203
74,-0.36724127700635656,-0.12254188050705374
76,-0.3993294229037749,0.005160735520243885
77,-0.05991646178916222,-0.22155820965151243
78,-0.03583418366619018,-0.16259907762349554
79,-0.14466816231126733,-0.21862267469212465
80,-0.3292437013180919,-0.0032222094755379126
81,-0.29408360205317524,-0.009112566636393305
82,-0.26619701817749836,0.09600105345299773
86,-0.31284161334449523,-0.36553655949561903
87,-0.22718001112578046,-0.41233816935299167
88,-0.32472858370798,-0.4145309929793574
83,0.09582199423451872,-0.24195403581575137
84,0.1160050730346151,-0.17480443121235964
91,-0.2031752676725648,0.05479183082063643
92,-0.3065986790717908,0.09959527736521137
94,-0.17698163527854083,0.12554173402623964
113,0.2862270530253736,-0.2686872554566018
118,0.2044439211367003,-0.19311259523969118
97,-0.2582313737625903,-0.48234100300282157
98,-0.33003959670190786,-0.4736503205183682
99,-0.07292492598780909,-0.44068421054163637
100,-0.24580946111045449,-0.5480387319320839
101,-0.3313957733091656,-0.5398663044340616
102,-0.2919032484149391,-0.5615566545722325
103,-0.40619525482904156,0.24159765201876002
96,-0.17028126353903433,0.1778389386281594
124,0.058306844078798,-0.5545406769881899
126,0.031228343734185534,-0.4980680906494751
128,-0.008258789258684144,-0.5132098193459853
130,0.007142513571980075,-0.43558361824436354
131,0.04928658434901519,-0.3763109120687237
138,-0.3479264079999368,-0.6633382274767741
154,-0.41044788800880583,-0.6368113594497675
155,-0.3117005901162214,-0.6945551618795206
108,0.5067704132374179,-0.4788714454851158
109,0.41713761888973405,-0.3665471309440301
110,0.4263064643670987,-0.5099790470771706
111,0.535895146279583,-0.444108274511055
112,0.47509281580701024,-0.6053083437796737
114,0.3283326671184536,-0.33374741111341
115,0.4444795229979596,-0.2471883712775227
116,0.3379656255886497,-0.6432569753838258
117,0.3243815240073593,-0.20336155861054947
119,0.412582491416419,-0.18745709095367966
120,0.21833179063575894,-0.47736025534902005
122,0.16227109590812108,-0.676838845459522
123,0.25800216004653104,-0.7528485444751027
143,0.23855539217356878,-0.23795075882223024
125,0.1563293550457694,-0.5610114305829236
127,0.12220685628154707,-0.5907468368501578
129,0.24531868203381269,-0.6108574699608394
132,0.14967893856329448,-0.4481342834934285
133,0.14584710769981551,-0.39515484256810407
134,0.1375068295655666,-0.2447657556366928
135,0.20650922354554915,-0.43684036176034496
149,0.3128231978154663,-0.3677622234191957
153,-0.42847507060500634,-0.7626395766781311
156,-0.3499706207439031,-0.8076272422157549
150,0.46306451545362404,-0.3344276553867135
