0,0.36710148491069605,0.3845434510521537
1,0.2813091722758081,0.4948035868043649
2,0.35088380922037016,0.2833833534604303
3,0.29124834927501164,0.22976318196088774
4,0.1954368296700947,0.3612217593765025
5,0.3451589648390038,0.637413800785279
11,0.44340183380108644,0.23850574341117786
12,0.42888827368089605,0.10610644931906661
6,0.13485466265107904,0.27083818151806577
13,0.12554052245260536,0.19447344756092697
14,0.22068017405209084,0.18886882015223833
15,0.392609709770158,0.18186575158447707
7,0.12102448237608987,0.40174424040011697
8,0.043150959138009835,0.3447289768834055
9,0.04122596185557937,0.28362785381421046
10,0.4136327001523981,0.7770162622868972
17,-0.02639924087669782,0.20397143495999231
22,-0.11835390160365816,0.24746873950147372
145,0.4686585418778006,0.9196789144879164
16,0.5176693988632969,-0.0540094598196857
18,0.06474689229588387,0.15423487137263736
19,0.18295708177919207,0.13780102980914502
20,0.3755429620157255,0.12578283944544555
21,0.5440304028829037,0.17530400007290983
131,0.6002087696129516,-0.23419072554238496
23,-0.061618798355260886,0.3080687359593858
24,-0.12558118198936902,0.12499821386890965
25,-0.08518196680832783,0.05761386761875113
27,0.14842674249780335,0.04638667469348286
28,0.043485577512294295,0.012952527220276623
86,0.29329241103729664,0.10230786334906175
88,0.3219197667964713,0.1906611428530734
138,0.6825519926351312,0.12491886126331954
26,-0.28097258218290627,0.28804497852295075
29,-0.22394120389647748,0.35286832942274576
30,-0.1460849391242332,0.40992506022634245
31,-0.02541152033500099,0.480123137912047
32,-0.07591473871278552,0.4512327242028269
33,-0.18147233950360572,-0.018479922265805804
34,-0.1352926031066779,-0.08787315370538622
114,-0.3184784273463025,0.5095165565979307
115,-0.4076262826664473,0.2553843476988721
116,-0.42213790370731663,0.1810299072101446
87,0.2571247993891254,-0.03815830371822992
89,-0.00763775705978619,-0.12967733729848152
44,-0.35508151335540195,0.43776793238024103
45,-0.38661755391727476,0.36195088263748254
46,-0.2951497681802471,0.45393807945420966
49,-0.20883356938337203,0.5145361465784893
43,0.02230970988907771,0.6380283795202413
117,-0.05681412998879934,0.6092416884328228
119,-0.21697522070942948,-0.17269938608274
118,-0.15010081809527076,-0.22775578507890423
35,0.3889875923452404,0.7931640288050202
36,0.4945929890822808,0.8143696657685183
37,0.5035136877113568,0.6640859066440825
38,0.5523877406475329,0.7705511136539245
39,0.2268729346216884,0.8424622347291146
40,0.5070450176834824,0.4939677167530499
41,0.08486362816566717,0.776079656059969
42,0.4323744041426093,0.32121007045010297
47,-0.5087366832156494,0.4404987749866606
48,-0.4617032579127444,0.4670002610949388
50,-0.5485773758054155,0.35085811096245034
51,-0.6568414658299986,0.4201424792995696
52,-0.620413072405546,0.46496621918714437
53,-0.688333299030797,0.319340473799365
54,-0.622728119278347,0.2332276715023476
55,-0.7605076425004142,0.45959738879406514
56,-0.7636228626261374,0.3612966476289431
76,-0.7961806412823716,0.2005853777928461
78,-0.5266501756075943,0.2642051937862759
79,-0.5398852908604297,0.1759338125416164
80,-0.5704066743033954,0.12273005329233767
81,-0.6846245720026904,0.15471299660054227
82,-0.7014219800573187,0.09359327954391723
75,-0.8784043324021213,0.3394204662805558
57,-0.19984607362257348,-0.5984500613734459
58,-0.31977576949574,-0.6710297295381026
59,-0.3783489858412039,-0.5811873353378462
60,-0.30121357771342483,-0.5693973259981293
61,-0.2337872591492349,-0.737044753911747
62,-0.11570930820724479,-0.4736555988686869
63,-0.059645535956492746,-0.5772950549702862
64,-0.16830840359738458,-0.5071417967444294
65,-0.05302180821416817,-0.6710163406529189
66,-0.4558840591029778,-0.6058939522789413
67,-0.5283449055817759,-0.49512513359089894
68,-0.425580866924077,-0.5022137664964309
69,-0.2903242485537037,-0.4669866297396567
70,-0.1069908969142036,-0.36753269945656314
71,-0.19260500013166607,-0.32534511169411756
72,0.0869819630371952,-0.6135995704937288
73,-0.1875214985828487,-0.39226808882805214
74,-0.6563534812238623,-0.3840860312452719
92,-0.07416565679419199,-0.2663437678712596
99,0.24162040757863912,-0.5694266744186577
106,0.16780601833179076,-0.6869139883413153
120,-0.7903216706483044,-0.4410400968118895
121,-0.7229366176819335,-0.21007513133546393
77,-1.0,0.25056540091596397
83,-0.7847743871016399,-0.007984367371130258
84,-0.9391595740994532,0.20340215185902444
85,-0.8974356766920211,0.10808800221272045
135,-0.8067673754197588,0.04835637476160481
136,-0.8703021341708219,0.04290841415026122
137,-0.7979409252303125,-0.028606186953312504
90,0.3499427724063268,-0.09634380438137148
91,0.3087278298118559,-0.1863169642142835
93,0.3459869205122989,-0.32510448198848985
94,0.3873413267981874,-0.302832213821458
95,0.3477238707608421,-0.45082867799953463
96,0.4190452266488279,-0.4075780580437895
97,0.49616958199880956,-0.3484886993696352
98,0.3482272258612702,-0.5894595473923673
100,0.639968322308158,-0.3808470922119253
101,0.66246553543427,-0.25778190484231783
102,0.6327749305014451,-0.2978975661755993
103,0.3386221572936846,-0.6791741440249983
104,0.4420144078314715,-0.6944411984816676
105,0.4016401606905165,-0.7378548106860238
107,0.7860530535864998,-0.300637397290299
108,0.7896384324343216,-0.14219539969905678
109,0.7374641080317361,-0.1676047812434234
110,0.5033230762682015,-0.6650094709510389
111,0.54602297082033,-0.7349874163755701
112,0.5931405308017008,-0.6731297810195349
142,0.746275004307883,-0.01635219055779782
143,0.8326635263715004,-0.041153853038093845
144,0.8903993920704039,-0.044765266419874064
127,0.5992413740067877,-0.575480239534299
134,0.6596417615516478,-0.6898381960316944
129,0.6855866510480226,-0.5565287779616818
113,-0.3608584591664982,0.6832598771146664
122,-0.913499255935512,-0.36865526957093153
123,-0.9006097264970261,-0.24047550691720898
124,-0.9626546244215706,-0.2550506515455863
125,-0.9840944599499497,-0.20271596961574115
139,-0.9113827001608102,-0.09243450670411034
126,0.6263386583202105,-0.4164043728393968
128,0.7357878669932908,-0.4984002261985901
130,0.6956677612859589,-0.3916150980957776
132,0.7408734800493687,-0.33616483652467377
133,0.7154062175531579,-0.2744285475039817
140,0.8067060868972873,0.13958664300533208
141,0.8138807849983165,0.07667099548546707
