0,0.5058613576972019,0.18600825556522008
1,0.516304464019876,0.12489445897726312
2,0.4844148965543226,0.10160313325842293
3,0.4374770331965453,0.156334680603658
4,0.49615857416886805,0.2510849776803507
5,0.48079226779325435,0.27337740359380175
6,0.46153914788624645,0.1746046723489098
7,0.5483152852588277,0.14582357354418832
8,0.4119197369995798,0.06599237475460537
9,0.4072135854795377,0.10516147364585765
10,0.3593409891655845,0.1679753184696572
11,0.4191340709172508,0.21921797237276222
12,0.445311712879862,0.3433371488042592
13,0.4275782293347184,0.28071938145451936
14,0.5051930974508129,0.3318060053613292
15,0.4379824541586972,0.2658518873654458
16,0.31533838220833244,-0.013686136280715485
17,0.34126980594027484,0.05809697658472339
18,0.28930898187672033,0.1118534391474915
19,0.28509632659706946,0.18984979639506586
20,0.35297079558666367,0.23781354851622016
61,0.5029069474810272,0.4031452451520946
62,0.3748194057794481,0.3422278526298791
63,0.3677981294919068,0.3864364064723702
64,0.5634067100316215,0.3648168108070283
65,0.5401038029180267,0.2974012660443339
138,0.21270463682460136,-0.03723180406318643
21,0.2495516527523674,0.07071589173024838
22,0.3005719050905585,0.020117775773227466
23,0.20555025131512716,0.13603733540536236
70,0.20083414074782033,0.19796410356590516
71,0.2677096738067387,0.13446052168173617
24,0.1301499225674074,0.168430470321089
31,0.057156484447116615,0.1171046718584186
99,0.15275481246876588,0.24930148738488667
25,-0.04368579995051613,0.02797093478825316
26,-0.05697749274888884,0.07410257405489434
27,0.026483995249212123,0.06867729770384597
28,-0.024870945848271205,-0.01533388393202889
29,-0.021031467038342497,0.08330357314986928
30,-0.0761832198096002,0.12699024963660518
32,0.05469132037367574,0.01702624345068738
33,0.08014835755267181,0.04922975156448417
37,-0.06576119287514297,-0.0897052119533959
38,-0.09096637196766096,-0.059129929459995956
34,-0.02372544111198419,0.14998495351800667
36,-0.10500628832798908,0.12402405211129795
35,-0.1055256433944432,0.19489247514801666
39,0.08496134756454723,-0.03772515035722306
40,0.12767149584368057,-0.006725103853882759
41,0.1282534941012987,-0.037550263171760065
42,-0.08207659796625398,0.2201124984202925
43,-0.0778353217048872,0.17500202466411885
44,-0.1397180848972744,0.2727439077706932
45,-0.1584115747891366,0.1701043767673122
125,-0.09062332433701231,-0.16458727606441054
127,-0.1266262878117832,-0.1334859608246927
129,-0.15383590654368717,-0.09200746056794208
139,0.165019766882791,-0.0793700655585754
93,-0.13649542680571503,0.35695025085539417
95,-0.1974891066038979,0.3256728727646101
46,-0.7218630063488978,-0.6497474762299529
47,-0.6755813312697518,-0.5986489257495983
48,-0.7153957052666501,-0.5754972713182095
49,-0.6497669115900594,-0.6329746332718689
50,-0.7642197121235067,-0.6370499247324217
51,-0.7863708615303195,-0.5867201219856918
52,-0.6410201960447258,-0.5468880327908755
53,-0.6080951298740593,-0.57616570143629
54,-0.5792570347081231,-0.6037837430080918
57,-0.8619021084758305,-0.5997892956712118
55,-0.5779684723505258,-0.5082461839887885
56,-0.5591973229789541,-0.542327706759414
58,-0.532633636542947,-0.4546946126625442
59,-0.5022471925086232,-0.4749819631499392
60,-0.49812598245813694,-0.5084348174326858
133,-0.9285990834560769,-0.6358643707158085
105,-0.4731960159536814,-0.41433417754042423
106,-0.4424073655051733,-0.4543164432997202
107,-0.4203458247818563,-0.4903662220096874
66,0.568114031398522,0.43729069888525957
67,0.2904737575830698,0.3520831075270215
68,0.30984487630409024,0.4014720211469589
69,0.6285778357130402,0.39869937877207745
97,0.19459886102109775,0.3229634574409144
100,0.24410478484711495,0.33068389488712085
101,0.2179158924360022,0.26512681935804894
103,0.24333095621378772,0.18145206961037963
79,0.3407622337998726,0.04196677716324722
132,0.30790021513506083,0.09155388664354112
72,0.5782140457361737,-0.0969736515789244
73,0.5058054784245132,-0.12846167131982184
74,0.5545195801871818,-0.142768846951037
75,0.5100638273311036,-0.0687545366966288
76,0.43454399277227385,-0.08059303942963321
77,0.42890622941372236,-0.022214429894374423
78,0.3719680080846897,-0.00726404260230427
80,-0.005362398854340039,0.43923926671363106
81,0.024033005832315157,0.4756033613068424
82,0.05452497876497022,0.4689558556687994
83,0.07000843491265914,0.4057892159452585
84,-0.0075952433891995925,0.4113031701865077
85,-0.04965956849799062,0.48046477491385714
86,-0.08323418446768197,0.42773056092470124
87,-0.07495770454319965,0.40131880003456577
88,0.08623333359575298,0.49229152384129465
89,0.11671917087317403,0.48464444399468304
90,0.12416449210971538,0.3345525034415151
92,-0.145833194434062,0.4254866813776444
91,0.12846297095864212,0.4156489700150647
96,0.1636615841230742,0.2982991348447719
98,0.17016665048631047,0.3910422205799472
94,-0.205437100530244,0.4009168494030522
130,-0.2605587148190135,0.3782900369087849
131,-0.27709259325591185,0.33085323811966266
102,0.23671008354823223,0.3704493855778631
104,0.25677396399357055,0.46792882907281114
134,0.2766335228004077,0.5531059197497166
108,-0.3882113827926231,-0.41205416972983167
109,-0.35337551862997285,-0.4618091772370239
110,-0.30699144781492865,-0.39851566849330694
111,-0.31237859816514635,-0.5471372358597321
114,-0.23712737102570833,-0.47349598632890316
115,-0.24447949116932713,-0.3957466338503631
116,-0.2665805757000568,-0.4495825407709265
118,-0.25810346076980634,-0.33629384388887623
119,-0.28231344678911674,-0.31663738224425664
112,-0.2397219103506012,-0.5515053279814923
113,-0.2688313012777021,-0.6146116819573837
117,-0.20390551319999134,-0.33673553022457475
123,-0.15786363744939194,-0.2846362405981826
128,-0.22412572379619697,-0.26390500136185113
120,-0.0893104399902495,-0.29129098807527914
121,-0.09894846539171953,-0.2264790282235203
122,-0.1251424445356333,-0.25836615049991546
124,-0.15518968915868925,-0.2162709113450786
126,-0.16072455757104928,-0.17211137617015881
135,-0.9644449957946193,-0.6991187761437788
136,-0.996967184396239,-0.6169973093686806
137,-1.0,-0.6658601590273835
