0,0.20799289447866212,-0.32535484484611343
1,0.3497380775593241,-0.31335755288191325
2,0.051571766701975004,-0.29591974994796044
3,0.14303620439878975,-0.27752039452724125
4,0.42754437868493084,-0.20820183106488718
7,-0.07445458407255112,-0.342444859729276
8,-0.0992399451275275,-0.25553305367197054
9,0.0001952718864157059,-0.2775603135363538
10,0.0143397127788689,-0.20681264346120337
5,0.5138455838811027,-0.1593654203351792
6,0.3976416392677904,-0.06358318867628811
11,0.4167805419612838,-0.002262959794368557
12,0.5418303348899067,-0.08194286269048537
13,0.3267812227969904,0.07900082478115573
57,-0.20736694936254457,-0.30950388343355567
59,-0.13052484590955335,-0.4532712481044291
71,-0.024414856604418767,-0.37642612341852205
72,-0.07826074146471856,-0.40197019096406056
52,-0.1876888389875396,-0.20491016696566697
61,-0.16412826615126624,-0.31576166018794244
63,-0.22824500106800003,-0.19731423919806027
126,0.2670801011074367,0.05291217281288295
93,0.474135106635973,0.14905603348398808
124,0.1592099682803616,0.051422105626472696
125,0.18645556866467353,0.14067492293186987
14,0.4155326722847419,0.8446983133648597
15,0.500250139728293,0.7703244462562402
16,0.38734767181051144,0.6810661629835937
17,0.5359535843070805,0.9214202855215377
18,0.46733823507667616,1.0
19,0.4039167908783651,0.9756346506092483
20,0.5313602140379496,0.6764464686352714
21,0.40816012466672286,0.7827665616434897
22,0.6359471134816321,0.7330087294755587
23,0.6250074497167261,0.7872194346536315
24,0.4859662091035201,0.8954867044367766
25,0.23453078096736515,0.7340468836379619
26,0.3778081602853435,0.5260064102359092
27,0.664265125617852,0.6332095962926556
28,0.7361423278062739,0.6958621886469761
29,0.781719742783608,0.7081732805941765
30,0.2475877516026879,0.6066276673624722
31,0.17967241107475893,0.6868417699722619
32,0.0746774840287159,0.7383223023958173
33,0.10668657777757236,0.8180545922778646
34,0.4344530059558817,0.33623974774615606
94,0.7157896774812693,0.5232181657509127
95,0.7969633566257712,0.5622230967557128
96,0.7556110590156382,0.5832507356244463
142,0.1106006141927354,0.6817148222472467
143,-0.0018354826938072192,0.7458015661318972
144,-0.06375040367536597,0.675148737069552
145,-0.045860272050096344,0.8056385991173297
147,0.49360723933203954,0.11116914629853018
35,-0.6672193256734097,0.05224021063886783
36,-0.8065744787097243,0.10192099334220538
37,-0.7214717613717668,0.18506873652636655
38,-0.4971464823961378,0.036430004955683666
39,-0.5707524103493411,0.21110188615074743
40,-0.44813188742345467,0.14050730921633767
41,-0.3503045205441508,0.04866518592680357
42,-0.38301322961063805,-0.04460277257177054
43,-0.44315443721555187,0.2557900685812908
44,-0.3251743516902901,0.16364053783701557
45,-0.23467056045837154,0.04826443832655198
46,-0.24862002788097792,-0.05937640706148142
47,-0.3153303398291719,-0.14719873985822762
105,-0.3359494270267744,0.2868563739289218
106,-0.491876175758736,0.3649520897637122
107,-0.3937624588861954,0.376667250710108
108,-0.21440790747814883,0.21954329159885774
64,-0.1401159344698971,-0.04677053489577369
114,-0.12133448575168185,0.08890871854539613
81,-0.3248054026021536,-0.2707720049315968
48,-0.336598340392098,-0.33943689108922354
49,-0.3272016869042161,-0.410361620559948
50,-0.4267812583848681,-0.42525517086673836
51,-0.31854641890789365,-0.5053191119920871
53,-0.4855241086191345,-0.3154509217028993
54,-0.41604781908612143,-0.4766564173577663
55,-0.2422242300125304,-0.4398124829658373
56,-0.2224785903803164,-0.47461562057353796
58,-0.4278770041870345,-0.5806288492720463
60,-0.1742306525257287,-0.5640857427139256
62,-0.34906114911850106,-0.6413040200270764
65,-0.589119993811802,-0.20371702381222576
66,-0.610498399486747,-0.26685246168449256
67,-0.23220525999693206,-0.3836451350924238
68,-0.13897930818744045,-0.5205171573402413
69,-0.47560092731339104,-0.6938263857227653
70,-0.35947059297729295,-0.7261349845123858
73,-0.02527435836268977,-0.5208312828279767
74,0.008343181942810994,-0.4676056419522347
75,-0.21855968433363918,-0.6059537721319121
76,-0.15824105131506117,-0.690024998819193
77,-0.07592339769711008,-0.6819175933504645
78,-0.03282379592746352,-0.6239364889066655
79,-0.0982476511565956,-0.6137178718058531
80,-0.2279814254977351,-0.7304249924622487
118,-0.006703026842335427,0.02920152801793939
98,-0.6248164686629067,-0.07526265919030863
99,-0.6763013235896527,-0.05326722892711552
100,-0.6772876204061397,-0.11491322107614746
103,-0.7155843748081103,-0.20673674587577295
122,-0.2188677745588421,-0.7924181438310111
82,0.050083504518269775,-0.6286765214843663
128,-0.06663162869222058,-0.7809832081283685
135,0.0646025246449382,-0.7392416069341256
136,-0.005299042116102162,-0.7323171758018607
133,0.09044546887357241,-0.7072305755043317
129,-0.2407646561333804,-0.8854419873857989
130,-0.16861556154487914,-0.8380210042719178
83,0.8647138678305695,0.20650067201752415
84,0.8686240400910114,0.25573148980958527
85,0.74708089772757,0.17079468509292087
86,0.7356301690207512,0.3034945694372196
87,0.7481439526977408,0.2292087296512294
88,0.8404351768683077,0.34196212145830485
89,0.6107439510669105,0.22419801721090982
90,0.6183914765436623,0.15695552421842732
91,0.62621485198456,0.09832285722408919
92,0.777184903034764,0.4382586862294815
97,-0.662368500972968,0.07903058992735
101,-0.7180600610235707,0.2123091465361726
102,-0.6013677824859509,0.2741294965018944
104,-0.4755265107128346,0.434682196156502
111,-0.42295786578380434,0.5040624295443927
117,-0.2926457892753962,0.49346430861626306
109,-0.25322929674373684,0.35534933309554667
110,-0.6231700772004807,0.47154864340458613
112,-0.3097782607711093,0.43609596042703724
115,-0.09260874678201066,0.19095313316736484
116,-0.1497665762096236,0.3061451368520809
113,-0.7433386273517646,0.5577637280197381
123,-0.8590366284563389,0.6323218172715919
119,0.0229537672813996,0.13253717360579537
120,-0.19399127574778635,0.6058096851755086
121,-0.34599780301855954,0.6155852161007316
146,-0.13597961013783155,0.7036291374830652
148,-0.17755903037753207,0.7463303794494139
149,-0.2673675333419734,0.7236450333407574
127,-0.029963362353251782,-0.8497567831130746
131,-0.08033410095407857,-0.9691470170415248
132,-0.11178688294517457,-0.9189213836526305
134,0.05822604799507784,-0.8437468036600725
137,-0.19855639697848532,-0.9980741748357852
138,0.24312133604421043,-0.6192295037932056
139,0.2358363279900975,-0.7081598588017249
140,0.14869511039737893,-0.8384662930158941
141,0.18419390341378725,-0.7917389133381914
150,0.37896851585887714,-0.5025834552697888
151,0.37091019493973815,-0.6307448375483548
153,0.5095874516029634,-0.1140132009010328
154,0.5934475919378153,-0.016576629252473687
152,0.47369298593413345,-0.32782642753537294
