0,-0.02953469204375257,0.30456371447800856
1,-0.05506627555679291,0.3536437603788614
2,-0.16112169594241676,0.35463313429440535
3,0.08799230337444879,0.37949350154012096
4,-0.14615760135568623,0.23193317126684346
5,0.06001895997539785,0.33679797183015886
6,-0.008355108750315202,0.19622251556226866
7,-0.18646832872186486,0.3136846241061868
8,0.05236087217686004,0.2624403612432505
9,-0.27311997502699353,0.29913576110681744
10,0.14155196258594754,0.47044889085415276
11,0.19503275463381992,0.4297679019292704
12,0.20210610911339658,0.3064764038712586
17,-0.248260167651195,0.1897501914094329
18,-0.10576646190115899,0.11510784774261565
19,0.07313552976470188,0.4272281483754305
20,0.08724830027583794,0.22217606167570148
21,0.058326582977291604,0.07154240891377552
13,-0.060667738433885794,0.21420826978054208
14,-0.09112334266080226,0.4062963636699305
15,-0.33163458779505567,0.26761461052182606
16,0.008238539547483924,0.10119129287399582
22,-0.41501758141392747,0.25188776914208333
23,-0.3741209714001604,0.2939067928221677
24,0.12838137365166322,0.6159606898138819
25,0.2927467951947208,0.44674043916361367
26,0.26557969161099515,0.5569984848963585
27,0.2849715188646882,0.3535901683906796
28,0.3539930161300108,0.33456475816380504
29,0.2941687751630794,0.23223108991524952
109,-0.1598881263412884,0.5538807536875998
110,-0.4951205843801621,0.27669349330355714
111,-0.4646477448787775,0.16626678440594733
39,-0.06639362756376899,-0.014177980788032547
40,0.001995584152676801,-0.07001081088126457
30,-0.3925396471757007,0.15981021943931775
31,-0.17962907546569568,-0.009921484748030495
32,0.03593726902943369,0.5863091087855173
33,-0.05048596788609874,-0.03855980694894112
34,0.21373006965415867,-0.029746650169542612
113,-0.4552319900877049,0.3538385210694616
114,-0.5478227706884247,0.1648449250225042
154,-0.48972512060413004,0.41028457634735455
155,-0.5090432274350923,0.3075468909681678
156,-0.44168193157103625,0.4322328623340504
35,0.21482951753674137,0.6775054124672807
36,0.14996043415883933,0.7627866765351392
37,0.08587560640242138,0.6995020645469787
38,0.4278660990814635,0.45393243200188865
76,0.3663698367206571,0.4750802286319771
77,0.37255512756812614,0.6038600239756625
78,0.3161333627706391,0.6936805136203287
143,0.4435779487845104,0.3841944264860877
144,0.4900019721639873,0.3269561725664185
145,0.47513478542237675,0.2673199693426997
138,0.2979072261776103,0.083699044309701
66,-0.45628630162850115,0.023067973547905598
67,-0.4972387282123772,0.04063605476335203
69,-0.29703253927406004,-0.09114741345477413
70,-0.1744626364443366,-0.14020824740255758
125,0.3866823959493672,-0.042296551621848935
135,0.34220806388130287,-0.12505390551443005
140,0.2297490397229148,-0.19259990253731601
73,0.2572272231457801,0.8052160227157709
74,0.20931365433949703,0.8888262806038798
75,0.13429483249187282,0.8830027016584919
121,0.5755906879500271,0.4981355827425407
148,0.5173667358062545,0.5621730847030577
41,-0.07958582388099154,-0.17318670571477743
42,0.032486011677471074,-0.2108537112952387
43,0.10114916346801622,-0.11829535911293791
44,-0.1563732990911225,-0.3075011689151184
45,-0.20796588246726463,-0.2134694231965866
46,-0.05465973167036273,-0.3194130893846874
47,0.09205191706754853,-0.30312869597550063
48,0.1732980445501969,-0.20534899341524393
49,0.20146011575800524,-0.11521340679341228
50,-0.23682729165854957,-0.3283507362718058
51,-0.2662720315285054,-0.4400550033251871
52,-0.3448071820602419,-0.17162332752869996
86,-0.10505729898939872,-0.4490676366542071
92,0.01010315440649281,-0.39800498226048764
93,0.22703415447850547,-0.3061264649724281
94,0.23498561078678268,-0.3712309483693279
95,0.12139473812489403,-0.40359356916494393
96,0.30555518022896627,-0.2195712718903966
97,0.2809840023053026,-0.08085997675249383
98,0.29618780739606215,-0.1781386559991153
99,0.3212703400621792,-0.2935889372130872
100,-0.40486627754490595,-0.27023470292056834
88,-0.26824721762109005,-0.5813768823972791
101,-0.432605505272916,-0.4170967134010965
104,-0.45491852429394325,-0.12959712972296691
53,-0.6368461365480232,-0.22197931760292036
54,-0.5336316556112383,-0.38916343853257723
55,-0.7129804774957218,-0.31975582793080004
56,-0.5777713161766733,-0.06829312989394988
57,-0.37237229043479575,-0.3556435253266782
58,-0.4656309720414042,-0.332333557587112
62,-0.7246158080687947,-0.4002700867129455
63,-0.7726836582663462,-0.2451723962594945
64,-0.5963013309241253,-0.39419454821698574
65,-0.7089579422787633,-0.14845573502195417
68,-0.43079610767790955,-0.09348891413454605
59,-0.3553852773342864,-0.22623780432004237
60,-0.23415317936620766,-0.307323579357078
61,-0.47799460475644295,-0.2180777032859107
71,-0.149192202755662,-0.47324064017589407
72,-0.1809062543318832,-0.438849854627301
149,-0.675778627531498,-0.2974570536696168
151,-0.7633569831872437,-0.14192643793868345
150,-0.6064522671474103,-0.26841316461133286
81,-0.14010122175115214,-0.5613935310585099
82,-0.09177967960332091,-0.6103269673254247
87,-0.031075852387943675,-0.48826508585141026
89,-0.019066620321611768,-0.5459092698375165
79,-0.10632429867355504,-0.702849615762028
80,-0.10797221999904304,-0.8334416630651494
83,-0.2095010214144884,-0.9184643768345693
84,-0.3127930231329543,-0.8536042666260324
85,-0.3535529212791953,-0.9539568906678184
90,-0.31038605641946365,-0.7161604977446918
91,-0.2987199120795704,-1.0
108,0.10025096882369346,-0.4956095954924688
105,0.35914111595803705,-0.3433764133096405
106,0.338418370911538,-0.278740458894348
107,0.1936841425295971,-0.39597411187348736
136,0.4171970857984054,-0.15900097198782967
137,0.3645094868599861,-0.011872439146092487
102,-0.5455832803488828,-0.22041469846107317
103,-0.524345287818109,-0.13297329605683925
152,-0.6407817362064738,-0.059814695069868404
116,-0.5345163159316508,0.021719971969099822
139,0.4300093977891212,-0.22346595518184514
141,0.21365374138468396,-0.5340386440900313
112,-0.2241632228990745,0.6882678142933465
115,-0.6207931760788209,0.374756494570897
117,0.822771092339734,0.17725086014103678
118,0.8194276958858764,0.3465200687289513
119,0.7371690802459052,0.025044593258293096
120,0.7210807935199954,0.4746187157605462
122,0.5831093558055819,-0.09233525155566051
123,0.6320510108097469,-0.18906470243858992
124,0.6883872333429052,-0.2300903975332086
127,0.76165880406068,-0.19921316458893054
128,0.7756352836266236,-0.14769250583865318
131,0.49279140582050085,-0.12143694385394717
126,0.7354901533140734,-0.051943532575360336
129,0.6815491840255854,0.06851416001520365
130,0.5651024099178293,0.011796508179722302
132,0.5663149969754289,0.16467359893429945
133,0.6117925537070724,-0.011957495024189775
134,0.4676468474813075,-0.0706805890940283
147,0.6110594976168621,0.2730779830767358
158,0.6546520321859552,0.14366937604967686
159,0.5810922689741919,0.07979521605300494
142,0.5644326725658411,-0.11492167780355478
146,0.58051412887324,0.23459144051854533
153,-0.7844343420682046,-0.03341996453329008
157,-0.5911857146930226,0.4355199292315513
