0,-0.40451175294520725,0.18183931213331292
1,-0.49128002195104054,0.13242788387221874
2,-0.5559837651095026,0.1972074806908235
3,-0.39435680731599126,0.05890920812192825
4,-0.47147218406339125,0.2812984171649776
5,-0.32738441085588627,0.2983472738467209
6,-0.2639772828890743,0.20152131889239797
7,-0.2618886059978526,0.10084025384616863
8,-0.6478091483608477,0.11132494112269224
9,-0.38446973219529756,0.09963703790511147
10,-0.6261456384005308,0.27650209848694013
11,-0.31264492748261835,-0.03040335089690329
12,-0.3891362521698643,-0.04624742767799057
17,-0.4655126058292216,0.39853568317182003
18,-0.5917021948239851,0.3589744127158669
19,-0.14245784021955585,0.22450274440216403
20,-0.40648098188518317,0.42437911551158247
21,-0.14346924216798532,0.1235673113004054
22,-0.2027140265832697,-0.01514840731314472
13,-0.7628723266508763,0.010724006262254213
14,-0.5554144146870222,0.06948640231805658
15,-0.26171207296650023,0.24987586738078318
16,-0.4459773199887654,-0.05607261553562486
27,-0.30063413918499843,-0.1677903726852668
28,-0.5616411851827039,-0.06522308700776944
29,-0.39696161870492785,-0.18276566550932066
117,-0.7911053919270449,-0.16697693875513622
39,-0.14137839932978977,0.38801029543687066
56,-0.10236713344293756,0.2935475960947558
57,-0.29119636556888284,0.3964585797168496
58,-0.252957473097969,0.37540433659997297
108,-0.21514862671702065,0.29553346055552304
185,-0.4841759276320572,-0.1947831643172325
23,-0.47320268086124634,0.5577979209217876
24,-0.5335611503643599,0.5234246715963138
25,-0.5491515407684233,0.48281191894896147
26,-0.6167302687777344,0.4542595318273968
30,-0.017801601968288665,0.31194016254016654
31,0.04824853592867635,0.19193830320654962
32,0.015562961945753162,0.10848062866496679
33,-0.07765033257893891,-0.025277444123093636
34,-0.20389087434394818,-0.1723921498191289
76,-0.440965670471761,0.6844105987532958
96,-0.18542508649273232,-0.29656725253262234
97,-0.29437537982439216,-0.3080422471660911
119,-0.6599813341841715,-0.19200664094047526
183,-0.4589028698409956,-0.31542955629897385
43,0.06839398679886197,0.4707775947014286
114,0.2024382285954419,0.19457171263532802
139,0.16808501310541313,0.18355440653390728
140,0.2111634536952164,0.10033481608115236
143,-0.1130781669742959,-0.17980300407409347
35,-0.04759411819743087,0.5102457232779882
36,0.08272116554598385,0.5527380055328467
37,0.03844492584228375,0.6427540771672481
38,0.10900262284267256,0.46840298442941325
40,-0.011095424106885484,0.4149380009302425
41,-0.059454258104167726,0.5842117069097477
42,-0.17415187320863257,0.6105834953602104
44,0.1928401991057293,0.6324366169992949
45,0.13127049830856194,0.6549125887072843
46,0.2218522986981964,0.5355997492376129
47,0.02899300065630115,0.8053682357851021
48,0.13187185936284146,0.7570849354067272
49,0.0008620302845391066,0.7023186761462379
50,0.07921628672665829,0.7916890157154057
52,0.13826731584579188,0.3683286916583622
53,0.23886238743187926,0.4376605852654957
59,0.08097782939051296,0.2999113859606811
60,-0.15089626029922615,0.7206711055245203
61,-0.11925751597343809,0.6883058627005958
62,-0.06990805316181954,0.7091429004754867
63,-0.30874651199335124,0.7013277985058618
51,0.24330315038211997,0.615983887495031
54,0.34080875591365084,0.5719951102237559
55,0.34271715370095024,0.4455352661093172
64,0.14970226547173543,0.8994776226404366
65,0.06500287149449871,0.9427577272639147
66,-0.04003659096565591,0.8506361760655654
67,-0.1287669157017744,0.8549809744737148
68,-0.0914284486283698,0.8269384083074836
69,0.37946526455153473,0.7119510685571765
70,0.3178869830102017,0.7676367450918162
71,0.1723612495318956,0.23821961076997944
72,0.2370181598274814,0.31364445808098224
73,0.45235324710346236,0.6523546916817794
74,0.3130558431169576,0.30785164168701584
75,0.44357255860338596,0.35564340397517685
106,-0.014015918854671624,0.14690274909098766
107,-0.10112974010252661,0.2288379309200205
109,0.10279796812122409,0.13907122407186542
179,-0.09645809380005571,0.9747037772461121
180,0.4440765395906064,0.838853285919793
115,0.2714226219050662,0.11292985067205623
116,0.3122439644006288,0.20743433573177864
144,0.4341931033461642,0.25212799283715315
161,0.5883815726289153,0.2894440778154076
162,0.5409079915705877,0.2498379146473457
77,-0.11080289596531047,-0.5421047263746306
78,-0.08104715455824522,-0.6771110104435621
79,-0.18252383729808966,-0.6046657550918364
80,0.0017572460670494483,-0.6362401635453866
81,-0.22341231506769077,-0.47656280057148515
82,-0.1815910987278869,-0.44742976066727874
83,-0.07706397516118757,-0.4232451547821886
84,0.06666051222559123,-0.7088127472859668
85,-0.29845829773763227,-0.5749470482193901
86,-0.24274342507185173,-0.5694133677557082
87,-0.2528160187608822,-0.7006585406631083
88,0.03891387672930917,-0.5176200469691321
89,0.15174075230338407,-0.7101206766045911
92,-0.43074861653876156,-0.4764531381321555
93,-0.39705470935806947,-0.5156501826290176
94,-0.4123348356759128,-0.5623186704337777
95,-0.16225506339262105,-0.3431541573877837
98,0.08105141241066763,-0.41485587889887776
90,0.1552913766149962,-0.6100932045736078
91,0.12346404969354044,-0.7732730353736494
99,-0.5068927684523235,-0.5477168005744921
100,-0.34152658111030326,-0.6079081352709662
101,-0.3395636630483585,-0.4462853789674994
102,-0.17119905949937037,-0.826187875372603
103,0.17698085175349546,-0.4941257418377185
104,0.29842102212757066,-0.5643315197537491
105,-0.00439152504921404,-0.8671736842249441
170,-0.5820347998044635,-0.48575028404675874
168,0.21759344322579421,-0.3444231446570434
188,0.19998232724904466,-0.4201655431775148
187,-0.6290632284332699,-0.38059401014229266
172,-0.3922883957527831,-0.7004131765632814
175,-0.3871253391579052,-0.4386396483862518
176,-0.3026186817919524,-0.7667700590521439
178,-0.09671389797894728,-0.9288126601686949
166,0.3602653633535756,-0.41683457311111816
177,-0.04729198253409226,-1.0
110,0.06531472819670772,-0.004334284507140257
111,-0.01768575169251209,0.029085855945275196
112,-0.10061027542983272,0.12223023007161393
113,0.21845063264849293,0.03957083221770569
120,0.16221703080038594,-0.1200590943777378
122,0.08643025223785415,-0.18953157093896572
125,0.0755707963679685,-0.09844835289980042
123,0.2867474431090667,-0.09576625899429417
142,0.29275651447484896,-0.012322313457474691
145,0.4474710345268353,0.13634482434384954
118,-0.7249076028513333,-0.35035572554584604
169,-0.7283390799610561,-0.4784140637947892
121,0.26336225757909903,-0.21923282883366668
124,0.15723885654904857,-0.23748181113955782
126,0.3830501462657878,-0.23191581984392637
127,0.24856348720241744,-0.29020775355816086
128,0.4373472695743707,-0.3177161308963225
129,-0.05565584118553602,-0.30083900055767776
130,0.4566684296421803,-0.39751014750256614
131,0.6276245664832665,-0.29961578891038854
132,0.5550073960289089,-0.4210347373431248
133,0.6100242957290593,-0.38466749379051146
134,-0.21552757923129004,-0.3196350789871559
135,-0.23736467340655365,-0.3931231401692395
136,0.5091469171633486,-0.3455462979498089
137,0.531951315307088,-0.48206313340556106
138,0.7792222088751949,-0.21331329029257598
184,-0.3749721937964916,-0.30744567734779116
186,-0.3861959763045686,-0.37827829316770806
174,-0.34679435416702353,-0.5380014015573626
159,0.6051077031437933,-0.2173719131597219
163,0.6598382234119637,-0.3232409052375065
164,0.4295596912752544,-0.23752742604163105
165,0.6309573356506725,-0.44832773826262606
153,0.7763463825651524,-0.068240536237858
141,0.36407557527656137,0.022213358892662006
146,0.4246611144364922,-0.08221040102908302
147,0.37855881878744263,-0.1504032003425359
148,0.29730598342450604,-0.1718910897471376
155,0.5333943127070452,0.022472214941379225
151,0.5677255102748661,-0.07852239382207951
167,0.31133507661953164,-0.2780265496650117
181,0.3144207972318123,-0.3302780921266619
182,0.43796047015742895,-0.2764636868161705
149,0.7090857300241823,-0.05875864526708484
150,0.6614909883825262,0.03161430808966916
152,0.6391788491837891,-0.07102829575247988
154,0.6931005027467887,-0.1630408161556215
156,0.6376055249048362,0.12958877529172588
157,0.7630576006790273,0.07675153616847658
158,0.6759016542866755,0.1900425925776383
160,0.7807547166558635,0.16967636041152465
171,-0.3509362695600479,-0.8654960208856807
173,-0.2209079783340778,-0.9836514393038835
