0,0.18935834802635823,0.8132250691592883
1,0.040896348444766986,0.7362346383785436
2,0.12873733407759153,0.7309733978571158
3,0.1590221460665173,0.6646584067761631
4,0.2834907828216885,0.7142413815180523
5,-0.04610465325799507,0.6378292901656457
6,-0.0027533670556465616,0.5915814799753192
7,0.31833280140658216,0.6955090112683501
8,0.3102544433365331,0.5992588157947943
13,0.44140248741190635,0.5896327367682379
14,0.39414047002149283,0.5808112545927128
9,-0.11145283571130107,0.457313072563252
10,-0.14417284828234897,0.6230784373162437
11,-0.018527015650686696,0.43946688297596
12,-0.10442454337790022,0.7482738964118058
16,0.42629639092379945,0.4622975836173701
29,-0.06428782109255793,0.31755439045950173
39,-0.1567360519921095,0.5173466605028804
40,-0.18298317159025207,0.300488166056491
25,0.06430311238241608,0.3194400690442467
31,-0.0360297420846194,0.5056486454695247
15,0.5648079845504452,0.5247390182954447
17,0.46887069928004144,0.4058772327568773
36,0.5485922980737766,0.46079227158760083
159,0.7220077347265093,0.5594599776301826
160,0.6097159781566907,0.6233222632440256
161,0.6885324170487983,0.6174779170773297
162,0.6892125185428882,0.458974042061527
163,0.5628617435994836,0.3714384952771462
164,0.4039290761736461,0.2629300148478408
23,0.39864288737287346,0.3864535525192012
37,0.47512813888472016,0.257521124079716
18,0.2703732602368072,0.39848689077817784
19,0.18002211477569244,0.3129969169754037
20,0.11784712139514324,0.4192554809211872
21,0.23653470356122633,0.5713340162661825
22,0.28596409307357495,0.49878005446794765
24,0.37972196153861065,0.27961271866386883
26,0.20945027722975254,0.22986144544147158
27,0.29141318009501516,0.20315246776162502
28,0.15308458013501694,0.15747149315709072
32,0.11801502316258491,0.543520087952802
38,0.5166620513050197,0.1630888160165373
30,0.009305726476437065,0.20135067602466486
33,0.32299561200793425,0.09556283215748271
34,0.4516389088881468,0.1312048582197093
35,0.029590161454928217,0.08780679617203155
41,-0.1138526338804448,0.17082044371582938
42,-0.054723002004885384,0.08296768545654129
43,-0.24875746310394758,0.47423204470486147
44,0.4641399259782417,-0.06536607643272731
45,0.49059900392655753,0.006591246838304161
46,0.6232450714933767,0.12771532617240375
47,-0.07679145810992458,-0.056192007105599025
48,-0.14394715732556762,0.037751014112343786
152,0.43373197703773436,0.06932582859500548
145,0.5886596434015715,0.030904315103561182
62,-0.23536290792034553,0.1232386230033593
63,-0.30241810259942076,0.2642846849067971
64,-0.13242563487834988,0.010603208520830841
68,-0.01989169889178975,-0.06197394162206893
61,-0.37052031553171233,0.3155786437947723
100,0.5637248174727745,-0.25223063670472695
105,0.5475542974561568,-0.17965852603786947
106,0.5928613482507796,-0.1367493232658884
140,0.7224804503665885,0.013033902165866402
71,0.0037841154504133926,-0.21869077405664705
72,-0.03850631614977027,-0.26129181478712143
73,-0.13618872127831355,-0.15665400202542712
74,-0.27238241863840434,-0.03145049023298482
75,-0.30871226365063176,0.11895125412184104
49,-0.9604030391219661,-0.07357355988468026
50,-0.7664788691456454,-0.05835435657244486
51,-1.0,-0.19978909557540978
52,-0.5891935084380129,-0.07567419526483567
56,-0.839313835982997,-0.17657184657281375
53,-0.6772826768170004,-0.19268212355590342
54,-0.5709612300539947,-0.22388859634911765
55,-0.45320559110265735,0.06269743464912353
57,-0.6006961927864217,-0.3270953442143021
58,-0.7347535717716294,-0.266839204982998
59,-0.43854907573677215,-0.30655144806067464
60,-0.3252290868057211,0.04010862451021034
119,-0.8667750130644286,-0.1193307725520436
122,-0.8617901120083654,0.0034528494138560952
112,-0.5485111131973196,-0.43573709395507465
113,-0.6373557390307913,-0.46900218781914293
83,-0.3505440840308279,-0.29624783424920254
114,-0.4712829833975567,-0.4391865477572423
115,-0.3855437274240124,-0.39550927262309715
118,-0.25620249112033516,-0.33441495507980695
65,-0.20659510012074958,-0.06917882360584961
66,-0.4010344007759233,0.18163616088542275
67,-0.45551989251229813,0.36446895532251294
69,-0.03751083249747991,-0.13316054524473336
76,-0.10771030934446267,-0.22189341970192739
77,-0.26035179335551184,-0.2088414667092815
78,-0.1966153854388868,-0.19479002509082538
80,-0.581385077169568,0.2454137192789008
81,-0.5447976720465171,0.291434291236519
125,-0.5884017961695388,0.44610526347774204
126,-0.5384806736655285,0.337532005690331
70,0.06111704396326452,-0.2067588947032227
79,0.08787027931544826,-0.2727935707719817
89,0.11328237503237418,-0.36459081958853173
90,0.05885305154136284,-0.42187332051693394
104,-0.05569636555333735,-0.35131711426574525
135,-0.47139977073110956,0.0030238926886178817
136,-0.4194971417380133,0.0668923920136571
130,-0.47889780437687823,0.1680747206181108
131,-0.4264881094710024,0.24858947151616803
82,-0.03129937509802603,-0.38901437861038823
84,-0.1787851616341165,-0.31666535410362484
85,-0.05123222230185919,-0.22528944066931023
86,0.08689755259219167,-0.4394643892036746
87,0.22785218524196102,-0.20164852300767147
88,0.270718357787552,-0.30969957145222393
124,-0.7718198085834048,0.15518447398908367
127,-0.6656649637095925,0.3740801362161843
129,-0.7196586078394851,0.34352341463481767
132,-0.6794410803797369,0.203570261673744
154,-0.10112475431133723,-0.5662455164951788
120,-0.27327999892847327,-0.4740671048604623
121,-0.137396864119175,-0.39155513805106146
155,-0.19478485869894457,-0.4984026945751454
149,0.17141225797587012,-0.11331397067685599
102,0.11549912104871309,-0.5343306605714708
108,0.14679306243970258,-0.6052046338001026
142,0.34586652930617784,-0.19571606367283145
143,0.3176572589299801,-0.07689043003226745
109,0.32497046526487433,-0.4814831411782855
147,0.44634119896906393,-0.3672106667312261
94,0.22889392388510255,-0.5086698641826244
98,0.17581441520621735,-0.4248705606740587
110,0.033027282451378794,-0.6068242809012101
91,0.36905730976743406,-0.5681544857526887
92,0.3503362194656159,-0.4402523487415952
93,0.49442820891153005,-0.4414561203407818
95,0.41428249239197923,-0.4995229908752513
96,0.27445953204231593,-0.650089666193701
97,0.4184433214889942,-0.7076210651597747
99,0.5002995568729295,-0.3271344203295677
101,0.569591434910566,-0.37350032400877675
103,0.17626489642085963,-0.6760318436547199
107,0.36715164990820753,-0.6539694281344617
111,0.08327470410141785,-0.7192106766652707
116,-0.7176006780071761,-0.6008376946522844
117,-0.5757192362962633,-0.5712063669498999
123,-0.8924935574396848,0.07154092599021505
156,-0.2535344836733265,-0.6297141727680263
157,-0.17753120519754093,-0.5780383603886493
128,-0.6905503527176226,0.266845135601762
133,-0.6477518143318404,0.08312406502651315
134,-0.5880162219975563,0.1189655758425468
137,0.6658653240692224,-0.1458055220276614
138,0.49004691549561197,-0.1275316398323987
139,0.5308837397261319,-0.25299014655546115
141,0.7105294457138813,-0.26579529994170714
144,0.4150944568087798,-0.06297160080391842
146,0.6822899862149707,-0.3659674647369908
148,0.5830315525956851,-0.3841485668222012
150,0.2528598736094304,-0.030617997015848965
151,0.2734096261896381,0.066204049990997
153,0.6023761706977636,-0.4938586137834711
158,-0.15468689052646406,-0.7069035613802649
