0,0.5277271573676207,0.5505777614163778
1,0.4494334319761058,0.6001114412716883
2,0.3758562977187225,0.4369132602804322
3,0.4718432952288758,0.7564930598919809
4,0.21168123494880567,0.31381465740293707
5,0.39559241763252206,0.28510954376858577
6,0.50972278774102,0.4098422416206205
7,0.3540685450368854,0.8601098591008565
8,-0.062244633104238944,0.2945451914629726
9,0.3174168657032664,0.15718193726830132
10,0.24990238759914948,0.27242937808348644
11,0.5845052112483248,0.1765622703411859
12,0.4618946923770644,0.18814709194480858
13,0.23510708528628685,0.8133737445118999
14,0.2585452194552276,0.9625848753831691
15,0.18094145867668754,0.8338888163308852
39,-0.2881386495059782,0.34345569589584063
41,-0.15938252304589406,0.40335668925663976
44,-0.28507958486239265,0.25449677358034534
57,0.06365764699313456,0.317400362703545
28,0.4749613123066806,0.04611504491020601
114,0.3297434187534623,-0.03221467522230504
117,0.2578591929308032,0.08678270853881874
122,0.1768649839565945,0.20329760486409243
21,0.7680836692881717,0.1641092824750923
24,0.6679412774273004,0.05903572389344078
146,0.5829036234106347,0.21653845314726725
148,0.5419613665782984,0.08875835672840224
149,0.5335734858845667,0.24703976448507867
62,0.11279035401941533,0.8841142668856218
63,0.08726680721094388,0.7056685365850445
65,0.029530364984350712,0.731027614773243
16,0.9742266452490823,-0.057607637337096076
17,1.0,0.00109585094081065
18,0.8363388538271009,0.05098547234483806
19,0.923590640178631,0.06254568411080846
20,0.9604235365081243,-0.153158640156209
22,0.9141261109905211,0.18722596975246641
23,0.769270091090907,-0.0645563344882794
25,0.8623391380607947,-0.3179937223662307
26,0.614402060732917,-0.08022164835909745
27,0.6834978279489183,-0.1980411073298652
29,0.6711411587867248,-0.3675465460295058
102,0.5308678797163144,-0.22176351104718212
104,0.6547252490590452,-0.25520460479208606
96,0.598972378909691,-0.3732093906171452
134,0.46699306876354985,-0.2882189079172032
30,-0.6124747294016336,0.3581928400667396
31,-0.6855859445068471,0.14988055088814253
32,-0.45005909640309233,0.3931400757207733
33,-0.45230684893092316,0.4542846309669868
34,-0.5844016608811037,0.0023817621863535103
35,-0.6367141905575252,-0.030365939605222027
40,-0.3698957364855727,0.5012353412394548
36,-0.4829758467512625,-0.12331241158101408
37,-0.420971509527936,-0.0386560825627535
38,-0.4742834730718423,-0.019535336581582775
45,-0.49770631406781185,-0.29566467451112555
46,-0.5648262295913549,-0.26920424237286844
47,-0.3332013857209456,0.007596810828410995
48,-0.2947157022316345,0.06780042710234487
49,-0.2815611156767359,-0.05451992682540371
42,-0.4834365385062765,0.2693846169640287
43,-0.40279864031655166,0.36353431029136046
56,-0.021851667072260474,0.4662912938404656
58,-0.5023640049669932,0.20489626692176457
59,-0.6740846281360148,0.2842610524799164
60,-0.6491063576822423,0.13853531855851017
61,-0.6636501948903242,0.20250468600743018
50,-0.4207581811700743,-0.3750184470158952
51,-0.4662146053933988,-0.4498399447569333
52,-0.591485225441811,-0.4176491255787888
53,-0.5441153196494777,-0.42424705442309063
54,-0.18008952478548426,0.10721503585936953
55,-0.3199398917684672,-0.24092199060685277
72,-0.2830524929921204,-0.4103482765962401
73,-0.5306893397742789,-0.5298850634523697
77,-0.3887340198420583,-0.5564869739892931
78,-0.6089793797476842,-0.6211013610459205
79,-0.6940717131139292,-0.47066748023103333
80,-0.41606519041605244,-0.5978448132980768
83,-0.7324182921750851,-0.3403297939379875
70,-0.12632973852191245,0.29816236408516833
113,-0.033366295794358035,0.15249752215170095
123,0.06747750381252669,0.4252533219101162
124,-0.011356938831053152,0.6067541808617493
126,0.05741916309995858,0.22297274503601575
155,-0.8193517009314651,0.13554333963447235
156,-0.7811336539177461,0.040078479704474604
158,-0.7796762985669495,-0.019927083902376633
64,-0.008198804107754618,0.8881657910145422
66,-0.03273357133770134,0.5281520166728403
67,-0.0714078443816999,0.6865714526262823
68,-0.06794869045349046,0.8505423265148571
69,-0.15502300987207254,0.4820915778694816
71,-0.11308721517253989,0.55962983084298
108,-0.3061695246440918,0.5792016909395722
109,-0.2603594338574933,0.4250042812085327
112,-0.03996834326253805,0.340161613438768
107,-0.2647703307017262,0.7290431023861421
125,0.09193699341616027,0.5818661970681388
74,-0.15838622472960331,-0.590579758454496
75,-0.16425299216525988,-0.42809235418285757
76,-0.22569060729272716,-0.5232277679023483
81,-0.6740252832911144,-0.6265564350567085
82,-0.7040436357662353,-0.5723174524136968
119,0.035736724228630654,-0.5553925250207356
131,-0.05982207577117107,-0.5217471663097668
138,-0.14553427073777608,-0.8154762932893013
139,-0.2382181693208775,-0.7731896766596357
121,-0.014057171454974985,-0.437066399492467
84,-0.26915039237703065,-0.6791586980667812
85,-0.20716608120886873,-0.6350506534767442
152,-0.7942921507594023,-0.15827446532219747
153,-0.8182310023303416,-0.2079641260729388
154,-0.8814245272367409,-0.2723168616918185
91,-0.027194850065682438,-0.682848680339084
92,-0.03210248119765257,-0.5899337386237603
100,-0.03476523446438935,-0.6500203772817158
151,-0.13017261773774597,-0.7750516872783166
86,0.19318169412184666,-0.5634256330677806
87,0.3668387623584285,-0.6402627073231749
88,0.19199532381513065,-0.7081320220133639
89,0.29522998979477216,-0.385190502777162
90,0.1987786322117654,-0.3981262957547489
93,0.11604176115695011,-0.555520003359632
94,0.4970503053876022,-0.49519230283724797
95,0.43405328267460996,-0.3343808943157536
97,0.246538550044645,-0.21068281626918078
98,0.13760955672646175,-0.32537703562473214
99,0.08589305822488076,-0.48566923299740794
101,0.10800719992746881,-0.6479911214909055
103,0.36639757429958986,-0.16479078594715826
115,0.20935443777666526,-0.06095392083680268
116,0.12602270560832302,-0.19494419180623213
120,0.21327421559098422,-0.5170006181749381
136,0.03738258940717066,-0.7934695615656475
137,0.15741879817566762,-0.8177593062749667
105,-0.4375435640048516,0.7473710519030241
106,-0.4153488003020379,0.5743760064394975
110,-0.3313098771700948,0.8962386354297716
111,-0.2148988925217279,0.8807026536008661
127,-0.05508881817849056,0.7998245646330683
128,-0.13414719246489687,0.7713007437517918
118,0.0919902491192009,0.09805238058809698
129,0.08727451965505754,0.027200736216966354
130,0.12710894262401395,-0.43707366781293333
132,0.25951383992748817,-0.32396238843012454
133,0.2890127905519501,-0.7036982045651675
135,0.17741162757562443,-0.13338552779703855
141,0.2869324671747155,0.013069641538925385
142,0.24825406456982055,-0.033997416887878114
144,0.15209090595530575,-0.03906771727659725
140,0.43947634000545027,-0.07285696335935776
143,0.33684761253535117,-0.12083405149675851
145,0.0004813648419748967,-0.9114050767592464
147,0.455607344467299,0.07841751043870472
150,0.5868477916167892,-0.022769097542343325
157,-0.8966002249739263,-0.06666883454370325
