0,0.23224052664714306,0.24469072580283804
1,0.32120533445258337,0.2683968395978952
2,0.19050810937332047,0.1802959299702215
3,0.1932240878854975,0.3688126598020325
4,0.19206715022036955,0.4900487847333542
5,0.2309323787121805,0.02385722605873492
6,0.1405092760190363,0.5337291907643862
7,0.3602132507064272,0.17436177280894602
8,0.3230192559723268,0.0857046617892677
9,0.13245117423467248,0.28675629209532827
10,0.4057989327390054,0.20184227056686965
11,0.38044748338947737,0.10846454799619429
12,0.024388608936508356,0.06771538457404201
13,0.004546429336926059,0.5006718684189204
14,-0.04355030732883748,0.6052092028964875
15,0.1071054226284435,-0.18746596077095742
16,0.10331036721140714,0.03927753678782815
17,0.12098924980470206,-0.050948159438061004
18,0.18893895212434922,-0.17876516868653433
19,-0.005115775525084037,-0.11953315127845245
20,0.46356985543173357,-0.04859188416891649
21,0.4956793793422464,-0.017212580929614387
22,0.38294999409843916,-0.11590334226311035
23,0.3139837597144204,-0.10177435805719198
24,-0.14542286344933647,0.28050133262273863
25,0.07664886034200609,0.2902284877799143
26,0.27520032838573305,0.35962654650087106
27,0.03598336070121433,0.396804264710812
28,0.34171065084067354,0.46157971735944386
29,0.27426070806301794,0.1429713984739319
30,0.4655476152715394,0.3577284511080697
31,0.5741849418970318,0.21892955893363575
32,-0.057459954331739165,0.0715844733725242
33,-0.17911306884102776,0.43885874871690284
34,-0.18428664586912938,0.6129745137197842
35,-0.12504235215662982,0.658735162440555
36,0.3557730155550243,-0.2169045909247454
38,0.17646097813737474,-0.314631217435295
50,-0.12641718757134152,-0.15618434861058716
55,-0.09074687678720278,-0.34988909452300593
59,0.03431794775456226,-0.33164573225361077
64,0.24314099839002587,-0.29284536591631005
65,0.10899311263984791,-0.14770325601045242
37,0.519019274481702,-0.2646560088792163
39,-0.2481187676646944,0.1347833310667585
40,-0.23052678482165098,0.21965739949942464
41,-0.3035339341942984,0.2844014878651824
42,-0.21858927016793228,0.08983325365104515
43,-0.07872203482563195,0.2841337062951317
44,-0.21729348323019856,0.47322638197697864
45,-0.33729294801328563,0.43786789880244686
46,0.2518526731528497,0.5471190261366412
47,0.25451011582270516,0.450972882391541
48,0.4555495408977903,0.5316781795207236
51,-0.10044512036313717,0.024842231436749202
118,0.6593945211523001,0.43347520213177326
77,0.04332580052366612,-0.19623600147651973
83,-0.09741448907401576,-0.12411680572865925
101,-0.36929833160616315,0.28981483422563115
108,-0.3372128778339005,0.6186846714737647
89,0.5157435590892171,-0.4571409302847904
90,0.668217190392372,-0.3353751704597374
91,0.624992440154564,-0.4593133149038273
93,0.25886904746202577,-0.46175154147576186
95,0.6999986184727406,-0.3781805485496376
96,0.45287180767049195,-0.3892199394597001
49,-0.2973716990066521,-0.051932822347707665
53,-0.472215587639842,0.04283025371772828
60,-0.5131420196617239,0.18676974842904154
102,-0.4047072799445868,0.08743519290158457
103,-0.43193435959000803,0.39639478862030864
104,-0.4998462974325698,0.24791463128212213
105,-0.5406266793286548,0.4026227001010448
106,-0.4215205531556092,0.21193012199996675
107,-0.42111885228821583,0.024179442527898606
112,0.0630434935999969,0.530219705038055
114,0.18097292811060264,0.728045016424302
115,0.37029854893932174,0.735826033249909
123,0.6619470067461953,0.5542675393881945
52,-0.310557148066617,-0.2836902787414819
54,-0.5624547666569858,-0.06793832691491036
56,-0.5073937244617277,-0.4083295143221408
57,-0.4794902778920891,-0.48161920394192614
61,-0.696089946269699,0.07255743955156765
62,-0.7038070267658232,-0.08584949315455638
63,-0.6146257196777353,-0.24731475727921937
58,-0.25190292538453296,-0.5789036183226012
66,-0.7189292618859497,-0.3800264897249586
67,-0.6706648466102926,-0.44237858544039693
68,-0.6341500084908535,-0.5900011603015951
69,-0.46778992362458593,-0.6203298614789664
70,-0.7401189948593945,-0.5243797901844232
71,-0.3795806131300015,-0.6816085443608207
72,-0.740904409543602,-0.3324412945308655
73,-0.35049150138340335,-0.7774704068719639
74,-0.18669878607291138,-0.7928955840163928
75,-0.25995461700386235,-0.8245273215433703
109,-0.4720096397100221,-0.14992910657401246
76,0.08844004148265465,-0.323745136254814
78,0.2258983855285734,-0.392224042161905
79,0.29940316663120814,-0.4038578893722761
80,0.2999188844048907,-0.5608748807727105
84,-0.06294722115218972,-0.2606033741486005
119,-0.9442570953672234,-0.36540850780697876
121,-0.9440237641624496,-0.4623927747758141
122,-0.3666721396286061,-0.988779299367388
81,0.005506010690297247,-0.3972812590766509
82,0.1588338693971651,-0.43489194621744637
85,-0.04697392826866958,-0.3630045101146528
86,0.4511337605724808,-0.5121007822606206
87,0.4500347785342141,-0.5854105525507902
88,0.34129251237112296,-0.6705092439245828
97,0.06165212204694912,-0.5741236130961332
98,-0.23729490140829793,-0.3930253854912582
99,-0.15288989200225916,-0.5205053224610637
100,-0.24093504176350414,-0.2751978914985867
92,0.6411251627772787,-0.566661764077421
94,0.5521485629256154,-0.6626707319357986
110,-0.4044736276437292,-0.131613261085269
116,-0.3762678616917343,-0.3833132139987983
117,-0.45044081660432317,-0.2622304801219819
111,-0.587704548329127,0.011066962152365474
113,-0.6993908504806585,0.5406454271846676
120,-0.8493374896501859,0.6722683798169846
124,0.5836185635589104,0.7987846246852323
125,0.7707089891537806,0.6410088335405388
126,0.6937530450375924,0.6617991934835411
127,0.7968423387770079,0.81418476055119
128,0.7184705047504905,0.8658382284423491
129,0.663362867331435,0.9905434351436311
130,0.8562580877466739,1.0
