0,0.14102711048905595,0.3362055172943408
1,0.1642280416247357,0.1938088377010997
2,0.18985061739053433,0.3198198999470826
3,0.15809538899104938,0.43638676974782764
4,0.2451894421014985,0.3083893626929412
5,0.23114863226350255,0.18663079777336783
6,0.19772154674210726,0.0690789957331133
12,0.19976164729423201,0.5559876338532874
13,0.07399219149354415,0.48242556388848185
14,0.13390012968114948,0.5720047099136024
8,0.3265968041108656,0.2045294122079697
7,0.31138228591835654,0.13573762459856942
9,0.2004671386999779,-0.06847565598937973
10,0.10062254272617531,0.009493633060353295
11,0.2770395604751101,0.014498806435402377
15,0.3896356377437905,0.22635022166169494
16,0.42519803426818137,0.20318860697348673
17,0.3672735250826046,0.09238453975631872
18,0.45997281137723833,0.16347052601014267
19,0.17081945212920344,-0.19998351056469335
20,0.2965949686399454,-0.13220692275737148
21,0.31894980306496656,-0.04845152320047132
22,0.0854010717461945,-0.09972823595932964
23,-0.031100348017115535,-0.0336602473378132
24,0.010829129952146715,0.056680844438985786
86,0.3592785842547953,0.5101770180652154
87,0.3202956920629479,0.5100382232703247
88,0.22275140174186733,0.48831675501754823
136,-0.02797683559422013,0.43420474496788714
137,0.0641330838496251,0.5371087710123692
80,0.4494166004681615,0.33565276076333345
81,0.34015505577953925,0.38061454844019355
82,0.4114573562609565,0.36192395016940737
85,0.5338190380740061,0.32148982089802475
89,0.41958096341690104,0.045540140516967864
65,0.06010624958289154,-0.29967583978762957
66,0.17311533673862003,-0.35948221555899296
73,0.2556686773797156,-0.2542699599960801
101,0.4668808033733996,-0.09415613430958848
104,0.3321304077810521,-0.1929729028662623
106,0.41128432395273906,-0.09933186217883283
71,-0.018888765407040885,-0.16746984676267504
79,-0.13317131862631304,-0.06909170855158593
132,-0.0973502171746765,0.05288898005371155
133,-0.17900026677576997,0.041224868241392244
134,-0.08825247664987655,0.1544642408984965
135,-0.02192094156729049,0.14282584889498312
25,-0.29485189294225406,-0.03994475274911285
26,-0.40035699736147917,0.03845966683062269
27,-0.3483888960335111,0.1236402021704111
28,-0.29856367097706493,0.08596594563892027
29,-0.23700628887941602,0.05719275676190618
30,-0.2628881891108592,-0.10642792618382346
31,-0.2074006811681459,-0.18782866429659414
32,-0.35775053526876216,0.014394866161791958
33,-0.5034660483385817,0.08872261050792925
34,-0.45874114940881794,0.09496511301312073
35,-0.483348689908309,0.021070756324566783
36,-0.23739811371256725,0.2973365564387547
41,-0.18445707332779493,0.20472718670137147
42,-0.2542698460581856,-0.3109105291272941
43,-0.18463307255009573,-0.28485333293930876
44,-0.12004960680341059,-0.3109003366119132
45,-0.05941797559674193,-0.23767504512758098
37,-0.40341982311889235,0.2584710696656857
38,-0.5687271777877008,-0.016247628928443288
39,-0.5052356716695702,-0.07620585638878513
40,-0.5818451855010186,0.02994108657450982
46,-0.2958903722273812,0.35093674135529573
47,-0.259024564336859,0.2571511208534821
48,-0.1541856132355675,0.33376072578113675
49,-0.1705227816976368,0.4092166940485386
50,-0.11976554705630457,0.41057329661094455
51,-0.22317185750091884,0.44631021112899805
52,-0.38154409712947995,0.4186061858568351
53,-0.4220726463019073,0.37115117380475854
54,-0.361557027906313,0.2838549472829604
55,-0.5418562077826627,-0.1542108410532981
56,-0.41315841649155505,-0.1267644128080368
57,-0.45817779917673196,-0.22708828467490932
131,-0.18358764354425608,0.1539688921159028
141,-0.4087445669572419,-0.3873378474396755
143,-0.06560935452615607,-0.33973471278446515
144,-0.002803606578737868,-0.35017293668775545
150,-0.06620226194483896,-0.45169321159199083
151,0.05212031458936472,-0.38635806801584194
113,0.09584923317731808,-0.2860381635628972
128,-0.2803805337241575,0.16176627716034564
117,-0.4141791824550505,0.5086209181799054
118,-0.4045206205828126,0.5727764160382597
119,-0.4938305795156571,0.4687416255816916
120,-0.4813900879809624,0.5065940981660549
122,-0.5457335875318001,0.4205255896431202
124,-0.5115932186849317,0.32135421431722194
129,-0.43345809451592654,0.2109121276099083
140,-0.28519110034567297,-0.010296807257201631
70,-0.3714742198698335,-0.3758246440519353
58,-0.01981479855369541,-0.5617187660616001
59,-0.05770217450821504,-0.4191550915732479
60,0.05622274040512479,-0.47735754917211004
61,-0.0998330698559815,-0.4993617928122243
62,-0.12781322981262142,-0.5445122705116092
63,-0.18344567117493124,-0.5075665836001954
64,-0.21120576345775335,-0.42765765211895024
67,0.1758429785394301,-0.4996023165255458
69,-0.26838106038093634,-0.49273463980466364
68,-0.32885664096540396,-0.4736496990678439
72,0.1360670906655378,-0.44020673652700437
74,0.27283413302292464,-0.4990216398044958
75,0.18876833391219955,-0.596718578744387
76,-0.39300000403240276,-0.5153594932630632
77,-0.45483157387312667,-0.49046239858418095
78,-0.49597724604989807,-0.45364399033069325
111,0.3211749612145748,-0.3233254967642791
148,0.3734778375546021,-0.600465789861899
149,0.19288314997350653,-0.737421139850903
146,-0.48453890733836363,-0.6024452569752193
145,-0.5566111075222625,-0.5477355601941791
147,-0.24844590840334446,-0.04611026702893525
83,0.485735320531307,0.4691572233730388
84,0.4349380675283794,0.41773813211765587
90,0.587176205651982,0.28803955933749403
91,0.5029863447570846,0.38002991522725227
92,0.4763833991159273,0.30816313010191143
93,0.4207939572529444,0.48414398066931685
94,0.3163770633247469,0.42368196538606956
95,0.2654616347575724,0.5153096584523049
114,0.5214913378794389,-0.04419328575738922
109,0.6346033130060573,0.11175244283182056
110,0.5538133652449078,0.1528824990547126
116,0.5802966800439272,0.21201261409641284
138,0.12302465320877216,0.4643969637330616
96,0.5109432666834938,-0.23466360635720568
97,0.5251230090724103,-0.14660443130335404
98,0.5667772425185773,-0.26315838753944265
99,0.5994662488273497,-0.13939816750644093
100,0.41551929136527455,-0.2216404835234655
102,0.5999678787028636,-0.04858388618215385
103,0.5509327199227645,-0.009036473963722817
105,0.27593934111464324,-0.27244227270813115
107,0.49249479332602386,-0.18845324598905625
108,0.5693168052362674,0.0480093035007597
112,0.20857340400165877,-0.36463620237683164
115,0.5768649219783857,-0.15122064497908833
121,-0.49743978700027236,0.6198093583629373
123,-0.5969505205150307,0.5425392733710998
125,-0.6390309306531095,0.3819703345989777
126,-0.6559591810703125,0.5015895004609334
127,-0.7272734243161173,0.4847771925676647
130,-0.6596244143916827,0.2993314288145828
139,-0.3264043607601579,0.10266789456187791
152,-0.5957671013087799,0.20496685586594676
153,-0.4946149644875512,0.1464255150471965
142,-0.567300340845632,-0.45317527745106795
154,0.462220828217453,-0.7034052903070284
155,0.19926232455889842,-0.8717060988389536
156,0.5438981121550739,-0.8049009791518658
157,0.2097373446611295,-1.0
158,0.6191947897911351,-0.9057247775419044
