0,0.019090330053954236,0.04525905221429166
1,0.06736734638740076,0.1514068533165413
2,0.0900625051231755,0.03178952322837239
3,-0.001592626085369759,0.12676026696093848
4,-0.006356491744694795,-0.0736383693540077
5,0.04846391479275041,-0.034219788821466264
6,0.020559464969998876,0.24659661849580725
7,0.1511517186295673,0.13010956198284443
8,0.10842652639008772,0.24458860437229418
9,0.173187309472474,0.03289942264369189
10,0.037082107443790945,-0.011098351795345695
13,-0.052772331952700945,0.2530660015575744
17,0.035737520173161556,-0.16499765031725463
18,-0.05242873093527563,-0.16194612296155597
19,-0.13312859742076663,-0.1255028377193008
20,-0.09164535645038371,-0.055002145168813917
11,-0.033035273037079996,0.3669881425945434
12,0.07134625139580895,0.343350813558687
14,0.2532555165089181,0.18690239420532279
15,0.1814603235068827,0.22958053927872532
16,0.15938871222348963,0.337273087300068
21,0.2604806453433297,0.07152751843226035
22,0.3104371306029564,0.006521017965095195
23,0.24713074054653747,-0.004886559853730084
24,-0.072755751819173,0.01995988744056327
25,-0.11583305335448398,0.35417351056034163
26,-0.09943314937610648,0.46338011003257146
27,0.013662761618547015,0.4507433287267928
28,-0.018596703869742208,0.49527341028604743
29,0.15051171147284584,0.4253338637620423
30,0.3534028027614144,0.2504333538825633
31,0.3349397607462337,0.16026619477839457
49,0.05537289703512633,-0.23287861083020658
50,0.12917038532256675,-0.2391678700792031
52,-0.04808580091998872,-0.24414705588900723
53,0.0913473309513614,-0.28911807259258504
61,-0.13437678120772648,-0.24130094547893394
76,-0.19609545385560875,-0.20420618158346363
79,-0.2565005919505662,-0.13462570433908083
83,-0.2221781668118496,-0.07111033214878607
102,-0.16654977278517982,-0.004865720488289971
140,0.41801467828683425,-0.025232152007463423
141,0.43817889971269613,0.0028408409096572795
142,0.42147549326604106,0.047953504433569896
151,0.3730692948393344,0.06909446045640573
101,-0.19588742720677607,0.057564255469632744
32,-0.18441047869130434,0.43777445107562696
33,-0.11733342353966716,0.5545881507439738
34,-0.21018902443881615,0.5280322256242017
35,-0.06989409297592811,0.5840370312312622
36,-0.0039036402187883007,0.5829653815198237
37,0.0936011069404866,0.5142209538180049
38,0.07211350484874089,0.5843401405308659
117,0.46420408672096347,0.3191452599120121
118,0.4143575609388884,0.249568454954684
39,-0.32987693183424943,0.5539621904509187
40,-0.29516060995847665,0.6064912821754295
41,-0.2528707698217032,0.626014513024958
42,-0.03576349687420057,0.6859861288881312
43,0.04309859685058568,0.6999088397996099
44,0.12978675247572796,0.6863547340229392
68,-0.4500787536217767,0.5597472854094349
69,-0.4011436608557359,0.6372094353135165
47,-0.05054980632473696,0.8053186325530176
45,0.12736916934847206,0.7771401388801171
46,0.03275475384173974,0.8178006034984135
48,-0.00885154805625251,0.9103278894951181
51,0.16499372187786365,-0.3075024392450338
54,0.19848579317127205,-0.3711845096565665
59,-0.1121405770769153,-0.3050689328389052
60,-0.15764160120598678,-0.30600985671845277
62,-0.1043764954796903,-0.35217062830166485
55,0.0310548450853152,-0.38126629502360126
56,0.07672265483557901,-0.3953875352641568
57,0.14586935935673784,-0.380753271268213
58,0.22271537825384238,-0.5169845753277305
63,-0.07530160175185721,-0.40533451383429236
64,-0.0365531340632714,-0.47607596664598084
65,-0.008852285798093268,-0.44895066349094986
66,0.08939863763634373,-0.48674482157482146
67,0.13419205840045714,-0.4630142180959222
152,0.25113313018450045,-0.6210798542040581
153,0.19332188432408212,-0.6542943032961379
154,0.2943549039105388,-0.5971042289461028
72,-0.12335111029343131,-0.4162328997692425
73,-0.24927810833422315,-0.3820330312180605
74,-0.22354972585181,-0.4126568263892783
75,-0.17113737890447125,-0.41712355553494396
78,-0.2015258678532089,-0.38060820044369453
77,-0.13706530765581046,-0.509497643041159
70,-0.5586970028991459,0.5084326043821571
71,-0.6249883436672158,0.4092159242518909
85,-0.6344091968606043,0.29356743287123166
91,-0.7256294235829729,0.3206673205455144
92,-0.679690664002859,0.37610873532283595
93,-0.7230754008814413,0.3745444090919598
80,-0.29233794310049804,-0.23033153629895056
81,-0.2974966073876551,-0.47567402536658904
82,-0.23354728704285949,-0.5301654721236866
104,-0.3201577011459733,-0.10909737369224301
105,-0.35306898684813215,-0.051160957469442526
109,-0.345275467122436,-0.19735104698125783
122,-0.2363240578009036,-0.6557422261689723
98,-0.24792345168008884,0.0002552776566114889
100,-0.3047652069190353,-0.020176156022791443
84,-0.5929766388392479,0.2070212980202407
86,-0.7047258983655406,0.20211776534606102
87,-0.6186231651738495,0.1713843415430599
88,-0.6887829483554231,0.2578311816959137
89,-0.5295578217433662,0.11223486623880559
90,-0.6469184870111608,0.10702819747028298
94,-0.5522373250625789,0.07221770056844982
95,-0.5813550268665849,0.02345155862604014
96,-0.4765488890149055,-1.401511446432942e-05
97,-0.5606652946403032,-0.03082506584147098
159,-0.5952301304078343,-0.0724651830870746
107,-0.46683966113347575,-0.06675748685107517
161,-0.5506183316104513,-0.09780245239011222
106,-0.5328010157401202,-0.13715966030680296
160,-0.6510488538789956,-0.10713221658673643
99,-0.2675884324114859,0.06619427416986344
103,-0.4125402437249555,-0.08427963508487082
108,-0.43494403512724833,-0.17419711950963188
162,-0.45022594773987595,-0.268657287954222
110,0.665509360541992,0.37600033322195
111,0.5461970607615425,0.37062722328796166
112,0.5488028940931217,0.4093385379318918
113,0.5843165310340206,0.3218226542787323
114,0.7645127647184582,0.27725519678489724
115,0.7023242344576277,0.3235747122865797
116,0.676869699000515,0.280625523615675
119,0.755820051405599,0.15960683248862034
120,0.6919421400199004,0.17411937081354514
121,0.7105218055812503,0.2118703877138736
133,0.7782356405479302,0.07480960929035686
137,0.7289252716004077,0.08375035832566521
138,0.6564716004830022,0.08598171813049243
143,-0.2740829248704746,-0.7561839040845602
144,-0.17307902418000562,-0.7581518411865529
145,-0.2190841023810859,-0.7733484578263609
123,0.8398044243594642,-0.18590002918549361
124,0.8727860393618894,-0.1156862282205748
125,0.7487029960447892,-0.1512765052434764
126,0.8248409775870243,-0.08138783210892342
127,0.8712470962654516,-0.03375630727039132
128,0.8594289338645079,0.010984681811652304
129,0.6488974725298918,-0.0847920226455465
130,0.6769090625478155,-0.1821603145298954
131,0.7700744693433426,0.016233276199121183
132,0.7505660548186012,-0.027522714916902405
134,0.5187726958318579,-0.07070620096604431
135,0.5420124846928808,-0.036195977202720775
136,0.5935220118567311,-0.09947816377579818
139,0.5393519695054068,0.027709061061507372
146,-0.19596148621933904,-0.8616053922568664
147,-0.12852354608631986,-0.8579212071830032
148,-0.07464073269815773,-0.9150042800140346
149,-0.01769150545782043,-0.9205833923514881
150,0.06535966623838917,-0.8741037144215864
163,0.15185647395589774,-0.7763232748615123
155,-1.0,-0.2682942657065206
156,-0.8995076236808998,-0.23447306375972313
157,-0.7983749162765238,-0.19631640512235476
158,-0.6972716197250012,-0.15396857356295185
