0,0.8429788509490533,0.3348604819249407
1,0.9988643777554947,0.4399277644120294
2,0.8725616075189065,0.49225924020138345
3,1.0,0.34559829151388943
4,0.7716474297098788,0.4848222517598739
5,0.7069119728978617,0.2153603097798002
6,0.8864163421442831,0.26041554597377553
7,0.8054776215544088,0.1503793769023411
8,0.7222501487661976,0.487428455908402
9,0.732099946972249,0.6118977574276739
10,0.6333083114942712,0.5039391339858514
11,0.7018705680588789,0.697461071533507
12,0.5725644942521646,0.6127749258514874
13,0.5875245818913105,0.36649434664328523
14,0.6599740819368436,0.2833940403652858
15,0.5342773558320832,0.2424924822285905
16,0.6775875637898687,0.012316861979611222
17,0.5933128078824552,0.128326600816349
18,0.660249274932052,0.0733312536098737
19,0.8509847645076172,0.05815045514040989
20,0.7716903611023126,0.007801263147500246
21,0.5421398871008021,0.41703494481691133
22,0.63697028018835,0.5665319666164985
23,0.5123780615578207,0.655558296377789
24,0.5106790938377601,0.5127265166738574
29,0.37118864436491106,0.5291175312315106
25,0.39396854656460867,0.39595197677980104
28,0.5103879334796321,0.028917855550935685
132,0.6448294743042279,-0.16668954547955747
133,0.49443616562678916,-0.04734513953543895
134,0.8349779761261383,-0.10308524055811448
135,0.8161363065803382,-0.16793106366815513
137,0.5630943350846898,-0.011530585734887177
112,0.7351057901870849,-0.12650339262998303
26,0.4655758998259664,0.6027455876112227
30,0.3196516942823414,0.5731175836606083
27,0.163241200177659,0.4264862795393844
88,0.004021753334339132,0.3551885387667833
89,-0.04777437217431805,0.31209773833213533
90,0.029112924547313932,0.48567701264285457
91,0.06983402757854326,0.6320062876365546
124,0.5556778452557827,-0.1747983587561177
126,0.7056430689713096,-0.17081352527212468
127,0.6959667618186376,-0.08048866533109218
130,0.3548568884313046,-0.0877650094185042
56,0.18505734450571348,0.5207105724598562
60,0.27096946918942094,0.3559405828389443
31,-0.7458039983489433,-0.055716494762352214
32,-0.7515440051257237,-0.26376135151815744
33,-0.6917461818768811,-0.06654077739377104
34,-0.8254373551416911,-0.1947334500463329
35,-0.5686085724276941,0.09699975758175691
36,-0.7595020538923416,0.027638619553354445
37,-0.5771745990122635,-0.37061231825938973
38,-0.7765997029043852,-0.43322619359919556
39,-0.693407794892296,-0.4338421854673256
45,-0.371069594940001,0.144899603517248
46,-0.4944421791961822,0.2503160506728552
40,-0.593672410996094,-0.4932500403656382
41,-0.493526161520271,-0.17196316623396085
42,-0.5159228550769048,-0.2743690257513546
43,-0.5467067980991972,-0.5544620963303706
44,-0.48002937750343094,-0.5845516679997097
117,-0.7450813923195733,-0.6381053491029991
119,-0.591176973944696,-0.7016893029898675
48,-0.3802062025924663,-0.006458250882223799
138,-0.3853906468720522,-0.1272682675470296
111,-0.33417972739752044,-0.7176890562633716
150,-0.49787865542602433,-0.7219946663750718
47,-0.3562769444527912,0.2963647275595356
49,-0.23932078710285673,0.09489029955230766
50,-0.14064708014751187,0.12792629581326848
51,-0.2107720144668695,0.19799122183577392
52,-0.48053063770668014,0.5177020762505606
53,-0.4751693095480057,0.3897702950726453
54,-0.6544292542524963,0.139359158649719
55,-0.5704758090913057,0.3250050947047988
61,-0.18824842681294782,0.43602157561155025
62,-0.1493257353883827,0.2778414346171838
69,-0.5392203040911294,0.4108481194445644
139,-0.2341126298898487,-0.025661950858241533
140,-0.3447284726670362,0.06772660024973631
144,-0.17177502069406766,0.1635661077126824
145,-0.07063558590791155,0.011017129261494445
146,-0.26766592380882875,0.2767690171768433
151,-0.026015260766369123,0.11960159523674017
68,0.016963186203288523,0.18965478758459062
113,-0.3397731155097366,0.6910797060130147
114,-0.4389534589608363,0.7338724629352128
115,-0.5004912925228369,0.7136645462879984
116,-0.5516966492248321,0.6666181470523296
161,-0.6650451216425644,-0.12885317007586294
171,-0.7375895160564994,0.441054858883318
57,-0.012545520617535642,0.5678518072619124
58,0.08453354897743046,0.6674629586265708
59,0.149148657135448,0.2971676876124103
63,0.07962176480923173,0.47389795684142555
64,-0.1318351677993292,0.7554447471238048
65,-0.004342703984591528,0.7045770926929806
66,0.006271727392017024,0.8451244209733607
67,0.19644754593130115,0.11698335858696408
77,0.0927236535310592,0.1543096919947805
75,0.15792332514382115,0.004000365335606967
79,0.2612163222684662,-0.11662039504199069
85,0.22151498148191667,0.15914405607645157
86,0.35505601174078233,0.03464146936473685
70,0.04970922860822187,-0.3056276018063196
71,0.040058646443884446,-0.11148480933590355
72,-0.024295074243441468,-0.3471964893324386
73,-0.06856764278444115,-0.23502695325209652
74,0.09690876728740923,-0.45819305483833744
76,0.18180569361154328,-0.13451671347426825
78,-0.05395274198701929,-0.5214543132765164
80,0.1716061171653598,-0.5481391367605861
81,0.14607418290026378,-0.6237664592363287
82,0.24810294172610411,-0.3534444210274859
83,0.17622925824116298,-0.3318696352722872
84,-0.30212041530719763,-0.5011906809966332
87,0.3869754773654552,-0.30386578493343086
93,0.3052238312719766,-0.519128529477434
98,0.29010590144455256,-0.6920542861203337
99,0.04626613195421625,-0.7191421754161457
159,-0.5375874867336419,-0.3833943715281882
160,-0.507279325732626,-0.5481248673895773
136,0.29565824143759717,0.03571849630706729
101,0.6303112653600312,-0.3173253169579941
152,-0.11295341918403029,0.5128012287420533
153,-0.20202493998365295,0.4113119933706393
92,0.3984850783353528,-0.5786500912696215
94,0.4639691546619987,-0.47793552143092444
95,0.3598325075174083,-0.4018259243317748
96,0.2961354965166426,-0.6052312382298474
97,0.2804001876832688,-0.7650651462098573
102,0.5085107495952408,-0.3965793184326353
103,0.46218897998362435,-0.2424993886059588
104,0.22850571583215692,-0.2080511334108517
105,0.23710411247637253,-0.37916401904986696
106,0.11040786262909932,-0.7509499363510272
100,0.1982364327451074,-0.8437647596669228
107,-0.09737215949504115,-0.7806951095759458
108,-0.10599586745362048,-0.7239959873005196
122,0.3418746156883352,-0.27279296339592335
123,0.5253597284208893,-0.23732881882919016
125,0.119877695459844,-0.3253200794923855
131,0.13175208253371173,-0.032439651852542724
109,-0.19896717748836568,-0.9227944780063886
110,-0.21490929134213665,-0.8380695995993852
120,-0.3974448393004886,-0.8215317605955628
169,-0.3674584667139682,-0.9179998138542618
121,-0.479740903340119,-0.8459270222662568
118,-0.9083861951791571,-0.7223219818461802
168,-0.34596380325935167,-0.6633625899772739
128,-0.09761997375261884,-0.37941562504174203
129,0.03415746227148548,-0.4824875129473843
143,-0.27277894527584334,-0.2620055274688747
148,-0.2592135426552235,-0.4739453259966025
141,-0.5261078952237818,0.03818365891858742
142,-0.40414837467422865,-0.29806368405280137
147,-0.7257793525569238,0.2022616847204472
149,-0.6653359696267286,-0.315630551017866
154,-0.321779573403825,0.4759452162369263
155,-0.40437136666765827,0.44973391632459886
163,-0.7474501238545335,0.4156177295524544
167,-0.8810294676670017,0.30492987237696356
170,-0.24493246624057616,-0.6795473461381525
156,-0.5441825970726135,0.5544374361994207
157,-0.6202037018865649,0.5410039580881095
158,-0.49262941846084185,0.6369747573499901
164,-0.6900737632716103,0.6838880400368548
165,-0.6539101578538016,0.7394834178782782
166,-0.7842313921833021,0.5817468582721884
162,-0.7224069220020265,-0.5334271384131488
