0,0.09732391501073515,-0.8071365498884843
1,0.055285532292460166,-0.7191234863609286
2,0.04071807591398086,-0.7976550501681249
3,0.18708567511015955,-0.8498934323424074
4,0.11810270295951829,-0.8641951553984683
5,1.0380920480210573e-05,-0.8711503500493933
6,0.07670537513299153,-0.9092691295464247
7,0.04659951607566162,-0.8738766098339775
8,0.06048772274181923,-0.6606945094397935
9,-0.024282414603612103,-0.7692017475965907
10,0.029901334630263475,-0.6204722508887085
11,0.10549826112663828,-0.650380605715321
15,0.25969553403758094,-0.9097386958837271
12,0.09202685743341492,-0.568684284001398
13,0.04970112002587958,-0.5780607174387374
14,0.03025626485535202,-0.5194384168887252
16,-0.01762562062196579,-0.4392633144774539
17,0.03910428757841803,-0.4764286511662382
36,0.34776721710612535,-0.9413876999380613
52,-0.09834230869179426,-0.46387340160998386
54,-0.07889429806784574,-0.5090593706366427
63,-0.02290356306893831,-0.33798906855852506
65,0.15566645532813572,-0.49085672884644455
18,-0.10448650599350677,0.7468870045978764
19,-0.07267936548315028,0.6660939319896733
20,-0.14792232663888683,0.7330332269162368
21,-0.047396924013207664,0.7262376521993377
22,-0.08114678501033129,0.8060392723383435
23,-0.13228855305078796,0.6133311186862953
24,-0.07749000133116479,0.5787094556084712
25,0.0032509758163512844,0.6285086031911981
26,-0.12540198190806498,0.7924152788606625
32,-0.047900970742147386,0.8289576919734631
33,-0.13445429285338623,0.8737522863625435
34,-0.09487072257460732,0.8979712977635737
27,-0.18717898658191384,0.596835030766104
28,-0.15714932684799138,0.53883551205416
29,-0.021578426015178544,0.5168863407775113
30,0.014871022394574683,0.5854541956925545
31,0.110395034734036,0.659981930358514
127,-0.20475790666618748,0.5236344132887123
120,-0.11280684214679262,0.45928535396970804
128,-0.15866159714029104,0.4968918104058371
111,0.06119375700078358,0.45263046790377015
139,0.04890995134507603,0.6881835582099444
141,0.1128800444057375,0.7446214727855693
143,0.16162225588966264,0.7503850761929939
144,0.1927533072507067,0.6988336760553189
145,0.20938629857705726,0.6407082749695325
146,0.1881844493424276,0.6211961174785519
35,-0.047726644612423985,0.9170288789568998
37,0.44264530104216787,-0.9176124031555632
38,0.41369678520491043,-1.0
39,0.42689845320828956,-0.9516981685844552
94,0.5270683455635599,-0.8579602202370389
95,0.5065922400630181,-0.9526011653305426
96,0.4855978235221323,-0.8762231734772797
40,-0.5413321035010773,0.36126197673431154
41,-0.6248066058892369,0.3768913350073838
42,-0.4479166331377621,0.3257855888793169
43,-0.5037370476482488,0.32763887425668964
44,-0.48334753599738417,0.39667213164070525
45,-0.34960811146761306,0.28806987207414914
46,-0.39226101823826104,0.36584865852444315
47,-0.40179688939694447,0.32184477132212275
48,-0.24453450201593296,0.2947276285941259
49,-0.31316244515093905,0.34655648578224224
50,-0.3095993622314713,0.31936564695725006
51,-0.32806918790775275,0.19692357930050525
116,-0.21046072108995964,0.2985851878356195
117,-0.1812386360142382,0.378039009337797
118,-0.2406574606835771,0.36496290425812966
121,-0.21763982636472132,0.20157384402394707
122,-0.3062843091007332,0.14846590752877128
123,-0.22870926682710802,0.1477787211292604
124,-0.2842016609517273,0.17672945776104998
129,-0.398079488695748,0.17324281694107527
130,-0.42760839687899166,0.1451376959759888
131,-0.3735350942127763,0.12776288956057819
53,-0.14061728499164483,-0.5387872276086866
55,-0.17767439256995654,-0.41912856322088415
56,-0.13228258862491366,-0.41341659999871566
57,-0.1885091426682027,-0.6076562519812145
58,-0.19692584163092122,-0.5543591345465599
64,-0.12555545670391288,-0.3494030335982333
59,-0.22950960339794946,-0.6400264194122471
60,-0.2649669124900436,-0.5519624773379463
61,-0.2994106508230762,-0.588607250422015
62,-0.28105308330539774,-0.6196757913167941
66,-0.33300482836186496,-0.6808911884014954
67,-0.377025006729971,-0.6074012591668908
68,-0.367587495025902,-0.6512228568980882
69,-0.08962763818349961,-0.3278115013784393
71,-0.0022773058697444968,-0.239539637189023
70,-0.20955286486809396,-0.3440782114219253
87,0.2532092269401325,-0.5024028005407181
88,0.24961652522775415,-0.543998767682337
72,0.008641193292058197,-0.13886625865623026
73,-0.04166957903116292,-0.18491162233572725
74,-0.0420378248631496,-0.04320006194482372
75,-0.0993193236123931,-0.10554980046471238
76,-0.06681393181367144,-0.10790287403072098
77,-0.0007270651635725834,0.02605875439850738
78,-0.058170052472044785,0.05709129269181995
79,-0.16477585005102058,-0.10783842689374191
80,-0.20721624669205635,-0.13335255612080626
81,-0.14717979560315148,-0.1511146678237661
82,0.03868939530897375,0.1173627388801392
83,-0.05100223051661093,0.10916293134437767
84,0.02955413225985616,0.06254949950696684
85,-0.002106487835880138,0.08330737920780489
86,-0.13702424918762074,0.12255531019101966
106,0.11605325843834709,0.17865361550465633
125,-0.18117947022725778,0.14280291222440875
89,0.32374248013373697,-0.5842739378163838
90,0.359027426376783,-0.5532167405383897
91,0.4160759436782043,-0.6257686854860582
92,0.4594081307573759,-0.7108119874227925
93,0.4981125031168616,-0.6779791896054126
97,0.47295884699046553,-0.7976526580239727
98,0.5111147695325838,-0.7809125394304722
99,0.5402491050033632,-0.7534541645185336
100,0.17270285576185118,0.21815696285663452
101,0.1768129369525132,0.30528652676349677
102,0.11215802998967321,0.2822906387059436
103,0.1489561029418156,0.24824324596824254
104,0.18847807195493246,0.17540649508288406
105,0.26374348424400224,0.19255752946459043
107,0.1876177553807297,0.13217800298738275
108,0.1217579837726668,0.3767567831441775
109,0.16804055680924998,0.34627506615995546
110,0.09233511923952747,0.3767735680538635
113,0.23607128455554346,0.1532191809407812
112,0.15761439408894778,0.4366040575937449
132,0.25621004597322977,0.4823050515474594
114,0.3386719011224492,0.20354470022999158
147,0.39686597394931966,0.2891072746561269
115,-0.14741146736269803,0.37451040651408884
119,-0.18917241434501442,0.4344321298930814
126,-0.25570486603092824,0.12412717427988376
149,-0.5151674042414904,0.12900722337838738
133,0.35424489273865545,0.4893791705480214
134,0.32825364084790254,0.4409760552205521
135,0.3623989735236063,0.4582485726374261
136,0.28280121973289324,0.5840386977683584
137,0.25410941967870015,0.5743782831080718
138,0.23475639856953495,0.5555416252682985
148,0.39963816370851457,0.3911514412327733
150,0.2741900430412915,0.658469374785311
140,0.08309478003885,0.790972437283011
142,0.16293178404819683,0.8304234768931339
