0,0.06102472819090326,0.2608364022015875
1,0.05489704662536401,0.17593987161581853
2,0.03194766289274758,0.23001419244743848
3,0.05473476846104347,0.23239970857998912
4,-0.022976705663385246,0.27905678814560025
5,0.11138141788790162,0.2756079778107833
6,0.14383381130370984,0.270928678326299
7,0.016156686949028803,0.13872624832858482
8,0.0786827485789317,0.1261801440162256
9,0.04097032983611513,0.08090006243331035
15,0.09239457120846413,0.11494226504580797
16,0.07971682303770576,0.3028445207035749
17,0.018744293755893832,0.31180452722641533
18,0.07367490383197099,0.34161855279377884
21,-0.045920296484909515,0.3678084398254625
22,-0.04127082384652882,0.3449158731272623
23,-0.07111255658872219,0.3240139710816634
24,-0.10841045654265949,0.3383910180990768
25,0.20083256903526311,0.2914262719888012
26,0.17371141074771773,0.33844062469584874
27,0.23133644843214404,0.32740636473022267
10,-0.07297789502244642,0.11468840467033636
11,0.09792431977468583,0.16165570189431241
12,-0.0028954846906233196,0.15740419692778496
13,-0.035739928910758174,0.07918771361189059
14,0.18691367210121176,0.1275115495684396
19,0.08819275716107375,0.023742210261379793
20,0.007877239042245342,0.012417270116206731
28,-0.1343951190410233,0.03226432589033774
29,-0.14674248146569394,0.12527132778723382
30,-0.0870522457728954,0.022775057083562027
31,-0.14928459100386096,0.19053326614117502
32,0.2085384096252945,0.18081346271163554
33,-0.09402933688271217,0.11931453694346139
34,-0.08448593403093474,0.16377395122022828
35,-0.12806915137549185,0.05642856506117888
36,-0.13607132297857083,0.08972228493371552
37,0.28003478175192664,0.10382228426811745
38,0.15279478192246834,0.05170280943956987
39,0.07417048663654323,0.39758260247031935
40,0.07774977039419176,0.44278188177356886
41,0.12634620559725032,0.40495994622445797
42,0.11940286414508015,-0.06546298255827626
43,0.05527220793795922,-0.0530456657931778
44,-0.046795307197762655,-0.041852577401436525
45,-0.19743056507217663,0.3562202964378871
46,-0.16594221045007065,0.31042582146507874
154,0.31599098876222514,0.34474961185155273
156,0.2723046411437983,0.4023991285389842
157,0.3030983451138451,0.37735101392531656
105,-0.11926558519141991,-0.04215204814700367
106,-0.17824874822578365,-0.05377806392070337
49,-0.2063801219916869,0.27283347290334575
56,-0.17965777425889218,0.2403248433111836
57,-0.2210224074150572,0.23481318629002018
119,0.3122444791715669,0.2097154173645011
110,-0.19072556869052004,0.09336045734404372
109,-0.23149735349979664,0.052461537334752936
113,0.3540317343733785,0.04803385876394513
132,0.18706761695639257,-0.033286848924566466
58,0.07052678511009038,0.5292527898329172
59,0.11193842418792911,0.5133839617699364
61,0.1442738838418717,0.4875035843610176
79,0.07149135463079244,-0.14195498675750454
128,0.11935699982909921,-0.13611511329062526
133,0.21052347197368337,-0.09131337639703584
80,-0.002152971057621022,-0.11009494347567601
47,-0.3108013872574665,0.3507786924316317
48,-0.2818628434039165,0.40359041901281134
50,-0.2507371952970049,0.30828824808135336
51,-0.19889519150524473,0.4263065217592954
52,-0.2525392279998642,0.3923986490522233
53,-0.24442474970088623,0.42699448203516355
54,-0.23635975787686492,0.3458790454712076
55,-0.21300257246310642,0.44967602473313417
101,-0.39730685760735895,0.33301150738108415
60,0.15836897788250015,0.5660709980938062
62,0.09030481018201525,0.6118092268920826
63,0.05025435789412857,0.6144631679561948
64,0.13363737625749178,0.60010425129492
65,0.12261508083665577,0.6731030025495972
66,0.06127831935243392,0.6929852273579931
158,0.07256097944378961,0.7744155771946386
67,-0.02133022726117761,-0.24219539782610508
68,-0.05991742912245277,-0.3162519303996651
69,-0.09522778196630977,-0.22824625045337402
70,0.03204832002004527,-0.19640496187261142
71,0.03136731779068725,-0.3307624507554943
72,-0.06503236304366766,-0.15912865525255035
73,0.010520735787374544,-0.3972902003013594
76,-0.17210599860575576,-0.173640463636007
77,0.0495649729880642,-0.24247121560650625
78,0.0870736702914977,-0.28944697696250765
74,0.08975571128143453,-0.37375144777994673
81,-0.1446063028526224,-0.11132055750282971
75,0.04595583789447737,-0.48481336010192894
82,0.0562608734495174,-0.32713394809488733
83,0.1245898436591053,-0.4556996537356532
84,0.0774576137643878,-0.45552015827284315
85,-0.2449088120483063,-0.10585035316237142
122,-0.02379022352184042,-0.31133200179226395
123,0.08586796794379668,-0.20895880984544948
124,0.01108880814124044,-0.4238262411332413
130,0.1950532526334411,-0.5000409082121224
131,0.09789131771324155,-0.5419764930178834
144,-0.3676028053962056,-0.039526062187518016
86,-0.37552971493027665,-0.20637743949470855
87,-0.3472831237306562,-0.16111661396740057
88,-0.4053277890190355,-0.14583352232222657
89,-0.4157134109899314,-0.10679810803434787
90,-0.27569873150265933,-0.23479226737997932
91,-0.3648010524246224,-0.23972718435349027
92,-0.4407017157508409,-0.20794170836090553
93,-0.34378935039357533,-0.08723361073108936
94,-0.3703740587100933,-0.06487211122186959
95,-0.39990044395280144,-0.009085088589942608
96,-0.16443069921206924,-0.2619581517121863
97,-0.23960086082144866,-0.3013951257275501
98,-0.30914016758926116,0.0038666511133002486
99,-0.3228731070797724,0.024292230385378123
100,-0.043203413974587414,-0.2514203156258419
121,-0.3233994454289306,0.0776277755414912
120,-0.2814060198357258,0.09083669175731561
102,-0.4600663142222618,0.2571088882826059
103,-0.47135798722240013,0.3332180009902508
104,-0.4815487405397312,0.15460565303380497
145,-0.4530399421880897,0.04786968036338006
107,-0.251385580950275,-0.1354352359610389
108,-0.2539899778078341,-0.06728885853385023
111,-0.29542355961943484,-0.23256929879115412
112,-0.3265706579197363,-0.19039951527421264
160,-0.2944748290379215,-0.32904863163949544
161,-0.3394393272665174,-0.3009721544045758
162,-0.3740334240610773,-0.2861690694660806
114,0.3400203826265161,-0.002960566285727043
115,0.3513678823634183,-0.04642623722162169
116,0.3727807681445186,-0.019110270423331806
117,0.2711974417764787,-0.03353369785919356
118,0.28873546292590635,-0.08046031917764401
139,0.3026197254169332,-0.1201111944962403
140,0.2835357106498638,-0.13731473129864943
152,0.40541321931655083,0.2493681519430401
125,-0.078253353657165,-0.40109252212907626
126,-0.034880150726110344,-0.3870462471999076
127,0.1737705337441128,-0.18120324442548547
129,0.021328544971921225,-0.5168860568999306
166,-0.1684313185487858,-0.42795759419228613
167,-0.09172369062860089,-0.4827773399453612
168,-0.13191525976222904,-0.4631953824212483
134,0.18702416374064107,-0.1182775828078038
141,0.2668782038817007,-0.22133718592052878
143,0.2268176528884803,-0.2011328413359842
169,-0.009123619754789442,-0.597858828071588
135,0.21466530998786634,-0.5835787296958168
136,0.1014271200845227,-0.6333162862576762
137,0.13764067951231584,-0.6061081958354683
142,0.26946069861800137,-0.15554733816088256
175,0.2391843803599387,-0.6612046775422351
176,0.17194944875521034,-0.692534766714227
177,0.09960517969731043,-0.700496964378769
178,0.03219056996884661,-0.6649447836840825
138,0.3371782970729861,-0.19174213010844154
146,0.431075702740559,0.345682747635589
147,0.38610047171350276,0.3566757858466098
148,0.440159119311842,0.3085313556901468
149,0.36150334149199925,0.4138447768508523
150,0.3989030849237845,0.38905469811733284
151,0.4870174342774125,0.3636500656130497
153,0.48530735918880835,0.29555984209491865
155,0.4896447776001362,0.2565853695816238
159,0.09346481758351394,0.8506125652238263
181,0.11254537464086684,0.9255983286507049
163,-0.3180614229919757,-0.39836069904622806
164,-0.2467075261531671,-0.4042599576961649
165,-0.2485288768313319,-0.4629048789457863
170,0.2533624239110107,-0.8181963209902182
171,0.20819235889571486,-0.749725318904894
172,0.25313875598760605,-0.7415617824618382
173,0.31130312000012217,-0.8734096955748006
174,0.3135891856131491,-0.7958667665469974
179,0.05932002614267174,-0.7822812386943726
182,0.027983444478609044,-0.8600476442157282
180,0.1301085733455937,1.0
