0,0.3355070367339768,0.7947323452547512
1,0.15076361725167203,1.0
2,-0.011286683966249897,0.6500865671442501
3,0.09585254332668962,0.3609740193736207
4,0.3651834446103115,0.38542523122513306
5,-0.11093120751643738,0.7563125320400789
6,0.1523157106582421,0.6089800078514195
7,0.09581478738549928,0.8099658565413486
33,-0.2788934909621249,0.5279363726551557
39,-0.15171578818599118,0.3130645984720619
40,-0.4121593396825023,0.5828256187537146
65,0.43080698982471527,0.0653328059857684
76,-0.46661361642825777,0.6756442290172904
22,-0.38751190932130336,0.47022279850436227
51,-0.610722680041722,0.49615102433853825
56,0.33364101330303125,0.5373192430047138
61,0.598784544408327,0.38075264757066857
82,0.251244589894973,-0.3865286109175144
8,0.025284929190546424,0.42334789631478903
53,-0.21560840977494805,0.3469704293287876
112,0.2798139592477371,-0.17256055551022878
119,0.6032663957180154,-0.15369987012196237
9,0.15823679573172403,0.7555112022468901
10,-0.2235284516937027,0.10235076648635238
11,0.305802592052564,0.3435439463412366
12,-0.2597457122016185,0.41192609337502056
13,0.016581264311466587,0.1298282358161318
14,0.4255759070718123,0.4661846040539176
15,0.4226121258667337,0.3630542918765983
16,-0.2419778050256862,0.7081843914494259
17,-0.12338082796564949,0.6325306424289101
18,0.3931546637225362,0.6733998007360684
34,0.21745110386313835,0.007859899692632611
35,-0.011818324882867218,0.18639184089628513
36,0.12258081357593939,0.5390346189715842
37,-0.2104300435546122,-0.06616415758634582
23,-0.07501520674463524,0.46890719136453396
21,0.22478035633202217,-0.19397197992547235
24,-0.4687243528292876,0.1348505654324595
26,-0.43606266657851345,0.028296032342051514
38,0.11590951615043521,0.20925064608161675
88,0.09260555749220087,-0.17695377738794965
92,-0.7319344150289396,0.06185266202760289
128,-0.5049703185606292,-0.4325310798883605
19,-0.1987996793460479,0.17144601976553905
20,0.7279425583958045,-0.030000267416890002
25,-0.3047030687205577,-0.23502754546159801
27,0.3368450631634476,0.22590008888831872
28,0.19294383591620654,0.2980302997286575
29,0.6257975336436604,0.038582269531811035
30,-0.5214227980014529,0.29623710025012273
31,-0.2281369945476977,-0.4190052125730761
32,-0.19661235454463002,-0.1433604219412402
62,0.8150557733412509,0.168951664328505
72,0.420232279595607,-0.010465659502044113
99,0.6412232435200397,0.47575519228295793
77,-0.20235110968349648,0.05639322458195248
52,-0.0534370071791158,0.06384629212178575
101,-0.24655846330778983,-0.19462306276200564
44,0.46575298550430627,0.25894797660734603
54,-0.02975847863161569,0.3577305739367689
79,0.19088498904419937,0.38346813555419373
46,-0.6815717317770513,0.21509583154639997
48,0.01594439073714433,-0.2801708038740566
60,-0.3271699245364441,0.30119092045189927
69,-0.7103440657349903,-0.08721482393953789
70,-0.5165092461213057,-0.1592500208536312
71,0.2858119247189195,-0.2845552906943071
73,0.664316301541744,-0.44061691001377895
63,0.450922473423328,-0.4096131187141803
68,0.36388629615954143,-0.5743485696424327
74,-0.24596150520697535,-0.547795726030489
75,0.3860369820713071,-0.44643360783927516
55,-0.7485461687596183,0.13284491677587257
78,0.5584608431312087,0.1707097863623981
80,-0.5781691522259873,0.5831167566923261
120,-0.027716914690227423,-0.29699892413371004
50,-0.498178537396821,0.03529139822095741
121,-0.0921696034324114,-0.4177774408180068
122,-0.4811736511032758,-0.6904231162703848
93,-0.6743992683990749,-0.03072447028313121
118,-0.027337912622613047,-0.15306837002048881
47,0.19115145536618053,0.07202233777951333
59,0.4165702210932388,-0.14323552957414998
89,-0.6111936301347728,-0.24991085459895965
103,0.02804618742857745,-0.8473242702732353
107,-0.4433341694768628,-0.6097501946177236
114,-0.014379246661245973,-0.5739118040917517
115,0.2082970124291594,-0.6638043028582447
41,-0.6432409641061053,0.3580183790622679
42,-0.07490388772476671,0.6289505478675518
43,-0.40446332039497923,0.13336843904959134
64,0.67015252212888,-0.10946688508158223
86,-0.34445301784310656,-0.046536511192524554
87,0.6782958154876176,0.23842793881322824
110,0.3083651769750183,0.07591557194917913
91,-0.39946965091534836,-0.44155037106783107
45,0.12173692705630867,-0.32911123758977057
49,0.25008342693730945,0.6367978965820528
96,0.1299454064960822,-0.04621687078118012
90,-0.4509860252425524,-0.2945128737228613
97,0.014902831482264754,-0.06280547596956342
67,0.674379008609445,-0.37106064463494215
104,0.11608841484631274,-0.7696390362477478
123,-0.2906077322881641,-0.6819357749207289
95,-0.9122555027500396,-0.042308069229752714
106,-0.6954102768502968,-0.3569520212390305
109,-0.7006655618556157,-0.45848754731184804
102,0.05520306744357914,-0.47251490439129923
116,-0.32849712605794373,-0.5675316013078107
126,-0.5930637066508878,0.25493040301941633
57,0.6718475784108345,0.14054786556366308
58,0.695318001755014,0.37630216509467806
81,0.6014051305840181,-0.2952823558922322
111,0.5065166822446625,-0.22834132533322785
83,-0.085462929128248,-0.730695463233568
84,0.48529413761730084,-0.6374030988208623
85,0.8039668169188672,-0.349644020063434
66,0.7697006004347352,-0.16418418304477747
124,0.5287072772993926,-0.5079825815522023
100,0.26542864955594114,-0.5847556904355293
113,0.15970660756523056,-0.5585778433739236
125,0.2933824843752439,-0.7296795366618848
94,-0.5161254582935468,-0.07072929584877598
98,-0.7985013450911005,-0.24328957931858142
117,-0.042440854885777195,-0.789777176573947
127,-0.19279533620540815,-0.6347767478371806
108,-0.7957107452579776,-0.5933561293541358
105,-0.13809979744361395,-0.8668964452358238
