0,0.44435393494966013,0.6117046347775973
1,0.2916891363173519,0.6583350101893436
2,0.24817644518415677,0.7659864444532636
3,0.30664228744991984,0.605300434110496
4,0.503133256840643,0.8163081750412297
5,0.2597685317322958,0.4120838847178166
6,0.3156594808731511,0.9277653826568469
7,0.16101772682375068,0.36392288390760563
8,0.08945881003937924,0.9068116933057485
9,0.23425918518862837,0.6549719359319127
10,0.00045824011720115986,0.6865271284235072
11,0.11777936668550554,0.7359486815988869
12,-0.058102535446758294,0.7476183123131077
13,0.2614141007717183,0.9631928761372252
14,0.16205419083805678,0.9503092153493531
20,0.10100343035839256,0.3423406322803392
21,0.4530741564790999,0.888909902618124
17,0.02812026828961044,0.29208047904586376
22,0.4115431127944682,0.3320521615210584
23,-0.050100201840219814,0.2727011400113776
24,0.3648663723903834,0.16219956386268528
15,-0.07953086387715633,1.0
16,0.1849300434483325,0.24410517883368757
18,-0.13747158331515583,0.15171300950920766
19,0.35007914045389527,0.086162202477179
26,-0.020602691142326116,0.9540309559052089
25,0.23967911998818436,0.33222304414480913
30,-0.0021047382181428884,0.3794168434416913
34,0.1616365097081489,0.4610711690924561
38,-0.034888959044656845,0.4617831280331739
29,0.32221382251775765,0.021002568184006358
42,-0.2138788362391514,0.24628265815179454
45,-0.2160010219086233,0.14525961124732237
46,-0.16851259515887085,0.3930009002112331
47,-0.08220402803019596,0.05836680436045165
48,-0.3049571728897943,0.2610917296409184
49,-0.16405852461137763,0.26643240179371985
27,0.12932352278301165,0.19558535948816394
40,-0.16486355704996639,0.4789826862791347
50,0.014423886247268392,0.2371333526405193
51,-0.45271392004568733,0.20574975966422085
52,-0.23853494767515326,-0.13793479080904109
53,-0.4928494969839603,0.003974001858285804
33,0.48747617746034916,0.09487616458654714
37,0.25350753040104107,0.06168489891055391
41,0.41424101998908636,0.1457040004694759
44,0.20197465787845165,0.14061649965985212
66,0.46852070698389864,0.18737691366590048
69,0.4359404359474575,-0.10461691596489128
70,0.3486853839551156,-0.23060674071968068
28,-0.29166277267985635,0.22009829681654747
31,0.3557838886432328,0.32366522013404625
43,-0.28730781824493684,0.4779632814816601
54,-0.27684162440830984,0.39168811498139056
55,-0.05576442751191112,-0.0006102637411138637
56,-0.3162624465721965,0.05004911182675719
71,0.5144150358253186,-0.020587867316376844
72,0.40168206737702183,-0.1555207578929688
32,-0.04993981901178063,0.18844447689327298
35,-0.10011301582538239,0.40119388368065206
57,-0.4281060296859631,0.32879885496116606
58,-0.5164592947995011,0.28267387743750605
59,-0.32571428677912506,-0.0977051448524322
60,-0.5953995051014721,0.06420797707621127
77,0.37005976707917726,-0.26297354275731794
78,0.3210454552223638,-0.38422826979344704
36,-0.3308579704640847,0.1675949364594521
39,0.3016834888674868,0.36361583585231966
61,-0.03613814567480366,-0.06866965351520737
62,-0.4530703781020836,0.16076738334689908
82,0.5739124198674922,-0.08321576804215812
83,0.4918901094001785,-0.23006400537496502
63,-0.42726156581790736,0.2833445215797713
64,-0.37792575348583846,-0.10551853667876783
65,-0.6272000105690497,0.005174059079665175
87,0.2321674145673335,-0.15317395886500415
88,0.261867090799032,-0.3336006090270706
92,0.5257173691313632,-0.07733085994203572
93,0.46832190992320966,-0.19677514262135137
67,-0.16852552996521752,-0.04184137147548547
68,-0.4446299414375127,-0.015243654782456068
97,0.17693615884112424,-0.06632904111949665
98,0.22383869988673716,-0.2539807897547006
106,-0.4269009318451379,0.11161459406417361
107,-0.5201162457232884,-0.06539231508663704
79,0.0853430758777882,-0.119876437493635
80,0.014569331676532706,-0.2271448223798528
105,-0.17137325165921222,-0.14779299437323126
109,-0.6007770884269178,0.16395787141787913
110,-0.5343103229189912,0.04725044658818927
84,0.02021878035794405,-0.43297815945223966
85,-0.0731993434168725,-0.4694489795722346
108,-0.6309355316785428,-0.2230008252705425
111,-0.6864933636145608,-0.15111445259958134
89,0.15920601765242567,-0.23102151398317666
90,0.08198923337105911,-0.3475476748554538
112,-0.5459136814242845,-0.15762053966792883
94,-0.2046971260697074,-0.27968202638079687
95,-0.1527895231659468,-0.4441701293512985
113,-0.7489754857617988,-0.17552908704863499
99,0.16147893780080372,-0.33346860265270534
100,0.11883645524299859,-0.4147160162178926
102,-0.26461007244403384,-0.24228922455886878
103,-0.1984890695558291,-0.41071831484806154
73,0.04575475102846428,-0.287280415950801
74,-0.026654626326495585,-0.3681108428709625
75,0.43155382241237417,-0.34757977156839276
76,0.5972961163977947,-0.4464417758457361
81,0.6632342618385073,-0.29622197196246
120,-0.06286689519115023,-0.3256665142492708
121,-0.21243986337478893,-0.6138369327095381
114,-0.43528005357623045,-0.3808938096900542
115,-0.004820958406665401,-0.5091258719123535
116,-0.027595974899514646,-0.7167261427178322
117,-0.2513269720130839,-0.4180756378852281
86,0.5434822155886241,-0.5335241787408577
91,0.6620103600022196,-0.38739081695236716
96,0.4420368416006649,-0.5798648887071403
101,0.6993079806745849,-0.2624658966405998
104,0.4578155082894717,-0.5180882986064593
119,-0.14220431726508725,-0.3560387790102866
118,-0.4198194393370543,-0.24622982059411322
122,0.17101132333384078,-0.5939304723949947
125,-0.29370861145829924,-0.6104488232784653
123,-0.4496611237413276,-0.5539934645725303
124,0.008710287111060668,-0.7523945729161082
128,-0.019973065308598225,-0.5627050944932366
126,-0.3772317825185155,-0.3538031890197202
127,0.11187106510793836,-0.6818046131508729
131,-0.30973854146619256,-0.5278365841657057
129,-0.5075936203012481,-0.5031693136361336
130,-0.13267253142174706,-0.7385716415123068
134,-0.11012297166419623,-0.603884347575414
132,-0.34843195326720694,-0.4905574109695947
133,0.17333393696822527,-0.6907972722859286
135,-0.540848777282393,-0.4790210491890837
136,-0.21235604351071788,-0.7122791415671714
