0,0.008528855593617332,0.18353062190883687
1,0.21595279030251527,0.05889618007600477
2,0.056228804959230105,0.302537221605301
3,0.04752047951847167,0.45118641943119897
4,-0.13986454063375447,-0.11035639331835975
5,-0.08880359375738177,-0.13977686189058902
6,-0.13904969868886735,-0.1701245320445417
7,-0.4788582307420107,0.014515330323538704
8,0.026171619005960635,-0.05560515937016964
9,0.020966923907464272,0.002239929398183869
10,0.06084094424432669,-0.0524607218092205
11,0.05774723102612485,-0.0011671795796377317
14,0.33692066964187983,0.056703857740672055
21,-0.07372540638181917,0.1357602769166825
35,-0.18145034699659984,0.06094690174020974
39,0.5407025998277104,0.05835926924273374
43,0.6161436898165232,0.08839944633978293
47,0.5459470034402834,0.21223155924993492
53,0.5439201452833144,-0.08673053982493947
58,0.4945281750345495,0.2600392584960435
67,0.5800014138018977,0.13648621266463437
71,0.17821194781868752,0.3291229462251518
75,0.6201329405234544,-0.03579249261160159
79,0.27012180096465066,0.2869768736193061
84,0.13025849281295065,-0.14402394207600666
119,0.0046747149385319,-0.3786700124439262
40,0.12296480016657968,0.5854821958673997
44,0.36678676113746383,0.5165122035541919
48,0.21686466829146767,0.61062233607506
54,0.40774667297990813,0.33077370817077356
59,0.09709630484504485,0.6528885462661218
68,0.27946512170964355,0.5538411604102483
72,-0.14859427123044558,0.6202296720914862
76,0.4435619496347076,0.40518550279726595
80,-0.070303873739121,0.6236837500526269
121,-0.3663715433701393,0.44373428519825087
41,0.012323595243778298,0.7526479795720916
45,0.287728261635917,0.7319004788290618
49,0.1486925937384629,0.793983271724481
55,0.3109613523523872,0.507144567265148
60,0.06063074402573254,0.8133776173713422
69,0.2248595582013735,0.7369806491156016
73,-0.24339970869860222,0.7438389635366401
77,0.3766448774742018,0.5956451844847648
81,-0.16455939593526744,0.7607877480660421
125,-0.3108114977663614,0.4583670029195118
22,-0.22291224892861167,0.02289255620159729
32,-0.025082278051408984,-0.3002406141830481
37,0.11826821777302882,-0.3000172077757395
52,-0.36106628317879597,0.07869350597627967
78,-0.373187835063893,-0.18278407390098572
108,0.08085553805735371,-0.35451139227014244
97,-0.7099992349608673,-0.3576130705440312
74,0.3862464137206542,-0.20694680772609206
93,0.352853765382676,-0.03955317332931492
96,0.20414641223616023,-0.27753930542578226
107,-0.10613889524972317,-0.28846917889209084
127,0.02991976429823867,0.32352652365325396
88,0.43195351444535734,-0.14423110829569522
129,0.008195647763337078,0.47785085768620034
103,0.06717925630916134,-0.29622868647256834
12,0.5858542521840463,-0.3918384375004006
13,0.6030342488152451,-0.6241354442058248
15,0.4514569731993328,-0.43127124912740117
16,0.39326495402679196,-0.4653046776303404
17,0.22238501457438095,-0.6677752728184854
18,0.3565016422055114,-0.41467470400002565
19,0.3026407321370629,-0.4351888618456211
20,0.8738494717107173,-0.41347880164074774
51,0.6476554555821459,-0.31485908061617346
82,0.07888759182284505,-0.7938070653486382
85,0.22112706349483796,-0.5597027603865213
23,-0.27447860615074615,0.33081434905110396
24,-0.3271139643533389,0.17747956529738526
25,-0.3776326029507262,0.12723884609922567
26,-0.37149294400403066,0.3356358349513136
27,-0.18674241742012232,-0.32043028485457836
28,-0.2234675804067475,-0.2908635386624578
29,0.0181649370621739,0.08619416538242024
30,-0.5381554760002392,0.08432957422445954
31,-0.5969931353612241,0.28741213949902134
33,-0.3957940977405091,-0.08765940852761032
94,-0.7194562605146314,0.12851197115790639
109,-0.3478149540713184,-0.2335661555555908
86,-0.41951810133442285,-0.6500326054016041
98,-0.5835444855478893,-0.5613116259571647
34,0.3681626360403991,0.3877858116170465
36,-0.11907738255931917,0.42391742172680497
111,-0.5849418363077397,-0.27209753924851293
131,-0.5672989533428622,-0.423590323394609
132,-0.6195414360103023,-0.008768509834445829
62,-0.5679771730688038,0.41716166285909934
100,-0.7423552018758783,0.367232372808268
101,-0.43612662945031844,0.18229530161840782
102,-0.46380464254907716,0.3110515580929375
134,-0.592820314255191,0.6779014441439527
135,-0.6488058513367883,0.6135500297791311
64,-0.45685135707744307,-0.35753284285170517
83,0.09115433290046937,-0.15185213926498944
89,0.3185004558014408,-0.29295817296388116
90,0.004596151331779673,-0.5198939380495291
91,-0.04208267976862568,-0.5308216874645358
95,-0.23499761633505653,-0.5167746052570158
112,-0.25733219342242347,-0.6370952534610946
115,0.017980559094596643,-0.6518263337008233
137,-0.4069378113583253,-0.2510899368900566
123,-0.10252960463102416,0.19628531144949915
38,0.6561076783489916,0.5101684898253122
65,-0.5199966159882323,-0.09973905363129212
106,-0.21582460897287964,-0.12402159942329784
114,-0.277253428895153,-0.1467757571430219
122,-0.5998362588051271,0.1383257044299104
130,-0.2560784135970086,-0.3777942944688086
136,-0.5572461048319358,0.23729286776632208
126,0.30022961139290877,0.17555656274224624
104,0.31196367829845734,-0.573122148437609
105,-0.15870530435351812,-0.5209514108191177
110,0.06786879247552795,-0.6242381315293519
113,-0.1421600229618645,-0.5609164619006836
116,0.1638524263218783,-0.6208831261975934
117,0.2712947639711289,-0.6581038075630301
118,0.3733774796472104,-0.5912709719465639
124,0.2907892223147457,-0.026459019353521598
42,0.5678367179116146,0.6638500089005362
46,0.47078256083875286,0.7325220302804071
57,0.6294528315273734,0.5348943394546889
50,0.3846954258179236,0.11886058950239126
56,0.9156259075625344,-0.5686935623520932
61,-0.3356834887603453,0.5306780333269153
63,-0.8589006737880419,0.11975043827870128
66,0.6748893733678865,0.2622954007901982
70,-0.21299051454680334,0.4796238868989562
87,-0.15573998167293665,-1.0
92,-0.6775305362097865,-0.37393422449780356
99,-0.34065576669498526,-0.7003095171037758
120,-0.6819559859294039,-0.7189513569419917
128,0.5440101078197641,-0.19198503904267344
133,-0.1690381848984413,-0.7459450912211326
