0,-0.029425194543841585,0.30472232241674363
1,-0.4799984076707639,0.29806027889180353
2,0.2935256780912041,0.39781734127907614
3,0.18523560254585278,0.46021435149276885
4,0.14972605190385027,0.5492611095809096
5,0.18377920979343548,0.7571291334590404
6,0.141812746881889,0.5128395391639926
7,-0.4631700719000468,0.38056211996930317
8,-0.1459359779625224,0.5927748929302484
9,-0.2173041294079464,0.5625772427313104
10,-0.2650658538054755,0.607373216432845
11,-0.3255826405133781,-0.08009995158550402
12,-0.28564672313586736,0.2526303084971644
13,-0.041132434652191796,0.5325471677088179
14,-0.27004629704150124,0.4616083842150968
15,-0.32117107168082415,0.059442260615108586
16,-0.1287389238224151,-0.046005994406745944
17,-0.017128548741633633,-0.026055613712667645
18,0.12401491564973217,-0.11341513565746837
19,0.07500993603866545,0.015353264191187505
20,0.09265967683640698,-0.004636126717085583
21,0.19175190769625552,0.057137636384996034
22,-0.1019500573258621,-0.16150399045288197
23,-0.2415313616051068,0.03149730146654097
78,0.6223178531598937,0.20721451853336273
24,0.017022429609817,0.2744681383438515
26,0.4611257978778153,0.15344823362298382
29,-0.13692866144823002,0.1546898827968826
31,-0.10881331738751494,0.23319804516256898
39,-0.08530387383854135,0.263657365847503
42,-0.06579674108143557,0.21921916385161422
47,-0.13422393750907682,0.28641471400525137
79,0.5231225831267857,0.2978694080429192
84,0.14446081942060665,0.15244622019176593
86,0.5513905483729675,0.4026864717499526
91,0.5524194199140284,0.5030937370608688
92,0.4705879807901767,0.5427863108611276
93,0.39576866787843135,0.551905742751141
94,0.45911619607922594,0.416669533256411
96,0.3150719984407178,0.2231068380404346
73,0.22587129591853203,0.27271521042470587
27,0.35834935538357776,0.6338736928288907
28,-0.3446643352908963,0.4938184853742582
46,-0.7061586327464293,0.07175585452616312
50,-0.6240249020195152,0.43521567813351164
65,-0.7160246261059569,0.31226486200192755
67,-0.7304349899992406,-0.11594653463221269
99,-0.7582941311327462,-0.0009296132679742392
100,-0.7278811962879124,0.17887815854642697
101,-0.5495519617420742,0.594535767157203
58,-0.43736555845854175,-0.28838844381908585
57,-0.26732201074993106,0.12305713886359083
87,0.09826569190926776,0.704109159262844
90,-0.4181144495803452,0.6020825380508014
102,-0.0022382663007792006,0.8408271680165216
34,-0.0346490995221197,0.650064379809637
85,-0.6227058335193766,0.21709521186967293
30,0.11163490818399059,-0.33897910082891847
35,-0.3600910168403188,0.14870329893621712
37,-0.08792905570555506,-0.29264626665056953
43,-0.07305869425380485,-0.32518227197779664
45,-0.1745613241891984,-0.30470796439624764
89,-0.4167963911986319,-0.5720705237989386
103,-0.33406793760129555,-0.615312096095324
49,-0.17398637308319417,-0.2722756033387532
52,0.19765234724819994,-0.09880684775254144
36,-0.2931494080550287,-0.02435269721075449
54,0.20211096521303018,-0.3342225634693853
55,0.1437638374270539,-0.43482250366235825
61,-0.35965302988226433,-0.1920651539997434
62,0.0061529257458584835,-0.46088024411071365
56,-0.13558503383195347,-0.6685952728501415
69,-0.02551140117829271,-0.342192150752109
83,-0.05037556928537158,-0.23841382730508903
71,0.37451733032801093,0.14201273065776227
72,0.47689439368984254,-0.08503779534247964
106,0.10974288582089803,-0.6041787067655994
107,-0.7086255984375047,-0.30648320782050564
76,0.5208076592316006,-0.4379559974973378
81,0.5591937667604803,-0.25097908481703035
97,0.6271663492466808,-0.21279138459282454
104,0.36657437743156845,-0.5400700428269819
105,0.4331290588420015,-0.49998107768538097
108,0.48208342130062615,-0.3453866692999981
109,0.21029877359762275,-0.6625983477212121
110,0.31329170076710805,-0.6233903319475423
98,0.5904026796039084,-0.0806173788898785
111,0.697181298478715,-0.0006110576754739274
112,0.7008480999598288,0.11888933876640916
88,-0.473057067805424,-0.11879643613152467
32,-0.3329626710051344,-0.39085788154143086
33,-0.5140374469861881,0.022606263289713324
40,-0.323710603889664,-0.2811239855186416
41,-0.5181265761776057,0.13346798147135144
59,-0.43902673395965286,-0.3625736497737812
64,-0.22024288838792425,-0.5931348618668617
66,-0.5244715225152576,-0.5429816125514574
70,0.4517526027564545,0.032032870482693716
77,0.4455141653185776,0.0920734647815392
53,0.20223289865157532,-0.15565357072677347
68,0.2880230549775775,-0.21852055684956503
25,0.33280282330624317,0.3225035584703465
51,-0.6675655376017563,-0.07242822020074441
38,-0.09464939250093675,-0.8134626777593726
44,0.027161603176182356,-0.7909920762426789
48,-0.5548934946622304,-0.1797448412990987
63,-0.33211623554097774,-0.741312418536615
60,-0.6388186884441498,-0.4806443413058053
80,0.641323883160427,-0.39830195294197324
82,0.5033610561748816,-0.5777606374394287
74,0.292343075331961,-0.8099932336569775
75,0.7686809981762588,-0.32446438075374867
95,0.9223446083230569,0.11987974853532726
113,1.0,-0.12354984537337242
