0,0.828031148361164,0.07404174277178276
1,0.4182865421774277,0.06739559344382814
2,0.7078624519233917,0.26440874390816543
3,0.646719064507713,0.004875504743185523
4,0.8172986578940595,0.13736937110879427
23,0.27831323684970494,0.4469901606011399
33,-0.11553299915773824,-0.22358813474316883
103,0.3097448650162366,-0.0774943818879695
104,0.6699122486427148,0.4381935733188294
13,0.615320958487944,0.5997386313385782
95,0.7858209954879464,-0.1645405419754848
100,0.6978839392395609,-0.2850547523809788
105,0.3922504635822574,0.6696040264404699
18,0.4941573474126785,0.3074206267556448
97,0.5457136610860976,-0.5151838227112153
101,0.6954433820226988,-0.4603462421699683
108,0.48281201075605235,0.5054044979846948
5,0.1914864814105793,0.8759045930298176
6,0.23733925974316375,1.0
7,-0.17864567509721058,0.7228521979201161
8,0.3551544235342452,0.4722559807751565
9,0.05226749339203707,0.8700394927822057
10,-0.0071468854446041855,0.7541107005872074
11,0.24414001254312756,0.6844717068635628
16,-0.10396474671591278,0.8398335544206584
25,-0.33387111501601513,0.36220799191138026
26,-0.0879144098573877,0.6408854068489904
27,0.029132115579267003,0.5520918068585592
28,-0.34768262901716007,0.5764374258463745
52,-0.1322377653842829,0.2772265199908552
110,0.5465819078512816,0.14543100535281608
111,0.30155504595187926,0.6004323198458765
112,0.21800527121710164,0.7302732040623722
113,0.336094257454297,0.7143780231666016
22,-0.14161516714539366,0.5074848968083954
155,0.6240750380333233,0.6417632082963273
159,-0.37742784900287474,0.8821418484436986
36,-0.0383196578436553,0.35210531656079463
44,-0.45499191020724666,0.6136917462697306
106,-0.03784125176962611,0.9019026999117342
14,-0.12782040459836944,0.62698727055262
48,-0.2530441611627743,0.6468142989760096
107,0.5970101063679875,0.40676741449773085
109,0.497111423448865,0.7661737868766234
12,0.13695760602515167,0.7211622122755708
15,0.1364000160363699,0.38473908420587843
21,0.007946309707772641,0.5013854376280726
29,-0.4308060322453278,0.2577827934722008
57,-0.184651026734732,0.1530995634974933
114,0.02052882694617315,-0.08905581535539242
116,0.4218456933750508,0.6009801154196865
127,-0.5040160608930812,0.5570829820440294
17,0.10035187076624477,0.3302066425076059
19,-0.3381868902211558,0.10599789072111691
20,0.32975300235928934,0.3099924011213791
30,-0.21115529325271903,-0.4061427800832699
31,-0.5511666622534309,0.10261467276006807
32,-0.6455178410137786,0.42991546419062904
62,0.00439412377647201,0.22666799529977577
115,0.2835817483106486,-0.17111452784461462
118,-0.48903716735832875,0.6793888063472142
24,-0.4130150430455865,0.14024429024992993
34,-0.6087745379662297,-0.048035606328607254
35,-0.6647274858057642,0.18639743025872982
117,-0.33354760774206876,-0.23217453663979243
119,-0.7530157518602333,0.4013809625439146
120,-0.5769897871510234,0.5906803903006973
122,-0.3687825986021222,0.5213885109596114
37,-0.20189326763742912,0.2834680874342969
38,-0.6832239554777005,0.4661700731493038
39,-0.5403906709358738,-0.1222288365881975
40,-0.3350028864157601,-0.009692969866082637
41,-0.5462741605433062,0.2112596949584987
42,-0.46274951764822886,0.0536130621366787
55,-0.6456148384478445,-0.35006934314228694
66,0.18296691413458288,-0.6836391852914764
67,-0.370580666596,-0.5231623314661991
68,0.10245089740108701,-0.2840070347605699
69,0.07975131158401152,-0.4328763795270766
49,-0.2705343656627773,-0.08743292881007234
86,-0.5204616986220265,-0.1878715237359975
124,-0.8150418612632578,0.19634988613803459
125,-0.8128253353853994,0.050478998710380876
126,-0.7954827508564198,-0.0435320620539193
160,-0.8936179451124218,0.050780142498114425
60,-0.4361374348110805,-0.5256772994237644
77,-0.5064367286992042,-0.36510447416755765
89,-0.4736647281992135,-0.3275439227849258
121,-0.9154681533676243,0.22769530870323687
43,-0.33985737619692813,0.23787293127562556
143,-0.6041675956587327,-0.27443461049510576
65,-0.389055465864446,-0.14438148453877975
70,0.3360675530178124,0.10559573066396787
83,-0.06715701341986678,-0.15515235451895537
93,0.06781247156183443,0.028434587610923566
123,-0.3084701564727711,0.7684156617356419
47,-0.44000399924365585,0.3946818666781975
128,-0.7249039769480223,0.06105724734332328
46,-0.6015610219812046,0.3305831083568836
71,-0.015420456999839965,-0.4590438359384317
72,-0.8027198977572436,-0.40739865694705735
85,-0.05138825246007675,-0.21520548197322367
129,-0.7064393430921688,-0.3326676664982732
131,-0.0764505562727647,0.08406941642063206
135,-0.031092487694695217,-0.03939128929976356
45,0.11296607263560558,0.14977191400702158
50,-0.096238274386906,0.4429576136026403
73,0.4558568803892469,-0.23732304464885362
74,0.38726939099287644,-0.06296686833135454
78,-0.3796977906335199,-0.003612722522157185
75,-0.13624541470597434,-0.6019046862274313
76,0.1841893839973998,-0.11000443031198802
84,0.18145499713189883,0.2152588751444895
51,-0.22190612517913363,-0.26174737906221235
53,0.33240691379964327,-0.6245664511954376
54,-0.34473042108756097,-0.43080777618328114
87,0.44113912108540126,-0.34794691035800607
98,0.3747573231984981,-0.9420806619792444
137,-0.30007186155454524,-0.7364325186553768
138,-0.3805559398153903,-0.583650536547488
139,-0.039338664873797675,-0.7129780914526846
140,-0.11350453246352987,-0.7444501769762749
161,-0.757041758107869,-0.5920947536151324
56,-0.09917294554790251,-0.36522891684097347
58,0.2803037822590737,-0.6276629136566877
59,0.026572243406176407,-0.5028904592861949
91,0.025036384507929724,-0.980953355577753
99,0.43640496579064414,-0.8000353830055269
132,0.3875690620615824,-0.46428696412646736
141,0.372368946196861,-0.5575022642939553
153,-0.3920315665822387,-0.8567961519291667
61,0.11710997077342793,-0.18749882145532484
63,0.5625351841095241,-0.4499426565232087
64,-0.040875613024369234,-0.3335792145326047
96,0.9086677944858959,-0.4376487979075418
136,0.3949613930020915,-0.2530087159832988
142,0.04828886831614358,-0.6823693758295012
144,-0.6818653726554961,-0.5200710764835292
102,0.7027816066437026,-0.3511449303049199
88,-0.43350044423331546,-0.7626714133920683
145,-0.18524705467852157,-0.8147842377738429
146,0.6262311609938767,-0.33410868976268226
148,0.4841171543658188,-0.6739093284488692
134,0.7070505752158932,-0.1512580643043559
150,0.32873093584768476,-0.35358233390964167
151,0.3224330789105801,-0.41020851383417467
152,0.19785343784462847,-0.42220539241660215
158,-0.6539940050926618,-0.7375597691219266
147,0.8840452246350511,-0.2111184652710743
154,0.7854804466732213,0.2991563386690282
149,0.2601704514062451,-0.801538844622497
156,0.5735946594817258,0.19908458412261457
79,-0.21142220913603652,-0.5335586125604621
80,-0.10221329358019773,-0.5226186564443033
81,-0.3294474786911584,-0.582254108005982
82,0.27370903472070324,0.08470074761339622
157,0.12369288113329109,-0.7270592522121015
130,0.8366975334427599,0.19687291452539007
90,-0.22796248820576992,-0.9681089934064712
92,0.6269903283047901,-0.09066878156703802
94,0.751754436458939,0.0574589238745134
133,0.9810744543495789,0.026643025758087295
