0,0.4042639843217319,0.7288019829670995
1,0.3674085008594396,0.9218740323762179
2,0.26038245355020545,0.7952023808249046
3,0.5231908449502553,0.832053525072213
4,0.6107202890380748,0.7666037626689407
5,0.49118427206418136,0.6371256029138828
6,0.5480751072525153,0.6061668471967269
7,0.2475009170871842,0.602102835252912
8,0.35751320123831215,0.5549328230031259
9,0.07486464622608197,0.8890912042228146
10,0.08302920156930489,0.7700469702615147
11,0.16739558857058942,0.7282465339324511
12,0.6665601575233688,0.9326329510053953
13,0.7585513623903738,0.8886173042725728
14,0.7751470210959129,0.7620026423883738
15,0.7112765559917789,0.6015212960426847
16,0.41271914442834573,0.4845926186081321
17,0.5847897290017103,0.4661068731001655
21,0.08037265715436935,0.5818554591213377
26,0.22624859314703646,0.4108781518303464
18,-0.04162482603954148,0.9095183875020365
19,-0.05813516804511356,0.7287004372221868
38,0.4101777883452351,0.3670759036990054
39,0.6455257234885482,0.273713016159074
20,-0.18429228753319132,0.8598510586046829
22,-0.2851749289334037,0.7337467908780697
23,-0.21169856531950604,0.7128121376217841
24,-0.0439527484321822,0.5557863054594202
25,-0.12612715007758674,0.6010741196695863
35,0.044308533519087236,0.4168715474221873
36,0.14914638473143607,0.5095255885389474
27,-0.4834630123418266,0.7102095244264014
28,-0.4317887198330372,0.6893042698492438
29,-0.3213240907144738,0.5430395372254803
37,-0.16213721482777763,0.4413491610704326
32,-0.28420873360428417,0.5938001475107285
40,0.35333075634124383,0.24461935053284717
41,0.1611360238707132,0.27025403370420525
42,0.08358440950665963,0.2724253725534947
43,0.24484552105799165,0.20844948237408079
30,-0.6058134405729685,0.6334193456619981
31,-0.4684644012303169,0.5245929645603064
33,-0.41080680996585955,0.32834441888291366
34,-0.43218044261774125,0.44470471614248497
44,-0.3179957401975621,0.47492860697504724
45,-0.4976755178630038,0.3868986564644331
46,-0.2954949860535212,0.26243227524391355
47,-0.6042233012818307,0.36850616511517037
48,-0.4515347890869749,0.2672562206810445
49,-0.34356183393271505,0.14914270017814457
50,-0.5127438614245263,0.14727693783269116
51,-0.27678045972857274,0.34387899773918734
52,-0.09951225803844349,0.32371203523968123
53,0.46908366450898686,0.17384303025846556
54,0.6595650970234301,0.11328646544776863
55,0.4359366142033667,0.11572571999234937
56,0.5607501565072834,0.18972557921231747
57,0.3148486304306285,0.04228743915374918
61,0.1253599571932342,0.07055914135080388
62,0.010585873682606606,0.18696926375388537
60,-0.21146884805560998,0.17544091133442244
63,-0.3647706755406745,0.045035704309115056
75,-0.18139633125228796,-0.010744939036418155
76,-0.5325790639818254,0.06577208376656664
77,-0.5086947397871361,-0.06015514498056309
59,-0.1505846538393738,0.2744057104812466
58,0.5104784745069822,0.017411007394686265
71,0.5988555105139614,-0.07613838816644025
66,0.16955979063488888,-0.03931016610437247
68,0.399095560904269,-0.11186175521876837
69,0.3200136914411579,-0.08257850236385873
70,0.21197469556365994,-0.14503809365202744
72,-0.13079910462753241,0.12453824755086637
74,-0.2596302259878296,0.06451689925039697
64,-0.014696836313644676,0.010584356109374693
65,0.2656514595538387,0.07281842869994863
67,0.010760102644045052,-0.1334861653818155
73,-0.08714067821728372,0.08062315961442593
78,-0.3512193307804311,-0.1148310758441602
79,-0.5949246115769653,0.01821400456730436
80,0.012866767626329012,-0.06251894321387565
81,0.1353702228308407,-0.20167131980247804
82,-0.15370054927403415,-0.10965005930633726
83,0.1257692541959146,-0.12259860759099583
84,0.11368880872871139,-0.30253495170269656
85,-0.1044549839354285,-0.20535557196827978
86,-0.10184647758549181,-0.29944650586018107
87,0.037096219921373956,-0.34088996819797623
88,0.3808117050394249,-0.2721297317651513
90,0.2727427333159812,-0.2713474861841353
89,-0.32508694901439017,-0.03672872595980649
94,-0.555098803050224,-0.14114492316821672
95,-0.4653356139867221,-0.245987782195707
96,-0.6238287542960131,-0.24232075287030416
97,-0.23126383702068606,-0.21897802044193462
98,-0.29910438546723567,-0.25043436050869056
91,0.3117641370277476,-0.3686377938121522
99,0.21831173883398822,-0.43580246955996654
100,-0.04271980325512287,-0.4746856667973638
101,0.07719469107926104,-0.47572802334065295
103,-0.24010443468035073,-0.35655779534279874
104,-0.3205994121966533,-0.3338171975665849
108,-0.10556717995942437,-0.4297694152340499
109,-0.20249237415566998,-0.4325476290165161
110,0.15593882153391697,-0.530409186069128
92,0.5167528257244589,-0.3406386915313477
93,0.36973285956489055,-0.48259054850647437
113,0.5051414756602441,-0.5849332895987462
114,0.5739237438818343,-0.5321918458021772
115,0.31747027653183385,-0.6085418728868076
116,0.4808615332532725,-0.645946346021347
105,-0.5110168309073342,-0.34723330955202864
106,-0.39714788986049576,-0.44145622785710403
107,-0.543646364715148,-0.44610101202831937
111,-0.7272162289576887,-0.35561337336308796
112,-0.7180704140995974,-0.42415426054982547
102,-0.4477081981208477,-0.3609000745177489
117,-0.22670052369615787,-0.5474883507179036
118,-0.02530521604300172,-0.6116195294793062
119,0.0035366482065042715,-0.6662260032616705
120,-0.17910439444511775,-0.641266003922043
121,0.120363200718895,-0.6411415911861892
126,-0.3249767022381332,-0.6299041980770704
127,-0.38537080404324286,-0.5799198239585671
128,-0.42443182847972677,-0.6242962666995207
129,-0.7097436162358478,-0.539834055345207
130,-0.5795680847535154,-0.6092026759812645
122,0.250704455469553,-0.6602654770068885
123,0.16595006566956122,-0.7279618563106061
124,0.3732149410557471,-0.7640346123969388
125,0.3063958639935506,-0.8067514929809413
131,-0.26722923075961613,-0.7662835488262953
132,-0.14261111403021648,-0.7831126122948336
133,-0.11246838902282495,-0.8242988847886582
134,0.015734500462825127,-0.8481118412435033
135,0.08005863884902768,-0.8279479265327047
136,-0.38011377465632956,-0.727578580306735
138,0.2020885547085381,-0.920025271158203
139,0.2655700207979675,-0.8944184435893463
137,0.40564693048455264,-0.9516061455466054
140,-0.08821673220192866,-1.0
