0,0.19554629489283873,0.2058666924323771
1,0.018447509725732742,0.04209828801097539
2,0.06550636930438555,0.14668850798663488
3,0.3787492539174565,0.37953614861980184
4,0.4451242995681695,0.16999368723695232
5,0.4066891163751788,0.2680881112087546
6,0.4991021961436324,0.3708307614398349
7,0.5032075757563396,0.23226071601034823
8,0.5426079219765098,0.30490743249674246
9,0.44936889097163907,0.46880641836319636
10,0.35502142018363436,0.49638183871344455
11,0.15327051760196245,0.47583757135932175
12,0.2649183548332026,0.5299526739120206
13,0.003482575200070612,0.27710135062359315
14,-0.3347759266115656,0.06327862371487075
15,0.3190098706898419,-0.17732494546396507
16,0.1115461381151862,0.2835767374025364
17,0.03454893914091798,-0.09840263346926778
18,0.08597153399655197,0.009218895274371978
19,0.06763567013806282,-0.054483715501419575
20,-0.06618935472657174,-0.1110044638976991
21,-0.09253572298972981,-0.062402472011949275
22,-0.021725296260738568,-0.04092038011295888
23,-0.016237086420708723,-0.12303978283691251
24,-0.059099668505123444,0.0843764160901433
25,-0.09017132683016314,0.04395501178891219
26,-0.09552152788475546,-0.0078099281605799155
37,0.2807454500974587,0.31635984177260457
38,0.2385155976448739,0.3661297988200659
39,0.07031293615296373,0.4310346230375894
40,0.0235398281948506,0.42072957636859726
41,0.006762189601326333,0.1514677628944948
27,0.22655344696153876,0.45607669555443137
28,0.15993327853097022,0.5634582434749977
29,0.07452285765911391,0.62553998172899
30,-0.04831594102159277,0.629702237812289
31,-0.14187130993667968,0.6121881174731336
32,0.0127688388208403,0.5459528858326209
33,-0.08226207019152164,0.47557195729829005
34,-0.16986326010833228,0.4368132156543758
35,-0.15244581618057154,0.35703286902143216
36,-0.16199225326467245,0.5351136032647017
42,-0.3020516484788246,-0.24876935265111713
43,-0.2928895668138514,-0.22772033011252113
44,-0.38396347497408656,0.33463383735131885
45,-0.40421625321198484,0.29389230231420305
46,-0.4562103869405675,0.24551034868304464
47,-0.48280911108761604,0.19635733398092783
48,-0.5401244547923975,0.036811029796913
49,-0.5325950823908842,-0.009887430145004553
50,-0.5247436079382566,-0.09304886447139413
51,-0.5123582472301114,-0.14536861277079663
52,0.5063174337648149,-0.34260143321687275
53,0.2230908331294556,-0.4497140332748549
54,0.15160770519240085,-0.02383564226668094
55,0.011083344313198549,-0.33584329094860754
56,0.5312353305358206,-0.2920557644381679
57,0.5626088380616392,-0.17231370918173322
58,0.5813663616828201,-0.07286404995596678
59,0.5806835840901535,-0.029454909355412246
60,0.2531872030884033,-0.4306778341228546
61,0.2751103338263806,-0.3907639818830819
266,0.5982871559517893,0.36841405983352676
267,0.5349482015508491,0.4382759297558676
268,0.6473372107840557,0.44358199867070414
269,0.6499834547640928,0.5224670206441306
270,0.6154042032384268,0.6077383551692893
271,0.5232131791905289,0.5964225047817501
272,0.4003932727220421,0.5901173876051958
273,0.35981494869174024,0.7031751370304896
274,0.5308667983391768,0.6926018670869483
275,0.43968619348500226,0.7373015977395988
276,0.5905283626782244,0.4689330124783409
277,0.6044488462569552,0.5556573129710379
278,0.5015611000949185,0.5246303430441329
279,0.5725695141598685,0.6502837553318186
280,0.33029595989081073,0.6362930865504517
281,0.49331483371478474,0.7350679056066194
282,0.40776662350992615,0.7858278892429627
283,0.46163152697875,0.6494014310719732
284,0.32390423424053194,0.8145485976573185
285,0.2131300073607839,0.7481965654064016
286,0.274349648242586,0.6767272521072608
287,0.34517017476480544,0.7661135554893627
288,0.1692526912814175,0.8694705662594853
289,0.2642591610462662,0.8431347415901459
290,-0.06328918249461948,0.702931613304633
291,0.0794297591662755,0.8763720918883747
292,0.12776585258412163,0.7392840347094526
293,0.035631627549387014,0.7858253214047599
294,-0.039401314972006156,0.8570839033652063
295,-0.10615227337458609,0.7797750953720145
296,0.1991810114320339,0.8399069287977565
297,0.2665336060780249,0.7756354001375997
298,0.11326265917979306,0.8368897959421303
299,0.02426842302624378,0.8728946200752266
300,0.18256118292201898,0.6774689370815521
301,0.03190435043891072,0.705793867480912
302,-0.033550516903456305,0.8019103089285023
303,-0.10636950256686592,0.83733492004716
304,-0.1356378355462303,0.6788219909066548
305,-0.15447102203644658,0.7580693560852836
76,-0.03766314437625617,-0.43115042892901834
166,-0.4265838420006944,-0.4275933968662926
167,-0.4912240292820022,-0.3506958331851502
168,-0.5414247884044753,-0.4713640638876437
169,-0.463050846598481,-0.5683032232864654
170,-0.5854236113842439,-0.5696142157488029
171,-0.5363985820796909,-0.6451917888257211
172,-0.4585405745964094,-0.6730323385564684
173,-0.3222813197303528,-0.4371148510311696
174,-0.37433216375130335,-0.6432420222229384
175,-0.3496003968726014,-0.5469745452990743
176,-0.4880049858076686,-0.6322460097024369
177,-0.5619932693336239,-0.607487555846105
178,-0.44592434964577543,-0.3225019836850448
179,-0.3599071842895468,-0.5953015047476709
180,-0.32346907908620226,-0.49379837946272265
181,-0.41666750514086104,-0.6563163254993829
182,-0.356488487702147,-0.3878099780297765
183,-0.5530270135326172,-0.5234555158004249
184,-0.5217027538548388,-0.41092654162490594
185,-0.437598982097332,-0.5053965702664105
86,-0.2320098589853838,0.18264629459657344
186,-0.37328331311629925,0.697845578244914
187,-0.4005949620483858,0.7651594099864506
188,-0.4765608499623887,0.7699111192652959
189,-0.5457711182565694,0.7496470880138908
190,-0.4987641588261298,0.566064320625889
191,-0.3845733838706663,0.5948684400609752
192,-0.6340698156874763,0.7020416978087236
193,-0.628471495550337,0.46615043521211713
194,-0.7000265553767082,0.6592446485620731
195,-0.7380734581220005,0.5177382600985118
196,-0.4370151992813732,0.7288451324277958
197,-0.5118275895409677,0.7047318548980034
198,-0.5942639866652415,0.7185283442287788
199,-0.6535380415427,0.6273174448239954
200,-0.4113809228565857,0.6465248717910066
201,-0.4194013821756713,0.5326509209590767
202,-0.7632090757169265,0.5840078766092823
203,-0.5553715880170208,0.454926473095672
204,-0.7795843192748789,0.4546018159138205
205,-0.6791136665319792,0.36175825202275574
206,-0.5068707593039423,0.6295496976105208
207,-0.5919231487804137,0.6391432693701145
208,-0.7219085158943037,0.620156373717554
209,-0.8069638212699035,0.5462019797368373
210,-0.4892502602993953,0.48440172886758254
211,-0.6912594164484078,0.4376118982927637
212,-0.7894069552191728,0.30413677388764376
213,-0.8590643520178117,0.448071935610938
214,-0.870095587019623,0.3547819506228389
215,-0.6614947939802006,0.28312647296618315
216,-0.6871647661214048,0.5569860514894537
217,-0.8333207669895569,0.505460598872364
218,-0.5826726808600251,0.5437713553059546
219,-0.6767673849949662,0.20715661625093643
220,-0.5835910653665096,0.37892982864633246
221,-0.776253465760785,0.23184940847393193
222,-0.7770794162048513,0.3812613062667794
223,-0.8928109372190315,0.41289342992762873
224,-0.9244898664974839,0.3296443920368183
225,-0.8878069865954618,0.2701475963876373
96,-0.3566356532120479,-0.2166639330008892
226,-0.8607428342054623,0.18782958604881905
227,-0.9846198302078836,0.14721658525103773
228,-0.7401613575249437,0.12581698007132594
229,-0.8802823794452458,0.05326392601535329
230,-0.952301152535937,0.21958232455552995
231,-0.9136559905356669,-0.15699648079482492
232,-0.9956610997764985,0.04659793361691083
233,-0.9868741208067426,-0.060299857742701385
234,-0.7853638728618871,-0.1751016605391325
235,-0.7260857678387288,-0.04540036384681935
236,-0.9667898897241912,0.08677071332723636
237,-0.9232147902276,0.15147463989362284
238,-0.7311296798373185,0.047510210846604575
239,-0.9004806473483934,-0.07158465454450888
240,-0.8243470457198786,0.10328853969660438
241,-0.988657100924023,-0.007596899452319851
242,-0.9723407329682991,-0.16669419002112768
243,-0.8697777824471232,-0.27520266013217937
244,-0.7105956497571788,-0.13744226752169567
245,-0.7733689038497119,-0.28043675747944347
246,-0.9450589053239145,-0.2668820781905766
247,-0.9706398572004218,-0.1137226120496248
248,-0.9001926979197681,-0.013124122506225326
249,-0.8475757171823567,-0.2095617802589411
250,-0.7888275549148431,-0.03506408038077149
251,-0.6719679298244559,-0.2749583834933782
252,-0.88243189736327,-0.3662417591338001
253,-0.7394335495334439,-0.36457970562389613
254,-0.7368477616241916,-0.46059483923459316
255,-0.8122743396705606,-0.4418980556676884
256,-0.9180604535917849,-0.32333687262168076
257,-0.8365122600612834,-0.11440832006831085
258,-0.9394197866748518,-0.2168710432653506
259,-0.6774073455963574,-0.3839012743908143
260,-0.7151465711143034,-0.22208894355202105
261,-0.6922380659891884,-0.4975870438034708
262,-0.8606823576155374,-0.42984591622342544
263,-0.8155891047091901,-0.35614958865178586
264,-0.7905306773868146,-0.5001665401427482
265,-0.7268468961310487,-0.5483635632012815
62,0.7624513918781398,-0.5468528797523782
63,0.7494407926348883,-0.6907899358871248
64,0.6797599644010142,-0.7379614362758521
65,0.643217093275111,-0.6325379133564043
66,0.7073868372650053,-0.21425087926950134
67,0.6222213392299201,-0.7508435421946907
68,0.8161175544565291,-0.6236485896510386
69,0.6802512857231492,-0.48404357975510165
70,0.8833289898904001,-0.5212218652649842
71,0.9056785874066768,-0.421603630384402
72,0.8112531275828178,-0.36415688647101313
73,0.05226419035931784,-0.8337297252953664
74,0.19363586510840045,-0.8917279915830828
75,0.4034136988048567,-0.8389195125994514
77,0.10123631931292905,-0.8751520611986235
78,0.3016345810583856,-0.8812513773604134
79,0.10793872057652677,-0.7463504121338496
80,0.43372627358172067,-0.741184805567349
81,0.2991689633875796,-0.6506719420038414
82,0.4306307896019698,-0.6191004485790732
83,0.24659414879690825,-0.7721864913296181
84,0.03503298141058222,-0.23503871925402836
85,0.179054416234119,-0.1890825100935714
87,0.38059012750751,0.035451366959227945
88,0.10919983387742195,-0.22646073819448953
89,0.3310728204061227,-0.03875245279987633
90,0.2824924983372856,0.05402133649942589
91,0.25506913144635374,-0.1077677019863835
92,0.35934830968672826,0.17012429121357417
93,0.40999875745588954,0.10996512020193153
94,0.2824551225836982,0.13857889407314977
95,-0.1498338414680362,-0.6867413454341138
97,-0.13862951566763385,-0.6242452835575444
98,-0.1179927682325789,-0.5464582141018776
99,-0.13229518113147326,-0.7398966239717788
100,-0.05422628120395684,-0.6116984169083713
101,-0.06473688470029774,-0.5004194278926092
102,0.029416615128639956,-0.5070664598059367
103,0.0156644397729106,-0.5817209454988791
104,-0.078863542134307,-0.7382530267344839
105,-0.04242616405317277,-0.6826440246808564
106,0.6704443638274755,-0.5648147166455122
107,0.8447420353470986,-0.5825209256511465
108,0.6842776108312417,-0.6804268717001016
109,0.7539851343456109,-0.637505162607417
110,0.9498238958049179,-0.37767237353496974
111,0.9165649043544969,-0.27903977207976294
112,0.8145294983835725,-0.5064581664186341
113,0.8130257147762416,-0.27656764155339864
114,0.9160310585511243,-0.47098269123341946
115,0.7118440189175375,-0.4277850577996924
116,0.8171248835247923,-0.4399316385765635
117,0.8848394178562713,-0.3519457385594661
118,0.9684043877941322,-0.3205099984352803
119,0.9872674071273366,-0.24382226771073293
120,0.7382904264676176,-0.35144885861640196
121,0.8162531374390459,-0.14980382473109122
122,0.9956692494283554,-0.15742753638594556
123,0.9414722749770549,-0.046422555071357445
124,0.8919623494369123,0.04023908543689713
125,0.7869551880258752,-0.005535453130770916
126,0.8556547815638368,-0.20251409241803975
127,0.9526793482072027,-0.20216047168166976
128,1.0,-0.10683223576373246
129,0.8670997049689864,-0.03474989567019245
130,0.7876093294772185,0.06865519178254902
131,0.8083792775908809,0.17960762927047366
132,0.9973346597791817,0.006036762166733476
133,0.9648648734629295,0.100086810507104
134,0.919544193701096,0.17433820983012696
135,0.8685166650677534,0.23265746958881917
136,0.8214698111302912,-0.07844093472273984
137,0.9229992853662784,-0.13494122256795973
138,0.9974802133675685,-0.053161674756591726
139,0.9833771530535873,0.050265130084994704
140,0.8732881124083579,0.10524269248332735
141,0.9666350614830709,0.15165847728387474
142,0.7738891951621566,0.1330850521177121
143,0.9217743898038975,0.232416849573089
144,0.860850768694426,0.284605703637001
145,0.8038322891010137,0.24349551549726367
146,0.09536566649045583,-0.8067979636312076
147,0.1740318779032607,-0.6892672038385084
148,0.35443582806720325,-0.8595074243158101
149,0.24486019757770455,-0.8742290637119642
150,0.29211085965160366,-0.7291564655090448
151,0.4478443226397919,-0.8151035081219089
152,0.1457353946410484,-0.8622696483655324
153,0.4949426832339602,-0.7133620241568023
154,0.43382627331769025,-0.5476390443291451
155,0.3849026848884939,-0.6633878267808594
156,0.1640092055316865,-0.7531133447454491
157,0.30822319333914117,-0.8252148340447311
158,0.37534962015947493,-0.7719795411512227
159,0.4859866114743227,-0.7795511719578261
160,0.19963567986530345,-0.8269936874182534
161,0.2248076645373726,-0.6440290908695262
162,0.46433450745225163,-0.48301081539771645
163,0.3422971138396464,-0.5847956133938128
164,0.5005731520889523,-0.6618232347202987
165,0.5048610395945939,-0.5622122129889799
