0,0.9809505695218239,0.055310285501182395
1,0.9922108229051749,0.062347300429673444
2,0.9918376897789092,0.04649498163000393
3,0.9905868299109893,0.07804079285366702
4,0.9936962394462963,0.030747489998105212
5,0.9818261837238609,0.03669782498430086
6,0.9882229434774399,0.09340188562938158
399,0.9935469655977246,0.014970646332437951
7,0.9859935386194019,0.10877120936355777
8,0.983734987548136,0.12415645365676507
9,0.9813427054419589,0.13954372192490483
10,0.9787754176444815,0.15492100646836554
11,0.9760026492349189,0.17027610355788378
12,0.9730155366969112,0.18560222815084282
13,0.9698019675588923,0.20089141730688673
14,0.96636353392464,0.21613896660170132
15,0.9627003824933159,0.23133971543285678
16,0.9588089685300832,0.24648942216361383
17,0.9546837448926039,0.2615807517600816
18,0.9503216363579976,0.2766098366618465
19,0.9457263157274005,0.29157156826887126
20,0.9409013846951827,0.30646442261024137
21,0.9358484077542605,0.32128342830500484
22,0.9305665450544275,0.3360241957693003
23,0.9250547338727533,0.35068310340993736
24,0.9193138420946207,0.3652545659495604
25,0.9133446647553778,0.3797356900033649
26,0.9071489353313557,0.39412253349235354
27,0.9007284456411192,0.4084116218619827
28,0.8940852211928972,0.4225991071407557
29,0.8872207672036933,0.43668231580177963
30,0.8801371440285805,0.4506573479267651
31,0.872836184036591,0.464520667044416
32,0.8653192142128865,0.4782694554348923
33,0.8575882327345072,0.49189948845584297
34,0.8496446077605041,0.5054076251192254
35,0.8414900091623971,0.5187902440196913
36,0.8331262507801604,0.5320436758150422
37,0.8245551061962891,0.5451645680449658
38,0.815778623472504,0.5581494111332654
39,0.8067988616310183,0.5709949666147898
40,0.7976180792248361,0.5836979315286082
41,0.7882385653702451,0.5962551592063529
42,0.7786626548897408,0.6086635992935724
43,0.7688927894732346,0.620920189501264
44,0.7589314048675053,0.6330219704234141
45,0.7487809951996052,0.6449660168061184
46,0.7384440963183561,0.6567494233879961
47,0.7279232770753502,0.6683693247592243
48,0.7172211568732726,0.6798228802427955
49,0.7063403994588523,0.6911072758636064
50,0.6952837067769295,0.7022197183943482
51,0.6840538312415299,0.7131574518038245
52,0.6726535578218029,0.7239177481963784
53,0.6610857105257325,0.7344979188061517
54,0.6493531512919938,0.7448953218756316
55,0.6374587741392022,0.755107363768613
56,0.6254054985735263,0.7651314939727148
57,0.6131962775477201,0.7749652155397593
58,0.6008340920775554,0.7846060774590621
59,0.588321959796255,0.7940516824053783
60,0.5756629322180803,0.8032996785121403
61,0.5628600993694608,0.8123477606282725
62,0.5499165929181284,0.8211936714112417
63,0.53683558638214,0.8298351994931924
64,0.523620295203752,0.8382701801025066
65,0.5102739754767662,0.846496495766069
66,0.49679992519203275,0.8545120837340913
67,0.48320147909172745,0.8623149350131086
68,0.46948200160479014,0.8699030894290524
69,0.4556448902167102,0.877274649710023
70,0.44169356796342957,0.8844277747522153
71,0.42763148162949927,0.891360680916585
72,0.41346210221394786,0.8980716468330364
73,0.3991889204187359,0.9045590041046965
74,0.38481545074002727,0.9108211452549808
75,0.37034523010817216,0.9168565181476885
76,0.35578181936937675,0.9226636255080859
77,0.34112880657657213,0.9282410307788956
78,0.32638980373305526,0.9335873463439762
79,0.3115684499863271,0.9387012422960908
80,0.2966684097560619,0.9435814411694077
81,0.2816933735910913,0.9482267251662502
82,0.26664705574177133,0.952635935084074
83,0.2515331904262945,0.9568079655436494
84,0.23635553195926928,0.9607417758081579
85,0.22111784999192902,0.964436382716491
86,0.2058239266011963,0.9678908589138278
87,0.19047755713640685,0.9711043471481543
88,0.17508254470748416,0.974076043474118
89,0.15964270071072673,0.9768052065698082
90,0.14416184420659744,0.9792911581689216
91,0.12864380069515222,0.9815332800941612
92,0.11309240171183955,0.9835310102242981
93,0.09751148591294123,0.9852838487244624
94,0.08190489905022696,0.9867913568038884
95,0.06627649379475149,0.9880531538417113
96,0.05063012993991244,0.9890689154144269
97,0.03496967450333417,0.989838379746406
98,0.019299001436510345,0.9903613499586201
99,0.003621990125574626,0.9906376846119608
100,-0.012057475122742705,0.9906672987685329
101,-0.027735506430292007,0.9904501777501684
102,-0.04340821401825477,0.9899863644359125
103,-0.059071707566910055,0.9892759583837505
104,-0.07472209823275464,0.988319126500755
105,-0.09035550030937488,0.987116097601018
106,-0.10596803223201065,0.9856671553830091
107,-0.1215558185810245,0.9839726475710586
108,-0.13711499163573682,0.9820329849965466
109,-0.15264169157654492,0.9798486345481662
110,-0.16813206879345044,0.9774201281196441
111,-0.1835822835153222,0.9747480545664201
112,-0.19898850690856543,0.9718330619959308
113,-0.21434692229654,0.9686758612192966
114,-0.2296537244251682,0.9652772185464893
115,-0.24490512033053563,0.9616379591973288
116,-0.26009733148218295,0.9577589725410456
117,-0.27522659065828553,0.9536411989728
118,-0.2902891468051772,0.9492856452475574
119,-0.30528126193785127,0.944693371763447
120,-0.3201992139028582,0.939865499090878
121,-0.33503929759030204,0.9348032098551208
122,-0.34979782411248794,0.9295077420947953
123,-0.36447112093697104,0.9239803888548437
124,-0.37905553695217303,0.9182225078194444
125,-0.39354743935771014,0.9122355105739594
126,-0.40794321720333515,0.906020868094477
127,-0.422239280607203,0.8995801063402281
128,-0.436432065699087,0.8929148138449147
129,-0.4505180309368396,0.8860266308140137
130,-0.4644936593945091,0.8789172515881744
131,-0.47835546494281184,0.8715884338529599
132,-0.49209998559298157,0.8640419830404922
133,-0.5057237893928115,0.8562797612409099
134,-0.5192234773239491,0.8483036894470167
135,-0.5325956751884044,0.8401157316596335
136,-0.5458370450912859,0.8317179122090584
137,-0.5589442820015543,0.8231123076839103
138,-0.5719141116836144,0.8143010420945322
139,-0.5847432976924171,0.8052862955914226
140,-0.5974286348813996,0.7960702934341181
141,-0.6099669558807512,0.7866553136334146
142,-0.6223551291322295,0.7770436828168419
143,-0.6345900602160401,0.7672377763746526
144,-0.6466686934968033,0.7572400194044441
145,-0.6585880107661364,0.7470528833791326
146,-0.6703450312782235,0.7366788853904959
147,-0.6819368150168961,0.7261205905112601
148,-0.6933604640893722,0.7153806121054154
149,-0.7046131202700116,0.70446160761006
150,-0.7156919629797818,0.693366275834384
151,-0.7265942203104194,0.6820973666429377
152,-0.7373171594105289,0.6706576701057517
153,-0.747858089335441,0.6590500183884747
154,-0.7582143653656942,0.6472772884518034
155,-0.7683833888864575,0.6353424005807569
156,-0.7783626052898438,0.6232483153298902
157,-0.7881495048741279,0.6109980331042586
158,-0.797741626068037,0.5985945957521086
159,-0.8071365545539442,0.5860410843806523
160,-0.8163319231258326,0.5733406182285087
161,-0.8253254167155809,0.5604963569222582
162,-0.8341147645573762,0.547511493801333
163,-0.8426977510150313,0.5343892621318544
164,-0.8510722076772241,0.5211329285347631
165,-0.8592360173886687,0.50774579457261
166,-0.8671871216797205,0.49423119980848784
167,-0.8749235043625283,0.4805925108848041
168,-0.8824432076568127,0.46683312994560394
169,-0.8897443305879457,0.45295649217681005
170,-0.8968250187134748,0.43896605920596243
171,-0.9036834766276236,0.42486532468516197
172,-0.9103179652817998,0.4106578114647785
173,-0.916726798236706,0.39634706877327974
174,-0.922908342742944,0.381936671791858
175,-0.9288610276002793,0.3674302239177211
176,-0.9345833368749306,0.3528313528495313
177,-0.9400738061266396,0.33814370825883583
178,-0.9453310387672259,0.32337096688649497
179,-0.9503536902017763,0.30851682546388703
180,-0.955140474410206,0.29358500214605016
181,-0.9596901688902704,0.27857923702070575
182,-0.9640016080240622,0.26350328876905493
183,-0.9680736881288392,0.24836093523883468
184,-0.9719053659906667,0.2331559717909084
185,-0.9754956504348654,0.21789220837403284
186,-0.9788436161439541,0.20257347201237355
187,-0.981948391235421,0.1872036029818352
188,-0.9848091530209973,0.17178645352536362
189,-0.987425147908823,0.15632589104784825
190,-0.9897956867353938,0.14082579576246235
191,-0.9919201354385284,0.1252900583362512
192,-0.9937979312970532,0.1097225811677231
193,-0.9954285565394764,0.09412727410162065
194,-0.9968115508665343,0.0785080556987289
195,-0.9979465216093081,0.06286885327824113
196,-0.9988331228970821,0.04721360040209968
197,-0.9994710590171065,0.03154623714933531
198,-0.9998600859558248,0.015870710015263582
199,-1.0,0.00019097152783911832
200,-0.9998906253187402,-0.015489018914293693
201,-0.9995317701204977,-0.031165292618411847
202,-0.9989229967963669,-0.04683385719185208
203,-0.9980640622355852,-0.062490701514151606
204,-0.9969555820962214,-0.07813185467002458
205,-0.9955983673983471,-0.09375338270846313
206,-0.9939929718550368,-0.10935135123355001
207,-0.9921399432236617,-0.1249218344684716
208,-0.9900398512359068,-0.14046091539805614
209,-0.987693310293296,-0.15596468740025843
210,-0.9851009808293961,-0.1714292543326556
211,-0.9822635671088629,-0.1868507300190519
212,-0.9791818332044834,-0.20222524117592666
213,-0.9758566025216155,-0.21754892831811215
214,-0.9722887493615829,-0.23281794456451757
215,-0.9684792063211716,-0.2480284578341652
216,-0.9644289611598212,-0.26317665086612857
217,-0.960139064176514,-0.2782587239079603
218,-0.9556106321765838,-0.2932708972473338
219,-0.9508448360056304,-0.30820940860991297
220,-0.9458429020687976,-0.32307051444184215
221,-0.9406061153473569,-0.33785049164187714
222,-0.9351358147743972,-0.3525456369469632
223,-0.9294333976282599,-0.3671522693110229
224,-0.9235003097141823,-0.3816667269795385
225,-0.9173380658648462,-0.3960853766168724
226,-0.9109482373256659,-0.4104046096983767
227,-0.9043324459390495,-0.4246208408405082
228,-0.897492376891556,-0.43873051460188456
229,-0.8904297679544189,-0.452730101808018
230,-0.883146417297873,-0.46661610451560853
231,-0.8756441712129304,-0.4803850509040853
232,-0.8679249335811735,-0.4940335012530088
233,-0.8599906662234507,-0.5075580496257801
234,-0.8518433728715901,-0.5209553156515091
235,-0.8434851172421634,-0.5342219561553191
236,-0.8349180162515767,-0.5473546625777488
237,-0.8261442347992115,-0.5603501588547826
238,-0.8171659893138836,-0.5732052047351576
239,-0.807985544686211,-0.5859165949540345
240,-0.7986052236551224,-0.5984811672607934
241,-0.7890273881660205,-0.6108957902597277
242,-0.7792544528368948,-0.623157374254173
243,-0.7692888813001274,-0.6352628701675259
244,-0.7591331837933908,-0.6472092687999018
245,-0.7487899157078582,-0.6589936009463122
246,-0.7382616768724838,-0.6706129377888811
247,-0.727551115032637,-0.6820643954836327
248,-0.7166609219767893,-0.6933451329294928
249,-0.7055938314372796,-0.7044523511753544
250,-0.6943526219857068,-0.7153832973015154
251,-0.6829401122890743,-0.7261352611733912
252,-0.6713591654410818,-0.7367055810463647
253,-0.6596126810582967,-0.7470916365585163
254,-0.6477036046889398,-0.757290860195523
255,-0.6356349171276352,-0.7673007269167036
256,-0.6234096359071842,-0.7771187563687707
257,-0.6110308222988194,-0.7867425231508316
258,-0.5985015734577924,-0.7961696486312115
259,-0.5858250220447803,-0.8053978015033657
260,-0.5730043374111686,-0.814424700760235
261,-0.5600427231148007,-0.823248113544909
262,-0.5469434199612561,-0.831865861034773
263,-0.5337097024321492,-0.8402758150311908
264,-0.520344876235425,-0.8484758954284005
265,-0.5068522822850197,-0.8564640782253522
266,-0.4932352939275124,-0.8642383932461981
267,-0.4794973121041443,-0.8717969173480672
268,-0.46564177126109974,-0.8791377868582936
269,-0.451672135919106,-0.8862591940125967
270,-0.4375918937884247,-0.8931593756936022
271,-0.4234045663575763,-0.8998366365426115
272,-0.40911369833854894,-0.9062893311634568
273,-0.3947228589801342,-0.9125158683113574
274,-0.38023564507188884,-0.9185147216739264
275,-0.36565567281808675,-0.9242844137764266
276,-0.35098658230006674,-0.9298235299398031
277,-0.33623203592670214,-0.9351307186253743
278,-0.3213957104295156,-0.9402046731753917
279,-0.3064813046228162,-0.9450441562493411
280,-0.29149253444285567,-0.9496479907989757
281,-0.2764331290569105,-0.95401505055389
282,-0.26130683447363456,-0.9581442753527085
283,-0.24611741031494205,-0.9620346645249674
284,-0.23086862815983963,-0.965685273307308
285,-0.21556427201632303,-0.9690952185764229
286,-0.20020813767135726,-0.9722636782017724
287,-0.18480403061346187,-0.9751898860306853
288,-0.169355767870804,-0.9778731419483377
289,-0.1538671742362637,-0.9803127950002692
290,-0.13834208501252146,-0.9825082600509649
291,-0.12278434524706469,-0.9844590181638749
292,-0.10719780689834037,-0.9861645978715734
293,-0.09158633064366227,-0.987624591310946
294,-0.07595378565034923,-0.9888386588707612
295,-0.06030404703810886,-0.9898065108377294
296,-0.04464099662993994,-0.990527921400955
297,-0.028968521601475287,-0.991002728051748
298,-0.013290513141320431,-0.9912308300177735
299,0.0023891349671796252,-0.9912121838344682
300,0.01806652768645575,-0.9909468063843108
301,0.03373777088327995,-0.9904347854512584
302,0.049398972824069645,-0.9896762630309883
303,0.06504624608327096,-0.9886714390214573
304,0.08067570998093265,-0.9874205832020747
305,0.09628349174167933,-0.9859240200236001
306,0.11186572888642145,-0.9841821407174789
307,0.1274185689733185,-0.9821953856174791
308,0.14293817193616756,-0.9799642603288833
309,0.15842071154929163,-0.9774893358829817
310,0.17386237185915387,-0.974771227118523
311,0.18925935040161676,-0.9718106135426383
312,0.204607858858633,-0.9686082438033745
313,0.21990411644708716,-0.9651649049514777
314,0.23514435571020853,-0.9614814569703768
315,0.2503248184437284,-0.9575588133579798
316,0.2654417551432253,-0.9533979448430135
317,0.28049142754280526,-0.9489998860513993
318,0.29547010716783495,-0.9443657295772784
319,0.3103740767919056,-0.9394966264289829
320,0.3251996353397848,-0.9343937944559583
321,0.3399430945902275,-0.9290585011502004
322,0.35460078650414106,-0.9234920755764835
323,0.3691690698155087,-0.9176959154323644
324,0.38364432341861215,-0.9116714601551239
325,0.3980229571925907,-0.9054202100337266
326,0.41230141330378994,-0.8989437212022342
327,0.4264761631233332,-0.8922435941676105
328,0.4405437138343658,-0.8853214856113658
329,0.4545006065536293,-0.8781791039573654
330,0.46834340990394624,-0.8708181989151105
331,0.48206872809769924,-0.8632405813691827
332,0.4956731890302078,-0.8554481052305792
333,0.5091534475643542,-0.8474426803362695
334,0.5225061845520899,-0.8392262734767906
335,0.5357281021619438,-0.8308009053601711
336,0.5488159254926708,-0.8221686536560316
337,0.5617664058185164,-0.813331657069649
338,0.5745763193269631,-0.8042921100206905
339,0.5872424726983685,-0.7950522646147242
340,0.5997617105107269,-0.7856144334051887
341,0.6121309110800001,-0.7759809753838115
342,0.6243469986342491,-0.7661543035368417
343,0.636406944169949,-0.7561368780985871
344,0.6483077641881749,-0.7459311993893283
345,0.6600465331788634,-0.7355398183387386
346,0.6716203753492804,-0.724965325272356
347,0.6830264614826396,-0.7142103471328414
348,0.694262017129679,-0.7032775593612003
349,0.7053243094809868,-0.692169675834443
350,0.7162106531552601,-0.6808894587287027
351,0.7269184072546804,-0.6694397182987198
352,0.7374449670258615,-0.6578233091163279
353,0.7477877717961776,-0.6460431395434282
354,0.7579442998117814,-0.6341021602346425
355,0.7679120707079926,-0.6220033633479747
356,0.7776886468409203,-0.6097497913367678
357,0.7872716304156241,-0.5973445187409748
358,0.7966586780846611,-0.5847906418324009
359,0.8058474897647594,-0.572091298426535
360,0.8148358066531073,-0.5592496536054617
361,0.8236214279089185,-0.5462688712877334
362,0.8322021891563836,-0.5331521590196718
363,0.8405759710079128,-0.5199027421422517
364,0.8487407102981953,-0.5065238510687768
365,0.8566943523624441,-0.493018770487029
366,0.864434893870605,-0.47939078310677397
367,0.8719603376745414,-0.46564326337152345
368,0.8792687834906294,-0.4517794932685039
369,0.8863583182357785,-0.43780290169209435
370,0.8932270035738248,-0.42371716915756896
371,0.8998732885685212,-0.4095253898240971
372,0.9062953417699099,-0.39523154126558896
373,0.9124917000741345,-0.380839147555637
374,0.9184610792097856,-0.3663516658954297
375,0.9242020149528458,-0.35177349393179136
376,0.9297139124867809,-0.33710751227449526
377,0.9349957326101692,-0.3223586237723899
378,0.9400473263898941,-0.3075301865257184
379,0.9448683896384532,-0.29262612168065133
380,0.9494579165860467,-0.27765104532451684
381,0.9538145267605688,-0.2626071184407566
382,0.957934989391393,-0.24749867219155045
383,0.9618166094202301,-0.2323290124286544
384,0.9654592594137368,-0.2171018353824632
385,0.9688659402698353,-0.20182261475322785
386,0.9720395679627,-0.1864955361886666
387,0.9749786679708015,-0.1711253133127674
388,0.9776792199065786,-0.15571468851617046
389,0.9801401843961185,-0.14026756090222453
390,0.982363599783189,-0.12479068938950125
391,0.9843519070416795,-0.10928653351160118
392,0.9861132811685276,-0.09376270332134888
393,0.9876568655785073,-0.07822492650506206
394,0.988982073680731,-0.06267738555387821
395,0.9901013217518868,-0.04712745263810415
396,0.9910433622328513,-0.03158399612934787
397,0.9918545313993535,-0.016054948445920494
398,0.9926352640491751,-0.0005444018726825115
