0,0.19204420632252817,0.11371660644920303
1,0.021600094660913116,0.09711603283450682
2,0.0731290854393957,0.058054632836725795
3,-0.04620495222075824,-0.0034971128484235533
4,-0.10140465043503663,0.05380281034452309
5,0.1341309237137682,0.1916215428056462
6,-0.023954947015543494,0.13195287598768124
7,0.012710400445482247,0.22664848748021593
8,0.11763219518023572,0.22618733249839576
9,0.04843479234644877,0.12089029550277741
10,-0.012159409810816493,0.20224554947864
11,0.025555153334747754,0.13141272772169332
12,-0.05904688334989537,0.088257577509704
13,0.04393171127965829,0.004160297237252631
14,-0.20375317323242353,-0.04422905674936227
15,0.042839401598373794,-0.1034826665543678
16,-0.03215805153386076,0.04258253449151925
17,-0.004919916955653427,-0.004669359455375023
18,-0.03567586305118933,-0.11140345540750039
19,0.06398071523739907,-0.07072267435575093
20,-0.11350602697631998,0.17535844044418072
21,-0.0861629029587278,0.2194876151629834
22,-0.0545981736420421,0.26006156027298455
23,-0.133620375668897,0.19897786638149145
24,0.13533422143797513,0.13061037247843177
25,0.03099093834688111,0.05168343731575813
26,0.08772046263209603,0.21546525224419052
27,0.08492319245765423,0.13995100165288238
28,0.11124647297455242,0.09378970283620422
29,-0.14015139092285311,0.2526099374903203
30,0.05864499541711787,0.31080731091835095
31,-0.12258748720744936,0.13286035131331161
32,-0.21043664177067514,0.08197175742024056
33,-0.2555237672396647,-0.15122881259777612
34,-0.319585515813804,-0.10046730635723815
35,-0.35349116974110945,-0.06464095084450981
36,-0.1965582838780698,0.045408159880208555
37,0.15916055362738418,-0.14369908602862813
38,0.07142004324162025,-0.1916408280009644
39,-0.00637152469038885,-0.2093053217043956
40,-0.10072932729811035,-0.23323735009245863
41,-0.018882792499072622,-0.24768383164797275
42,-0.2466300418505267,0.17073543630133206
43,-0.16588408133720645,0.268103641519454
44,-0.21358711642301595,0.22934835069547388
45,-0.10012654166171282,0.3355829055298683
46,-0.07828029384433684,0.30648348796253533
47,-0.15960622324590398,0.31045132016251215
48,-0.04256187236580568,0.3358521002836999
49,-0.12567799270299976,0.332012219093238
50,-0.17971037494881067,0.11389868097956826
51,-0.04149024435105824,0.39162284486268106
52,-0.2251965396366286,0.19715111937933927
53,-0.2768766282064268,0.22264593318387826
54,-0.25155716591621113,0.3129810435491402
55,-0.17803905552611238,0.38675128172893813
56,-0.22627861333497376,0.35606322500174836
57,-0.33967657444381594,0.14898211159341734
58,-0.3335107600083048,-0.2715724397745217
59,-0.40665960957658315,-0.19533487987238304
60,-0.4586608573589911,-0.10314661145069164
61,-0.47093550220983954,-0.1492885161958146
62,-0.48654622681956455,-0.0439938297306489
63,-0.1420378151313882,-0.06118864604543071
64,-0.32214648579847466,0.032014236788652575
65,0.25146951594782224,-0.21220142913940754
66,0.144864082984827,-0.28743088836345626
67,0.19362808639990117,-0.19544147557691413
68,0.1785086499570968,-0.23178552404035294
69,0.11622969307460818,-0.21318020611458757
70,0.17204208153271552,-0.2694592452211733
71,0.2338787448345366,-0.2515220641923154
72,0.08507308177895036,-0.2964965052491668
73,0.06994753181893427,-0.34182231541737773
74,-0.00019338131223577907,-0.33735194974623645
75,-0.40327026444671804,0.20680740556108443
76,-0.305197266824143,0.30479147973970994
77,-0.10547414181316024,0.45042296481137195
78,-0.28665912717596387,0.40727562249575183
79,0.07263598460035614,0.4087906122204793
80,-0.2244907155119371,0.4433473030278579
81,-0.3243227630481544,0.10767560984088959
82,-0.16084290976103074,0.4821596573572964
83,0.08515244082707682,0.4615530361680492
84,-0.06304757975252279,0.5094590580263357
85,0.049320099827191835,0.49405515419244483
86,-0.004543150748032842,0.4897077623205449
87,-0.34715690867870713,0.4300003936810983
88,-0.5797592659118653,-0.04839991078337705
89,-0.5660874488211238,-0.14780104134177113
90,-0.6257569871584646,-0.08033409896888898
91,-0.5770275403497312,-0.20104312348152284
92,-0.6193087709811302,-0.12467886005983356
93,-0.16411196611112805,-0.2169824374463565
94,-0.13089255273870218,-0.1643584807187305
95,-0.042922744769490165,-0.18372530404374882
96,0.31500809057382173,-0.32959650315300276
97,-0.5372169632464558,0.18708338148602732
98,-0.15908383614983287,0.5851833583738048
99,-0.22616183679477983,0.5978790123714792
100,0.1584806791871325,0.558105505988429
101,0.10719947808684208,0.5802809458275947
102,0.05142124066625876,0.6168009258729188
103,-0.6210616923226847,0.07809279528258485
104,-0.24728117820651674,-0.34130711718525863
105,-0.18477946504430517,-0.34185612922189407
106,0.2637746459682726,-0.46302493691393065
107,0.43211540362839135,-0.368942475202246
108,0.3614513309499442,-0.39818159935647485
109,0.3330640229089238,-0.45307392743052555
110,-0.6423614506981057,0.2607015477684039
111,0.20530107715713541,0.672551282901513
112,-0.3060788064592181,-0.46265012509793185
113,0.5470425703988492,-0.39028115122953977
114,0.5307503103921416,-0.4468867687701913
115,0.28722015014592234,-0.5899556843524947
116,-0.749162083055315,0.3121700151259857
117,0.22824766159870347,0.7863512419211479
118,-0.3723000611158652,-0.5663610326408536
119,0.6592941292241814,-0.3790526252521192
120,0.6086982150155409,-0.4875836631544543
121,0.6492980355860786,-0.4428598877518705
122,0.5203506544058574,-0.542115738117177
123,0.5926418335561708,-0.5566011268837604
124,0.5138399024726731,-0.5810966113860639
125,0.7706939246022674,-0.42652857158303464
126,0.7800357405141366,-0.34113716137540945
127,0.6779833610873365,-0.5977175995671327
128,0.5499474798036422,-0.6702142621994941
129,0.6301221350567919,-0.6765414281711958
130,0.8879997241203491,-0.3949957092682203
131,0.8714616291567225,-0.48823005410377723
132,1.0,-0.35054573116624577
133,0.9780897240760389,-0.4838328638145746
