0,-0.19936422177247093,0.6689330478553921
1,-0.2964101104630767,0.7029632474187583
2,-0.08521021173036085,0.6429655686965143
3,-0.28627226416815277,0.5912811836514524
4,-0.17024236337537524,0.5660188978540033
5,0.031703158679067804,0.6133061938774302
6,-0.05292981786944646,0.5377900955996389
7,-0.4038826309270964,0.5289802044168449
8,-0.25141963230483283,0.48336067048342873
11,-0.1355334773099769,0.454925152765505
9,0.148704759370983,0.578578230634492
10,0.06337646333450356,0.5061733359444415
14,-0.01857171793434642,0.42238552442898963
36,-0.41173880681424996,0.45144751536641325
39,-0.37471700522815904,0.4099865701275339
41,-0.5176897533825937,0.5398633364209433
42,-0.48384878104779133,0.4355145882390885
45,-0.21546464318048414,0.3618077576442698
12,0.2603456139248052,0.5344963667313118
13,0.17726975133231304,0.4681412490696967
17,0.09649650821256961,0.3860644163177176
46,-0.09869544057262361,0.3326959831724627
15,0.35262326743972927,0.47821380605467195
16,0.28383420647986923,0.4152524977146707
20,0.210027627086211,0.3413026974903142
47,0.016390263288535985,0.2983569452020791
18,0.3389740364936786,0.42282059462166666
19,0.3539292218101092,0.34934902370247267
23,0.3163531948120269,0.2868042037628187
48,0.13248199684365813,0.2600465413527646
21,0.20580066789529436,0.4320263297764144
22,0.26018318366947923,0.332777683425099
26,0.31137990714022173,0.23743532906711698
49,0.24824463824974138,0.21401150393695748
24,0.06899329562322562,0.43632828818852654
25,0.12836575626506821,0.3348685194417473
29,0.1868661577262121,0.23394042328767792
50,0.3268850507891056,0.16167104512358044
27,-0.06444973322803293,0.4357344082261673
28,-0.003170860568517217,0.33678929277559005
32,0.05600888069627863,0.23424197487698398
51,0.24228052242766948,0.13812982556376663
30,-0.1965367643078921,0.4316903084097258
31,-0.13462712764507917,0.3339195281292306
35,-0.07355007018946501,0.23547519284950344
52,0.11387510937809933,0.13321052846683476
33,-0.3163104620921524,0.431702106288243
34,-0.2597583846234734,0.3311757148505863
38,-0.20346165656113413,0.23172549200486955
53,-0.01439924492762187,0.13365218647727342
37,-0.36074216993336283,0.34469334186608425
40,-0.3054443954239428,0.24161707934765514
54,-0.14182523629510466,0.13611416459048992
43,-0.34487445958431595,0.2903132144795766
55,-0.2530309396144878,0.139936569299353
44,-0.45226280254646284,0.31729533258316
56,-0.3085607760727145,0.1774261376209148
57,-0.4150704298325299,0.2021433815472272
58,-0.17806244878789504,0.23811103423183952
59,-0.06337667443576085,0.20654781149657492
60,0.05346716616052369,0.17370713389599815
61,0.17271252140212842,0.13478304079989958
62,0.2845701271405302,0.09203635303588442
63,0.293772776575655,0.0463735101940225
64,0.17105311508988524,0.036772556502453244
65,0.04188313392327337,0.032770826312627135
66,-0.08569284150959687,0.03409660744517109
67,-0.2021072016205825,0.03865613220952378
68,-0.2684788986146867,0.06842252025950989
69,-0.37434444131513417,0.09105551726498204
70,-0.14596792705486564,0.11208717417339985
71,-0.02604037941281003,0.084339153046311
72,0.09378702083147714,0.05119339350410502
73,0.21450849216520101,0.013116564441888186
74,0.3022456713423634,-0.0303161682128263
75,0.22513999453223774,-0.05551623992969909
76,0.09665537954009143,-0.06461143336454736
77,-0.031400316407849585,-0.06656795463045465
78,-0.15279740269336256,-0.06337807868300596
79,-0.22649668123211927,-0.03810893943066736
80,-0.33236356790294286,-0.01725575040187066
81,-0.10751084021783837,-0.005326460566809323
82,0.014712035549320265,-0.034865250344887605
83,0.13607855701457544,-0.06874671074125309
84,0.24969223118630296,-0.10510116602028144
85,0.2763201750582357,-0.14504625237186727
86,0.15253875907473208,-0.15748278682839575
87,0.022253298587215274,-0.16464139641805028
88,-0.10290163871460961,-0.16456784946436673
89,-0.18337622239087997,-0.14366202270190787
90,-0.2893174919556911,-0.12372054707246456
91,-0.06589757475908867,-0.12010805635181056
92,0.0568397912642824,-0.1520455485340397
93,0.17706890819950014,-0.18690958614170894
94,0.2755175398866365,-0.22343335555377994
95,0.2062293947818116,-0.24809884773781626
96,0.07584003973998896,-0.25850215261234355
97,-0.0531116897008602,-0.2638569233820602
98,-0.1404390070002801,-0.24790650250071936
99,-0.24676447433370763,-0.2291224117295517
100,-0.02350230612806403,-0.23339089271484423
101,0.09742788593542044,-0.26876202496682644
102,0.21097892605092608,-0.3024519954496894
103,0.2551236810891721,-0.3360061114452272
104,0.13331576657490662,-0.3493133107544417
105,-0.0022859471007994803,-0.3602341826208462
106,-0.09665976423898902,-0.3504379063678152
107,-0.20375928472739707,-0.3333602248348296
108,0.018905452121840357,-0.3462720681422873
109,0.13210079686310566,-0.3848659546486567
110,0.24466587671588333,-0.41602443664176997
111,0.1840066513756436,-0.4402112011572758
112,0.06074322429491026,-0.4473104160471546
113,-0.054021342095087285,-0.4505557395957244
114,-0.16169352906579507,-0.4360208196361487
115,0.04462131143686602,-0.4662022225847625
116,0.16734891823062048,-0.49570690533480644
117,0.22668584589881274,-0.5274290337399992
118,0.10819689653290739,-0.5408013371271034
119,-0.008566319131573966,-0.5474971531935071
120,-0.11861681020565254,-0.5368208050447781
121,0.08765612875240546,-0.5755626688224106
122,0.20918031878037982,-0.6065050274927466
123,0.14920591208850761,-0.6321569447781875
124,0.03297329105383792,-0.642770290149101
125,-0.07688591231413294,-0.6350831185405497
126,0.12834893904334785,-0.682873896186308
127,0.19300100043427734,-0.71791847012386
128,0.07853266546518166,-0.7349990085232289
129,-0.0331783940748753,-0.7311314190748253
130,0.17419061176488979,-0.7921991460573733
131,0.10989014895741442,-0.8214935898304108
132,0.005556436808400857,-0.8245687073155223
133,0.1622349988402516,-0.9041458403196239
134,0.057380623867150614,-0.9139584169425066
135,0.10913204367877084,-1.0
