0,0.005698935025868419,1.0
1,-0.36552280842585805,0.550839045656799
2,-0.02636684295611013,0.3538941706970019
3,0.2346599524662143,0.40851986828000025
4,0.10860877181859396,0.39269368111512304
5,-0.08792529664414982,0.6331582905028315
6,-0.4170461733045594,0.28097482054244594
7,-0.2137546127780533,0.2391414617362876
8,-0.2823672947384592,0.010203608458413985
9,-0.19420154282809407,-0.06148842352531813
10,-0.12698100767134113,0.20952955544882873
11,0.13471767488178635,0.23430133064790795
12,-0.07583024509593937,-0.012017867741664513
13,0.10568502270187126,0.1673472325550342
14,-0.06002588341598866,-0.18883277935187642
15,0.015940854239265247,-0.2928235016523817
16,-0.03822101397097365,-0.11166059936959041
17,-0.029422667207738246,0.18717649452284646
18,0.17813460599293404,-0.021482777717618546
19,-0.002348874878819568,0.07179533877501926
20,0.08285464862754163,-0.18159304905216367
21,0.14676624623516185,-0.12793390788676381
22,0.3056716357750766,-0.2756804951143666
23,-0.6461212392947984,0.14217045595397693
24,-0.35166677185080875,0.8122020087218635
25,0.5094927659655588,0.524918222326896
26,0.3628310225563293,0.8700137117207122
27,-0.037906646133545434,0.7776617118514979
28,-0.36115761091250137,0.3520208177702399
29,-0.12370166897891571,0.3986804370842269
30,0.31256881813646104,0.2507970894638934
31,0.36094814010973153,0.10837398052356523
32,0.3340493246850592,0.0403567369526196
33,0.15153389521542132,0.6666907587784192
34,-0.8264908969422307,0.21134484312239918
35,-0.5928800560568808,0.5128985352827642
36,-0.671682217824722,0.38316848539913356
37,-0.373944663073759,0.1419909527958048
38,-0.4717430856261244,-0.005760853271971642
39,-0.5705594109819663,0.7445572959625393
40,-0.5010833187502004,-0.1837083899494255
41,-0.22556846173110776,0.5479109500019734
42,-0.6061863111591512,-0.13171274487935852
43,-0.7531340270433454,-0.14153271621852534
44,0.3042181542044868,0.5317077092983694
45,-0.3418855983497911,-0.249020498530969
46,-0.23336093765628926,-0.4139187681146091
47,0.13302405473550286,0.51142435172619
48,-0.37332540194645303,-0.1493754718924187
49,0.3099918752854564,0.1527825953364206
50,-0.3961045902549843,-0.491767769394575
51,-0.6018711261625073,-0.5426267973480821
52,-0.19283187408389427,-0.6696571595157391
53,-0.3513232357264053,-0.5670909628730629
54,0.10657358134926465,-0.3912935620717462
55,-0.6221481030464127,-0.35030277300831003
56,-0.47545997367503173,0.11172578852308333
57,-0.17147842374646569,-0.5620936671022908
58,-0.253318111008705,-0.294191837787432
59,-0.45141011832639827,-0.322275317768275
60,-0.06953131271021593,-0.5060482763152288
61,-0.013048893689994059,-0.6420513915483888
62,0.2233519554665625,-0.35933182745085684
63,-0.8214540896194651,0.03318650139391178
64,0.4719822375214796,-0.07526611257557508
65,0.21215674368783546,-0.5660046728985895
66,0.5138383573044368,-0.1738086928226938
67,0.5472215912494439,0.012577112920675327
68,0.49808441653750185,-0.2970268787852263
69,0.437792142782171,-0.40297625451143354
70,0.13035536368254866,-0.6436251873083172
71,-0.013761741993937442,-0.8257684094167665
72,0.17395092395988962,-0.7561810695385066
73,0.34004363026736295,-0.5102073637530229
74,0.6901311944247555,0.011793209284483817
75,0.6298629847288315,0.35147945103108547
76,0.6507881876720647,0.15744003801884493
77,0.5198606827553588,0.8220858990564945
78,0.7124337538257355,-0.38564613510200907
79,0.7275105214727713,-0.2346153449093124
80,0.9059978658295407,0.21982877357929145
81,0.4095032666567797,-0.7246938917345692
82,0.5615831284914438,-0.611272010088607
83,0.8557352539489932,-0.6869971129222793
