13,0.537706,0.628462,1.03758,6.34044
8,0.472989,0.759119,0.51111,6.30963
2,0.662137,0.693295,0.301411,6.44356
1,0.655474,0.620849,0.741006,6.50708
20,0.638217,0.456538,0.904328,6.51911
29,0.72582,0.506656,1.03698,6.46274
40,0.520696,0.708452,0.747316,6.34026
19,0.926098,0.761132,0.984506,6.50294
23,0.58693,0.608489,1.05019,6.55216
25,0.842953,0.520662,0.818742,6.48847
26,0.714201,0.41629,1.03029,6.57057
4,0.527749,0.609369,0.525246,6.41695
22,0.669242,0.262281,0.930123,6.44441
43,0.481824,0.909804,1.10168,6.48735
44,0.688055,0.82392,0.988432,6.42317
30,0.757328,0.737178,0.882562,6.41262
31,0.959187,0.609184,0.839053,6.40807
36,0.793433,0.518953,0.756344,6.43781
41,0.713041,0.734773,0.969807,6.43574
39,0.888119,0.684117,0.813359,6.45572
46,0.634521,0.858143,1.13256,6.29864
3,0.678757,0.800993,0.60813,6.473
6,0.569079,0.777679,0.656941,6.43944
9,0.668714,0.726382,0.817223,6.38856
18,0.622509,0.652649,0.848519,6.39992
14,0.691191,0.56305,0.715107,6.42991
16,0.57202,0.960216,0.905251,6.33573
24,0.875911,0.3482,0.954142,6.39016
11,0.594365,0.507426,0.69766,6.3696
10,0.881214,0.490585,1.05787,6.19731
37,0.735429,0.767342,0.801463,6.55442
21,0.635716,0.319302,1.06394,6.34826
48,0.582537,0.946969,0.93618,6.18721
5,0.628959,0.830469,0.680456,6.53717
49,0.823857,0.620409,0.974468,6.35081
27,0.8893,0.433732,1.00836,6.5223
38,0.901349,0.828468,0.775623,6.28522
47,0.624256,0.827868,1.08964,6.4845
35,0.536728,0.703584,0.83446,6.49567
17,0.702165,0.765872,0.705347,6.37042
7,0.618582,0.746913,0.658477,6.42185
15,0.615317,0.714012,0.946498,6.49543
45,0.378445,0.957688,1.17532,6.27942
28,0.889275,0.3753,0.92375,6.33626
42,0.721472,0.684985,1.16904,6.25519
32,0.756497,0.753972,0.778624,6.63059
34,0.90233,0.625163,1.10237,6.4696
12,0.576689,0.764632,0.643757,6.60119
0,0.599472,0.766917,0.609968,6.6142
33,0.829227,0.632903,0.677997,6.34398

