31,-0.651654,0.273082,4.94671,-4.35421
3,-0.433986,-0.0899385,5.11607,-4.51189
24,-0.489997,0.0771187,4.90916,-4.49967
27,-0.395144,0.148829,4.89829,-4.47983
16,-0.559194,0.117131,5.14652,-4.64807
14,-0.350595,-0.00832341,4.858,-4.33565
45,-0.525345,0.121174,4.85027,-4.43975
44,-0.509177,-0.122421,5.0942,-4.48588
47,-0.396993,0.0408635,4.91755,-4.60321
13,-0.509482,0.098515,4.79824,-4.75243
9,-0.489605,0.147726,4.90563,-4.58571
11,-0.473824,-0.267712,5.09466,-4.55341
19,-0.353338,-0.087802,5.01527,-4.66017
23,-0.203784,0.124505,4.96403,-4.57544
28,-0.731144,0.441742,5.13627,-4.57741
33,-0.391837,-0.0455056,4.73863,-4.47206
30,-0.574714,-0.157885,4.77783,-4.87943
40,-0.408055,0.10204,5.00147,-4.70336
43,-0.673535,0.154172,4.83629,-4.55047
37,-0.564252,-0.213384,5.03189,-4.72891
25,-0.381533,0.06764,4.95533,-4.42702
1,-0.753743,0.142153,5.10005,-4.77618
26,-0.497898,0.289644,5.08746,-4.43234
8,-0.586567,-0.011523,5.13304,-4.63005
7,-0.745599,-0.0981955,5.27962,-4.43564
4,-0.726116,0.214023,5.02442,-4.60755
5,-0.43753,-0.254693,5.28666,-4.35514
2,-0.638722,-0.0384567,5.16583,-4.05522
10,-0.675936,0.0186044,4.96717,-4.76411
35,-0.668019,0.0712664,5.03731,-4.63773
38,-0.638775,-0.0624056,4.71959,-4.87865
15,-0.422955,0.175221,5.03623,-4.43492
12,-0.2122,0.13433,4.8296,-4.5394
41,-0.505411,0.079878,4.97304,-4.522
18,-0.679207,0.19715,4.96147,-4.6318
39,-0.382534,0.105906,4.77891,-4.5611
32,-0.521183,0.070536,5.01035,-4.54759
20,-0.550588,-0.0442913,5.27947,-4.33184
49,-0.479464,0.0766839,5.01637,-4.73622
48,-0.414537,0.063987,5.00658,-4.53964
0,-0.45596,0.163976,5.18832,-4.36049
46,-0.283104,-0.0601201,4.87823,-4.69991
42,-0.545559,-0.0687966,5.07634,-4.39853
34,-0.558838,-0.195897,4.90842,-4.45589
36,-0.366655,0.0905911,4.9265,-4.58919
21,-0.560925,0.228109,4.86679,-4.58048
17,-0.487445,0.0741139,5.09047,-4.54077
29,-0.414962,0.271814,4.58941,-4.5928
22,-0.328447,0.192757,4.97961,-4.37407
6,-0.477178,0.0374541,4.90396,-4.53911

