41,0.00503333,0.143295,-1.73641,-5.59746
45,0.00411926,-0.033571,-2.44141,-5.38323
47,-0.237835,0.432253,-2.11183,-5.27085
4,0.0823476,0.214059,-2.17336,-5.43167
37,0.0121147,0.127418,-2.32144,-5.46892
24,-0.00901199,0.116435,-1.7793,-5.59852
11,0.301804,-0.0187324,-1.77297,-5.60978
38,-0.274298,0.230635,-2.00743,-5.50001
13,-0.0883229,-0.00263623,-2.16839,-5.21029
27,0.0936293,0.0524227,-2.0825,-5.17888
22,-0.161334,0.0511754,-1.8766,-5.58458
35,0.244779,0.010702,-2.04576,-5.59536
10,0.267056,0.125142,-1.96087,-5.37161
23,0.220841,0.0763243,-2.19834,-5.20915
0,0.146291,0.234414,-2.00364,-5.5544
7,-0.058922,0.0833782,-1.8804,-5.57368
25,-0.0751231,0.040591,-2.1096,-5.25055
32,0.0145263,0.0722386,-1.94407,-5.29379
14,-0.0154841,-0.149545,-2.10678,-5.28309
17,0.225586,-0.0344359,-2.05293,-5.28978
16,0.0323517,0.176974,-2.20687,-5.42151
42,-0.238093,0.4802,-2.09506,-5.35337
44,-0.08822,0.351249,-2.22134,-5.43712
48,-0.069106,0.231022,-1.78645,-5.63776
46,-0.417558,0.461346,-2.03339,-5.30912
1,-0.098795,0.24615,-2.08651,-5.22584
8,-0.171399,0.31031,-1.86824,-5.37761
5,-0.0415053,0.190304,-1.96921,-5.42036
2,-0.08811,0.0501527,-1.95477,-5.40241
30,0.16482,0.152019,-1.96165,-5.24818
26,-0.0925625,0.336631,-2.10717,-5.27628
33,0.00837071,-0.149138,-2.05825,-5.24
12,-0.178163,0.0958372,-1.97976,-5.25831
18,0.0194637,0.177518,-2.1063,-5.38679
39,0.140144,-0.0230936,-1.99871,-5.43664
34,-0.137075,-0.075432,-1.86779,-5.44728
20,0.127051,0.130308,-2.35436,-5.18067
43,-0.0541343,0.542346,-2.11378,-5.30798
36,-0.027324,0.00212149,-1.82679,-5.14968
3,-0.196784,0.202921,-1.94249,-5.46635
49,-0.0414678,0.299602,-2.17919,-5.44693
15,0.117549,-0.0469239,-2.15998,-5.55915
19,0.0152697,0.196123,-2.3129,-5.24132
29,-0.0797135,-0.32548,-1.99862,-5.27086
40,-0.0309043,0.408374,-2.09457,-5.27297
21,0.195506,0.0317669,-2.15428,-5.24209
9,-0.22363,0.314322,-1.86501,-5.3929
6,-0.217193,0.0997898,-1.86945,-5.37808
31,0.0729875,0.0561876,-2.29402,-5.29815
28,-0.0576462,0.304691,-1.97976,-5.62605

