42,-0.258334,-0.0733733,-5.33882,-2.62349
44,-0.176168,-0.0439749,-5.1734,-2.78181
7,-0.0553215,0.118715,-5.0638,-2.68802
6,-0.153887,-0.0322892,-5.29314,-2.56509
23,-0.083691,0.177183,-5.23146,-2.48372
31,0.111641,0.0896348,-5.23782,-2.44834
46,-0.523462,-0.0709467,-5.34976,-2.61267
2,0.289106,-0.00608682,-5.38424,-2.53379
4,-0.316218,0.0285205,-5.19925,-2.95785
32,-0.13259,0.24281,-5.08993,-2.56972
30,-0.0977637,-0.305816,-5.56576,-2.24988
28,0.375326,-0.135588,-5.31684,-2.62911
48,-0.343885,0.112,-5.49749,-2.39344
49,-0.0226383,-0.328973,-5.35117,-2.73399
24,0.217301,-0.0234531,-5.1467,-2.85746
9,-0.455645,0.0898698,-5.47354,-2.43855
36,-0.0189231,-0.129845,-5.00385,-2.87724
13,-0.138089,0.0531419,-5.05178,-2.82937
12,-0.0454801,-0.101394,-5.37521,-2.4928
25,-0.120328,0.401367,-5.3592,-2.62323
45,-0.0866937,-0.13545,-5.1299,-2.59836
40,-0.240016,-0.0853242,-5.44887,-2.57884
16,-0.169525,0.211291,-5.28076,-2.69262
0,-0.0757684,0.0232731,-5.14998,-2.8517
1,-0.325207,-0.28753,-5.16865,-2.63084
15,0.00195841,0.23411,-5.34682,-2.64353
26,0.0629952,-0.447097,-5.07065,-2.56615
21,0.143468,0.0466756,-5.17563,-2.25822
43,-0.201325,-0.0250072,-5.34709,-2.46957
20,0.354635,0.149643,-5.22974,-2.40963
38,-0.0675346,0.0672447,-5.3362,-2.78324
17,-0.159782,0.154625,-5.04961,-2.44264
39,-0.0821409,0.139183,-5.28475,-2.57937
35,0.15854,0.0298571,-5.19576,-2.74443
19,-0.297187,-0.105733,-5.16622,-2.42414
14,-0.0444959,0.134232,-5.16009,-2.58222
22,0.112613,0.302215,-5.31277,-2.55909
27,-0.122412,0.127457,-5.18565,-2.75042
33,0.012361,0.0587954,-5.25967,-2.64959
11,0.144099,-0.279879,-5.44738,-2.57128
8,-0.237033,-0.15045,-4.97354,-2.82992
34,-0.197462,0.0990468,-5.30502,-2.66169
10,0.148064,0.17471,-5.04493,-2.53169
5,-0.1637,0.00111424,-5.04481,-2.75066
3,0.033404,-0.112033,-5.08438,-2.73305
37,-0.130221,0.546024,-5.28636,-2.56061
47,-0.276225,0.0357534,-5.39232,-2.27746
29,0.181187,0.0840758,-5.27584,-2.39651
18,-0.0711563,0.106854,-5.10326,-2.66688
41,-0.242575,0.172715,-5.28952,-2.50069

