14,0.280601,-0.224849,-6.25967,0.146983
43,0.47148,-0.320685,-5.96823,0.0546656
42,0.523508,-0.388919,-6.2155,0.130729
20,0.392646,-0.545765,-6.1207,0.271005
36,0.186325,-0.3816,-6.23418,0.28979
38,0.111853,-0.495564,-6.21569,0.517727
34,0.202165,-0.540644,-5.87481,0.351629
7,0.278679,-0.58748,-6.1068,0.491868
2,0.240922,-0.322523,-5.99883,0.276427
48,0.346706,-0.460089,-5.9084,0.146112
11,0.219844,-0.467624,-6.03468,-0.00211651
18,0.349588,-0.307084,-5.87516,0.16119
25,0.383607,-0.24027,-6.37034,0.540274
22,0.258847,-0.366931,-6.04011,0.746875
13,0.408732,-0.249695,-6.24133,0.131799
37,0.265504,-0.544887,-6.0022,0.525855
40,0.464384,-0.469106,-5.98955,0.273358
10,0.497722,-0.16331,-6.17273,0.247067
41,0.575378,-0.245861,-6.37915,0.374598
0,0.340605,-0.64186,-6.32843,0.0681746
9,0.256938,-0.441972,-5.97359,0.104173
31,0.0549876,-0.753995,-6.10431,-0.0096503
26,0.200499,-0.378751,-6.10556,0.424473
32,0.255283,-0.598178,-6.01727,0.417491
39,0.0162853,-0.593412,-6.20543,0.117805
46,0.176757,-0.605432,-6.15767,0.236925
3,-0.0439812,-0.801267,-6.13534,0.322248
12,0.446629,-0.51551,-6.22951,0.271685
23,0.259672,-0.546404,-5.89537,0.661458
15,0.202829,-0.540577,-6.23243,0.208733
49,0.318484,-0.465883,-6.06633,0.197276
35,0.386001,-0.51329,-6.23183,0.520541
33,-0.0167988,-0.759462,-6.35379,0.271962
19,0.423677,-0.502036,-6.07949,-0.0883742
28,0.440888,-0.506416,-5.96285,0.416529
6,0.461587,-0.416157,-6.11514,0.302014
27,0.301224,-0.477567,-6.16877,0.45922
29,0.241171,-0.59067,-6.03495,0.629374
17,0.205366,-0.464257,-6.20706,0.254221
4,0.120195,-0.513342,-5.98086,0.0657065
1,0.263533,-0.575159,-6.18748,0.382446
47,0.619787,-0.459819,-5.92513,0.285406
30,0.128197,-0.558124,-6.1246,0.500182
5,0.335378,-0.480047,-6.218,0.23012
44,0.4575,-0.464494,-6.24691,0.105281
21,0.327195,-0.6908,-6.24177,0.654812
8,0.496722,-0.43674,-5.93629,0.381026
16,0.437807,-0.241441,-6.04979,0.254749
45,0.580857,-0.30751,-6.15751,0.103772
24,0.354112,-0.34829,-6.01652,0.391249

