40,0.200347,0.99355,-3.5815,2.41069
19,0.439848,1.03537,-3.4125,2.54615
12,0.408938,0.963263,-3.22972,2.82796
10,0.330588,1.10533,-3.51779,2.48822
21,-0.0757656,1.27206,-3.47286,2.59266
25,-0.0140213,1.29773,-3.26364,2.52713
6,0.092632,0.950379,-3.11172,2.80306
0,0.513802,1.33089,-3.18281,2.74012
2,0.512931,1.17686,-3.19497,2.78749
33,0.357524,1.05143,-3.43108,2.71728
9,0.196069,1.05774,-3.22109,2.45915
48,0.429462,1.01079,-3.27792,2.66895
34,0.321262,1.16023,-3.63822,2.46143
8,0.384166,0.985198,-3.2729,2.60884
26,-0.00282921,1.21983,-3.20877,2.72154
22,0.168228,1.17127,-3.6585,2.35578
28,-0.0285216,1.25469,-3.27688,2.35185
45,0.521463,1.17617,-3.62074,2.25843
39,0.487636,1.04691,-3.32996,2.50019
47,0.18235,1.03988,-3.37419,2.45151
1,0.30351,1.28696,-3.12011,2.96038
37,0.3878,0.855174,-3.38136,2.81492
41,0.329195,1.02333,-3.17923,2.89035
42,0.4866,1.05337,-3.3668,2.65112
15,0.329659,1.04267,-3.30614,2.42318
5,0.561385,1.21333,-3.18173,2.73646
18,0.412383,1.10163,-3.35656,2.53214
36,0.243135,1.242,-3.60734,2.44232
24,-0.0120415,1.21534,-3.26548,2.62185
20,-0.0333001,1.20132,-3.45949,2.44204
31,0.561243,0.920118,-3.4686,2.71602
35,0.208345,0.929983,-3.36964,2.45625
3,0.348344,1.03033,-3.43276,2.54421
43,0.335292,0.930165,-3.13818,2.60164
4,0.25439,0.892557,-2.94651,2.90228
17,0.531737,1.05396,-3.49065,2.40307
16,0.542213,0.990697,-3.55461,2.38844
7,0.225551,0.981841,-3.1683,2.62357
13,0.539381,1.14482,-3.53542,2.40499
30,0.318639,0.965097,-3.3302,2.80089
38,0.118653,1.14554,-3.3474,2.70974
11,0.124478,1.20485,-3.43442,2.59159
46,0.214339,1.13882,-3.44494,2.69027
49,0.162332,1.08784,-3.23908,2.68847
29,-0.330226,1.44108,-3.31805,2.51725
23,0.0692564,1.26442,-3.36,2.55741
27,-0.0608042,1.18831,-3.29837,2.39861
44,0.402071,0.896743,-3.35094,2.65828
32,0.507136,0.875811,-3.37766,2.56388
14,0.376946,1.17951,-3.57752,2.41225

