4,-1.20819,0.531514,1.66906,-3.95121
19,-1.4225,0.530875,1.7606,-3.87996
28,-1.47864,0.0594501,1.44785,-3.96743
16,-1.24035,0.250078,1.88613,-3.78771
11,-1.35977,0.0350927,1.84953,-3.84607
7,-1.32773,0.406314,1.33825,-4.0592
32,-1.49304,0.0828744,1.71563,-3.67055
33,-1.40587,-0.271929,2.21518,-3.47739
38,-1.28546,0.26716,1.87699,-3.69236
34,-1.45919,0.162635,1.86067,-3.83623
37,-1.37712,-0.0519509,2.0816,-3.73237
35,-1.46568,0.161767,1.91149,-3.88795
2,-1.33283,0.401921,1.64058,-3.8591
44,-1.38328,0.174091,1.73112,-3.72534
42,-1.4082,0.282874,1.64892,-3.81486
5,-1.33859,0.27313,1.60994,-3.99985
43,-1.30921,0.214587,1.78952,-3.7154
48,-1.23199,0.543312,1.84453,-3.95435
24,-1.21352,-0.201924,2.09872,-3.76233
9,-1.50699,-0.0394667,1.72971,-3.92926
30,-1.31269,0.139798,1.80589,-3.95187
13,-1.36201,0.25869,1.77501,-3.61788
0,-1.30281,0.476474,1.62534,-3.84526
3,-1.28738,0.467848,1.61699,-3.79058
47,-1.26354,0.150017,1.59747,-3.80481
41,-1.35362,0.14504,1.78372,-3.74426
23,-1.47021,-0.0279013,1.87441,-3.67436
31,-1.40498,-0.186923,2.14599,-3.78115
26,-1.27527,-0.189175,2.11141,-3.802
27,-1.25086,0.0245005,1.86056,-3.94846
18,-1.55305,0.0928318,1.59041,-3.73845
29,-1.13141,-0.326263,1.88095,-3.85432
36,-1.45691,0.193814,1.87003,-3.63292
1,-1.31265,0.420725,1.60983,-3.83006
39,-1.40297,-0.0412233,1.91388,-3.74856
40,-1.34279,0.372596,1.73754,-3.80439
46,-1.38639,0.0415278,1.85943,-3.79621
45,-1.30063,0.293407,2.03949,-3.6822
20,-1.27201,-0.0780324,1.66027,-3.99635
6,-1.46286,0.18468,1.89983,-3.71521
14,-1.24925,0.0526956,1.80332,-3.83257
12,-1.33526,0.0692079,1.64427,-3.94967
49,-1.36202,0.351777,2.10883,-3.64132
21,-1.44374,-0.338831,1.37714,-4.12671
15,-1.27835,0.299782,1.82714,-3.89371
22,-1.38849,-0.46242,1.6961,-3.9966
17,-1.33295,0.0259824,1.9892,-3.73458
25,-1.27736,-0.332591,1.90089,-4.02827
10,-1.2377,0.748169,2.03234,-3.42325
8,-1.32391,0.259988,1.64417,-3.84814

