28,-1.0658,-0.667167,0.292503,4.87081
37,-0.535887,-0.798745,0.603746,4.86307
30,-1.23206,-0.463604,0.0500558,5.1224
32,-1.08612,-0.698095,0.197854,4.91106
44,-0.821604,-0.410276,-0.0117577,4.91189
29,-0.93838,-0.712651,0.500997,4.74842
24,-0.734325,-0.601789,0.6531,4.89068
40,-0.766726,-0.648224,0.172801,4.96648
43,-0.862501,-0.275906,0.0661556,4.81179
23,-0.980553,-0.563067,0.185598,4.81535
26,-0.838351,-0.534922,0.17542,4.79231
36,-0.728103,-0.540749,0.395469,4.84225
31,-0.194017,-0.860687,0.391457,4.9868
39,-0.934813,-0.374212,0.553263,4.99828
8,-0.891878,-0.416989,0.433481,5.09382
12,-0.744105,-0.678499,0.521749,4.77118
34,-1.07846,-0.582743,0.55249,4.89163
17,-0.914391,-0.863488,0.374557,4.888
46,-0.641939,-0.549043,0.393597,5.03464
22,-0.819112,-0.385254,0.615111,4.89688
20,-1.01973,-0.522446,0.15217,5.09079
35,-0.865231,-0.594281,0.543475,4.90116
49,-1.14656,-0.380123,0.298578,4.86514
48,-0.810249,-0.4056,0.265017,4.88343
42,-0.678221,-0.17739,0.226586,4.9505
7,-0.889861,-0.641853,0.51393,4.98868
19,-0.787461,-0.468987,0.398618,4.91376
16,-1.03167,-0.612125,0.256987,5.1534
47,-0.865105,-0.378591,0.286405,4.8602
11,-0.775281,-1.12866,0.38022,4.86873
18,-0.900816,-0.581983,0.307538,4.92281
27,-0.969143,-0.252922,0.63823,5.05875
3,-1.03033,-0.471372,0.628043,4.8202
33,-0.872925,-0.647703,0.458824,4.77708
1,-0.809765,-0.64535,0.324781,5.05061
21,-1.10441,-0.573631,0.483972,4.97053
2,-0.84239,-0.265062,0.545247,4.77432
41,-0.715831,-0.819801,0.67347,4.91854
13,-0.787915,-0.560175,0.39758,4.97868
4,-1.11933,-0.565766,0.441133,4.84727
45,-0.683712,-0.403733,0.173203,4.85157
25,-0.980126,-0.613411,0.233004,4.8837
15,-0.817947,-0.684494,0.364809,4.79106
14,-0.693694,-0.82,0.547449,5.03423
10,-1.00446,-0.782138,0.362546,4.94903
9,-0.98983,-0.58067,0.649649,4.89153
0,-1.01853,-0.358791,0.542619,4.91179
6,-1.17564,-0.384564,0.644623,4.82279
38,-0.654524,-0.538175,0.461231,4.76899
5,-0.948666,-0.270002,0.587084,4.80655

