22,0.541355,-0.0543109,-4.8864,-3.64881
15,0.212425,-0.462502,-5.09945,-3.71797
31,0.29972,-0.115054,-5.1438,-3.55543
0,0.554186,0.129317,-5.23482,-3.43564
7,0.469647,-0.268064,-5.36852,-3.41786
17,0.268273,-0.151487,-5.38113,-3.49375
28,0.180011,0.124637,-5.27545,-3.72155
8,0.35285,-0.279969,-5.20905,-3.2881
4,0.412547,-0.406206,-5.31447,-3.69912
5,0.387072,-0.30687,-5.2018,-3.32295
6,0.128176,0.0315136,-5.32734,-3.62041
2,0.329938,-0.20179,-5.20459,-3.3896
36,-0.0213271,-0.274862,-5.2796,-3.51268
47,0.512493,0.0217778,-5.22537,-3.81579
23,0.556748,-0.154628,-5.28553,-3.87317
48,0.514256,-0.047944,-5.11376,-3.53611
41,0.185513,0.0910378,-5.3011,-3.60515
9,0.299669,-0.349234,-5.17201,-3.52106
25,0.399639,-0.203205,-5.14482,-3.81907
14,0.0768931,0.16375,-5.34646,-3.6087
16,0.44294,-0.0670389,-5.06811,-3.83964
45,0.406293,-0.0364195,-5.18897,-3.62179
38,0.110501,-0.0664462,-5.20552,-3.79279
26,0.255106,-0.0089083,-5.14548,-3.91483
37,0.0485417,0.119558,-4.91103,-3.51972
18,0.374164,-0.298187,-5.40807,-3.77791
10,0.567963,-0.278473,-5.24862,-3.58101
34,0.112645,-0.189369,-5.06704,-3.54662
32,0.28962,0.124171,-4.99089,-3.66034
12,0.44643,-0.331326,-5.23337,-3.62558
30,0.347112,-0.0198026,-5.30306,-3.76197
43,0.431077,-0.120856,-5.26995,-3.59272
39,0.136696,-0.261745,-5.15005,-3.82119
46,0.00155214,-0.0661452,-5.31997,-3.83186
29,0.586595,-0.129616,-5.12698,-3.61729
42,0.346998,-0.346572,-5.16126,-3.809
3,0.407964,-0.108431,-5.23551,-3.53852
35,0.050816,-0.235985,-5.16871,-3.5384
11,0.250299,-0.342476,-4.98509,-3.7957
40,0.36571,-0.031478,-5.0273,-3.73003
20,0.345934,0.0342564,-5.3571,-3.73048
33,0.000358865,-0.231726,-5.19453,-3.85185
49,0.396271,-0.267333,-5.14679,-3.65615
44,0.240332,-0.290024,-4.88751,-3.71075
24,0.607084,0.328926,-5.10842,-3.65192
27,0.460929,0.327701,-5.03657,-3.85838
13,0.387594,-0.234117,-4.98866,-3.65225
19,0.28163,-0.302883,-4.99382,-3.63745
1,-0.0702938,-0.258994,-5.08851,-3.62826
21,0.434958,-0.0371909,-5.02692,-3.85773

