12,0.215524,-0.189108,-6.03792,1.55991
35,0.131222,0.115123,-6.26364,1.43458
5,0.0116195,0.0882518,-6.07032,1.85361
14,0.0047704,0.00387031,-5.76509,1.06483
17,0.0509331,-0.132543,-6.21814,1.30829
33,0.166799,0.239749,-6.25406,1.54229
39,-0.0429211,0.454537,-5.92889,1.70049
20,-0.0419289,-0.0255373,-6.20582,1.42324
21,0.377669,0.00908973,-6.18478,1.20681
28,0.299661,0.11153,-6.08034,1.23144
25,0.249036,-0.306714,-6.00392,1.27094
47,-0.0483884,-0.0471627,-6.10154,1.67495
32,0.0502912,0.284623,-5.95896,1.67693
10,-0.126296,-0.126102,-6.11451,1.44054
45,-0.0170797,-0.0754976,-6.35531,1.41453
48,0.0352043,0.203204,-6.13405,1.59049
29,0.201918,0.0600206,-6.24499,1.43259
26,0.398741,0.258905,-6.07461,1.60068
13,0.00184656,0.0124794,-6.30196,1.43107
46,0.337159,0.0720813,-6.0391,1.67014
37,-0.070968,0.27763,-5.9719,1.51039
30,-0.0539062,0.243324,-6.0364,1.5624
6,0.0767108,-0.080788,-5.95629,1.77791
34,-0.16223,0.195252,-6.16509,1.58693
38,-0.0984992,0.102208,-6.09617,1.66699
11,0.007453,-0.0625156,-6.07822,1.47794
40,0.207515,-0.300284,-6.11903,1.54731
0,0.0911716,0.0855296,-6.1483,1.64251
36,-0.17536,0.18596,-6.06325,1.31633
1,-0.0129101,0.117903,-6.26665,1.49704
8,-0.155423,-0.111392,-6.07036,1.65527
16,-0.186213,-0.0483415,-6.04809,1.45975
31,0.0477659,0.181819,-6.06548,1.62383
7,0.0897272,0.0574706,-6.32882,1.67889
2,-0.0874652,-0.0830651,-5.98774,1.79808
15,-0.0780493,-0.0941038,-6.05647,1.50728
24,0.222834,0.00270006,-6.18601,1.39356
41,0.277482,-0.187961,-5.96808,1.60964
22,0.20454,0.0995237,-6.31894,1.18407
9,0.196769,0.124515,-6.00692,1.4873
3,0.0683895,-0.157062,-6.04717,1.6335
18,0.0691225,0.2039,-6.00921,1.49697
23,0.281404,0.25081,-6.20673,1.47372
27,0.0366208,0.102618,-6.11012,1.26536
42,0.298928,-0.0767618,-5.98809,1.63132
4,0.248993,-0.13475,-6.26615,2.0054
44,0.0705586,0.139851,-5.90781,1.57237
19,-0.197427,-0.129698,-6.08948,1.61363
43,0.165302,-0.179522,-5.77372,1.53133
49,0.124303,-0.239318,-5.99446,1.34313

