1,0.170805,0.207621,-2.90319,-4.1119
0,-0.154853,0.2325,-2.92111,-3.95241
33,0.0432323,0.0766323,-3.29223,-3.5513
21,0.0931343,0.0360471,-3.07511,-3.78391
26,0.518117,0.050985,-2.80938,-4.00612
48,-0.602558,0.0027268,-2.622,-3.51762
36,-0.110646,0.232571,-3.24842,-3.74966
14,-0.135588,0.130492,-3.08305,-3.97756
16,0.0711293,0.259386,-3.09358,-4.03935
12,-0.192707,-0.0290747,-2.89043,-3.93238
35,-0.148347,0.377813,-3.07287,-3.79097
11,-0.0360966,0.182369,-3.07802,-4.0274
5,-0.233462,0.0158103,-3.12761,-3.87558
27,0.199976,0.256144,-2.82054,-3.9526
28,0.392878,-0.321345,-2.94794,-3.85928
31,-0.191411,-0.0455068,-3.17665,-3.78301
4,-0.405468,-0.30799,-2.92837,-3.97346
37,-0.0976293,0.162805,-3.19274,-3.68523
15,0.00232531,-0.256984,-2.9194,-4.05551
19,-0.36222,0.0297292,-3.03575,-4.1603
20,0.119173,-0.330537,-2.90537,-3.98261
29,0.177576,-0.0015897,-2.94274,-3.93668
45,-0.353163,-0.0553968,-3.32652,-3.87859
23,0.182374,-0.00650175,-2.70932,-3.95121
38,0.268958,0.248898,-3.2523,-3.70219
7,-0.316655,-0.0284975,-2.79017,-4.23171
32,-0.130215,0.0861319,-3.19898,-3.74004
10,-0.199118,0.0475204,-3.04985,-3.78782
46,-0.196333,-0.0455032,-3.05384,-3.97742
43,-0.522286,0.158411,-2.83708,-4.02051
47,-0.361685,0.082055,-2.93579,-3.85147
42,-0.328834,-0.097794,-2.82282,-3.89154
44,-0.41979,-0.102868,-2.80029,-4.01807
49,-0.148203,-0.167482,-3.29068,-3.9088
41,-0.400823,0.148228,-2.81812,-4.10074
18,-0.1439,-0.000669583,-2.85506,-4.06593
13,-0.0148729,0.2316,-2.82624,-4.13088
8,-0.219725,-0.0827932,-2.73443,-3.85534
9,-0.27605,-0.13564,-3.06583,-3.9869
2,0.0332557,0.102303,-2.86185,-3.7537
3,-0.0483736,0.544932,-2.84834,-4.16093
40,-0.360649,-0.087605,-3.02584,-3.843
30,-0.303678,0.23873,-3.1956,-3.8217
34,0.0710791,0.05939,-3.29381,-3.84367
6,-0.0571658,-0.192845,-2.94382,-4.02087
17,0.136007,-0.00231642,-2.93027,-3.90444
25,0.0402818,0.0136267,-2.89665,-4.05368
24,0.179512,0.143741,-2.70216,-4.12431
22,0.0850645,-0.294829,-2.59455,-4.04635
39,-0.218356,0.140654,-3.17407,-3.78505

