21,-0.0315035,0.0722875,-4.03431,-5.04924
45,0.0566732,0.147203,-4.02354,-5.21635
4,-0.287188,0.0106224,-4.03916,-5.20659
2,-0.338864,-0.000419545,-3.87474,-5.3518
44,-0.0449984,0.165009,-4.05347,-5.02478
14,0.0443943,0.0853191,-4.107,-5.11637
40,-0.046226,0.083671,-4.25232,-4.93561
7,-0.0514669,0.0713618,-4.17478,-5.18477
6,-0.166583,-0.0610845,-4.07942,-5.38211
41,0.071907,0.352672,-3.99549,-5.06097
25,-0.240538,0.441906,-3.92437,-5.13919
32,-0.0237729,0.0222845,-4.0168,-5.22767
9,-0.0872857,0.00855783,-3.74259,-5.18024
8,-0.164054,-0.0821956,-4.10218,-4.99661
23,-0.035715,0.363885,-3.87871,-5.22207
31,-0.0284892,-0.0509054,-3.74024,-5.2631
13,-0.172276,-0.0508953,-4.33835,-5.20454
3,-0.284693,-0.088155,-4.02681,-5.23078
39,-0.0763929,-0.0114293,-4.1692,-5.15652
47,0.224756,0.422473,-4.12156,-5.06893
38,-0.244147,0.152835,-3.9381,-5.40044
30,0.0494672,0.0340661,-3.97627,-5.32455
28,0.175762,0.185792,-3.84842,-5.35106
46,0.225252,0.420416,-4.21874,-5.19819
15,0.150342,-0.00524241,-4.12047,-4.89491
24,0.125793,0.292914,-3.92371,-5.25095
43,0.116101,0.202361,-4.3283,-4.94587
49,-0.136585,0.201647,-4.41527,-5.07567
10,-0.0122206,-0.0689988,-4.03549,-5.52112
16,-0.215245,0.225664,-4.02969,-4.99883
12,-0.101405,0.017919,-4.03822,-5.02331
11,-0.0415915,0.0622375,-3.99996,-5.24485
1,-0.202211,0.114863,-4.00607,-5.27206
17,-0.142094,-0.0387208,-4.04196,-5.15924
19,-0.246429,0.258731,-4.15458,-5.12498
37,0.202641,0.125192,-4.12491,-5.13997
42,-0.309494,0.29318,-4.30281,-5.15062
36,-0.0165186,-0.232235,-4.22099,-5.097
18,-0.0735662,0.116975,-4.07429,-5.25203
20,-0.126518,0.28996,-4.0497,-5.07154
29,-0.0137068,0.206285,-3.97124,-5.20126
22,-0.350612,0.426736,-4.20049,-5.22425
33,-0.138462,0.118671,-4.01181,-5.06734
35,0.0281011,0.0313264,-3.9496,-4.99404
34,0.0298411,-0.0613967,-3.81102,-5.34423
27,-0.119056,0.420526,-3.9106,-5.25544
48,-0.00924729,-0.0593857,-4.06896,-4.82676
26,0.0766041,0.407353,-3.77368,-5.20871
5,-0.130559,-0.103734,-3.84711,-5.14207
0,-0.17059,0.0912363,-3.82298,-5.16839

