4,-0.181334,-0.253376,4.23356,-4.48944
14,0.271229,-0.0657338,4.47061,-4.35386
6,0.0247105,-0.286543,4.73772,-4.2905
17,0.0764843,0.134529,4.61375,-4.27188
19,-0.0264898,-0.0523628,4.51503,-4.02809
3,0.137131,0.0259798,4.53187,-4.45965
18,-0.299009,-0.0627917,4.50051,-4.57486
48,0.169857,-0.176122,4.52958,-4.65515
28,0.0226248,0.207776,4.7013,-4.31619
41,-0.0256492,-0.32785,4.55134,-4.43673
29,0.26707,-0.273489,4.34569,-4.71502
25,0.0187985,-0.0967235,4.38282,-4.28324
32,0.00403313,0.0379212,4.30609,-4.52058
39,-0.347569,0.0204804,4.30404,-4.47448
49,-0.255431,0.0617481,4.49642,-4.35923
30,0.210117,0.0871145,4.49014,-4.54122
35,-0.177782,0.0264962,4.3194,-4.82398
10,-0.0459267,-0.0503623,4.86292,-4.29682
34,-0.112575,-0.275689,4.29164,-4.37199
16,0.0760692,0.0808756,4.48617,-4.60243
31,0.119163,-0.0399763,4.48068,-4.3614
11,0.0035384,-0.170551,4.45224,-4.23435
27,-0.200196,-0.141742,4.33232,-4.44742
46,0.124116,-0.0411595,4.34396,-4.59869
26,0.174008,-0.0291662,4.38325,-4.31194
13,-0.0426901,-0.310922,4.37286,-4.45368
5,0.0125267,0.253849,4.51924,-4.35404
40,0.037417,0.130491,4.30222,-4.41226
8,-0.159584,-0.397359,4.47437,-4.57655
21,0.016064,-0.207245,4.34523,-4.32349
37,-0.190692,-0.0461268,4.35838,-4.35634
0,-0.0409166,0.00986906,4.463,-4.21676
24,0.110151,-0.250039,4.66895,-4.33328
22,-0.0237812,-0.148659,4.44666,-4.2691
47,0.387489,-0.19549,4.3878,-4.41422
42,0.333454,-0.169775,4.42517,-4.39591
20,0.131616,-0.100792,4.23493,-4.40849
12,0.284933,-0.0612669,4.55482,-4.27404
44,0.168875,-0.081545,4.25632,-4.85666
36,-0.103817,-0.0019729,4.44583,-4.44652
33,-0.183313,-0.133359,4.19659,-4.45944
38,0.18962,-0.006185,4.24279,-4.52013
1,0.136941,-0.0622916,4.72292,-4.34589
23,0.101013,-0.1163,4.41369,-4.21018
43,0.14261,-0.1256,4.68889,-4.42356
45,-0.00100844,-0.268275,4.20364,-4.43076
7,0.107957,-0.0901056,4.49787,-4.41434
2,0.212102,-0.300126,4.3419,-4.77346
15,0.356857,-0.0714111,4.47001,-4.32663
9,0.0847071,-0.33036,4.38688,-4.34846

