34,0.0169221,0.067206,-5.66731,-3.43231
14,0.0999956,-0.0538361,-5.67802,-3.50254
29,0.043258,0.246554,-5.82286,-3.59949
20,0.133175,0.371432,-5.98912,-3.32736
0,0.127771,0.111128,-5.6203,-3.41893
42,-0.104768,0.0994403,-5.9076,-3.36411
1,0.0285913,-0.268955,-5.97777,-3.51221
46,0.140106,0.148872,-5.94944,-3.30952
27,-0.291018,0.230614,-5.98457,-3.42709
2,0.284418,0.0829868,-5.93774,-3.56387
22,-0.15988,0.29666,-5.76484,-3.4099
17,-0.168593,0.0827484,-5.79375,-3.23776
13,0.0198188,-0.0738681,-6.00619,-3.38491
15,0.147236,0.137177,-5.94839,-3.46409
16,0.209069,-0.0420375,-5.53717,-3.52578
38,-0.00381516,0.0726942,-5.93271,-3.54051
47,-0.080646,-0.0142366,-6.00874,-3.15334
40,-0.08896,0.145997,-5.75892,-3.09504
7,0.039645,-0.00234743,-5.84133,-3.50726
25,-0.0143057,0.448281,-5.77716,-3.48878
5,-0.0618662,-0.00404535,-5.78475,-3.43739
11,-0.0443766,0.292049,-5.79587,-3.22917
28,-0.0491197,0.263495,-5.6731,-3.36778
43,0.275622,0.166995,-5.92323,-3.24047
48,-0.156439,-0.0235958,-6.05476,-3.47352
36,0.0537811,0.0615264,-5.98293,-3.03076
12,0.111631,-0.0826726,-5.78818,-3.2677
8,0.0780279,-0.317678,-5.85291,-3.33598
18,-0.0758778,0.280578,-5.54148,-3.35952
3,0.140086,0.0489465,-5.27797,-3.24421
33,0.140553,0.0614643,-5.82846,-3.36203
45,-0.120313,0.13788,-5.89611,-3.19407
26,-0.20289,0.595013,-5.83532,-3.31563
44,0.109746,0.000996081,-6.04878,-3.06071
32,0.277191,0.282032,-5.78941,-3.31651
37,0.067826,0.0464612,-5.8855,-3.13242
31,-0.0212029,-0.0230575,-5.73735,-3.41825
19,0.233013,-0.0364675,-6.06212,-3.44977
30,-0.0619593,0.255752,-5.85509,-3.39271
49,0.165958,-0.0822198,-5.825,-3.34971
21,-0.0764442,0.256905,-6.09892,-3.31335
9,0.0931458,-0.0618475,-5.52113,-3.58996
10,0.158866,0.0489722,-5.62551,-3.433
23,-0.201854,0.171795,-5.70963,-3.47464
4,0.262812,0.0896084,-5.6132,-3.44685
6,0.224462,-0.0851333,-5.54976,-3.21724
35,0.0933625,0.332896,-5.83744,-3.55836
24,-0.0861321,0.260806,-5.65621,-3.45238
39,0.0381733,0.000257348,-5.64344,-3.36995
41,0.155923,-0.0460349,-5.85294,-2.82023

