8,-0.739523,-1.45166,-2.63467,-5.37796
15,-0.799082,-1.47119,-2.57097,-5.45121
18,-0.720329,-1.38928,-2.64153,-5.59359
0,-0.969132,-1.45861,-2.80955,-5.47039
39,-0.472744,-1.55174,-2.53993,-5.57038
32,-0.752443,-1.46562,-2.65997,-5.46852
35,-0.636963,-1.45651,-2.79875,-5.51366
47,-0.911557,-1.39115,-2.96534,-5.31307
48,-0.713174,-1.51646,-2.80341,-5.30317
41,-0.795662,-1.48843,-2.78631,-5.43229
14,-0.643803,-1.52927,-2.49115,-5.63366
13,-0.72901,-1.50169,-2.77016,-5.296
7,-0.756461,-1.56978,-2.65255,-5.4726
20,-0.701372,-1.58315,-2.86886,-5.45579
42,-0.701299,-1.50893,-2.94109,-5.54291
36,-0.597832,-1.61481,-2.77593,-5.26899
6,-0.766456,-1.47326,-2.69184,-5.46192
19,-1.1441,-1.336,-2.8,-5.431
33,-1.08098,-1.32372,-2.73224,-5.47038
31,-0.815983,-1.44672,-2.78562,-5.49228
34,-0.790821,-1.59459,-2.58463,-5.16381
30,-0.644223,-1.63336,-2.79438,-5.60012
43,-0.375111,-1.54614,-2.91349,-5.49081
1,-0.602047,-1.59238,-3.23818,-5.26446
17,-0.943612,-1.2687,-2.69853,-5.58981
12,-0.680791,-1.51577,-2.53499,-5.56235
22,-0.76977,-1.51649,-2.79784,-5.48592
26,-0.756667,-1.63696,-2.98143,-5.41879
21,-0.671543,-1.57066,-2.72917,-5.38762
11,-0.335933,-1.76488,-2.54218,-5.5127
49,-0.648105,-1.51379,-3.08394,-5.28745
40,-0.766568,-1.34942,-2.88446,-5.20858
46,-0.694929,-1.58169,-3.10487,-5.41433
16,-0.859055,-1.44726,-2.75362,-5.47068
24,-0.825963,-1.40221,-2.95261,-5.21819
27,-0.780389,-1.45782,-2.97343,-5.32975
4,-0.638325,-1.50281,-2.76943,-5.41925
25,-0.478276,-1.73917,-3.03924,-5.39232
2,-0.567775,-1.43905,-2.76401,-5.467
44,-0.552667,-1.63693,-2.7466,-5.46605
37,-0.732709,-1.45841,-2.69764,-5.44535
28,-0.618824,-1.56232,-2.95828,-5.33571
45,-0.792343,-1.53645,-2.86897,-5.33157
5,-0.781526,-1.4692,-2.68349,-5.28166
10,-0.463354,-1.72376,-2.5808,-5.37135
9,-0.72798,-1.49154,-2.87949,-5.51902
29,-0.684109,-1.54067,-2.71865,-5.61523
38,-0.72968,-1.48497,-2.83493,-5.23211
3,-0.905107,-1.40503,-2.64905,-5.37286
23,-0.658256,-1.67215,-2.87157,-5.26547

