7,-0.209756,-0.297091,5.88833,-2.62099
37,-0.362897,0.0698886,5.80575,-2.90048
31,-0.213117,0.381375,5.66494,-2.54251
30,-0.208385,0.0467667,5.79672,-2.62356
8,-0.29016,-0.290645,6.03028,-2.69253
49,-0.0599663,-0.147167,5.93592,-2.74058
48,-0.0609739,-0.109816,6.00104,-2.5675
13,-0.242709,-0.27626,5.80044,-2.90972
11,-0.268524,-0.220426,5.59492,-2.81691
18,-0.2726,-0.232728,5.94349,-2.74778
10,-0.0988092,-0.265898,5.81303,-2.59864
14,-0.332895,-0.235,5.71231,-2.74582
17,-0.364475,-0.365322,5.84462,-2.83835
39,-0.478575,-0.107257,5.79846,-2.84676
19,-0.554249,-0.25469,5.78051,-2.6197
20,-0.0928309,-0.158508,5.92631,-2.74887
41,-0.219786,-0.218505,6.09579,-2.62753
15,-0.462913,-0.384877,5.67707,-2.91134
35,-0.291483,0.288291,5.90981,-3.04851
6,-0.0522505,0.0435033,5.94324,-2.65462
4,-0.206298,-0.271156,6.03485,-2.68773
44,-0.372866,-0.184195,5.90694,-2.61695
34,-0.307955,0.0626918,5.95722,-2.66294
38,0.0617929,0.142385,5.68017,-2.63875
33,-0.214349,0.189406,5.87447,-2.76098
47,0.107673,-0.220247,5.95882,-2.56394
36,-0.344618,-0.00762079,5.98481,-2.64674
40,-0.364832,-0.225236,5.97419,-2.53471
45,-0.198722,-0.214395,6.03303,-2.50994
16,-0.17994,-0.374963,6.01384,-2.90505
9,-0.318215,-0.15833,5.93273,-2.55731
46,-0.150593,-0.0981568,5.8972,-2.78595
0,-0.409937,-0.163621,5.93257,-2.77544
21,0.0234057,-0.246756,5.96078,-2.6729
26,-0.0739799,-0.0769015,5.94252,-2.85904
23,0.249579,-0.299687,5.99263,-2.69469
22,0.0335841,-0.194893,5.73627,-2.87129
12,-0.207903,-0.397436,5.76598,-2.35123
5,-0.281876,-0.217453,5.66997,-2.67216
32,-0.263033,-0.0513723,5.91622,-2.55281
29,-0.196569,-0.138644,5.75759,-2.8574
43,0.0428317,-0.27675,5.8358,-2.56128
42,-0.251811,-0.100225,5.98607,-2.32658
2,-0.226508,-0.143225,5.80364,-2.45808
25,-0.307682,-0.295186,5.94542,-2.74969
27,-0.130339,-0.123,5.91236,-2.86867
1,-0.312468,-0.0161101,5.91853,-2.77638
24,-0.0880265,-0.118278,6.01406,-2.73025
28,-0.0586205,-0.262659,5.99019,-2.72073
3,-0.19971,-0.280356,5.87805,-2.41631

