5,0.162954,-0.105313,6.19716,-1.34791
32,-0.0521129,-0.472394,6.13003,-1.39122
18,0.101798,0.18189,6.31798,-1.422
28,0.102922,-0.132976,6.09565,-1.43616
36,-0.372212,-0.109643,5.9081,-1.28566
25,0.0784283,-0.348762,6.08739,-1.56821
17,0.103749,0.203618,5.95151,-1.70281
9,-0.311007,0.0171166,6.03963,-1.59494
49,-0.391962,0.133098,6.36499,-1.68883
40,-0.108931,-0.0991737,6.3723,-1.60396
44,-0.292361,0.0872657,6.06059,-1.82719
39,0.0503435,-0.23854,6.12697,-1.72012
31,-0.108126,-0.174829,6.1841,-1.47759
0,-0.126452,-0.0470625,6.18533,-1.31636
14,0.0182426,0.323124,6.10043,-1.539
4,-0.118551,-0.172314,6.2894,-1.50203
1,-0.169984,-0.0979203,6.24973,-1.52841
7,-0.0115449,0.0628137,6.13977,-1.54053
27,-0.0679855,-0.139456,6.1313,-1.29213
26,-0.0340339,-0.0682557,6.11589,-1.46077
6,-0.0422891,0.390849,6.06636,-1.50484
3,-0.203273,0.0764611,6.14795,-1.56412
45,-0.127011,0.167913,6.00017,-1.61246
23,0.147378,-0.0925872,6.06646,-1.58661
20,-0.213822,0.1346,6.02156,-1.5933
22,-0.14213,-0.0923339,6.24749,-1.60859
35,-0.267788,-0.279855,6.17011,-1.62689
21,0.0710854,-0.104142,6.34525,-1.50537
15,0.0921393,0.20997,6.14422,-1.34324
42,-0.0753707,0.239875,6.06299,-1.71272
38,0.141107,0.0337079,6.11107,-1.35348
33,0.411221,0.140469,6.06343,-1.38447
12,0.372486,0.116473,6.20784,-1.44267
10,0.0219423,0.159745,6.15723,-1.52439
43,-0.00339343,0.0675081,6.29823,-1.53568
34,-0.31263,0.0908289,6.06624,-0.938533
48,-0.135886,-0.0112104,6.24371,-1.37241
30,-0.0766679,0.105184,6.21665,-1.10328
37,0.0496369,-0.0261535,5.77571,-1.37082
16,0.0691466,-0.089091,6.18178,-1.58375
24,-0.095418,0.00427243,5.82519,-1.75934
47,-0.0354703,-0.137898,6.13387,-1.66277
13,-0.10078,0.0484515,5.84948,-1.65833
11,0.0399745,-0.0863554,6.1981,-1.76345
8,-0.250528,0.155932,5.8848,-1.6197
19,0.259242,-0.0833572,5.94751,-1.44915
41,-0.268598,0.222144,6.01911,-1.41898
46,-0.221184,0.178868,5.91311,-1.68934
2,-0.101627,0.176406,6.14797,-1.3778
29,0.13063,0.166344,5.86856,-1.53481

