5,-0.539777,0.191655,5.8478,2.40602
42,-0.475672,0.411872,5.88539,2.48152
9,-0.381348,0.533909,5.66893,1.97197
30,-0.523937,0.286628,6.13099,2.36757
37,-0.476938,0.670329,5.69769,2.25621
48,-0.525964,0.555589,6.0845,2.39907
34,-0.482379,0.294528,5.66807,2.38236
39,-0.521774,0.316385,5.90618,2.31656
15,-0.604585,0.217818,6.15955,2.51512
43,-0.543936,0.696732,6.15791,2.2364
11,-0.530345,0.455077,5.86698,2.4111
14,-0.449266,0.232083,6.00591,2.39161
6,-0.471756,0.606559,5.9508,2.60616
28,-0.458762,0.228948,5.68254,2.63364
13,-0.475386,0.413184,5.88252,2.6537
26,-0.519744,0.206791,5.92576,2.41389
46,-0.458198,0.461951,5.9787,2.42825
20,-0.46819,0.381956,5.91517,2.50634
29,-0.526081,0.311024,5.83425,2.45795
4,-0.420514,0.441742,5.74017,2.52153
38,-0.495689,0.49831,5.73867,2.48347
17,-0.479921,0.526334,5.86617,2.59014
45,-0.549501,0.438265,6.02001,2.25944
33,-0.564764,0.58995,5.67537,2.47061
1,-0.482618,0.410205,6.01683,2.61973
23,-0.521593,0.0341778,5.95985,2.50695
7,-0.353992,0.355548,5.80678,2.48921
49,-0.531028,0.240819,6.06785,2.41269
31,-0.447654,0.59752,5.83244,2.51471
12,-0.471138,0.211764,6.09459,2.09101
2,-0.554272,0.43589,5.97949,2.58658
44,-0.403543,0.56429,6.03286,2.46019
27,-0.571471,0.279163,5.6671,2.43216
16,-0.490557,0.473489,6.05368,2.34796
35,-0.610384,0.39673,5.79898,2.34416
32,-0.468181,0.581893,5.85856,2.54226
0,-0.522152,0.356433,6.17038,2.43155
36,-0.35322,0.562154,5.76181,2.54267
22,-0.508557,0.146105,5.65717,2.58383
21,-0.448427,0.323753,6.05134,2.6303
40,-0.587748,0.152074,6.17641,2.35774
8,-0.619625,0.27624,5.81758,2.267
19,-0.539463,0.253549,5.87014,2.47542
24,-0.457499,0.401405,5.92009,2.75609
41,-0.497947,0.449323,5.95369,2.20871
25,-0.539487,-0.0215579,5.74771,2.37516
18,-0.407234,0.511333,5.64425,2.26018
10,-0.475297,0.204611,6.06162,2.01754
3,-0.629277,0.355665,5.86428,2.51752
47,-0.485561,0.461856,5.891,2.3431

