44,-0.0975294,0.0258111,3.66991,-2.86152
3,0.00241934,-0.0460356,3.84783,-2.66595
6,-0.196051,0.0362206,3.72811,-2.94388
32,0.170829,-0.462145,3.56913,-2.78362
18,-0.0741862,-0.302235,3.78873,-2.82403
13,-0.00578249,-0.312109,3.91835,-2.80535
23,-0.013568,0.016707,3.85333,-2.723
15,0.144798,-0.0448699,3.8877,-2.95729
33,0.147149,-0.410327,3.83653,-2.53711
39,-0.0754253,-0.445201,3.5588,-2.99454
19,0.318328,-0.398799,3.90999,-2.59548
40,0.0791843,-0.0543856,3.88553,-2.74055
28,0.101526,0.0114097,3.81484,-2.67508
49,-0.228828,-0.178637,3.58993,-2.86407
43,-0.23418,-0.241587,3.85075,-2.60601
45,-0.0512337,0.115037,3.49234,-2.72243
41,-0.446856,-0.216439,3.81713,-2.68654
16,0.0124728,-0.366195,3.84971,-2.38078
31,-0.101504,-0.222608,3.84221,-2.91091
10,-0.113737,-0.376549,3.87529,-2.7354
26,0.285609,-0.320017,3.70272,-2.81424
27,0.0425759,-0.424724,3.98225,-2.74439
0,-0.247509,-0.218206,3.79043,-2.81492
5,0.000146614,-0.471008,3.53686,-2.81171
20,-0.177369,-0.102836,3.63195,-2.88624
46,0.0117025,0.278533,3.72892,-2.76033
47,-0.209098,-0.160596,3.53028,-3.20264
21,0.0840439,0.0762697,3.92649,-2.55391
25,-0.226234,-0.0317859,3.85283,-2.77808
48,-0.324682,0.0545756,3.78037,-2.8785
8,0.0298604,-0.120099,3.5085,-3.02033
7,0.230573,-0.469795,3.8021,-2.73729
1,-0.308824,-0.479752,3.63163,-3.00312
9,0.0482545,0.00765469,3.8772,-2.4929
35,0.489959,-0.174539,3.84898,-2.7842
24,0.0403597,-0.184371,3.89172,-2.62214
17,0.00260442,-0.367583,3.83416,-2.56919
36,0.0601742,-0.256224,3.827,-2.79101
2,-0.237025,0.214339,3.83847,-2.77642
11,-0.4092,-0.165671,3.93088,-2.49626
29,0.315378,0.0336919,3.81379,-2.64901
42,-0.102726,-0.311545,3.73191,-2.8237
34,-0.135577,-0.77638,3.94269,-2.71031
30,0.237191,-0.22357,3.67134,-3.10331
22,0.239858,-0.111408,3.63711,-2.77427
38,0.223119,-0.0313618,3.65966,-2.81136
12,-0.153236,0.0759389,3.65415,-2.72998
37,0.36595,-0.387684,3.63628,-2.88399
14,-0.0166164,0.119877,3.74152,-2.7713
4,-0.111929,-0.157318,3.85414,-2.44074

