46,0.198271,-0.108305,-3.14151,-3.03888
49,0.287687,-0.445888,-3.18201,-3.3935
43,0.0378476,-0.205679,-2.98767,-3.18098
44,0.0545991,-0.373854,-3.5136,-2.91351
5,-0.155144,-0.278144,-2.86373,-3.44453
16,-0.0955348,-0.280607,-2.94914,-3.37717
20,0.203644,-0.245554,-3.07637,-3.46074
10,0.0187478,-0.230781,-3.37635,-3.32736
14,-0.174478,-0.0609507,-3.17384,-3.21711
17,-0.169343,-0.221968,-3.30796,-3.23284
12,-0.0790272,-0.237646,-3.20487,-3.21502
22,-0.199103,-0.164599,-3.45853,-2.85361
38,-0.288521,-0.152897,-3.24852,-3.19404
36,0.00973666,0.0854393,-3.14467,-3.33168
6,0.450605,-0.248884,-3.20122,-3.03633
39,-0.0559842,-0.0790295,-3.22496,-3.22681
35,-0.0941791,-0.141506,-3.27622,-3.06571
23,-0.28304,-0.181514,-3.33216,-3.20855
3,-0.0653839,-0.0372834,-3.11725,-3.40868
9,-0.368074,0.150154,-3.21598,-3.04138
7,-0.0691618,-0.33066,-3.22335,-3.18078
40,-0.0767747,-0.292191,-3.16329,-3.12324
8,-0.0889785,-0.102216,-3.25952,-2.99306
42,0.147728,-0.33626,-3.07566,-3.25061
11,0.2201,-0.195254,-2.98236,-3.40202
21,0.00375592,-0.289736,-3.08373,-3.34898
29,0.0827063,-0.336499,-3.49177,-3.14413
33,0.105265,-0.11831,-3.07936,-3.08845
30,-0.16359,0.115317,-3.15982,-3.17885
15,0.0517594,-0.175995,-3.23884,-3.05833
47,0.189232,-0.280953,-2.94926,-3.40837
13,-0.0521925,-0.273878,-2.82261,-3.66829
2,0.0127453,0.0689555,-3.16701,-3.36239
0,-0.0816003,-0.148135,-3.11213,-3.2383
25,-0.081652,-0.26253,-3.34956,-3.13428
19,0.17936,-0.238061,-3.30185,-3.21405
41,-0.0210145,-0.288403,-3.42557,-3.25494
48,-0.261015,-0.0643589,-2.99332,-3.31314
26,0.111242,-0.173972,-3.27187,-3.3551
31,0.200037,-0.278566,-3.26087,-3.14289
32,-0.100745,-0.262968,-3.25083,-3.20688
24,0.0437233,-0.0876375,-3.16342,-3.2426
37,-0.355791,-0.18332,-3.1018,-3.30205
45,0.0865455,-0.368,-3.26917,-2.96567
18,-0.134314,-0.341269,-3.22041,-3.21698
27,-0.0884736,-0.132133,-3.24032,-3.26835
28,0.0239236,-0.144099,-3.19187,-3.27647
34,-0.0797953,-0.137873,-3.15645,-3.03794
4,-0.117572,0.06528,-3.33858,-3.09844
1,-0.255084,0.12612,-2.91958,-3.03001

