33,0.794641,-0.133403,-6.10772,1.42506
2,0.605529,-0.0717819,-5.89227,1.42941
1,0.566795,-0.214282,-5.91434,1.81539
4,0.41296,-0.470153,-6.17694,1.76396
6,0.597672,-0.248085,-5.75807,1.47859
35,0.429943,-0.254132,-6.12677,1.88018
31,0.379604,-0.478218,-5.96989,1.71575
45,0.677634,-0.208737,-5.96834,1.38556
25,0.608949,-0.186451,-6.05953,1.47732
17,0.517869,-0.313972,-5.98444,1.79521
30,0.544486,-0.288117,-5.93311,1.81936
11,0.454309,-0.304516,-5.8792,1.84466
3,0.73374,-0.202153,-5.92074,1.53969
5,0.743609,-0.0372266,-5.83029,1.71297
34,0.336214,-0.38868,-5.79075,1.64249
48,0.571847,-0.315273,-5.8968,1.36155
9,0.484811,-0.38454,-6.0735,1.78315
8,0.701317,-0.151222,-5.89806,1.70574
10,0.346563,-0.649677,-6.03113,1.48963
18,0.643569,-0.248404,-5.84491,1.94428
49,0.124794,-0.658451,-6.02656,1.67937
42,0.412866,-0.339726,-5.92034,1.70918
23,0.784864,0.0156997,-6.19834,1.76344
0,0.530642,-0.459632,-6.20323,1.50662
32,0.388427,-0.42079,-5.76304,1.78664
37,0.510776,-0.360489,-5.78183,1.39564
16,0.628796,-0.300616,-5.88421,1.8468
19,0.524929,-0.378991,-5.9619,1.92592
21,0.347451,-0.421617,-6.05717,1.87453
15,0.478213,-0.371252,-5.86743,1.76895
13,0.481991,-0.361429,-5.76043,1.62734
44,0.431996,-0.302203,-6.04013,1.48153
7,0.511403,-0.356474,-5.99579,1.32267
22,0.383297,-0.430682,-5.81016,1.32479
27,0.453351,-0.348403,-5.83375,1.3814
14,0.491672,-0.320067,-6.062,1.69174
47,0.63332,-0.166467,-6.09718,1.71371
41,0.395403,-0.356694,-6.15905,1.51823
28,0.579837,-0.216222,-6.01661,1.6189
36,0.762651,-0.172027,-5.99452,1.93646
20,0.538099,-0.335906,-6.2378,1.40321
12,0.429313,-0.388123,-5.98322,1.81726
29,0.502412,-0.340663,-5.84155,1.39463
40,0.599297,-0.254255,-5.95946,1.7583
26,0.580237,-0.0222586,-5.80496,1.33791
38,0.545548,-0.101652,-5.77648,1.67993
39,0.682163,-0.191582,-5.88247,1.70403
43,0.470595,-0.171018,-6.10766,1.52252
24,0.448817,-0.339407,-5.86831,1.60251
46,0.473755,-0.34352,-6.05501,1.54425

