14,0.118996,-0.0669648,-2.92425,5.43141
0,-0.217434,0.165274,-3.38402,5.24755
1,-0.0640943,-0.288719,-3.40451,5.34951
8,-0.240749,-0.160592,-3.45926,5.34316
27,-0.230109,-0.16062,-3.26478,5.13573
23,-0.104838,-0.153163,-3.62092,5.15159
20,-0.0728694,0.0377157,-3.30528,5.1556
45,-0.160877,-0.192711,-3.18935,5.37331
33,-0.011811,0.0126809,-3.47492,5.16777
18,0.0445742,0.0700289,-3.18218,5.20267
44,-0.0833021,-0.23732,-3.22205,5.34474
49,-0.219294,-0.0240818,-2.94819,5.24211
30,-0.313871,-0.100521,-3.50014,5.27934
46,-0.0277962,0.216203,-3.26765,5.19437
31,-0.109518,0.0376671,-3.43827,5.17191
38,0.0719723,-0.0920391,-3.59626,5.35436
24,-0.380523,0.130621,-3.28793,5.38719
22,-0.383951,-0.060252,-3.47211,5.11244
41,0.0964964,-0.0878751,-3.30405,5.40802
40,0.120413,0.0447314,-3.26097,5.07634
28,-0.194494,-0.00454238,-3.39723,5.2517
4,0.0446073,0.179677,-3.22919,5.44311
9,-0.0961997,-0.145282,-3.45795,5.34084
16,0.22658,0.182375,-3.52882,5.2035
17,0.296989,-0.0313617,-3.19945,5.12503
12,0.117577,0.119968,-3.52828,5.12481
36,-0.0459669,-0.190044,-3.30526,5.11863
15,0.306405,0.163267,-3.3526,5.30598
25,-0.159711,-0.0562901,-3.3805,5.10578
29,-0.045364,0.102676,-3.15211,5.10798
39,-0.165668,-0.0530596,-3.50764,5.06939
47,0.066217,-0.15055,-3.42257,5.45116
3,0.108119,-0.0611649,-3.51893,5.23703
32,0.0954783,-0.145315,-3.52506,4.99864
5,-0.329661,0.0423272,-3.18748,5.26417
7,-0.293627,0.192445,-3.59599,5.05715
21,-0.12957,-0.311596,-3.37483,5.3214
13,0.1961,-0.217343,-3.34941,5.30546
43,0.235546,-0.389317,-3.28145,5.26445
26,-0.0556647,-0.171801,-3.47901,5.33831
2,-0.084466,-0.0700324,-3.34664,5.35123
11,-0.168061,0.310674,-3.14994,5.34575
48,-0.111473,-0.0234303,-3.23513,5.44184
37,-0.00921688,-0.0814235,-3.02579,5.24009
6,-0.247888,-0.0013869,-3.34527,5.18911
34,-0.0483819,-0.106262,-3.53541,5.05874
42,-0.27639,-0.110794,-3.04302,5.33455
19,0.205547,-0.10188,-3.19472,5.29127
10,0.118086,0.126538,-3.07479,5.33205
35,-0.090561,-0.0397655,-3.61469,4.96182

