18,0.173205,0.429089,-4.03679,0.350774
3,0.257951,0.465362,-4.04151,0.372319
5,0.29434,0.605687,-4.10735,-0.190057
15,0.289155,0.449048,-3.9946,0.463257
13,-0.0549961,0.523535,-4.0211,0.313552
34,0.371571,0.585226,-4.20265,0.265179
30,0.0725419,0.417036,-3.91861,0.264918
28,-0.0262902,0.620199,-4.26972,-0.0186202
29,-0.0589236,0.655412,-4.16366,-0.122107
20,0.11352,0.379261,-4.04046,-0.094675
44,0.106133,0.52169,-4.22848,-0.263463
36,0.114401,0.314991,-4.04363,-0.00514545
19,0.307626,0.472549,-4.15536,0.00753657
35,0.409921,0.589791,-4.18449,0.24277
10,0.126285,0.848611,-4.03448,0.437717
39,-0.0541728,0.525995,-4.01689,0.0606272
23,-0.279341,0.713247,-4.06147,-0.0476162
26,0.370492,0.230617,-4.06868,0.130052
41,0.51134,0.622853,-4.20261,-0.0412664
16,0.190338,0.638082,-4.12961,0.123277
22,-0.269918,0.634744,-4.17663,0.302514
46,0.648605,0.462392,-4.03776,-0.0598177
25,0.097039,0.544287,-4.17312,0.340637
38,0.27798,0.605543,-4.26176,-0.309249
2,0.248067,0.488967,-3.96421,-0.568288
45,0.509145,0.267925,-4.1524,-0.0854734
32,0.158786,0.581702,-4.12414,0.0631327
4,0.532004,0.323716,-4.1241,-0.0868993
31,0.270737,0.67779,-4.18357,-0.111461
24,0.147122,0.99056,-4.11189,-0.312322
49,0.233202,0.29582,-3.93814,0.0751199
48,0.231941,0.424534,-4.12561,-0.184078
40,0.427545,0.618755,-4.21326,0.182097
8,0.181718,0.694417,-4.0579,-0.238582
21,0.292112,0.641715,-4.20373,0.00288501
27,-0.23841,0.735523,-4.26555,-0.0524664
11,0.0382399,0.547803,-4.13061,-0.189332
14,-0.0803582,0.589651,-3.89876,0.0390681
12,0.10203,0.672855,-3.96182,0.310528
9,0.470678,0.408565,-4.166,-0.131001
37,0.205654,0.558866,-3.9711,0.268036
6,0.128839,0.549074,-4.09757,0.13842
33,0.415439,0.503163,-4.01985,0.0902249
47,0.335267,0.438505,-4.07348,0.0207243
7,0.491597,0.526699,-4.26173,-0.321507
0,0.319776,0.437791,-4.01089,-0.140452
17,0.232827,0.595062,-4.23161,0.188555
43,0.347664,0.447064,-4.0864,0.250559
1,0.519909,0.522055,-4.11731,-0.106272
42,0.265149,0.536261,-4.17619,-0.167006

