14,0.0763558,0.0126716,4.83485,-1.23222
24,-0.0558404,0.101732,4.77169,-1.12897
3,0.0914729,0.277904,4.73919,-1.05078
18,0.0985377,-0.0216955,4.64351,-1.33866
47,0.0825419,-0.153698,4.8777,-1.0677
27,-0.159229,0.253818,4.96766,-0.996786
41,-0.10504,-0.0278921,4.81721,-1.14944
49,0.160426,-0.141111,5.10011,-1.27693
46,-0.113839,0.110149,4.83149,-0.805111
44,0.0843892,0.147159,4.95053,-0.959247
40,0.258121,-0.28848,4.74129,-1.0381
42,-0.0525222,-0.00638943,4.79383,-1.2784
8,0.180523,0.163329,4.97331,-1.11581
10,-0.0786519,-0.0644942,4.73329,-0.983103
15,-0.0632609,-0.184065,4.69439,-1.40044
12,-0.273018,0.192681,4.70822,-1.23988
5,0.0651836,0.226596,4.87033,-1.38449
6,0.331668,0.258769,4.88314,-1.19118
25,-0.091886,-0.0185641,4.92019,-0.943304
21,-0.199656,0.131844,4.96344,-1.19714
16,0.0922901,-0.110861,4.78689,-1.14785
17,-0.0827271,-0.0535123,4.90401,-1.06992
30,-0.0792043,-0.151371,4.76852,-0.777648
33,0.043818,-0.122249,4.53735,-1.22362
32,0.0461223,0.0315547,4.94944,-1.0862
31,0.048046,0.0634907,4.76866,-1.41759
13,0.233078,-0.172497,4.83708,-1.18128
38,0.195116,-0.0113685,5.1389,-1.13944
34,-0.0468675,0.106576,5.05422,-1.26274
39,0.247587,0.11415,4.83604,-0.948728
7,0.135614,0.141799,5.07111,-1.37452
19,0.185976,-0.404959,4.87131,-1.15011
20,-0.122716,-0.0674472,4.77804,-1.18029
37,0.113088,-0.0183146,4.815,-1.25611
11,0.213866,-0.114976,4.65366,-1.3356
35,0.0514621,0.214896,5.1373,-1.01775
22,0.140577,-0.193663,4.99575,-0.733216
29,-0.0966349,0.0162604,4.97957,-0.921119
2,-0.00824235,0.34162,4.84953,-1.25137
48,0.174264,0.181589,5.13965,-0.930284
28,-0.0135429,0.135691,5.0591,-0.815162
23,0.14021,0.118822,4.86184,-0.785484
43,0.13949,-0.0269153,4.73706,-1.24793
1,0.251719,0.0991235,4.7562,-1.08656
36,0.348772,-0.000981864,4.75429,-0.997122
0,0.250975,-0.0489269,4.85183,-1.17909
4,-0.0573851,0.450781,4.95051,-1.12301
26,-0.226468,0.271619,4.71335,-0.892531
45,0.0410479,0.0165463,4.92359,-1.12205
9,-0.0117089,0.30693,4.78419,-1.11164

