44,-0.233989,0.0819541,-6.76789,-1.04257
41,-0.203867,0.146463,-6.7904,-1.21111
20,-0.478865,-0.0995267,-6.71717,-1.43776
19,-0.473954,0.0287103,-6.39545,-0.888665
15,-0.318701,0.236412,-6.69776,-0.995521
17,-0.332378,0.0451663,-6.57332,-1.35815
33,-0.395202,-0.0129835,-6.75602,-1.45099
31,-0.462714,-0.0363128,-6.86891,-1.22475
8,-0.501963,-0.03754,-6.49672,-1.29433
0,-0.63525,-0.29735,-6.6245,-0.934839
3,-0.467945,-0.174619,-6.73158,-1.14974
49,-0.373001,0.204002,-6.70992,-1.13449
25,-0.350987,0.191084,-6.6604,-1.40061
40,-0.49017,-0.0103371,-6.5517,-1.05331
47,-0.440111,0.228528,-6.61733,-1.30023
48,-0.245208,0.251965,-6.74756,-1.05021
32,-0.530109,-0.221305,-6.64052,-1.08458
38,-0.485666,0.0603115,-6.79946,-1.01574
26,-0.477636,0.0568242,-6.59179,-1.33366
43,-0.289869,0.237442,-6.86725,-1.03772
37,-0.470088,0.0593041,-6.69217,-0.968684
5,-0.411202,0.0408383,-6.47719,-0.893994
36,-0.41761,0.0798809,-6.84809,-1.24658
28,-0.584756,-0.0661224,-6.64346,-1.14721
27,-0.468568,0.0589879,-6.65372,-1.3685
11,-0.389586,0.122802,-6.51964,-0.953611
34,-0.556616,-0.128686,-6.75603,-1.03781
4,-0.353259,-0.0962122,-6.5093,-1.2755
14,-0.566818,-0.0979347,-6.8803,-0.940946
2,-0.483511,-0.0196469,-6.74739,-1.4803
24,-0.525581,-0.085324,-6.53569,-1.27011
22,-0.417571,-0.252193,-6.61499,-1.39286
9,-0.689173,-0.268469,-6.53503,-1.21349
46,-0.152043,0.115363,-6.732,-1.28499
30,-0.633662,-0.0324028,-6.89624,-0.931499
39,-0.671176,-0.298424,-6.54663,-1.01157
42,-0.341567,-0.0702077,-6.64229,-1.152
18,-0.305952,0.272402,-6.72261,-1.34095
6,-0.441229,-0.00525747,-6.70235,-1.0148
35,-0.527839,-0.0196912,-6.69917,-1.27752
13,-0.487888,0.0541457,-6.72486,-0.914585
16,-0.460995,0.00439968,-6.68705,-0.846498
10,-0.419399,-0.0261593,-6.8278,-1.23289
45,-0.371829,-0.213916,-6.55561,-1.3703
21,-0.295166,0.0998489,-6.78684,-1.18891
1,-0.630038,-0.0363395,-7.04237,-1.22707
12,-0.634992,-0.290381,-6.69689,-0.980129
29,-0.502646,0.0186167,-6.76416,-1.44767
23,-0.490612,-0.0118111,-6.54354,-1.47832
7,-0.616336,-0.0458255,-6.53807,-1.27275

