32,0.338549,0.368584,-2.7301,-5.77171
15,0.350058,0.241499,-3.35713,-5.27591
26,0.180786,0.440415,-3.26328,-5.76479
21,0.405479,0.0682548,-2.83344,-5.56343
20,0.433373,0.282418,-3.0592,-5.7517
17,0.0109007,0.452472,-2.98444,-5.33383
34,0.442604,0.226101,-3.12644,-5.78578
37,0.0773402,0.408898,-2.96837,-5.53486
11,0.402825,0.266829,-3.16373,-5.22883
46,0.533194,0.356333,-2.77285,-5.58474
8,0.289312,0.280075,-2.92636,-5.44267
25,0.461869,0.0629811,-3.03701,-5.37603
24,0.324915,0.192907,-2.9584,-5.37259
13,0.260352,0.290397,-3.21583,-5.42567
16,0.429719,0.379491,-2.99754,-5.68454
43,0.344077,0.338242,-2.87706,-5.54241
42,0.405875,0.333921,-2.58511,-5.64178
41,0.275049,0.184038,-2.79786,-5.63253
33,0.328297,0.322734,-2.86535,-5.44894
10,0.0375909,0.437014,-2.98292,-5.68889
22,0.0635769,0.483384,-3.15304,-5.61354
0,0.20424,0.442276,-2.80404,-5.48309
7,0.222411,0.279213,-2.79101,-5.57032
49,0.248236,0.368617,-2.426,-5.83253
18,0.155222,0.223194,-3.1389,-5.44686
12,0.276445,0.26556,-3.2093,-5.65559
29,0.2586,0.360037,-3.1981,-5.86041
44,0.119998,0.372836,-2.90875,-5.89431
31,0.243404,0.475563,-2.90438,-5.78179
6,0.401551,0.352411,-2.86925,-5.53839
40,0.475795,0.164914,-2.76689,-5.61088
38,-0.00121154,0.671131,-2.87423,-5.71323
4,0.20415,0.310872,-2.94331,-5.56718
5,0.226867,0.543124,-2.92306,-5.63345
28,0.307815,0.085781,-2.95626,-5.51495
45,0.357817,0.360602,-2.75571,-5.8764
1,0.165298,0.382876,-2.92267,-5.60928
3,0.404411,0.250651,-2.81319,-5.62657
9,0.332091,0.321358,-2.96641,-5.50976
35,0.142969,0.458923,-2.91767,-5.51004
27,0.266368,0.339468,-3.17118,-5.26938
23,0.290493,0.220117,-2.88776,-5.40517
47,0.124859,0.566151,-2.79054,-5.50036
14,0.0420611,0.493608,-3.02985,-5.30744
19,0.330124,0.289043,-3.16375,-5.72112
36,0.0316,0.434315,-2.92556,-5.18884
39,-0.0946096,0.644799,-3.03726,-5.65195
2,0.154767,0.537927,-2.77825,-5.6421
30,0.237675,0.484679,-2.83442,-5.7715
48,0.190626,0.275136,-2.67724,-5.4553

