13,-0.149154,0.0107376,-4.85894,4.64433
46,0.0762217,0.288044,-5.00808,4.43911
8,-0.0863557,-0.0720337,-4.53693,4.47158
0,0.10597,-0.120237,-4.44317,4.74821
24,0.00421129,0.144151,-5.05472,4.4869
23,-0.275309,0.370958,-5.08053,4.57168
31,0.228211,-0.0423347,-4.97584,4.38529
4,-0.0608005,0.0648097,-4.98742,4.5334
40,-0.167513,0.166963,-4.92107,4.42632
44,-0.0167221,0.0333726,-4.96042,4.49421
6,-0.125293,-0.00173397,-4.89702,4.70276
35,0.0223838,0.163548,-4.78706,4.68924
10,0.365656,-0.00967742,-5.08349,4.13505
19,0.194256,-0.0886502,-4.89326,4.25139
45,-0.0408897,0.144931,-5.18946,4.35998
33,0.0550801,0.174292,-4.9127,4.37637
7,0.192409,-0.0199457,-4.83741,4.66932
34,-0.237669,-0.132248,-4.90273,4.36414
32,0.0413162,0.164917,-5.05481,4.59808
36,-0.327735,0.0984744,-5.11256,4.54891
37,-0.107348,0.118779,-4.97228,4.22665
21,0.0845655,0.264009,-4.89893,4.20317
41,-0.13274,0.272291,-4.85074,4.53015
22,0.135584,0.257532,-5.09669,4.48841
29,-0.0531681,0.0858782,-5.16779,4.54919
25,-0.199419,0.0590551,-5.25306,4.8179
27,-0.114096,0.288997,-4.92357,4.55059
47,-0.0935472,0.324539,-5.02342,4.37294
15,0.223857,0.262809,-4.88572,4.54608
28,-0.0973615,0.346765,-5.09836,4.52035
3,0.0936297,-0.0800209,-4.69342,4.56804
14,0.0273145,-0.00303515,-5.02089,4.26687
9,0.0952248,-0.0124742,-4.59884,4.63165
1,-0.233445,-0.0672112,-4.85037,4.60013
2,0.110099,0.191698,-4.71252,4.60473
20,0.0473787,0.0598124,-5.17677,4.43468
17,0.193938,0.333249,-4.9844,4.68541
48,-0.0444931,0.258808,-4.99885,4.47023
49,0.0679809,-0.153015,-5.2006,4.45008
30,-0.0383166,0.0857158,-4.98833,4.61105
12,-0.0998011,-0.109332,-4.85544,4.35131
16,0.0794374,0.159012,-4.84536,4.43706
43,0.0108797,0.286506,-4.94732,4.55015
26,-0.106044,0.229656,-4.86519,4.44767
11,0.204653,0.265673,-5.01519,4.45536
39,0.118733,0.106341,-4.92045,4.28868
42,-0.244254,0.178782,-4.89457,4.60178
18,0.334344,0.107043,-4.76286,4.46796
5,-0.225542,-0.0360611,-4.93784,4.66847
38,0.00703085,-0.0343567,-4.80749,4.30659

