49,0.353347,0.0868324,-4.31207,-4.32027
2,0.3876,0.473695,-4.60092,-3.9924
8,0.442703,-0.0764446,-4.33567,-4.30831
11,0.309819,0.199804,-4.36768,-4.18453
14,0.470709,-0.196496,-4.4077,-4.21804
9,0.490377,0.145167,-4.41433,-4.11489
35,0.291531,-0.0431902,-4.84103,-3.99032
10,0.590114,-0.0469732,-4.47534,-4.23894
36,0.520463,0.124667,-4.39746,-4.35063
30,0.486332,0.420017,-4.55608,-3.84724
39,0.597428,0.140752,-4.71919,-4.25732
34,0.456912,-0.0185394,-4.60827,-4.18944
31,0.252399,0.0400233,-4.51503,-4.19731
6,0.305495,0.26271,-4.62315,-4.41318
0,0.449257,0.249726,-4.66075,-4.31606
21,0.691541,0.037595,-4.34828,-4.2903
4,0.379942,0.23412,-4.7281,-4.23221
7,0.44171,0.095423,-4.76478,-3.8513
26,0.552075,0.0771712,-4.51012,-4.36132
15,0.21021,-0.0909978,-4.5378,-4.19526
18,0.622783,-0.0226706,-4.52664,-4.1902
38,0.487105,0.162512,-4.63779,-4.17952
28,0.560219,-0.0188192,-4.30805,-4.23037
46,0.0843732,-0.00426789,-4.47075,-4.45163
44,0.490784,-0.150689,-4.49737,-4.27486
13,0.520225,-0.0524101,-4.35949,-4.24572
17,0.471229,-0.0706216,-4.74217,-4.09515
16,0.532268,-0.0275952,-4.52139,-4.07723
25,0.398141,0.43602,-4.43298,-4.18675
29,0.426406,0.249982,-4.40573,-4.08124
42,0.529589,-0.238358,-4.34764,-4.26056
20,0.582559,0.291865,-4.56542,-4.34787
37,0.379535,0.161372,-4.55634,-4.10654
41,0.709778,-0.136024,-4.68326,-4.18817
23,0.384606,0.284119,-4.4941,-4.22568
24,0.417128,-0.012323,-4.49521,-4.30225
22,0.567456,0.504836,-4.57177,-4.12855
32,0.516756,0.212973,-4.4332,-4.23484
19,0.648603,-0.0606078,-4.43444,-4.50338
45,0.601134,0.197498,-4.4066,-4.37298
47,0.411407,0.0239386,-4.61547,-4.42605
33,0.722062,-0.117608,-4.75345,-4.22827
12,0.38565,-0.20103,-4.54161,-4.18827
43,0.429086,-0.0541978,-4.42982,-4.32769
3,0.399512,-0.027599,-4.66202,-4.18383
27,0.468498,0.19838,-4.55088,-4.26899
40,0.432198,0.0264898,-4.39388,-4.13283
5,0.560259,0.225508,-4.72437,-4.27556
1,0.253849,0.32742,-4.71725,-4.03944
48,0.396968,0.0522374,-4.33296,-4.46232

