15,-0.630862,-1.06831,-0.24155,6.74154
28,-0.341416,-1.16491,-0.166051,6.48982
23,-0.339846,-1.0541,-0.365141,6.25344
49,-0.38891,-1.02767,0.156505,6.31754
45,-0.479553,-0.961259,0.100598,6.39521
46,-0.60652,-0.965501,0.279723,6.29173
6,-0.512193,-0.98489,-0.151048,6.50685
1,-0.546201,-0.990237,-0.131229,6.32517
27,-0.303639,-1.04441,0.122301,6.20575
48,-0.279977,-1.06271,-0.161181,6.37708
8,-0.425736,-0.984867,-0.0361304,6.40828
0,-0.481904,-0.957842,-0.315799,6.29345
9,-0.656689,-0.972092,-0.220562,6.51098
37,-0.735658,-0.848332,0.170144,6.39185
11,-0.695003,-0.881064,-0.23007,6.43248
35,-0.503216,-0.995128,0.125197,6.352
38,-0.822519,-0.796769,0.226505,6.17491
31,-0.631786,-0.926711,-0.0304794,6.38314
4,-0.4979,-0.943917,-0.388237,6.29396
36,-0.765916,-0.871919,0.0714963,6.57827
13,-0.680161,-0.84195,-0.0531028,6.58446
42,-0.49474,-1.07222,0.120129,6.42492
43,-0.615904,-0.952741,0.116849,6.43211
25,-0.22077,-1.03059,-0.392498,6.6028
18,-0.569525,-1.01371,-0.0383775,6.44304
29,-0.550022,-1.0054,0.0221655,6.43642
41,-0.126102,-1.07232,0.219099,6.22267
20,-0.312327,-1.03224,-0.418297,6.36713
26,-0.379722,-1.02347,-0.131894,6.37439
32,-0.467781,-0.985821,-0.0721042,6.30028
3,-0.609549,-0.993683,-0.0368431,6.47115
22,-0.392898,-0.993708,-0.0865136,6.2219
12,-0.624679,-0.90897,-0.273944,6.62007
30,-0.428308,-0.949351,-0.201655,6.53156
47,-0.658573,-0.880945,-0.0264076,6.16477
16,-0.70334,-0.861748,-0.245589,6.71308
19,-0.624894,-1.01134,-0.181384,6.29269
24,-0.510867,-0.939476,0.240552,6.53869
34,-0.691918,-0.998744,-0.162938,6.43054
21,-0.386371,-1.05269,0.0645855,6.39914
10,-0.653048,-0.854352,-0.209548,6.50408
7,-0.640623,-0.900234,-0.203027,6.43827
44,-0.444456,-1.17859,0.0291933,6.4967
39,-0.72722,-0.913942,-0.237691,6.42079
40,-0.587379,-0.897564,0.147372,6.13159
14,-0.655037,-0.927247,-0.161026,6.56528
33,-0.872516,-0.91855,-0.202119,6.35234
2,-0.403876,-1.1238,-0.0976034,6.33914
17,-0.403612,-0.945029,-0.485564,6.44917
5,-0.650332,-0.91694,-0.192656,6.36315

