input_data/irreg_block_graphs_1.0g_0.0ng/graph_sample_15 0.13268017768859863
0,-0.254474646325666,-0.9460480353038538
1,-0.19191188408670304,-0.9879979682006743
2,-0.22206916341345498,-0.9548124561963779
3,-0.20574770593418573,-0.9077665160939777
4,-0.23616045245487277,-1.0
5,-0.17846502802803108,-0.9523025057593392
6,-0.7857516164049445,0.4146130425622752
7,-0.7405970117249356,0.4817585173412311
8,-0.7505862494048533,0.4015175826557285
9,-0.792981975777181,0.44617482719106155
10,-0.780314597897383,0.4790944734330887
11,-0.7549346014785806,0.446024722198218
12,-0.7163558454377569,0.4563750360452515
13,-0.7276616787389784,0.42402266260075566
14,0.6514661001984481,-0.2016236381121339
15,0.695092335301061,-0.24989370619003073
16,0.7168835787200373,-0.17329306539654832
17,0.6792530944816175,-0.22551849293862408
18,0.7345870114273116,-0.20562983677196492
19,0.6616351121403862,-0.17654110316167484
20,0.7163089703012308,-0.2295189288758199
21,0.6988654854782866,-0.1973135631020561
22,0.6521806485091532,-0.23144965036395945
23,0.685940782930047,-0.1630379880481077
32,-0.10268968884929879,-0.15739932975360063
33,-0.19035539105814644,-0.1488770642637281
34,-0.15414330640761345,-0.19459657584271223
35,-0.15885630820966154,-0.13879497467724555
24,-0.12316078739063817,-0.1865220370432763
25,-0.12783777206252958,-0.11317900883456349
26,-0.12983288431573053,-0.15966888072027635
27,-0.17931947953869773,-0.11951653077136327
28,-0.15359562198536073,-0.10908801813953108
29,-0.1576616023124681,-0.16699148100996275
30,-0.18352908791205952,-0.1783484668106761
31,-0.11311982648528165,-0.13288795675481138
36,0.19037782043833118,0.4090864129740686
37,0.16686740675724557,0.44315465142053706
38,0.12316401955169033,0.45567209830943284
39,0.1400521954486963,0.4724092630703415
40,0.1620298346295456,0.4727903636534448
41,0.17563402352117927,0.39390036379468507
42,0.11445982386892259,0.431724984883849
43,0.19381814799918043,0.44664222020014777
44,0.2024752018893571,0.4276282941912754
45,0.1552548727472161,0.40731981365843367
46,0.12429513665967855,0.4085273047777309
47,0.144212163079689,0.3885453146498236
48,0.14191795931612247,0.4332165770865779
49,0.18534248824058208,0.46841925243893084
