0,1.0,-0.06201020616403003
1,0.9062551157415931,-0.06271958118925891
2,0.9691924527266043,-0.0953530730961318
3,0.9646108206534046,-0.04012982529917344
4,0.9362470712254832,-0.09626223952162666
5,0.937670503430965,-0.025851233272502605
6,0.29276117720566724,-0.7789791640306143
7,0.253862286760128,-0.7955801814784045
8,0.2597188177435528,-0.8392157102645923
9,0.2106394317437867,-0.7852199010168005
10,0.26701613827821535,-0.7521085433127768
11,0.22336702808689715,-0.8209392079420452
12,0.2889768982670934,-0.8149904467557594
13,0.23496876090124216,-0.7631775726989788
14,-0.6838662385344384,-0.3903525549003634
15,-0.6782196047927862,-0.43472564162168076
16,-0.6551581204327772,-0.401718502214263
17,-0.6426627633858844,-0.4242970705730588
18,-0.6575698336457843,-0.3619318392414898
19,-0.6312570193665924,-0.37936572147214476
20,-0.7085529676946967,-0.36371214722348044
21,-0.7181385662611586,-0.39364797938427304
22,-0.6815463791761266,-0.34816541141627066
23,-0.7072283925532338,-0.4233828684826152
32,0.048645013223897846,0.72706907944669
33,0.02376130046248281,0.7158305088851331
34,-0.00083174586229921,0.760794913392967
35,0.02950642717846617,0.7525779603902778
24,-0.004485858313504337,0.800783599746838
25,0.017264489025830287,0.7857405070204206
26,0.03657803891380045,0.8018068013136668
27,0.061786737694940246,0.752289080471749
28,-0.025471549888041307,0.7709859621591352
29,-0.022083059045721623,0.7384962376896832
30,-0.0011517017743873162,0.7219795558734428
31,0.05524104293353011,0.77891555176227
36,-0.13163024666449624,0.11212264766805681
37,-0.05047777529736546,0.08147074062930851
38,-0.0718335812264825,0.1310929127719844
39,-0.06559754027154144,0.10247294422006911
40,-0.12026034133117863,0.08993369500397273
41,-0.121094031024193,0.13512934713430788
42,-0.09222388233209104,0.08797003577756746
43,-0.0399526787522335,0.11018494594447187
44,-0.10185656360774399,0.15112665405872686
45,-0.046993062802408524,0.1368309873374266
46,-0.07536445677250879,0.06823896456699588
47,-0.10599864756621234,0.06728963139028317
48,-0.07591391226283076,0.15524309465041025
49,-0.1006490315588619,0.11746026326647857
