input_data/irreg_block_graphs_1.0g_0.0ng/graph_sample_26 0.1333332061767578
0,-0.7792258428582978,0.9381285989405129
1,-0.7381531094633728,0.9668296305769833
2,-0.7699146096657612,0.9999999999999999
3,-0.7323125123102332,0.9019010185240594
4,-0.6932413080746497,0.9297273474992981
5,-0.694668483548632,0.9806656600641457
6,-0.6889622376734417,-0.8996969707851729
7,-0.6016052993329095,-0.8786574697732017
8,-0.6326755041155635,-0.9417356592814259
9,-0.5981003670184436,-0.9186666295742887
10,-0.6767046990138056,-0.940911308764543
11,-0.6401157314835347,-0.8922957007073019
12,-0.6358335771557965,-0.849344064180122
13,-0.6768388247423287,-0.8608248249672443
14,-0.15064411965869012,0.09882635708748647
15,-0.18060692585614493,0.0570391291502199
16,-0.14445666229863527,0.046069225153923185
17,-0.1585724687240054,0.0020528187831442596
18,-0.11043684935009633,0.048509412060071574
19,-0.1187160007809564,0.08361724708255158
20,-0.1853372003725952,0.09304279023075043
21,-0.21305971887589675,0.05306854129903211
22,-0.12298321346733501,0.01245893089652403
23,-0.19133697742602054,0.016048507657047278
32,0.43208935117024105,-0.4748459422875099
33,0.37274504593500485,-0.5112442091898648
34,0.42799783373008926,-0.544848070470788
35,0.441404059996005,-0.4446876924802302
24,0.3776504275604989,-0.47010282981123863
25,0.4683698433697134,-0.4687187834873081
26,0.4058917153224406,-0.4496021842451169
27,0.39749402914927173,-0.4933380214495121
28,0.4719390684017727,-0.5001562139491261
29,0.4316370884151046,-0.5105982064676076
30,0.3969328353614327,-0.5377882454403597
31,0.46202904878251866,-0.5330133582393922
36,0.41068344061775147,0.5424663744919022
37,0.47761938055344283,0.5169151279661685
38,0.4426383478875531,0.4767965558484684
39,0.396970155013643,0.45304647826203004
40,0.4773271332874644,0.49044558451653364
41,0.38134201617608865,0.5122209033581837
42,0.4576332831908008,0.5419203153742641
43,0.4153567211792378,0.48558421574344024
44,0.45434443476905867,0.4464039263341684
45,0.42493800998536485,0.44337854259764786
46,0.47585385733657254,0.4626498876631164
47,0.4415616590512079,0.5250299142761722
48,0.40983287374326205,0.5156099910855096
49,0.3822205832816042,0.48062335302799747
