input_data/irreg_block_graphs_1.0g_0.0ng/graph_sample_40 0.12857794761657715
0,0.9560667258101928,0.4832228870698716
1,0.9243510259551131,0.46436233331526655
2,0.96496398653976,0.4039625961740966
3,0.9651910915318944,0.4375621839671103
4,1.0,0.45819148665113985
5,0.9090161378269017,0.4191448422419205
6,-0.30040313332096125,0.8353881960096309
7,-0.3361509827538893,0.8790521696041081
8,-0.278900107908155,0.8714552220767533
9,-0.3430074715433342,0.8211282939901133
10,-0.3066097113167423,0.8899937261806251
11,-0.3521554132851067,0.8524407911508093
12,-0.2703534955662086,0.8349721882049462
13,-0.312048208602494,0.809200960623432
14,-0.6411918623313578,-0.315379265161122
15,-0.6725714569374258,-0.3024744231803218
16,-0.6866508910689575,-0.3589619986981862
17,-0.7173003388135617,-0.34699080197049764
18,-0.7006674798053709,-0.3828655600581326
19,-0.701382551701107,-0.3171009277812068
20,-0.637958107492486,-0.373065382722345
21,-0.6635646157249729,-0.3871385165141524
22,-0.6669810245554679,-0.33536622165534247
23,-0.6334362480780972,-0.3457581090660445
32,0.20253943508072242,-0.6231382276465317
33,0.1859290977456741,-0.5981399865091356
34,0.153581940263069,-0.5916585327176493
35,0.17293826490836092,-0.6285166642127101
24,0.18049621648007466,-0.5412949005012803
25,0.13909495675291408,-0.5561774047026687
26,0.14589538232024737,-0.6199907031715052
27,0.19181424344268563,-0.5669013990668146
28,0.21745888370049574,-0.5939945190003133
29,0.12845750425195862,-0.5888518445399206
30,0.21427208172378787,-0.5602904414315837
31,0.162719549741606,-0.5626889453175571
36,0.09247405795922835,0.029836358598707906
37,0.09967777446824337,0.09095994838977987
38,0.14105670434848194,0.054393686399261156
39,0.07961972544768112,0.07113457913385858
40,0.06142482513453716,0.09449902070775995
41,0.10513122967545846,0.1180379492504307
42,0.07970284264922099,0.11262103326381404
43,0.12382558599302343,0.07452414660254522
44,0.12892671728772012,0.10863023800423745
45,0.06911322745148463,0.04306394046186639
46,0.14495960807865133,0.0863679112386228
47,0.12010815844386734,0.031594211879445444
48,0.10597024954229366,0.054445652380679166
49,0.05455587025034559,0.06655822205418893
