input_data/irreg_block_graphs_1.0g_0.0ng/graph_sample_17 0.11946272850036621
0,-0.49141575460654024,0.34956421196325205
1,-0.4420709651521408,0.3544361243837443
2,-0.41595719588140107,0.3126894417471807
3,-0.4934797243381931,0.26701890694439884
4,-0.5183364837972373,0.30809827099810017
5,-0.4447134434970407,0.2728877165636446
6,0.9436155682054573,0.5427007956087492
7,1.0,0.47972355373624503
8,0.9917316216256974,0.5355199004073261
9,0.9475956320725316,0.4434373036536904
10,0.9117847838658515,0.5012859403602206
11,0.9627701168443954,0.48900418663552225
12,0.9022934264442419,0.4620033964084503
13,0.9042830075069569,0.5402923253433234
14,-0.7577221959535129,0.7511935980543432
15,-0.6987670690953732,0.7070846287099315
16,-0.6948859960423655,0.8172641842887965
17,-0.6444461370956633,0.7551057549034192
18,-0.7334393944916576,0.7215325437879859
19,-0.6560440467119621,0.7953341044513
20,-0.6895017787007843,0.7685537319041394
21,-0.738505629750353,0.8095517891585405
22,-0.7304199032732812,0.7738430977156091
23,-0.6712611319334265,0.7295197888718395
32,0.5581939570637914,-0.6583686269106851
33,0.5196024166541866,-0.7327735013119056
34,0.5282163376822518,-0.6271402982984574
35,0.4841189200600923,-0.6305511370349045
24,0.48421329205521413,-0.7359295751887936
25,0.5561949403097917,-0.722566109244006
26,0.5144974413041786,-0.6555583922297957
27,0.47779732407694747,-0.6652506925161773
28,0.4482790638991773,-0.6721589087951253
29,0.4570813878575691,-0.7093981771732931
30,0.5000882092403849,-0.6984761849723626
31,0.5466844205115622,-0.6889614796630763
36,-0.25321489806774666,-0.3203843425410271
37,-0.23338556755694057,-0.34383689096484626
38,-0.30633999271392115,-0.418185793503443
39,-0.22437411234327648,-0.40836041931621664
40,-0.25085809111017343,-0.4287021515214923
41,-0.32596110994772376,-0.3966563434767764
42,-0.28014129977362334,-0.33246311572590104
43,-0.3108275621822298,-0.33310933551302463
44,-0.32828340118298166,-0.36539293618384344
45,-0.2134025744520179,-0.3703101518924432
46,-0.24462409613865596,-0.3790091242135609
47,-0.29107879929629166,-0.3646536802459224
48,-0.27366039646004886,-0.39393996640564627
49,-0.28192311573371626,-0.4355079617570256
