0,-1.0,-0.12473934990917449
1,-0.9320945394970619,-0.16233905127537893
2,-0.9600941558222424,-0.12052590185750131
3,-0.9455856159348952,-0.08850116839687559
4,-0.8989158419821609,-0.12298535716301062
5,-0.9718533938184933,-0.16640607222193676
6,0.8472372386750445,0.4796224977932295
7,0.7927526629885734,0.5263627780121497
8,0.8108928859708183,0.49181643182805007
9,0.8371603472599544,0.5201254318151939
10,0.7635724603990249,0.5033593198472343
11,0.7723174951846653,0.47214763594298276
12,0.789151057120984,0.44418393743000545
13,0.8253760579254324,0.44929494846785
14,-0.28204461607350384,0.7130180924051693
15,-0.25339503301761596,0.6624540312635706
16,-0.30111434442105134,0.6243539936626625
17,-0.3008515195593576,0.6868226965047486
18,-0.3383727722756096,0.6827235523495687
19,-0.27335416092174875,0.64343729258679
20,-0.3207418891198093,0.7150831755591904
21,-0.2594694889994967,0.6910898500168184
22,-0.30562447845585705,0.6525600106779081
23,-0.3366755375102563,0.6492622558001828
32,0.03283075867740081,-0.7562038047404268
33,0.0891848809813484,-0.7224727432962059
34,0.0895543450411189,-0.7570610597480903
35,0.034015703961551916,-0.6943438470025357
24,0.06908414090520286,-0.6990545267561781
25,0.05438244846807469,-0.7209833656112358
26,0.06512795631123261,-0.7499657922507962
27,0.023804929662863513,-0.720802094320365
28,0.06121741337853293,-0.7825013836858092
29,0.00044781821021735524,-0.7196159003029533
30,0.027690969776886648,-0.7821217498903141
31,0.0032830037714478137,-0.7544111626981305
36,0.10870715290457375,-0.023506669325029577
37,0.14887619278409822,-0.10570063280751166
38,0.15448665248668345,-0.036898803495058606
39,0.08641130994753979,-0.037782456276866314
40,0.08235568928924346,-0.09903757175795892
41,0.13492215186535997,-0.08450603493100703
42,0.15942677430515279,-0.059581592834852724
43,0.10670713264910431,-0.09592824737060884
44,0.16560831066813328,-0.0828888973408874
45,0.09543450637778213,-0.06240158153082369
46,0.12223797526039801,-0.05844398589076101
47,0.13215356067839215,-0.029256228108463497
48,0.12010709346155272,-0.11660468121709017
49,0.07366831006077208,-0.07014621794946893
