input_data/irreg_block_graphs_1.0g_0.0ng/graph_sample_36 0.13280749320983887
0,-0.3922634467643437,0.9501784113185586
1,-0.3017406698958179,0.9469644657781485
2,-0.31979583967149317,0.9928953553373403
3,-0.32469012640217276,0.8899144548844328
4,-0.3545899741623607,0.9373969674440467
5,-0.3677221141292644,0.9987447912811508
6,-0.9038612538620615,0.13803416418383793
7,-0.9511830144849057,0.13458388584024034
8,-1.0,0.12340287963219396
9,-0.9759577099685334,0.07178263879053463
10,-0.9452337667651975,0.1651562415980777
11,-0.953742575064089,0.09807535711858188
12,-0.9269788089367731,0.06460082310431478
13,-0.9032025966517734,0.09774705680614164
14,-0.24252988925847946,-0.6719421797025931
15,-0.18192911486310917,-0.6825437405809969
16,-0.23861522853674833,-0.754406602528943
17,-0.1772488284096495,-0.7432854313863156
18,-0.20569649766305104,-0.7586902262324688
19,-0.16704270470069207,-0.7111421963311861
20,-0.21507171235297481,-0.7142611781383743
21,-0.21021792608309384,-0.6667579761377748
22,-0.2595806373166546,-0.6973937044321246
23,-0.26128206855912095,-0.7297763412608284
32,0.6647303326736422,-0.3486493928553748
33,0.6272157670218025,-0.35008490250227625
34,0.5849129248937328,-0.3679915254813735
35,0.588038517411116,-0.29823712473862035
24,0.6546924383831707,-0.29369641372878574
25,0.6237158382528164,-0.3104840855411123
26,0.614185986996278,-0.3826993241944233
27,0.6198480862069488,-0.2803127295896794
28,0.6514310938015784,-0.3779885719429186
29,0.6689099786196171,-0.3201482179255792
30,0.5678829325647896,-0.33626213132583094
31,0.5943990722497485,-0.33067748113831874
36,0.3291761248455996,0.31491895458113256
37,0.26208828291099123,0.3403054912498207
38,0.2577191934591927,0.3108748791733765
39,0.3311122023861207,0.37121053895977285
40,0.3471656465251697,0.349830095573412
41,0.3610535595021344,0.3262375514811311
42,0.32657166780952485,0.283279595808377
43,0.2896652917185262,0.30904465340127935
44,0.3023303073899571,0.2680072390954498
45,0.30453383670135015,0.33538794631437147
46,0.277745211411305,0.36137870354069807
47,0.2747880859578611,0.28200688698445653
48,0.30330029759415433,0.37228422183738485
49,0.3529638272152339,0.29318722657763857
