input_data/irreg_block_graphs_1.0g_0.0ng/graph_sample_47 0.12008929252624512
0,0.9719184563931094,0.2434598654115344
1,0.9506983870311592,0.20475790798836377
2,0.9927981839212024,0.19876917237292727
3,0.8979492955307017,0.19307948614327658
4,0.9504733975608864,0.16584346072929707
5,0.9261233737007004,0.24105752495207988
6,-1.0,-0.3273284149755555
7,-0.9104248136756581,-0.3010460627032409
8,-0.9587260217846831,-0.315993271028754
9,-0.9718658707514777,-0.3542804078053503
10,-0.9189897940381178,-0.33585250905857617
11,-0.9382869345143978,-0.3616078805507963
12,-0.9419140074252342,-0.27884722210823026
13,-0.9808329761320579,-0.28717622373251045
14,0.4529508689521712,-0.556660365155645
15,0.4769264945685955,-0.4776058315034181
16,0.4790434109972033,-0.547293165293656
17,0.49702454118764877,-0.49789400556157654
18,0.41776851915087077,-0.5214814318595259
19,0.425500021386704,-0.4946242459979885
20,0.42841178068645985,-0.5505618925696515
21,0.4646337249288178,-0.5190555523523226
22,0.5037415475578925,-0.5310942431770108
23,0.44843832892907304,-0.4784401835165763
32,-0.057795660197207416,0.5822987901253619
33,0.018043097817730683,0.5901483396076846
34,0.023091228621682575,0.6193379008629054
35,-0.029420235542445092,0.657079611523007
24,-0.06876711859810385,0.6150953447492069
25,0.0024979787429210997,0.6528338932006925
26,-0.04222701177455349,0.6093050589889295
27,-0.006802346980548495,0.628803393290067
28,-0.032187727565463835,0.5711216818018555
29,-0.012490352689743627,0.6030776422987182
30,-0.05299515524994504,0.6414376267252735
31,-0.004121095008493987,0.5707016491727703
36,-0.1672656175020455,-0.012891992610174176
37,-0.1771539535166652,-0.07392262242732232
38,-0.12529131070725472,-0.05095585929546928
39,-0.12908661466554738,-0.08016300215962724
40,-0.14191545178422424,-0.027817847558292374
41,-0.15118373047800793,-0.05796120322786789
42,-0.21431936086142844,-0.08323678843181635
43,-0.19257172699164807,-0.10012720103054067
44,-0.14843570857328098,-0.09237006461440561
45,-0.16690096921815847,-0.10671732696055242
46,-0.17195740666997728,-0.036834050601879914
47,-0.2146426588016446,-0.042692422316488454
48,-0.20289130631598784,-0.06214343000062203
49,-0.19656969965152893,-0.02353162975850817
