0,0.9582762453199647,0.09307185325764131
1,0.9685564630166023,0.1758613236136884
2,1.0,0.14564195838375601
3,0.9153543646566096,0.11931061014788118
4,0.9975118807950486,0.10475856315921409
5,0.9448114981777839,0.14902317942591284
6,0.5369706918040373,-0.778395061412221
7,0.4565093917946688,-0.8164670703035265
8,0.5393937973920443,-0.8155181027441775
9,0.5150771765279443,-0.8414875444989842
10,0.4817831207836543,-0.8330088021983264
11,0.4958567399087597,-0.7873406249366043
12,0.4629418122131888,-0.7783848474188965
13,0.5044191176526425,-0.7554619133536592
14,-0.0516777195868392,-0.28625196130570757
15,-0.11559731030220455,-0.22567024613036304
16,-0.05105861524671767,-0.22861492144638487
17,-0.08393564728067447,-0.2141445796385877
18,-0.12181426691362181,-0.28832823535980523
19,-0.040309372162787516,-0.2590170937402379
20,-0.12942531770898297,-0.2555264099222294
21,-0.07949444362296883,-0.30071772791033996
22,-0.08102304888876986,-0.24638362131858516
23,-0.09551648202759698,-0.27736017990896833
32,-0.7839919223169188,0.1150832967787068
33,-0.8160121241343927,0.16566591538203976
34,-0.7710211873604789,0.204966013807161
35,-0.7206982571835312,0.14541261733707367
24,-0.730582485992932,0.17148273867378813
25,-0.7961014835924352,0.18822130411883753
26,-0.7750083877971681,0.14617367344572021
27,-0.7382335120468376,0.19635590562116687
28,-0.7669948242035707,0.17517503491846173
29,-0.806416342497324,0.13680328955126625
30,-0.7441161283019374,0.13508889625476242
31,-0.7528481599943491,0.11097229984634699
36,0.023873068567881503,0.499117335608017
37,0.02932985519941596,0.4673682128451627
38,-0.022022013714111405,0.4280802800648636
39,-0.025377597996018304,0.45475771944059046
40,0.0031758455038323665,0.4856929406932866
41,0.06220014597015686,0.4634612363770966
42,0.02472910809723383,0.40351135299847213
43,0.0030090280652146206,0.4430908021567593
44,0.029703335520542468,0.4317336503053873
45,0.05193959144807275,0.4156569699974377
46,0.06320234670130112,0.439457399909912
47,-0.0009357406932470872,0.4112928824745846
48,-0.01846616434384686,0.4785508329559904
49,0.05005393079366287,0.48723885399661965
