0,0.916866145823802,0.1022015279753772
1,0.9999999999999999,0.0768821972386299
2,0.9512192373631516,0.13502613295773927
3,0.9912307171369383,0.124456264796522
4,0.9658627301287624,0.08913519823486397
5,0.9419198672631681,0.06114859602634897
6,-0.800325267894088,-0.4451032616275655
7,-0.7814642548510881,-0.38420929079182753
8,-0.8315884280732782,-0.4364638615271097
9,-0.773730049543639,-0.4193901904752508
10,-0.8392669233124314,-0.37657438724177267
11,-0.810282870675472,-0.4038278867399159
12,-0.8104696596601347,-0.3636769528158069
13,-0.858525302179086,-0.4136835504752796
14,0.23980293977157321,0.6996905086106399
15,0.221890571855087,0.6505667820444193
16,0.18441978877449974,0.7274017316619936
17,0.1940137642577648,0.6687884939793405
18,0.18788693332343145,0.6434372021394686
19,0.21903557377464433,0.7170693866803911
20,0.16064884118525202,0.6993310381487241
21,0.23864513257972184,0.6720094877715479
22,0.1954510580550483,0.7023349057552939
23,0.16127619163453877,0.6689183110047088
32,-0.24567364197535047,0.059987193719992754
33,-0.23623856522770498,0.08413997505673083
34,-0.2897759172385101,0.03812043581357679
35,-0.31858690684392876,0.07910887224492953
24,-0.31839786178080653,0.1071787890832824
25,-0.29412664015995976,0.1062828455497554
26,-0.27662824864011615,0.1245037218116385
27,-0.3132695275477336,0.0539292978028989
28,-0.2629462283425078,0.04157022155042837
29,-0.2844124862587591,0.06766946127475795
30,-0.2665895904054086,0.09029207045749661
31,-0.24807471291030686,0.11109138559804894
36,0.1353612814122402,-0.40829225974228756
37,0.18845586096231975,-0.34418904056522165
38,0.19414507718859486,-0.3763296112831907
39,0.15632349390871914,-0.3810290117297764
40,0.12855622902454486,-0.3293259617982273
41,0.17914375226258414,-0.39504367614960845
42,0.1058111694833533,-0.37415669164353665
43,0.15849250685672597,-0.40904337823747466
44,0.11217370041322063,-0.3494403764509072
45,0.16428714845292763,-0.3256293119825109
46,0.11619895238515975,-0.3968539008671094
47,0.146846588798071,-0.34120051985493804
48,0.13283845416728246,-0.3703878876908848
49,0.1715693752771831,-0.35842102529934206
