0,0.4150157264005409,0.9678808456755899
1,0.49642467599682993,0.9248318144978328
2,0.4354345869479408,0.9011452063352048
3,0.4579160612971421,1.0
4,0.4529606080071368,0.9453913105282142
5,0.5003203265096173,0.9738951124631182
6,-0.9539234655495735,0.4797653912799901
7,-0.9959471850709414,0.5505583182306024
8,-0.9550882167842921,0.5308344960356366
9,-0.9162236152235879,0.5628107700124111
10,-0.955495475087235,0.5736747849310047
11,-0.9877801721833093,0.5033933081072572
12,-0.9196956253811004,0.4942772961478039
13,-0.9016252600181034,0.5273641292618767
14,0.8335405675148191,-0.3062769652426081
15,0.8055503701182277,-0.22776390917184414
16,0.8193490449367451,-0.2777901380481854
17,0.7940718176823571,-0.31502160388496536
18,0.7702777093242471,-0.22898419052733615
19,0.8365192815167606,-0.250711325268757
20,0.7855357713002689,-0.2670100704787987
21,0.7655048100151588,-0.31751116359430887
22,0.7490974545725628,-0.2890626655153859
23,0.7443194923407649,-0.2547576896442317
32,-0.27916534180442887,-0.6705981122656236
33,-0.1955233306634913,-0.6730544616663026
34,-0.26445404497594033,-0.6483101034630009
35,-0.26320445808937337,-0.7365053655878774
24,-0.2530217771380922,-0.7090242958832894
25,-0.22647578276767916,-0.7371499716598734
26,-0.1854043349057336,-0.6994135223028016
27,-0.23439362910457348,-0.6835478770983766
28,-0.23672502006567228,-0.6412756801780796
29,-0.2851454097789584,-0.7010697528862423
30,-0.20838761980107173,-0.6478551153685865
31,-0.20587020543680762,-0.7169126643539955
36,-0.008383825981023402,0.062055857044498154
37,-0.06420732427767054,0.06283533638586625
38,-0.05161228706509938,0.03615177544234546
39,-0.06597183015905513,0.09398309569714845
40,0.018026120176132258,0.08647488175198484
41,-0.015533448666327927,0.12787738415251038
42,0.036695071570746786,0.07143315047450571
43,-0.002599210365359782,0.023846743423199302
44,-0.012006166450442935,0.10078791317347836
45,-0.03887539692858247,0.08235096088572372
46,0.020253794309019482,0.04565891173817374
47,-0.045461128182364904,0.11804946363313103
48,0.01818454434631801,0.11540589482789133
49,-0.0267972469774419,0.03687249195347308
