input_data/irreg_block_graphs_1.0g_0.0ng/graph_sample_16 0.12033843994140625
0,0.07777759336755709,0.9930120614232747
1,0.04757350856114601,0.9679698594698714
2,0.04282425987874047,0.910652242943267
3,0.08540195404923033,0.9470932917401188
4,0.009392411299984723,0.9504982174966828
5,0.025219554771530334,1.0
6,0.7632323243612718,0.14780065340075085
7,0.7955722465225118,0.07193278228926683
8,0.7978128805432632,0.14388505767717832
9,0.7625085481223663,0.0690936591209413
10,0.7879985384786778,0.10840881696866136
11,0.7406132488639025,0.09328659319565093
12,0.7373149924692131,0.12557681153955721
13,0.8243991838715021,0.10992395163529355
14,0.2517647374268543,-0.7032981464500931
15,0.3137308932047769,-0.739826917126829
16,0.3066173716007992,-0.7712554520020429
17,0.2514873469306346,-0.7718585166657965
18,0.23435712404902218,-0.7263762656478894
19,0.3064904912621357,-0.7096790291128552
20,0.2323170205761018,-0.7555400669756738
21,0.2806627207355023,-0.6985472560262755
22,0.27497364343512737,-0.735997784367319
23,0.27823698453624346,-0.7764114511183646
32,-0.5071715373134097,0.3517226454681679
33,-0.5060515335124179,0.321351046837442
34,-0.45704063772137393,0.3825705127219213
35,-0.48551075416473655,0.2959009300497219
24,-0.43056050522096473,0.36587952797732803
25,-0.4860553168054426,0.37104984134576585
26,-0.4173134540526677,0.33844258992907345
27,-0.4677743560434876,0.35466510358115766
28,-0.4768151986991802,0.3226417666981354
29,-0.4558630347267103,0.2945424716481639
30,-0.4447421891085875,0.3335781394273057
31,-0.4311286423203052,0.3087709075788991
36,-0.2915898117058204,-0.20520801736381966
37,-0.27105389480122,-0.2335669366496263
38,-0.21710829487847183,-0.23367389441104094
39,-0.24549367816073,-0.2235740360673534
40,-0.2737541564270644,-0.2744322722444097
41,-0.3074776854951238,-0.22374482771801185
42,-0.2501502610957985,-0.2812771119591937
43,-0.2481914582686956,-0.19402026280793927
44,-0.22231323810416354,-0.2597023249461891
45,-0.2966383368413134,-0.24298049223241702
46,-0.2717085694701558,-0.19318373851878984
47,-0.29523503568973014,-0.264610621199252
48,-0.22437352542282468,-0.20647643412471564
49,-0.24716447286769958,-0.25500762642769853
