0,-0.5373981237905924,0.900645845908448
1,-0.5519637914941924,1.0
2,-0.5305716831993502,0.9604450529622567
3,-0.6088193049209195,0.9889531041322575
4,-0.6030629721606775,0.9266415995655699
5,-0.5815231551305778,0.9612798509013749
6,-0.9846337803939408,-0.27576481498327293
7,-0.9101662658890689,-0.26350150196930366
8,-0.9882500076502377,-0.3190203379993908
9,-0.9171673401438571,-0.33678859639731057
10,-0.948932280435033,-0.3354710326639333
11,-0.9471208728408026,-0.2480848510293806
12,-0.9438561899688731,-0.29065649766449864
13,-0.8965254175964272,-0.30133253166715235
14,0.12755320050978003,-0.3111467242696354
15,0.07572762951862613,-0.23842024364726197
16,0.10861452871348258,-0.2725593472638559
17,0.07323561291318827,-0.29644865913232876
18,0.15369771229733323,-0.2591490225502112
19,0.09530584915122785,-0.3216356735307344
20,0.10488786765549264,-0.2285279595285442
21,0.061570989293932454,-0.2677197878253427
22,0.13578121221269632,-0.23310205779354626
23,0.1515031594479391,-0.29030327914237025
32,0.781547224944893,-0.5195340139279115
33,0.7761976155443795,-0.440829520340481
34,0.7028640188731816,-0.49925132237969616
35,0.7982290217079825,-0.463386692728305
24,0.793875305414074,-0.49261909407349075
25,0.7624114782016879,-0.4792175308052704
26,0.7341786733796863,-0.4482061069878711
27,0.7254683346466542,-0.4821709532934783
28,0.752847081145093,-0.5232467093334557
29,0.7084093948099227,-0.4608819874963184
30,0.725086734615136,-0.5213196538175294
31,0.7449355574887695,-0.42591701486981787
36,0.09096146046984353,0.3254457547118324
37,0.05416703284348269,0.4141598055236146
38,0.06309263275315612,0.3170498804868
39,0.11103772842459993,0.3489910500613348
40,0.015574936289148784,0.37868189483350145
41,0.10371891360042065,0.394003969596068
42,0.03958562963835124,0.3468968561519539
43,0.09682527508743247,0.36969425665767347
44,0.05531598040063379,0.3797489943692645
45,0.011714700878357577,0.35087904526223584
46,0.0803314117860737,0.40845746647143427
47,0.07186810237814846,0.3512097281679771
48,0.03284624715722655,0.3212833660788201
49,0.029022931422515254,0.40174599726928467
