0,0.9608627441572087,0.1539567675448402
1,0.9670022836146609,0.22834698531846945
2,0.8984086852968227,0.18716797672380187
3,1.0,0.19676828134710514
4,0.9425671116367943,0.1852703772540798
5,0.9330981216458956,0.2367402976696155
6,-0.4972993985971884,-0.9211357193717798
7,-0.5402201458037763,-0.8462561681092959
8,-0.508592340677765,-0.8625581767100265
9,-0.5383966724440626,-0.8897915793129623
10,-0.568304306079695,-0.9192454224207854
11,-0.5300570429241908,-0.9290565771423587
12,-0.5707749052310305,-0.8704188741129724
13,-0.48439911750716447,-0.8851269094653458
14,0.01052091880780052,0.8130483109177065
15,0.03242855937685054,0.7703523897561106
16,0.08257806641338118,0.7761959424261621
17,0.00947077918602218,0.7867681396442556
18,0.05217997764489369,0.8148799060454543
19,0.059755318261324124,0.8509824111702489
20,0.05860016589906092,0.7618152401036835
21,0.025848849839097576,0.8416185403088229
22,0.08597927298022306,0.8283358769577202
23,0.0964964934210275,0.8005905005612504
32,0.29030731665041837,-0.3046804360418703
33,0.3404863805853024,-0.25270041222127715
34,0.29907221738684686,-0.2618870427238498
35,0.29045925909900094,-0.20766233011238203
24,0.26264769954537087,-0.29510098192538553
25,0.2616693275440677,-0.22899450803461588
26,0.266717516245386,-0.26753860889279113
27,0.2923957316131836,-0.23226499538545542
28,0.31604264126190024,-0.29861990614014094
29,0.3258909712968532,-0.22743360618333466
30,0.3313104281526238,-0.2772062565831646
31,0.24403309372568352,-0.25500022526258004
36,-0.4332742100725812,0.04508940891302009
37,-0.4381585602021749,0.08875312465946555
38,-0.3473412039094619,0.08069787701836584
39,-0.4107630203177756,0.02887455032111189
40,-0.35862968238412374,0.1041153245411901
41,-0.398380917788262,0.05679588666892104
42,-0.3651453527907018,0.0377517307924348
43,-0.42065622955391974,0.11199976415586889
44,-0.3802337977064389,0.07877428522995766
45,-0.38535473456119895,0.025004982407264606
46,-0.4270108019724795,0.06874300599575618
47,-0.3831322815630521,0.11879519270675092
48,-0.4001303825688261,0.09831597955791081
49,-0.35057482663183115,0.05612967943502853
