0,-0.8791862593735663,0.91114073988294
1,-0.9573102338403392,0.8890187228263446
2,-0.8871565741929018,0.8594057154753524
3,-0.9756241920946956,0.9393024021121631
4,-0.8827968539073279,0.964227826790788
5,-0.9315055990692485,0.9637425339026865
6,0.9056245122161515,0.898973547602948
7,0.943807500631813,0.8760192548228459
8,0.9517520104948025,0.7969615134003105
9,0.8799938312868738,0.8691313504770435
10,0.8789393061473892,0.826821626912949
11,0.9821625947185669,0.8882919022395718
12,0.9750435198854441,0.8304254649362515
13,0.9094968437915251,0.7984412442744829
14,-0.5950558592964482,-1.0
15,-0.5799578814013608,-0.9513484790501999
16,-0.6230134818151124,-0.8905687154585448
17,-0.547121600472468,-0.9093396760970714
18,-0.5825562408873497,-0.8915893262409672
19,-0.6186842130500212,-0.9327192860280655
20,-0.5535999311817555,-0.9888574122307499
21,-0.6343660536332414,-0.9861568585244797
22,-0.6536785718204623,-0.9424239145403637
23,-0.5334861892848897,-0.9493520307519192
32,0.5811576425830381,-0.38521973663176273
33,0.5356630738692648,-0.36267451123443845
34,0.6514809441983102,-0.37449944663182594
35,0.5738571774627974,-0.42555770488303113
24,0.6452493227253416,-0.3365908375731438
25,0.581698373147035,-0.3207386099036302
26,0.6264042541168173,-0.3977669571155815
27,0.6123539250449455,-0.309591317866427
28,0.6093875367572331,-0.35574350305927505
29,0.5425787247736081,-0.3996269207540075
30,0.6139644706906824,-0.427887743294907
31,0.5508836808199358,-0.3314794506771973
36,-0.2625145099180447,0.06333321940146847
37,-0.19879100410103961,0.13103907853722038
38,-0.2666167848062387,0.09297507277376164
39,-0.17500156009319223,0.15317647189369965
40,-0.21664279546787768,0.0868119415928405
41,-0.19213304512830962,0.057630804296307556
42,-0.21150695944276912,0.16976601536428423
43,-0.27170581990835346,0.14885492982249418
44,-0.17022792217181065,0.08381868705442203
45,-0.2443422450190286,0.16547231658431383
46,-0.23077864244105675,0.11979565390476411
47,-0.28250314924383557,0.11660792727516767
48,-0.23017705081109116,0.052591138948822336
49,-0.1634580214877382,0.11595533544134336
