input_data/irreg_block_graphs_1.0g_0.0ng/graph_sample_9 0.12133526802062988
0,-0.16682003117007807,0.9560511929906533
1,-0.1875317700322593,0.9800246880633399
2,-0.22995892528813863,1.0
3,-0.19758788345903475,0.9023511533409697
4,-0.2180426684792315,0.949804474384124
5,-0.2515288399519578,0.9420537558625699
6,-0.8740684575178608,-0.07872649431231764
7,-0.9393173925492009,-0.041135298735132726
8,-0.9493409257138111,-0.08648534533008358
9,-0.8794977913678451,-0.10938014386723553
10,-0.9181600309588296,-0.06842495599647462
11,-0.8970006422243161,-0.028729737028828396
12,-0.9146676116352664,-0.11130584981056575
13,-0.8673807010649661,-0.04766518737596174
14,0.20533996374706615,-0.8015294568303252
15,0.2443167081568365,-0.799966903156
16,0.2611857472854218,-0.7640402091761141
17,0.22665870319602158,-0.7748154263091261
18,0.23334339329845546,-0.7191968606873667
19,0.257353941663563,-0.7354078099738697
20,0.18118181872359007,-0.7787914988072117
21,0.19870183365775063,-0.7174614722879473
22,0.17477466919188506,-0.74593409135222
23,0.20859855155932777,-0.745347940017896
32,0.5805209771855692,0.17102970220671002
33,0.5678840320008882,0.15055015868162616
34,0.6225235672708265,0.17685611572355042
35,0.6469287075639705,0.18502688647900437
24,0.6226525648426322,0.13911810908248326
25,0.5796705770053133,0.2195741749032206
26,0.6453803124807314,0.15526001683778518
27,0.5964627777748027,0.13893596170608277
28,0.6120680764070349,0.2252845553472914
29,0.5982031006571499,0.19739293794373605
30,0.5622477682206811,0.1929390926622085
31,0.6402637412733999,0.21298959106775728
36,-0.06076066427007934,0.06706490350765723
37,-0.10835108030708086,0.04454932352960551
38,-0.03828184037382082,-0.014782126943562564
39,-0.08560415161798496,0.05915764433424857
40,-0.04803659195489293,0.014422473083668733
41,-0.10710968593605169,-0.006057138731482739
42,-0.08777076823837539,-0.0246110872760933
43,-0.02777076994339782,0.042351171906156726
44,-0.061793413883303984,-0.02692192874076547
45,-0.07501323794062703,0.0016708533079387042
46,-0.11521630771297721,0.018252368198005964
47,-0.022784760920113313,0.011000349385850674
48,-0.08429494526318662,0.028935328269715115
49,-0.05256964338823089,0.04406997994061875
