0,0.8887881381670728,-0.9101249544386741
1,0.9496519252691206,-0.8908449114491209
2,0.9424282880935257,-0.8224407344472765
3,0.8800843730089553,-0.7829548268432989
4,0.828137365322918,-0.8659203371881004
5,0.8687940814083983,-0.8336503312905852
6,-0.5954526987253986,-0.05942310279550993
7,-0.593574958242714,-0.11591051526447871
8,-0.5853824087073157,-0.1875124353016988
9,-0.6496486782659773,-0.08517107139671397
10,-0.5499660547447526,-0.09319613404640607
11,-0.5431753692783011,-0.1505311088531355
12,-0.6740737918481221,-0.13874936119720918
13,-0.625693522554479,-0.16547133142781653
14,-0.6116526502278019,-0.8851250819808957
15,-0.6593077467974555,-0.9836929445812189
16,-0.5869685550188053,-0.9647319995622179
17,-0.6215176747379152,-1.0
18,-0.6315699810236739,-0.9338269426333927
19,-0.6529096593164756,-0.8741505111223582
20,-0.7004220074038646,-0.9730652811187902
21,-0.6937071606244088,-0.890926742097078
22,-0.6953421657774322,-0.9297694298633224
23,-0.5770919988090673,-0.9122587710859761
32,0.8676468485658957,0.37647302853827264
33,0.8879587320793865,0.4061553764162806
34,0.7901366898524183,0.37413048131449933
35,0.8303385850993947,0.364463960161189
24,0.8082811993125945,0.4125972218852998
25,0.8702114938589699,0.4833427570719268
26,0.7684045998201139,0.4151352074759742
27,0.8920470782709433,0.4456471065436278
28,0.8485555806568384,0.4412738432690987
29,0.8295688454308515,0.4921732590359726
30,0.7942726692623822,0.48273564818823417
31,0.7729453069331164,0.4540181821052668
36,-0.2871822460553346,0.6573434936271623
37,-0.2794857159677867,0.8033103135380727
38,-0.33860378145752723,0.688293287697905
39,-0.32563494719022046,0.7991614458625895
40,-0.24659120362942158,0.7831393019454832
41,-0.3169921223555647,0.7252018929978044
42,-0.22520623524842628,0.7524923354257982
43,-0.3587107972575291,0.7257120828728326
44,-0.35051046659067187,0.7644168461243299
45,-0.302559954184056,0.7697186478043663
46,-0.22780031909043302,0.7126080793600329
47,-0.2517133050885806,0.684779150368294
48,-0.2930652117819121,0.6955134756988347
49,-0.26673841241146723,0.7396124346561284
