input_data/irreg_block_graphs_1.0g_0.0ng/graph_sample_18 0.11828756332397461
0,0.9163100230806467,0.6675159604574445
1,0.9603499872986362,0.6859660322225636
2,0.9581390409759601,0.6386910654799676
3,0.9597488920420398,0.5953357746043204
4,0.8966755393667931,0.6085261913969755
5,1.0,0.6427541043684136
6,0.6992042458357967,-0.7279965035267933
7,0.6430508495021171,-0.6478435591179893
8,0.6175419854961234,-0.7129307328378873
9,0.6173984861797391,-0.6754695590752606
10,0.7051512285597535,-0.6808746869961376
11,0.6808103131469047,-0.6476106251488392
12,0.6651141464135867,-0.6957285302748257
13,0.6521033783127509,-0.7362461727483369
14,-0.4290946703986612,-0.6367729150071499
15,-0.34551161613583564,-0.6154748671688812
16,-0.4207155264823508,-0.6661706410546809
17,-0.37838420441969506,-0.6419394662617899
18,-0.3438872139259204,-0.6828333092111947
19,-0.3339570272716549,-0.6479400712135773
20,-0.4103559645207319,-0.6096628512212166
21,-0.3782084587285454,-0.6033551226023792
22,-0.3735890794780711,-0.6828151399072057
23,-0.4025648215268494,-0.694351695471989
32,-0.6108538707662307,0.27534148393475016
33,-0.6163264748357088,0.2453852085508565
34,-0.6639827042140203,0.21242374804606426
35,-0.7012278025639637,0.28384228065033684
24,-0.6934448113500172,0.2288019245656488
25,-0.6283177978030531,0.30280414131963085
26,-0.7069741878391569,0.25598481781322485
27,-0.6791127811706217,0.2977679200802288
28,-0.6471424599486324,0.2736683834269639
29,-0.6618568242307123,0.2457398293956814
30,-0.6324018272630223,0.2204972443810156
31,-0.658257726607927,0.3149232807644175
36,0.00331761057158063,0.3648269628879497
37,0.09659046349163614,0.32687464794357557
38,0.07226540948793077,0.3699257347843265
39,0.09333598348428651,0.3931694311455633
40,0.06470819024454098,0.30661727895757074
41,0.0395776200452617,0.36822031226781654
42,0.06544203282136392,0.40423898423658905
43,0.015320590953524544,0.39041628403492107
44,0.025298982174350216,0.31135911804107835
45,0.038722537422040515,0.4058745685317702
46,0.1039808023835438,0.3611534606933971
47,0.07301958398650255,0.3379240524813902
48,0.04293334828033287,0.3306435139111642
49,0.01005657992363702,0.33880270747051733
