input_data/irreg_block_graphs_1.0g_0.0ng/graph_sample_2 0.11303997039794922
0,-0.4730635203020191,0.9629916489841208
1,-0.5267417845865554,0.9043864144392513
2,-0.5070260660153347,0.9951420837310414
3,-0.4857316637566468,0.9211480924145742
4,-0.5591163139742891,0.9411807048963815
5,-0.552670281377326,0.9877018026292378
6,-0.975758448355861,-0.39723751443075017
7,-0.9596960653472946,-0.4809007074583987
8,-0.9372432213914076,-0.38381651748522594
9,-0.9199376422659852,-0.47349926482455373
10,-0.9637775893112863,-0.4394259722987985
11,-0.8961201428487944,-0.4416348853139822
12,-0.9153845798399713,-0.4114135117744165
13,-0.9999999999999999,-0.44513785059390815
14,0.7202704701917529,0.7186702767189943
15,0.6902560179945268,0.685314303299014
16,0.6270426369309376,0.7118935826912437
17,0.7272780733808497,0.6805513700877602
18,0.6584003222632772,0.741468918708344
19,0.6900828090935036,0.7348563314020791
20,0.6553969846615674,0.6965064530445745
21,0.7032125844797033,0.6483217627039486
22,0.6347682238106609,0.666858834728206
23,0.6663910809443784,0.6461517196284898
32,0.18148595552061453,-0.7867991642351478
33,0.27395686404555636,-0.7365441639809309
34,0.2247600195303232,-0.7154866623624927
35,0.17600316593440038,-0.7501356738010042
24,0.21153492494556572,-0.7505737295066773
25,0.1931565559097188,-0.7173937613676817
26,0.24606884507458074,-0.7622154602345552
27,0.25322497220628254,-0.7131412630131511
28,0.21027168148082678,-0.784479084158238
29,0.22652422626580968,-0.8137530123003495
30,0.2563183315799749,-0.7963967786738679
31,0.27894289148542956,-0.7702031575731281
36,0.12641719378491753,0.02946272619225371
37,0.07654236803598717,-0.058821844535073074
38,0.038072620223539404,0.0233541796254274
39,0.03822274242822631,-0.03376858509158036
40,0.06661881161775031,-0.03573546814653977
41,0.07809857185571205,0.04980214579315791
42,0.11480624717988126,-0.030728561479965603
43,0.11247375416506589,0.001390040781685041
44,0.1388986508054908,-0.010673017578292143
45,0.0750117449594529,-0.006208558975393704
46,0.09914369711710043,0.03075602611096492
47,0.032688381429959994,-0.0054966083001125755
48,0.0637052396754249,0.025980607022406326
49,0.1062196583640218,-0.05226924613894117
