0,-0.9135185325612205,0.6483950176703959
1,-0.9057819186842041,0.6959538053325757
2,-0.9611932305728709,0.754544403989469
3,-0.9999999999999999,0.7180358899546909
4,-0.9038440036772304,0.7429427033872624
5,-0.9783724979250613,0.6684860445749332
6,-0.9564983306087382,-0.7645429612949552
7,-0.8494614386025665,-0.7876966252265363
8,-0.9200422471917822,-0.8176500146052847
9,-0.8804135344701107,-0.8308167542536755
10,-0.93110499149352,-0.7274658460866984
11,-0.9637303502181596,-0.8161195757909577
12,-0.8851325351282477,-0.7679586528996731
13,-0.8851723611299995,-0.7287151803703988
14,-0.024873960547011676,0.0656439552778363
15,-0.09543019553236759,0.02747799507632988
16,-0.018159399081411877,0.013470359948787184
17,-0.0495470014367698,-0.04268413858253197
18,-0.009967014398099433,-0.039079975531680924
19,-0.08979068798310522,-0.02261887856359077
20,0.019201350071794424,-0.006602339275297481
21,-0.06587125841547989,0.061211138142636574
22,0.014207314593472596,0.04260471391587832
23,-0.05835217716103576,0.009917132937659723
32,0.6785530246732528,-0.6070927694411733
33,0.5894261225126828,-0.6270702267249488
34,0.691479526157306,-0.5713857135127969
35,0.6581846730337849,-0.5612168288121946
24,0.6586508176492888,-0.6383802887993534
25,0.7108711058314986,-0.6150177775707246
26,0.6532900678032766,-0.6774515072478386
27,0.612661254040622,-0.6649427699878312
28,0.6958786636840619,-0.6599463698501086
29,0.6272255020630406,-0.6259069845343094
30,0.5978271003789606,-0.5875693671670538
31,0.6277667171444065,-0.5720684271736929
36,0.41244188932389836,0.7237556645923123
37,0.45616583127718713,0.6639681222803752
38,0.4202210975403639,0.6403216716938005
39,0.3465288672794777,0.703976932750279
40,0.38140182768616204,0.634950828082823
41,0.4206953035752007,0.6771144269947041
42,0.4382348437059161,0.6180925206047605
43,0.3503495152541102,0.6144256466343453
44,0.3775227341553139,0.7224708213465492
45,0.38358860554381313,0.6814166028336076
46,0.32888252566897014,0.6605019994494418
47,0.4429728679823225,0.703435140486378
48,0.35612457008585646,0.6635058554738511
49,0.3959039481029524,0.6033805798716227
