0,0.573151836421674,-0.9552372620764543
1,0.486023634322879,-0.9558612105018988
2,0.5365831896387949,-0.9740847297822821
3,0.5095977488159763,-1.0
4,0.4956406377763375,-0.8937136941397535
5,0.544848915956642,-0.9284667551524145
6,-0.4932160089321272,-0.4948129522654864
7,-0.4719489048069379,-0.4381016559584208
8,-0.4570704338200146,-0.5259595867795819
9,-0.5016644300917409,-0.5293071108310174
10,-0.41956382546455834,-0.4711587848324159
11,-0.5048276101282899,-0.46200115841956835
12,-0.42652481514299473,-0.5084370386571596
13,-0.4501821699661377,-0.4620724949987684
14,-0.6695529650657197,0.45387409679051827
15,-0.6885361386719198,0.3611958927518245
16,-0.734274057496971,0.4113664078202638
17,-0.6448005629389216,0.42679269541195614
18,-0.7275974086194001,0.4451802037044163
19,-0.653746245972604,0.37596661272300125
20,-0.7003305380414617,0.39715381289772655
21,-0.7295595996045725,0.3774923287722612
22,-0.6644468426737343,0.4047098014682413
23,-0.6963584865067776,0.4432350020561056
32,0.20105937016412376,0.6446564531628256
33,0.1318304141394283,0.6111790920952841
34,0.15490220959523024,0.5590248477968389
35,0.1725022972773418,0.6010902754818259
24,0.2078930838860077,0.5587351230396079
25,0.18152819826960132,0.5592338432089472
26,0.17224905144448616,0.6441103022384026
27,0.13824332334643766,0.5819363677763463
28,0.2029909851206323,0.6009596862486188
29,0.22737798548926014,0.5837393904774362
30,0.22452569286651727,0.6234480334289539
31,0.14985675380187302,0.6284988198230282
36,0.38697083785934566,-0.0989706347896677
37,0.42324627002711224,-0.09780616834362849
38,0.3554978760459338,-0.16673124058383573
39,0.3601612648870511,-0.11804025948163804
40,0.3958475092713631,-0.16978411267139798
41,0.4165690780682308,-0.15039699833450396
42,0.37154104380464065,-0.07334405819758166
43,0.37303803138156877,-0.14991741272987336
44,0.4291082272419164,-0.12469163035370062
45,0.3451892802390588,-0.08617244340653797
46,0.33200486781537164,-0.11293451024562493
47,0.39605021857555556,-0.12798529463489297
48,0.3356326794641242,-0.14204325351297423
49,0.4025385309303678,-0.07554663749335068
