10,0.881332564460713,-0.514524968904965
1,0.9665957726424953,-0.4853990726614896
17,-0.08617381742053307,0.1008353715640832
2,-0.09843994712206618,0.2543570791461778
16,-0.5189738120445588,-0.9209713459998228
3,-0.4754983704573217,-1.0
14,-0.41316941091625076,-0.1174911397268139
4,-0.5326089907666476,-0.1850847789016718
15,0.08390993545899933,0.005689940861984749
5,0.21095977154490964,-0.060548976247880144
6,-0.19179582685721067,0.20954668049155398
7,-0.07103124194893291,-0.03244468549096738
20,-0.5502357997838294,0.8663994538640687
8,-0.5954136782784205,0.7875559179600065
9,0.0015255337317606804,0.23023568905737601
18,0.9579677745288248,0.34639362320471395
11,0.8586581142171343,0.30147521771891894
12,0.04757992456747552,0.1359731202993208
13,-0.2134004729090033,0.10243909409132979
19,-0.2617880226475377,-0.024436220325924293
