11,-0.3581166760323176,-0.5841774385059203
1,-0.4445157973405993,-0.5333144030051978
28,-0.5335421793211358,-0.5093854372070481
25,-0.0005414220548321555,0.926624713738293
2,0.05675412046325363,0.8885495205733921
17,-0.9333011880539759,0.3336158044890718
3,-0.8819686753690306,0.28740783224190253
8,0.0849896387748598,0.11108039358348107
4,0.2512484379353592,0.10833215733625211
15,0.3395048662476704,0.035620530800333235
19,0.24088356128055022,0.20880145663187985
23,0.3685085254007214,0.11483527044657453
26,0.25496995769297187,0.005430902160529395
27,0.33062235451454697,0.1903787109222651
16,0.6732701790488185,0.7849982909020234
5,0.6397191296920511,0.7236761630480089
10,-0.5330330100311687,0.8410948865927558
6,-0.4765375843498116,0.7666738691820321
22,-0.5565147792896116,-0.7187741592339839
7,-0.6241230049912901,-0.6945961148655725
12,0.02528219395331664,0.19811001940409326
20,-0.024042185039299134,0.11456423766534646
21,0.028355908534981794,0.027479387278357425
9,-0.29562746810752116,-0.6482123758622628
18,0.8777477472402301,-0.48195133549221464
13,0.9499107105899584,-0.5175288297983355
24,0.2371316507206353,-1.0
14,0.3029649878906675,-0.9793340530260561
