7,-0.4296577770627483,0.8555376951514782
1,-0.4770983184519844,0.9836348744292172
13,-0.592596970771814,-0.8225561907068715
2,-0.5101855806690295,-0.7238207951409414
5,0.6101149971160696,0.7590802707443812
3,0.717641195919517,0.8087265241242869
8,0.2642395714474846,-0.666585619407223
4,0.17252936117577197,-0.581141501222188
9,-1.0,0.2630252725369483
6,-0.917734822964159,0.17902782766065803
12,0.337295448663475,-0.7952354643791396
11,0.8442267780901941,-0.12442651859142254
10,0.9812261175072226,-0.13526637519918366
