17,0.196999,0.249445,6.43209,1.06014
25,0.464502,0.40243,6.44029,0.863064
22,0.402179,0.440095,6.39685,0.88831
24,0.457114,0.455243,6.57938,0.844102
20,0.196458,0.427662,6.64888,0.978061
15,0.107693,0.305519,6.75985,0.876184
29,0.346063,0.374849,6.2474,0.942317
23,0.424155,0.324076,6.42458,0.868727
27,0.379709,0.42329,6.40711,0.988008
21,0.513579,0.47414,6.55587,0.951563
45,0.14506,0.604407,6.7396,0.709274
41,0.278056,0.358095,6.71469,0.623773
46,0.237883,0.638167,6.79982,0.539597
42,0.321636,0.579493,6.54543,0.446505
31,0.291781,0.378565,6.96174,0.936819
32,0.237096,0.351912,6.75258,0.766758
34,0.29641,0.640913,6.90157,0.992411
18,0.211892,0.0422261,6.27525,0.82586
48,0.288483,0.555998,6.72906,0.634138
47,0.16325,0.423645,6.8167,0.517415
40,0.342071,0.468796,6.5848,0.639705
49,0.285951,0.448421,6.61803,0.670925
28,0.399686,0.373457,6.27274,0.889138
26,0.341744,0.306845,6.17985,0.824612
30,0.243066,0.584533,6.75956,0.749398
35,0.201811,0.320412,6.92664,1.04039
10,0.0859714,0.267157,6.68108,0.911103
36,0.225952,0.407596,6.83438,0.833953
33,0.233366,0.534902,6.82033,0.824649
3,0.169601,0.642439,6.96101,0.938795
7,0.0727444,0.648888,7.23687,0.990529
8,0.165533,0.411916,6.9978,0.988099
9,0.00279881,0.547231,6.8602,1.03999
16,-0.137741,0.192416,6.52506,1.0574
44,0.134475,0.246884,6.18649,0.48266
43,0.214573,0.45056,6.41312,0.436051
19,-0.0325459,0.182193,6.57401,1.03162
14,0.00204755,0.238651,6.41566,0.851044
12,-0.0564427,0.372643,6.54206,0.786091
11,-0.00321333,0.182037,6.58778,0.850213
6,0.0250424,0.655781,7.00382,1.23298
5,-0.0131733,0.518838,7.06677,1.09728
1,0.0448574,0.543934,7.12737,1.07901
4,0.132535,0.735995,7.21409,1.05975
0,0.0728329,0.384623,6.95631,1.05004
39,0.234716,0.396794,6.95503,0.98854
37,0.222821,0.411083,6.61857,0.985889
13,0.138627,0.23562,6.59045,0.898245
38,0.307701,0.536828,6.85797,0.920057
2,0.0238374,0.537306,6.8603,0.951904

