42,1.36257,0.0663481,1.10489,6.0496
4,1.27824,0.363524,1.1911,6.15776
5,1.32869,0.334622,1.11774,6.47562
34,1.21361,0.113363,0.919981,6.00843
30,1.24179,0.136284,1.01927,6.04565
10,1.10518,-0.116981,1.02368,6.11679
28,1.15925,0.105924,1.25009,6.15538
12,1.08102,0.0550883,0.944013,6.28696
7,1.25832,0.22091,1.1629,6.22428
2,1.22788,0.349172,0.952631,6.37141
3,1.38058,0.187732,1.31156,6.33372
36,1.08707,0.304258,0.894819,6.31125
33,1.25752,0.198037,1.07611,6.01936
39,1.41787,0.373322,0.853211,6.06801
46,1.50392,0.0640082,1.11006,5.98576
17,1.16363,-0.046808,0.697751,6.05313
15,1.28203,-0.185322,0.794995,6.24227
16,1.21437,-0.185761,0.881745,6.02395
19,1.18685,0.14799,0.969559,6.315
14,1.14334,-0.103462,1.03476,6.13721
43,1.51302,-0.0704229,1.27888,6.02653
11,0.902073,-0.134259,0.891641,6.28961
20,1.4108,-0.0711664,1.28653,6.10293
26,1.20255,-0.0322443,1.25578,5.96035
1,1.10553,0.275301,1.24575,6.28912
0,1.26008,0.210865,1.04944,6.21451
25,1.06065,-0.165952,1.44496,5.88301
27,1.08876,-0.0044722,1.22295,5.90098
21,1.0649,0.292045,1.37845,6.11701
8,1.23161,0.274465,0.995035,6.13048
9,1.2091,0.371799,1.32137,6.23943
44,1.22113,-0.0930372,1.2587,6.25256
29,0.995345,0.135801,1.28742,5.88793
24,0.949476,-0.0351917,1.22421,6.12073
40,1.23438,-0.0596927,1.08098,5.90151
45,1.28666,-0.118708,1.18595,6.3514
32,1.18971,0.194241,1.07218,5.8257
18,1.06001,-0.0247021,0.97066,6.25261
48,1.49815,-0.213253,1.12213,6.16546
49,1.38689,0.10123,1.52599,6.08209
22,1.20484,0.0200302,1.17626,6.09332
47,1.36359,-0.0507407,1.18486,6.14478
6,1.18211,0.313594,1.05624,6.27986
37,1.14049,0.211838,1.22145,6.219
35,1.33351,0.391508,0.964526,6.04373
38,0.955614,0.19624,0.936257,5.90726
23,1.1529,-0.0267556,1.34135,6.15833
13,1.16046,-0.0565867,0.860639,6.28272
41,1.35348,0.00710551,1.22464,5.99189
31,1.21618,0.404553,1.27665,5.66571

