48,-1.29576,0.865814,0.0155745,-4.41821
27,-1.1871,0.667427,0.14595,-4.71888
21,-1.02364,0.393746,0.351029,-4.66871
40,-1.33305,0.838428,0.234423,-4.43713
41,-1.08426,0.726942,0.112195,-4.10689
43,-1.14068,0.642873,0.056708,-4.19035
0,-1.1102,0.0399518,0.283623,-4.68313
4,-0.90244,0.153188,0.411574,-4.32355
42,-1.46327,0.77593,-0.0649793,-4.25648
45,-1.24137,0.901122,0.170827,-4.1607
49,-1.39408,0.72188,0.0954173,-4.1644
26,-0.91902,0.595557,0.23296,-4.62276
24,-1.14154,0.532949,0.196413,-4.63958
28,-1.11254,0.591028,0.58952,-4.55162
25,-1.38918,0.5359,0.358692,-4.76713
2,-1.11264,0.349969,0.735692,-4.69478
5,-0.989235,0.61906,0.0848999,-4.57747
31,-0.702995,0.301433,0.0855261,-3.90305
34,-0.929939,0.507335,0.112024,-3.92245
47,-1.30826,0.894119,0.0385573,-4.40902
46,-1.13009,0.403968,0.179838,-4.50593
23,-1.16952,0.308726,0.513368,-4.98543
22,-0.967873,0.654613,0.339628,-4.30172
13,-0.715866,0.553198,0.40616,-3.90829
11,-0.911303,0.660455,0.997136,-4.28375
14,-0.808148,0.715463,0.734812,-3.97157
18,-0.822705,0.671759,0.744512,-4.04815
12,-0.793539,0.392408,0.761034,-4.20108
20,-1.19127,0.576805,0.508943,-4.69203
17,-0.859282,0.497786,0.864249,-3.99308
16,-1.12221,0.454318,0.951873,-4.07019
37,-0.492646,0.2211,0.37658,-3.93903
33,-0.708363,0.244617,0.185363,-4.09848
35,-0.482031,0.282814,0.140362,-3.95181
30,-0.25233,0.395605,0.287134,-3.96182
7,-0.845576,0.207719,0.354741,-4.66041
15,-0.815942,0.671049,1.08319,-4.15932
44,-1.11467,0.711802,0.0484364,-4.29192
39,-0.492722,0.314611,0.0956403,-3.91766
32,-0.664881,0.386307,0.15841,-3.98045
9,-1.05847,0.327196,0.62894,-4.63462
3,-1.14712,0.241982,0.649981,-4.6809
1,-1.27403,0.451188,0.14987,-4.47577
19,-0.585722,0.37627,0.631287,-3.7876
29,-1.08067,0.617291,0.655853,-4.51205
10,-0.803215,0.544222,0.980891,-4.26912
38,-0.711979,0.419513,0.143721,-3.91709
36,-0.579579,0.223995,0.459515,-3.73529
6,-1.0155,0.153415,0.52083,-4.77445
8,-0.991635,0.0804883,0.373902,-4.5983

