33,-0.0107154,-0.444755,-0.153278,3.91658
32,-0.0308518,-0.63138,-0.122445,3.91638
34,0.0396467,-0.489604,-0.255748,3.87228
17,-0.467166,-0.625535,-0.48158,4.38974
11,-0.450541,-0.660375,-0.189089,4.54122
19,-0.294323,-0.509779,-0.315739,4.46035
12,-0.21824,-0.497782,-0.459702,5.07596
7,-0.0761313,-0.561411,-0.918777,4.14583
16,-0.149687,-0.580064,-0.26691,4.54908
15,-0.255693,-0.48619,-0.384681,4.85411
9,-0.129474,-0.42224,-0.971177,4.26454
3,-0.171381,-0.571436,-1.02761,4.19667
0,-0.12064,-0.543895,-0.922143,4.07102
46,-0.427085,-0.990709,-0.323499,4.0936
39,-0.169505,-0.426418,-0.182637,3.81012
21,-0.356114,-0.346398,-0.263632,4.71224
20,-0.363065,-0.389901,-0.343984,4.56643
25,-0.29579,-0.412614,-0.316929,4.34093
38,0.00714758,-0.613861,0.0390868,3.83261
36,-0.105448,-0.445559,-0.00241312,4.06987
31,-0.0329252,-0.648701,-0.109198,3.85044
24,-0.225853,-0.322075,-0.457466,4.37562
35,0.0476157,-0.573803,-0.0560154,3.88587
37,0.188057,-0.458544,-0.113582,3.86338
30,-0.107661,-0.587675,0.105864,3.72744
14,-0.252613,-0.549246,-0.395896,4.67532
1,0.0475023,-0.442865,-1.16294,4.10311
44,-0.343507,-0.797933,-0.326407,4.01623
4,-0.37572,-0.589722,-0.85565,4.02223
5,-0.0416661,-0.430223,-0.894691,4.21198
8,-0.106421,-0.645472,-0.859113,3.99723
6,-0.0321013,-0.487939,-0.817789,4.15359
42,-0.706159,-1.11304,-0.244874,3.98982
49,-0.530058,-0.843387,-0.372519,4.26553
13,-0.265131,-0.472162,-0.238113,4.84674
18,-0.419766,-0.59914,-0.31375,4.62658
43,-0.631488,-0.881907,-0.268029,3.95339
22,-0.369158,-0.382857,-0.436062,4.50511
23,-0.262814,-0.372993,-0.271216,4.74473
28,-0.405026,-0.195758,-0.471654,4.58876
26,-0.362308,-0.237159,-0.325257,4.72217
10,-0.496322,-0.912199,-0.37012,4.48768
47,-0.537885,-0.956991,-0.329272,4.03186
2,-0.153818,-0.528924,-0.846162,4.31776
45,-0.356486,-0.983873,-0.321177,3.89572
48,-0.390821,-1.16988,-0.0927857,3.87605
29,-0.363665,-0.263338,-0.373314,4.53821
41,-0.698579,-0.95364,-0.249967,3.89072
40,-0.409165,-0.87227,-0.26927,4.17282
27,-0.358024,-0.375249,-0.11423,4.35572

