0,0.286771,-0.451909,-5.536,3.38141
1,0.311864,-0.2995,-5.35184,3.36626
9,0.367346,-0.382075,-5.38267,3.22843
8,0.0329044,-0.281009,-5.38759,3.2906
2,0.247075,-0.242095,-5.21803,3.3773
3,0.206851,-0.129907,-5.24663,3.43229
5,0.11959,-0.330133,-5.25018,3.20057
4,0.191949,-0.408908,-5.5947,3.37588
36,-0.141812,-0.0246051,-5.60692,3.46699
34,-0.155437,0.0120141,-5.31917,3.40265
23,0.285031,0.0164388,-5.2337,3.57852
26,0.0783049,0.0253734,-5.14968,3.719
21,0.0761804,-0.001014,-5.13973,3.5384
22,0.0295798,0.14855,-5.09012,3.6818
27,0.0593333,0.262719,-5.10798,3.69867
28,0.200731,-0.086746,-5.04809,3.42368
32,-0.208088,0.0900043,-5.59123,3.58593
30,-0.095172,0.0663331,-5.43276,3.36135
37,-0.12956,0.0668895,-5.49401,3.52067
35,-0.246241,-0.0338439,-5.51808,3.51254
17,-0.0568411,-0.541826,-5.4725,3.78064
19,0.1144,-0.768142,-5.6406,3.66604
11,-0.0612302,-0.649039,-5.8246,3.89069
39,-0.163294,-0.136026,-5.60859,3.59469
10,-0.0310717,-0.589581,-5.67132,3.91944
14,-0.0388729,-0.680116,-5.6085,3.74644
15,0.104366,-0.796253,-5.99518,3.94207
18,0.0692263,-0.535821,-5.73937,3.93969
16,-0.182524,-0.437524,-5.6123,3.75681
31,-0.172357,-0.0078052,-5.64494,3.39851
42,-0.0135394,-0.317771,-5.701,3.66641
46,0.166559,-0.312467,-5.80545,3.73666
44,0.0119172,-0.360846,-5.60132,3.62283
45,0.00879036,-0.567088,-5.71355,3.85778
43,-0.0916405,-0.38415,-5.92357,3.90458
41,-0.00307692,-0.296558,-5.64996,3.68347
20,0.22069,0.0431083,-5.32624,3.76481
29,0.15446,-0.0780293,-5.17771,3.83809
25,0.163911,-0.20118,-5.35105,3.86168
40,0.0240463,-0.672082,-5.93608,3.8013
33,-0.127278,-0.0643793,-5.58332,3.46295
38,-0.0921219,0.135072,-5.3984,3.49803
24,0.289856,0.089053,-5.07558,3.55569
13,-0.00754614,-0.568874,-5.83385,4.01924
47,-0.159725,-0.298013,-5.79724,3.78235
7,0.0914925,-0.383862,-5.48059,3.56935
12,-0.0913663,-0.652191,-5.64265,3.91819
6,0.225359,-0.393388,-5.41823,3.27966
49,-0.138546,-0.325836,-5.43575,3.55315
48,-0.184144,-0.286496,-5.72263,3.77598

