23,-0.191762,-0.379132,-6.00434,-0.810888
34,0.124368,-0.518292,-6.23437,-1.03966
7,0.116481,-0.279113,-6.41344,-1.17508
1,-0.19022,-0.431337,-6.27544,-0.885009
5,-0.0147616,-0.51909,-6.37541,-0.733294
21,-0.304558,-0.55152,-6.34322,-0.897985
16,0.0837548,-0.0962264,-5.836,-1.2378
13,0.0522471,-0.0191439,-6.02206,-1.36089
17,0.0396066,-0.175599,-6.07465,-0.980251
41,0.0255448,-0.131651,-5.93912,-0.933664
48,0.0766235,-0.332451,-5.95036,-0.848104
38,0.170442,-0.553478,-6.34721,-1.11815
6,-0.0499734,-0.444216,-6.47144,-0.937225
9,0.015292,-0.368142,-6.31111,-0.916767
33,0.126065,-0.687928,-6.11334,-0.885189
26,-0.196071,-0.399015,-6.23613,-1.01958
18,-0.00872974,-0.137928,-5.84603,-1.26559
12,-0.0395093,-0.100386,-5.82539,-1.17713
14,0.0413356,-0.171307,-5.956,-1.05469
15,-0.0189722,-0.0749675,-5.91712,-1.04473
42,-0.0701908,-0.264967,-5.97778,-0.80822
37,0.0675636,-0.342546,-6.40932,-1.06858
36,0.313288,-0.466171,-6.0371,-0.963385
30,0.156824,-0.637869,-6.22557,-1.02707
31,0.17189,-0.660248,-6.20521,-1.08549
35,0.149675,-0.560852,-6.27378,-0.992553
0,0.0413901,-0.346913,-6.5696,-0.821009
47,0.180283,-0.204291,-5.82539,-0.741905
19,0.0948296,-0.0608533,-5.98477,-1.11055
10,0.0119852,-0.175942,-5.68618,-1.05731
25,-0.359952,-0.407613,-6.15782,-1.11962
20,-0.102323,-0.541836,-6.15725,-1.10656
28,-0.395164,-0.395823,-6.22037,-0.917986
3,-0.146869,-0.520709,-6.24416,-0.913866
8,-0.0415727,-0.665144,-6.19146,-0.888618
46,-0.0129967,-0.201687,-5.80865,-0.666892
11,0.20146,-0.100892,-5.61779,-1.25313
45,-0.126482,-0.268794,-5.87637,-0.782062
44,-0.0235805,-0.230603,-6.10092,-0.763044
40,0.0770298,-0.351366,-5.73429,-0.753912
43,0.192669,-0.32723,-5.75448,-0.731039
24,-0.479492,-0.490023,-6.05716,-1.06286
22,-0.539029,-0.588004,-6.21239,-1.0222
29,-0.38671,-0.520777,-6.06419,-1.03886
32,0.054871,-0.575896,-6.20259,-1.11086
2,-0.0907139,-0.429692,-6.1826,-0.921758
4,-0.0430456,-0.425005,-6.35636,-1.08453
39,0.143573,-0.573786,-6.26621,-0.977776
27,-0.352402,-0.530805,-5.81053,-0.8033
49,0.0259621,-0.370275,-5.5907,-0.656515

