43,-0.241178,0.0643615,-3.26139,5.66353
49,-0.520852,-0.108063,-3.27222,5.67517
22,-0.321877,0.295121,-3.49124,5.40779
24,-0.203696,0.372677,-3.29661,5.30307
20,-0.389701,0.315106,-3.41298,5.33783
29,-0.379581,0.307904,-3.4095,5.43694
12,0.0199877,0.0800543,-3.16217,5.27201
19,-0.0797107,0.0464444,-3.29482,5.35907
14,-0.00606632,-0.174395,-3.29083,5.36361
15,-0.120484,-0.153557,-3.21106,5.34374
13,0.00967843,-0.122222,-3.11339,5.10639
7,-0.17187,0.115379,-2.9348,5.50019
3,-0.177065,0.20604,-3.01774,5.56194
0,-0.133443,0.356035,-3.1805,5.76443
8,-0.0888302,0.274541,-2.8982,5.65438
5,-0.182267,0.339317,-2.86664,5.67246
4,-0.181568,0.323029,-3.13612,5.86588
31,-0.162464,0.0338673,-3.35208,5.53742
21,-0.392974,0.265233,-3.30274,5.42082
6,-0.208601,0.302989,-3.23295,5.63465
35,-0.312441,0.0700273,-3.16042,5.59663
17,-0.0825995,-0.194469,-3.25211,5.25294
47,-0.352673,-0.0320129,-3.42513,5.93383
26,-0.304101,0.28039,-3.32483,5.42886
45,-0.391256,-0.0762663,-3.29357,5.54558
10,0.0403484,-0.178991,-3.16013,5.1294
18,-0.155744,-0.0276629,-3.22376,5.24619
44,-0.387427,-0.142738,-3.24542,5.67182
40,-0.404727,-0.0674207,-3.31762,5.71033
2,-0.265759,0.170058,-3.16917,5.75308
1,-0.0550395,0.318294,-3.14009,5.45299
38,-0.308829,0.0381786,-3.16333,5.59006
36,-0.239308,0.0806614,-3.24293,5.38521
39,-0.220988,0.0264623,-3.17844,5.28686
32,-0.120991,-0.0249224,-3.32575,5.71792
27,-0.430439,0.355787,-3.46499,5.38599
16,-0.21945,0.00420644,-3.28502,5.14367
11,-0.117289,0.105959,-3.25895,5.17072
33,-0.372633,0.0205672,-3.01666,5.32886
46,-0.248554,-0.0656399,-3.31873,5.72637
25,-0.120058,0.262721,-3.35227,5.26114
42,-0.388557,0.0400397,-3.4083,5.92042
9,-0.239445,0.235045,-3.00184,5.47825
28,-0.331362,0.446847,-3.42451,5.44417
34,-0.171661,0.130831,-3.26488,5.48997
23,-0.36597,0.259214,-3.52971,5.43072
37,-0.33513,0.142466,-3.30006,5.52357
41,-0.365817,-0.117847,-3.21387,5.70187
30,-0.153547,-0.0833889,-3.0566,5.24461
48,-0.479711,-0.14242,-3.33995,5.93588

