25,0.175825,0.53425,-5.56154,-2.40989
28,0.447359,0.876658,-5.45741,-2.24034
3,0.0816959,0.565094,-5.21411,-2.83787
12,-0.224241,0.470518,-5.61245,-2.40739
20,0.420728,0.778198,-5.37205,-2.33254
37,0.208953,0.53916,-5.12339,-2.14492
24,0.353296,0.651539,-5.42016,-2.32322
23,0.408532,0.736698,-5.54908,-2.36872
27,0.308099,0.916087,-5.37545,-2.31336
17,-0.00656452,0.664165,-5.43009,-2.27272
10,-0.226618,0.576826,-5.31152,-2.42441
16,-0.292767,0.459903,-5.63542,-2.41581
11,-0.193125,0.429842,-5.60262,-2.33452
15,-0.0749206,0.449199,-5.36878,-2.42277
18,-0.51706,0.43409,-5.43939,-2.3788
8,-0.0136545,0.478798,-5.16887,-2.71275
6,0.124617,0.617836,-5.43131,-2.99712
2,0.0745076,0.500425,-5.18102,-2.79351
0,0.152499,0.551049,-5.19815,-2.85443
40,0.16501,0.548299,-5.87839,-2.91054
46,0.0515498,0.798174,-5.93662,-2.74945
43,0.15657,0.645811,-5.70441,-2.72504
45,0.100701,0.638902,-5.74636,-2.76276
19,-0.218201,0.455239,-5.53106,-2.49214
13,-0.0506321,0.301484,-5.21215,-2.26082
1,0.121335,0.373863,-5.06955,-2.9872
42,0.088329,0.631309,-5.68292,-2.78077
48,0.130072,0.530078,-5.61772,-2.57481
33,0.211845,0.521996,-5.43548,-2.28026
31,0.0213866,0.287021,-5.30115,-2.30042
30,0.142665,0.45868,-5.37178,-2.33689
14,-0.287963,0.401446,-5.41345,-2.3777
39,0.098262,0.419865,-5.14648,-2.24686
38,0.215779,0.387687,-5.29085,-2.21721
21,0.451546,0.831184,-5.38855,-2.48649
47,0.159466,0.63833,-5.81169,-2.50982
22,0.303394,0.842432,-5.54164,-2.32535
26,0.16591,0.602873,-5.45013,-2.39731
29,0.340214,0.986571,-5.50182,-2.32925
49,0.0388917,0.57941,-5.90015,-2.79318
9,0.151514,0.552324,-5.34724,-2.71264
5,0.0196589,0.596718,-5.28081,-2.86438
4,0.0415878,0.527915,-5.12325,-3.00299
7,0.183129,0.733321,-5.15543,-2.88297
41,-0.066829,0.524449,-5.5454,-2.73671
32,0.194168,0.224865,-5.3209,-2.18026
35,0.0312052,0.267664,-5.15663,-2.30425
36,0.304067,0.386143,-5.38371,-2.21495
34,0.183827,0.268576,-5.18685,-2.12524
44,0.233447,0.644311,-5.96473,-2.86229

