28,0.349172,1.05981,3.8985,-1.81639
29,0.471795,1.01043,3.61493,-1.63005
26,0.567074,1.00338,3.82814,-1.72496
4,0.981121,0.226881,3.81041,-1.1424
8,0.691393,0.463278,3.70129,-0.931584
5,0.896681,0.429218,3.7469,-1.26873
2,1.11478,0.271824,3.74642,-1.29708
0,0.981094,0.130664,3.68455,-1.0033
43,0.846876,0.507484,3.83948,-2.18478
27,0.568291,0.980625,3.88814,-1.86687
24,0.622409,0.885698,3.6366,-2.03724
45,0.837723,0.497801,3.914,-2.23537
34,0.155491,0.617998,3.4333,-1.72061
35,0.101469,0.447271,3.32966,-1.74288
30,0.40646,0.517489,3.49183,-2.05658
38,0.25762,0.462854,3.24645,-1.53837
47,0.910239,0.417098,3.76995,-2.20823
40,0.962003,0.552948,3.90613,-2.27925
48,0.855821,0.497166,3.91187,-2.30669
49,0.784242,0.49106,3.77285,-2.44197
20,0.739716,0.780111,3.75143,-1.91954
21,0.339969,0.790004,3.56226,-1.78645
3,0.831597,0.266407,3.71543,-1.15805
32,0.227656,0.351581,3.43463,-1.63003
37,0.284518,0.283189,3.33104,-1.65524
36,0.0888997,0.369384,3.46046,-1.68355
33,0.305038,0.351309,3.3638,-1.68679
39,0.4483,0.398521,3.4416,-1.80668
31,0.376068,0.501881,3.30043,-1.82091
9,0.764725,0.24136,3.93011,-0.978072
1,0.940692,0.283347,3.84212,-0.99899
44,0.859239,0.534891,3.85771,-2.15192
41,0.715395,0.854097,3.95408,-2.46823
42,0.901439,0.551043,3.86119,-1.70624
25,0.471085,1.00284,3.60107,-1.93647
22,0.286157,0.826674,3.79042,-1.83635
23,0.395283,0.843201,3.82711,-1.78119
7,0.859523,0.292123,3.83456,-1.08851
6,0.902971,0.240411,3.66308,-1.21091
17,0.816418,0.693548,3.87923,-1.39644
19,0.500763,0.87376,4.00561,-1.69553
46,0.891558,0.568104,4.0219,-1.9814
16,0.36559,0.697097,4.13679,-1.6428
12,0.408236,0.841336,3.87424,-1.70624
13,0.365835,0.70385,4.11739,-1.70307
18,0.318292,1.04326,3.94598,-1.50395
11,0.390348,0.786172,4.00257,-1.59397
14,0.430897,0.994254,4.09923,-1.62009
15,0.459405,0.955154,4.17267,-1.69862
10,0.513616,0.814364,4.1279,-1.86098

