29,0.571937,0.286083,4.48808,-3.62598
0,0.623345,0.338259,4.73044,-3.40117
6,0.678465,0.346056,4.65313,-3.4144
26,0.658673,0.310967,4.3839,-3.75879
25,0.521262,0.263063,4.48106,-3.78855
10,0.680261,0.260638,4.85667,-3.79762
19,0.669752,0.267693,4.81027,-3.77431
12,0.791099,0.385965,4.80698,-3.7828
13,0.500278,0.170952,4.9778,-3.79123
15,0.780974,0.242475,4.95146,-3.76669
18,0.615431,0.315312,4.80619,-3.85953
34,0.866279,0.15459,4.69233,-3.61173
39,0.765653,0.105571,4.73071,-3.52759
35,1.01282,-0.176309,4.60005,-3.4497
28,0.526655,0.184536,4.39785,-3.67883
23,0.665818,0.20539,4.45725,-3.6036
20,0.511459,0.128418,4.42107,-3.68061
2,0.940359,0.394299,4.93875,-3.52632
9,0.871788,0.376704,4.80701,-3.33582
11,0.608516,0.226234,4.83611,-3.66943
21,0.515031,0.247529,4.36072,-3.66558
42,0.317184,0.0640495,4.58931,-3.4111
43,0.473911,0.148735,4.55591,-3.4176
1,0.60249,0.479344,4.69524,-3.37244
41,0.270532,0.270228,4.58206,-3.5105
49,0.5245,0.115312,4.44319,-3.46979
46,0.460693,0.00313575,4.4098,-3.46881
44,0.342878,0.254224,4.37649,-3.52431
27,0.551038,0.145656,4.47546,-3.77821
38,0.962067,0.0535487,4.69319,-3.5913
33,0.721181,-0.147768,4.66611,-3.37828
8,0.774651,0.318069,4.97182,-3.71555
45,0.320383,0.136325,4.51083,-3.55666
48,0.480225,0.113601,4.51969,-3.43849
4,0.718126,0.370445,4.78781,-3.33667
5,0.443418,0.304973,4.84062,-3.6185
3,0.602792,0.447621,4.97102,-3.52516
30,1.02542,-0.101851,4.48735,-3.31038
17,0.739276,0.212917,4.93542,-3.92141
16,0.540328,0.295994,4.66113,-3.58113
36,0.862654,-0.171754,4.62715,-3.36984
47,0.361331,0.189402,4.5326,-3.55991
14,0.581762,0.23325,4.64263,-3.67935
31,0.729093,0.0237299,4.80243,-3.6372
37,0.964397,0.0519075,4.70724,-3.40798
24,0.660225,0.423372,4.43364,-3.801
7,0.664729,0.37463,4.71625,-3.23026
40,0.367853,0.216353,4.45545,-3.34999
22,0.67695,0.283176,4.45189,-3.81259
32,0.961759,-0.124643,4.50644,-3.31233

