13,0.489612,0.221155,-1.96789,5.93191
16,0.354729,0.100647,-1.95827,6.13836
17,0.458434,0.126701,-2.04417,6.31356
10,0.244825,0.111018,-2.22346,6.32359
15,0.560689,0.108902,-2.09259,6.21305
11,0.562459,0.190182,-2.19625,6.31625
12,0.519966,0.130216,-2.1813,6.15306
28,0.627874,-0.117485,-2.47312,6.467
23,0.595626,-0.0172354,-2.29768,6.40275
20,0.398421,-0.115541,-2.31796,6.5368
24,0.591672,0.0857474,-2.35308,6.56777
25,0.476204,-0.177852,-2.35836,6.56945
0,0.432749,0.159798,-2.35551,6.20504
3,0.482512,0.193624,-2.29492,6.13956
40,0.65377,-0.187261,-2.23661,5.96754
44,0.750913,-0.222737,-2.45267,5.97683
45,0.819281,-0.203269,-2.31209,6.08096
14,0.454534,0.0291541,-2.12383,6.4154
7,0.434257,0.0937338,-2.32497,6.12216
5,0.561245,0.0373071,-2.47687,6.07066
48,0.724289,-0.168355,-2.32395,6.17031
42,0.838101,-0.124558,-2.44133,6.22868
41,0.694335,-0.129882,-2.39546,6.22141
33,0.315845,-0.270527,-2.26325,6.17042
31,0.310069,-0.129464,-2.18263,6.1386
36,0.195238,-0.158389,-2.19826,6.38256
22,0.570043,-0.0524925,-2.28235,6.3321
6,0.486102,0.000752401,-2.5512,5.88074
1,0.541023,-0.0247554,-2.48143,6.06039
18,0.372515,0.0469775,-2.10798,6.31719
29,0.342678,-0.123171,-2.24918,6.10824
27,0.675764,-0.114109,-2.37164,6.32403
35,0.182104,-0.144087,-2.35541,6.28982
46,0.824454,-0.0420494,-2.41935,5.98102
49,0.765373,-0.0757555,-2.34833,6.28627
9,0.571283,0.041588,-2.37036,6.16537
4,0.436733,-0.00336593,-2.53258,5.80229
2,0.57944,-0.0413799,-2.50705,5.87732
47,0.79727,-0.0606877,-2.29013,6.09968
30,0.151604,-0.0817691,-2.1567,6.09747
8,0.259808,-0.0515436,-2.32858,5.88357
43,0.817693,-0.113614,-2.23201,6.01065
34,0.336536,-0.17657,-2.2702,6.30826
38,0.324331,-0.201868,-2.23368,6.21963
39,0.117591,-0.231911,-2.10524,6.06113
32,0.182331,-0.204776,-2.21432,6.3462
19,0.410176,0.00729808,-2.18739,6.24973
37,0.189708,-0.163967,-2.07688,6.22657
21,0.57684,-0.01585,-2.33167,6.30319
26,0.650041,-0.148876,-2.1559,5.92272

