34,2.03545,0.173568,-5.49072,-2.89113
25,1.77759,0.287883,-5.55409,-2.79148
24,1.88206,0.371402,-5.59657,-2.76633
22,1.5382,0.228924,-5.41741,-2.85309
37,2.09666,0.211864,-5.67404,-3.06939
40,1.95074,0.235048,-5.41765,-3.12707
44,1.79275,0.175242,-5.40129,-3.08055
47,1.98376,0.20143,-5.48647,-3.04962
28,1.83653,0.349097,-5.73426,-2.87561
21,1.67426,0.298329,-5.58374,-2.77365
19,1.96784,0.0218451,-5.57541,-2.75104
10,2.08804,-0.0716042,-5.6096,-2.82568
11,2.03519,0.00128247,-5.45843,-2.70143
3,2.06472,0.509691,-5.41133,-2.85242
7,1.97733,0.533808,-5.47856,-2.85908
8,2.08433,0.39739,-5.56694,-3.0721
48,1.81245,0.362226,-5.5074,-3.11101
43,1.7291,0.21604,-5.314,-3.09098
46,1.88872,0.333549,-5.69737,-3.0789
33,2.03181,0.163675,-5.71932,-3.03493
17,2.00526,0.0579354,-5.73274,-2.78749
15,1.88008,-0.110924,-5.5614,-2.94405
30,2.08249,0.227936,-5.5297,-3.0171
49,1.81482,0.153062,-5.43389,-3.01603
45,1.85178,0.184714,-5.39148,-2.93078
14,2.04926,-0.201006,-5.39026,-2.73808
18,2.06506,-0.197965,-5.67589,-2.71215
16,2.24645,0.0775904,-5.46795,-2.75181
41,1.78795,0.274111,-5.24086,-3.0343
9,2.0469,0.511088,-5.71563,-2.97275
39,1.90351,0.15744,-5.46544,-2.90816
36,1.83311,0.171269,-5.55186,-2.87098
4,2.20689,0.41481,-5.3832,-2.84175
12,1.98621,0.0340507,-5.60186,-2.87588
42,1.87743,0.188423,-5.30123,-2.96977
13,2.03947,0.00506166,-5.73028,-2.84298
6,2.18874,0.438751,-5.48661,-2.94992
0,2.19594,0.279282,-5.75675,-3.0676
35,1.98785,0.212536,-5.55676,-3.01902
2,2.14177,0.426619,-5.59091,-2.85209
1,2.12239,0.332718,-5.58399,-2.92634
5,2.26286,0.532823,-5.599,-2.9775
20,1.74244,0.310933,-5.66283,-2.83492
27,1.73514,0.461699,-5.41332,-2.72756
26,1.51749,0.439248,-5.65524,-2.85909
23,1.60663,0.278256,-5.54665,-2.93037
32,1.97764,0.32544,-5.52173,-2.93067
31,2.03442,0.148737,-5.61117,-3.02047
38,1.80598,0.152838,-5.62101,-3.12998
29,1.78361,0.364346,-5.56345,-2.80561

