37,-0.158037,-1.48946,-2.66179,5.33694
25,-0.270478,-1.92804,-2.53082,5.5221
18,-0.278456,-1.15726,-2.52578,5.49127
13,-0.286613,-1.35356,-2.6253,5.40318
3,-0.245317,-1.75332,-2.50595,5.98091
8,-0.269981,-1.61672,-2.25628,5.66634
6,-0.350449,-1.60143,-2.43643,5.67808
15,-0.219839,-1.34957,-2.52236,5.4123
11,-0.189386,-1.30926,-2.60053,5.48008
29,-0.387911,-1.82061,-2.61486,5.4522
21,-0.20377,-1.92829,-2.53877,5.443
41,-0.316371,-1.8,-2.73095,5.30432
42,-0.389251,-1.82933,-2.87589,5.77039
46,-0.509203,-1.77466,-2.79651,5.46728
19,-0.225856,-1.42968,-2.54253,5.50497
32,-0.353718,-1.58711,-2.56924,5.30686
35,-0.18475,-1.72806,-2.74553,5.31137
34,-0.245953,-1.69718,-2.84045,5.2839
36,-0.275226,-1.60645,-2.90335,5.3237
44,-0.37006,-1.60349,-2.67284,5.36061
49,-0.43066,-1.82604,-2.66103,5.40561
40,-0.431067,-1.67097,-2.8478,5.48209
10,-0.147487,-1.2146,-2.66578,5.51276
47,-0.186427,-1.83326,-2.72678,5.47268
2,-0.301996,-1.55762,-2.43656,5.55188
5,-0.273533,-1.56826,-2.27429,5.53329
0,-0.186699,-1.71896,-2.32844,5.4398
38,-0.331873,-1.78442,-2.93185,5.26379
22,-0.344586,-1.82139,-2.53458,5.39669
26,-0.409594,-1.81937,-2.58443,5.33541
48,-0.328679,-1.74419,-2.91302,5.54918
45,-0.439657,-1.73807,-2.6916,5.53327
27,-0.143398,-1.8413,-2.39575,5.07888
16,-0.250671,-1.42927,-2.63799,5.45824
12,-0.23986,-1.31381,-2.52503,5.40808
14,-0.436888,-1.50143,-2.68861,5.36494
30,-0.0806893,-1.55431,-2.80237,5.43141
39,-0.196185,-1.70637,-2.75591,5.2911
24,-0.195079,-1.89757,-2.47718,5.35698
20,-0.319965,-2.01282,-2.48836,5.35244
28,-0.29435,-1.65346,-2.47437,5.20707
31,-0.173829,-1.55955,-2.7342,5.36384
33,-0.16317,-1.60023,-2.94223,5.14922
23,-0.255608,-1.80284,-2.47014,5.1751
1,-0.253277,-1.73929,-2.42188,5.56714
4,-0.167469,-1.68937,-2.40408,5.56604
9,-0.205988,-1.68014,-2.28655,5.73176
17,-0.287409,-1.18672,-2.4466,5.2767
7,-0.2642,-1.5952,-2.27411,5.57168
43,-0.281138,-1.62345,-2.69142,5.14874

