0,0.21084457112765684,0.30609269371009695
5,0.28134031416443056,0.27566886245914346
16,0.06723263384993029,0.172081165564047
17,0.29013178915145416,0.43692106448551465
19,0.14105428208177825,0.22661595959841196
28,0.3322098507313927,0.20308381639575768
45,0.1736742476591917,0.18994403640774593
1,-1.0,0.05905628684533742
13,-0.9048493583662538,-0.030328491581904652
23,-0.8878644048192492,0.06340501973941731
47,-0.8786515757898766,0.007018383348297581
2,-0.22427563088690242,0.07816028027104119
4,-0.1106641280927418,-0.015031130482542582
6,-0.30409129893166603,0.17405673426369114
7,-0.29012004770837196,0.11519197230015475
10,-0.14990815230320725,0.13799725722434367
12,-0.3590492434721324,0.08965184191623794
15,-0.14788450622003205,0.0577995012048982
18,-0.20884197478371916,0.03319526739278925
25,-0.26727922540510274,0.08200852737725516
26,-0.1058588156075812,0.08627848466890566
27,-0.24532956864042393,0.13187401673681662
3,0.6036881506963576,-0.40261287347321356
21,0.6112121274182959,-0.2637285745746513
33,0.5267121350399921,-0.287507971070571
39,0.6631518942109931,-0.31549492748242053
14,-0.2608819773260767,-0.06078173660775161
20,-0.04627444475733053,0.01196283756678611
37,0.058485458564879814,-0.05137657465215064
43,0.029556009868758813,0.08852710077993031
49,-0.04433745079429764,-0.022476239621107338
36,0.4070720083206887,0.2024997371471123
44,0.2450441368109102,0.10334431516393654
22,-0.37994546731793444,0.15350129001722054
8,-0.8951360855343209,-0.09011831212421814
24,-0.8598359620293814,-0.1398491429007963
32,-0.8392637255984781,-0.04902841125116986
35,-0.8369880334400635,-0.09188380609883535
41,-0.709323105775829,-0.04893559708815694
9,0.8007606670041305,-0.23148216714118355
29,0.7157771742019845,-0.2848724884310028
31,0.7311784211758763,-0.22641458140889897
34,0.7467214563478523,-0.3092019041067261
40,0.7553335124523399,-0.2649570517441302
46,0.6667789423035589,-0.19265548354907844
48,0.6493311633254711,-0.2232361673769233
11,0.35658565728455527,0.085615559539726
30,0.3326196890085315,0.06244973641547315
38,0.41821332495387165,-0.10320140166436416
42,0.14194456584609155,0.07117328589170757
