0,-0.5746134991242059,-0.1901822132120774
2,-0.6010444711334415,-0.06623966688630455
3,-0.6578602155239958,0.01637886997903251
10,-0.4431480467445973,0.002468818090846516
19,-0.6410703193085049,-0.2964972056800093
25,-0.5953345454386335,-0.3330705945943208
28,-0.5318143941244728,-0.14903989418287308
29,-0.3867082206463878,-0.0668785090588854
36,-0.30932042610532523,-0.004240803155886885
42,-0.31280469643774594,-0.2982800352178133
43,-0.72220712839332,-0.21408037790341944
44,-0.4930779534668718,-0.2151887078625205
46,-0.7938709564739567,-0.3769315413173489
1,-0.13544315358918324,0.4367040329243621
5,0.09935382771188124,0.296579436250707
7,0.12131981258618629,0.34471414274755585
8,-0.2942542739684903,0.1982969817567299
11,-0.3963208539309989,0.4847059492088118
13,-0.15134765542528594,0.588692262410405
14,-0.24916828723041323,0.674532948352357
26,0.080103781003076,0.49797502842771174
32,0.0365447547931334,0.3232680847216595
40,-0.03548579627002628,0.5142364196084634
41,-0.305931921125349,0.5481686949565011
45,-0.11189264091574379,0.17684664395673796
24,-0.5268625345994679,0.1743385225206
39,-0.4540127622198787,0.23968997271500717
4,0.1301130493419577,-0.46034278601825795
6,0.4823964505812982,-0.35339001615413335
18,0.12329146343404367,-0.39335983394673246
49,0.4091146377328217,-0.3244792014921832
12,0.2577857112619537,0.35637386027517526
23,0.1679505505703743,0.29905685033469437
30,0.24123967447981176,0.11988640923472796
33,0.1617647045315268,0.06870324155171093
37,0.21260900970654667,0.49144245919061996
48,0.3151603428322364,0.10596300414578314
16,0.4281381527087704,-0.0808344900705688
17,0.6186454212204401,-0.23410173602182302
20,0.48192135302138733,-0.10328115411563454
22,0.5573649555479631,-0.2585330341607294
27,0.8137188174765356,-0.4315554084088469
47,0.7050955289305567,-0.33380930770624206
9,1.0,-0.4893975151671585
15,0.377314946341876,-0.15787755262984937
21,0.4168420289370035,-0.13696692169239835
31,0.529323306545204,-0.3991174408869838
35,0.42552860946170024,-0.4048402082503864
38,0.5309538614380132,-0.18650647756681205
