0,0.34011533547132883,-0.48510469062046563
8,0.4530145760708398,-0.6404690199772399
12,0.28091251078358737,-0.5793901012087482
13,0.49337968706361063,-0.39804936368730337
24,0.11577613577139893,-0.5210428570072021
25,0.6298256915652525,-0.21835361388220942
32,-0.04960576671319836,-0.5192876085418447
34,0.33481642758464375,-0.28790805905400135
1,-0.1807247529756552,-0.31385043937628787
4,-0.25150568299438536,-0.4933233427686981
6,-0.2602917771574265,-0.11248488044536717
17,-0.2092654202085954,0.076842801414809
20,-0.2831375496961215,-0.6521045778474871
38,-0.25365372724300633,0.07826629286556801
2,-0.6288824023589578,0.3418136288938521
9,-0.4723747293253643,0.1981808061154307
11,-0.8791101907521824,0.3076414920527621
22,-0.2507314204261376,0.23985178091713416
29,-0.7355728305968213,0.17364721670789018
39,-0.7702574580502556,0.28459962474626815
41,-0.7328547819903837,0.37642426254040307
42,-0.5706015673964026,0.18736552090123484
43,-0.837512543846394,0.3991697404913584
3,0.32574714475210936,0.4301398339079041
7,0.45132177321562256,0.6223177360085261
10,0.06112906379438045,0.30231267406569534
14,0.09336011983824334,0.12257492290624163
18,0.1478134123801785,0.4151576531131991
27,0.3320179436194879,0.6258051885634055
30,0.5444981599015689,0.5768273773238045
31,0.4386434399644894,0.37843846254559754
33,0.6472704359065685,0.3532821225952629
48,0.4338792237650185,0.5150472201333571
5,-0.20393098866148465,-0.7807588208573328
16,-0.5870207629177477,-0.3770068047013238
15,-0.18665315009026293,0.2005489906615035
45,-0.42184948270701766,0.10844423303368939
23,0.681814862839962,0.6796554685468232
40,0.627583113234779,0.6125653845782815
49,0.6721026380625742,0.5500722724805115
19,0.7016248397298567,-0.5398318864084268
35,0.5170722097600781,-0.07754351084647242
37,0.7022457242902574,-0.054105459220221926
26,-0.7955316843438535,-0.1650527611540693
46,-0.8713683617294656,-0.5597158372513061
28,-0.7211406050405705,-0.7908142182888057
21,0.7024998148165659,0.1156169760585037
44,0.7874336938332195,0.031152577789227205
47,0.6376796592060688,0.09818428408404357
36,-1.0,-0.8357486928974756
