0,-0.3186626133021603,-0.9815283372053091
8,-0.2102416018354734,-0.7206740152921115
9,-0.2008752849488666,-1.0
33,-0.1386264441978223,-0.9449530592380556
1,0.37660210705895303,-0.38008217837971153
4,0.49377369892542394,-0.4758474464821634
13,0.3874292150255033,-0.6133814874299749
32,0.46552174621948417,-0.5366499079307889
39,0.5946718970478706,-0.2966233503008059
2,-0.16099444564608612,0.6112454671604407
6,-0.08926763377967949,0.6466080599208427
7,-0.3397497902382476,0.5550283231651888
10,-0.4498651660854928,0.5008159041922925
21,-0.002155486691851454,0.6284415706070254
23,-0.14901687115769982,0.4957884096703148
25,-0.015569900653674093,0.39648786167025885
31,0.09434737428399763,0.6796489403494115
3,0.42689956268032986,-0.7372713565071137
19,0.2545354098105764,-0.8221340957081729
27,0.34727294052098484,-0.7261444809597875
30,0.23755340547705514,-0.6676833150628598
48,0.25160067261964314,-0.8963733486333186
5,0.8276000025837025,0.19397090233633527
37,0.6485447402800515,0.19507028632427176
38,0.5636181092758329,0.3030499590899685
43,0.7937598231129465,-0.025527958758729635
11,-0.37865619157492936,0.33826795384344255
15,-0.5449064597694587,0.4326325283454428
36,-0.5586443029622975,0.48010652624727307
42,-0.4698413060384183,0.42927816952825054
28,-0.36349116507815554,-0.1527651078442361
34,0.056269540451935864,-0.8418018303255788
46,0.027109368617534043,-0.8995804156821933
16,-0.6801417427722913,0.40365634596047834
24,-0.6027664949176051,0.3262335352741431
44,-0.6566442604158664,0.508505471341635
47,-0.6200762324694227,0.3885584598015474
49,-0.5462567842171604,0.3451691012620929
18,-0.5385275704551885,0.22390573518838996
20,-0.48334687178818503,0.13106763240495764
40,-0.39174309001794944,0.07307635320784762
41,-0.1902608504456398,0.16089323419332388
12,0.20712746660155987,0.3070262822359158
29,0.4929945246895677,0.3785673346773042
35,0.3665967174358188,0.20576046422052305
45,0.46625414590950337,0.15328219845929156
14,0.6338822222652922,0.5381654693341777
26,0.4365748481640143,0.6431408251484272
22,-0.725016453210196,0.22498310039005803
17,0.37480547561224214,-0.17941071380995655
