0,0.6591622067742202,0.6028695175616763
5,0.677536908134089,0.531335778297817
1,-0.3527348064678184,0.7524310541956446
3,-0.4034142527551622,0.8387342380933916
2,-0.07488158567950368,0.7386757726067537
20,-0.1045662089013437,0.6504271399373167
4,0.20552496793048436,-0.9807127842135958
37,0.17178590303503977,-0.8736501350399047
21,0.7344301825194184,0.483550115793764
6,-0.1524561399491027,0.5579781638074199
16,-0.2164443856616102,0.4810364112052645
7,-0.6420318513135225,-0.7729615885499619
19,-0.5753624877919274,-0.6860662851404907
49,-0.6846174649556456,-0.8595606549058992
12,0.19039047703873235,-0.9244684960280474
36,0.25730493592054077,-0.8775845489783636
14,-0.19363325537868759,-0.2945984005311045
27,-0.10975153813640721,-0.2807924987052098
17,-0.29013318441874814,0.44209205351417596
18,-0.8773421022105315,-0.17714002025601588
47,-0.8672502821372231,-0.24163265786422689
23,0.9471216707707277,0.01142823740036526
25,1.0,0.07430999475854996
35,0.8900617398665723,-0.06079932447624363
24,-0.8478863115583499,0.47294177903539913
40,-0.8399082272632611,0.538276831051343
41,-0.009755325587209509,-0.277074255852094
29,0.06090032480945527,-0.3183940046380459
33,0.06857936953376895,-0.25751356688751575
31,0.9604154601260231,-0.12724857904445308
38,-0.6527181198320182,-0.9252495250992782
42,0.5059928120696009,0.8931750384019328
43,0.5656805714693994,0.8661852005496358
