0,-0.19961760835468628,0.05753849226307177
8,-0.2717695385478628,0.03585024339863857
9,-0.24549547088557153,0.05406097824189715
11,-0.10299723161989649,0.09271628060436254
15,-0.2676511464214838,0.09811256932321237
17,-0.30601928015172153,0.09074504656013502
19,-0.04655978896815033,0.04592152059705865
20,-0.233417389782643,0.11452698398378766
33,-0.14558213438241255,0.1173380402079721
42,-0.16271156353984076,0.09257428596554909
1,-0.45590293013888866,-0.9262216183808004
4,-0.4996957150545069,-0.9325580630471325
6,-0.4565572019247723,-0.9675191807243828
7,-0.4256749994712118,-0.9946495785550563
14,-0.495870688479846,-1.0
28,-0.4143128703540001,-0.9564595181634112
34,-0.3852364991490352,-0.9023854482298755
2,0.2997757301928592,-0.08494487604908861
10,0.32018317088177584,-0.16992082328543145
13,0.33230438721300565,-0.06416813324393213
18,0.2846143646254302,-0.11865765236348312
40,0.21535138893028738,0.04120058204200679
41,0.33375102649244526,-0.09576124654116941
44,0.24715508288921273,-0.08354815418778104
49,0.35805169691702715,-0.14901755524890223
3,0.35469214170544716,0.5186957032107304
32,0.37370003954200354,0.6261634515260837
38,0.25278635579814496,0.43421516104988417
43,0.29791461171241584,0.5524804457562525
46,0.2657825357055015,0.4117028263679449
48,0.32878706504623534,0.537626050982562
5,0.20554742475608861,0.2665144036272145
21,0.16665116586188897,0.32595509159859404
22,0.1881082390957007,0.3031108534443144
26,0.1939033628624605,0.346282638978835
27,0.11357235578090505,0.18382154841592815
31,0.10074715675108649,0.23771346226452605
37,0.08423396450593262,0.2557784487383485
39,0.2170607295105696,0.3928372793406156
47,0.133433720264193,0.17812827248455784
16,-0.4177243666273459,-0.04757679192429119
36,-0.36949321007844516,-0.01014933760173166
12,0.05701853117821014,0.0771779730687398
24,-0.007777404120883996,0.15985116936718596
25,-0.019292441368496456,0.20846522408778193
29,-0.0732654730569324,0.10747953984574266
30,0.06121738128758862,0.0981190182480437
45,0.0025473316704276426,0.1300636434639174
35,0.08603666551336445,0.0024513399352103205
23,0.12769732578842563,0.3083194085557652
