0,0.09757273799095215,-0.07734985651195583
4,0.2799440457970734,0.10981620983117565
8,-0.04051253760354144,-0.08589698200839654
11,0.011973047942766223,-0.1247711550082516
15,0.041922106557401466,-0.05272907833292837
18,0.3136253573670651,0.013187776767335475
23,0.20788324112977788,-0.091402675054985
34,0.2524686248400958,-0.002041824641744589
36,0.19049396699176083,-0.054347360319971026
44,-0.24907474721295353,-0.1399233818915651
45,-0.02923206722431629,-0.1625738876450867
1,-0.4904047606088518,-0.1766106602298722
2,-0.2336172988532224,-0.09570111292436036
3,-0.7247732732413797,-0.07684037008937643
5,-0.7321583630760995,-0.14254411033927114
6,-0.6132874710867778,-0.2630435933881586
9,-0.18345686152210366,-0.12738648108380382
21,-0.5814275608947138,-0.11143440273406653
22,-0.6073415860566442,-0.35370879802971683
30,-0.42759008631135836,-0.33881538512673043
33,-0.6268052581973312,-0.15906974772763272
40,-0.7121170206644227,-0.20371293883053548
7,-0.09486766769719054,0.09918200063451324
16,-0.061621002505287896,0.05161156055958345
19,-0.9179479604570958,-0.06422911808596661
31,-0.8213822440757698,-0.10105195084377602
35,-0.833729502060349,-0.1514651850669554
41,-0.8047091127170896,-0.051810109796865685
32,0.383066844501371,0.08619562917298851
42,0.3913218398127688,0.2589741809576946
46,0.512329649946709,0.43798814193219887
10,0.0026554171989241412,0.23383590078319869
39,0.20100020960999165,0.11483868041189182
12,0.5115813860788936,0.8207824764876722
43,0.49037880578798587,0.5773262346575041
49,0.48531739968091225,0.664401843723523
13,-0.5801340659561409,-0.536192777521132
29,-0.5027907238901463,-0.6146093682579266
14,0.48417898302592033,-0.07126300677447063
20,0.7571337212903516,-0.18012850932642704
25,0.7289750002128322,-0.14018174737261158
28,0.5110103685519778,0.12840185580935243
48,0.7679459945342699,-0.08369995266964729
17,0.8660752397135322,-0.17254153668981786
24,0.8776107182654674,-0.09937430695624927
38,0.6453858457133776,-0.04817219539270036
37,-1.0,-0.058309713145800815
26,0.7272700901066129,0.6163563973508616
47,0.6336271645724671,0.6460720280289153
27,0.49623336469152923,0.3539623627103488
