input_data/geometric_graphs/graph_sample_16 0.10651397705078125
0,-0.4306800643196275,-0.14285662100713
2,-0.534341680659718,-0.22844186305805442
4,-0.2832081304665545,-0.22829800034898873
10,-0.4069726765682181,-0.011164122738715922
20,-0.5902892033141334,-0.08662165952481903
21,-0.18255734129284396,-0.21935699632467842
30,-0.5391661825540017,0.0022091299511042784
49,-0.5104511839889826,-0.03914611146024916
1,0.8717982512061334,-0.2686707637045559
9,0.7214091917315909,-0.2851492271675277
12,0.8100532065605548,-0.32280217298606434
17,0.6506750326243462,-0.2575961476764552
29,1.0,-0.32457314219149486
15,-0.7169545972379959,-0.20884215439480425
3,-0.07014504577551568,0.5906105415758719
34,-0.11919757685837248,0.6647640071780478
43,-0.22659182076277562,0.5912952418252828
45,-0.22728685105004062,0.5472791389576789
14,-0.14756027908798175,-0.3333735170349654
38,-0.004997292851575958,-0.27808504139629586
48,-0.09209577632946626,-0.3028828822742374
5,-0.3764391776151848,0.7074887349127573
6,-0.46326497896232166,0.734772489457006
8,-0.4445632344277686,0.5985823989349618
24,-0.2575716367248934,0.7153708905143773
27,-0.3952695134130725,0.6291853119039352
39,-0.3459147653521105,0.5292802841490942
41,-0.34788142146454515,0.6197473993362886
7,0.19750092382458798,-0.27689095386263385
11,0.13138408484495667,-0.19801866213101174
16,0.23829496474736903,-0.2998422854481444
19,0.16340538589447143,-0.3565389762213701
25,0.03509924944303284,-0.30564096863517265
36,0.3589825228280659,-0.2719695457444249
37,0.4329640663327089,-0.27015048481244464
40,0.12069619113783085,-0.3028411959496393
23,-0.34593404832133057,0.49332875481681215
46,-0.36588519515095874,0.4376638791675367
18,0.5554990346896308,-0.32135753622334357
31,0.5732456187258266,-0.24527104082173154
32,0.6331996011413501,-0.34867646838939
33,0.6438201542609561,-0.30930431811222475
42,0.5630678270865332,-0.28346340214604565
22,-0.3498310756061144,0.25197188470925386
35,-0.4324094154612948,0.11501179757300953
44,-0.20970407986721334,-0.008212049594656816
13,0.5237876722530221,-0.19959439257255554
26,0.5054277781877505,-0.240151144229987
28,0.49015364898488506,-0.306476633546579
47,-0.8033001610209919,-0.1463014032326243
