0,0.15606256731332374,0.5256074406713704
5,0.2582214529827694,0.7502346217214755
10,0.09036517767751362,0.3699074333322641
11,-0.034821398541009456,0.4295148957277327
16,0.06099872198601331,0.5686702009906971
24,0.0253897145739627,0.28496066721321245
35,0.18417366697267498,0.44575272196935734
37,0.18323115858285394,0.3188028561961117
39,0.026066220212374543,0.3953198680077395
43,0.29921292553384243,0.33169383354934107
45,0.20126010818496246,0.7721018034011624
48,0.016934505680004378,0.4722912073395719
1,-0.11694358679070727,0.406856844051359
19,-0.22173397749680043,0.5027209272484027
31,-0.2472658051172715,0.35150924867255573
42,-0.0319989111751908,0.25310289102199335
46,-0.1872583759958604,0.3119641149344509
2,0.35156469638069776,0.9690154381210787
32,0.26321644912394143,1.0
3,0.3648453088166061,0.09463866107568351
6,0.2881943117556841,0.1607057592576261
13,0.5424930069259024,0.08463414454139224
15,0.40549475524756484,0.24279358030648723
27,0.1864527415182948,-0.23555462128246968
28,0.5025248071061136,0.19272630674148322
49,0.44683458197485254,0.004624791117294021
4,-0.08645068614200971,-0.5359688594161625
7,0.06375983721816157,-0.5546683282892368
8,0.08162016017306138,-0.44938401957619545
9,-0.047915544431644086,-0.1882734291620586
12,-0.2183333049148919,-0.6053773112252055
18,0.04466785908221491,-0.47567876136274045
20,-0.3637955854987246,-0.702538251477514
30,-0.17216988938256916,-0.8030592859906774
33,-0.233292132786833,-0.7558876789085143
44,-0.06971274336155525,-0.6929375469464273
17,-0.003417864577964185,-0.4945919941851654
41,0.14448201157978638,-0.3598318727687379
25,0.08801328715054987,-0.28563266601428955
22,-0.5043202183926808,-0.6658286299691331
29,-0.2619309687503535,-0.8545052966304783
36,-0.49002397223244004,-0.608281336844262
38,-0.40265050758376975,-0.7845987670537774
26,0.6147523936540601,0.004671092912042103
14,-0.6002950909019703,-0.6743239275326987
34,-0.5732843776726825,-0.3785097150404998
21,-0.41793902480432255,0.36153958006997544
40,-0.446218517849725,0.5247373399520586
23,-0.4444872790449938,0.0887977623839109
47,0.2854273360381816,-0.11446373285158484
