0,0.1650064989125256,-0.31577392489984707
4,-0.11978269905226031,-0.1785094238154763
11,0.35353760369154363,-0.3395329572208274
14,0.12831213378040796,-0.38328256632493063
18,0.21585283401307334,-0.3479135854667429
19,0.15136642702536873,-0.47890094756896173
20,0.42261030695987445,-0.4779873063683531
21,0.032129391386982196,-0.27078539073095076
25,0.11684332926676619,-0.34523944550499597
30,0.21123295716191792,-0.4150245449920364
31,0.299429197607204,-0.5097491062292527
33,0.04415500240341158,-0.3721813730505536
36,-0.12093204003830176,-0.12089157380849985
49,0.03461529214765185,-0.21127247715926248
1,-0.5597388288616724,0.3090160902076403
3,-0.571882412435139,0.1587048990141641
7,-0.4903550256923778,0.19736160415838974
15,-0.3181567031003803,0.23603587019610392
38,-0.4894532716684966,0.34567386237045955
39,-0.4140855910504724,0.07578269882538413
47,-0.2996958135722091,0.09910807938836724
2,-0.6496857483953415,0.165459926173609
12,-0.25214760390576924,0.29554230633735734
13,-0.6093893496551516,0.07974602070038844
27,-0.8231180828954406,0.05428595907817159
28,-0.551034502807778,0.03725633394057842
41,-0.40724782922564645,-0.008791958498100863
42,-0.3539896464537323,0.13647918517686478
43,-0.832179859582148,0.15092504417267238
48,-0.3201839357706888,-0.004656914017599462
5,-0.12709384425084774,0.10652754873809063
17,-0.21354992112575327,0.03445925456158533
9,0.01631496925438979,0.5081741787094846
32,-0.07360819073134252,0.35857701045960017
6,0.1258251163002677,0.54985333194993
10,0.21826546318573217,0.7596622392716187
22,0.2960324904860082,0.325658717619084
23,0.38340065969837384,0.6134368120261934
26,0.26601689217766256,0.6430321159293684
34,0.21126098711438623,0.5780661725855346
46,0.3556349330076728,0.6858897488680425
8,0.6255739247080214,-0.5250090017305155
35,0.6592813202665934,-0.32954306514590526
37,0.7890844178898451,-0.5231607124469628
45,0.909089557221289,-0.5341493694893562
24,0.15679316809338908,-0.020245369879750976
40,0.1657748339295728,-0.16674010554764676
44,0.2438711925810168,-0.18207701519328146
16,1.0,-0.4432968753688726
