0,0.032027211173607774,-0.048186316844086814
6,0.014434850952968493,0.07617960015971027
8,0.0866372125727666,-0.16056951717482493
11,0.06015373115941424,-0.14940774603135046
17,-0.002693063575292155,0.0680287379607112
20,0.009738013870288359,0.1281574417750562
22,0.03951182571479258,-0.06657630913103574
26,0.03845137622675164,0.06045105467310445
27,0.034676110400320766,-0.18010040607058736
28,0.03252991875243139,-0.15110752121601848
31,0.005131564405703074,-0.1622183357699112
45,0.06582620139380325,0.06659753077736065
47,0.060269842845450596,-0.17789385993666643
1,0.07460704600796238,0.12900307242405207
4,0.13847424260101573,-0.017603036065620442
9,0.013089335707388756,0.21954315395752855
10,0.05045788591187556,0.22518364045939504
15,0.07904679525486248,0.17956548452921411
18,0.10868318364980996,0.007038692313453444
36,0.07800293651385674,0.10229431714904264
38,0.10478110886825506,0.07397904276034982
39,0.05371219298749184,0.09191374395100656
49,0.015886357364070437,0.16073777152635396
2,-0.09633395973097066,-0.1845310807995949
13,-0.12336322469907844,-0.2102204537750518
19,-0.13672825606766592,-0.1586324670774586
29,-0.13684714315907556,-0.18488049930155867
32,0.017444559516478792,-0.1263360189867483
3,-0.018502319452407587,0.24282149930947605
30,-0.036557054596377404,0.191155660949841
33,-0.07755451543259072,0.292885909857983
35,-0.04941379077908834,0.2340049067627253
42,-0.02439041498364661,0.287074804025828
7,0.22836776381808255,-0.07189983051157409
21,0.20724851619938403,-0.0860242174951016
25,0.14060825038202596,-0.0856730257055537
37,0.16060612619451356,-0.09081485195275328
40,0.1588421089596093,-0.06825673846566208
41,0.16842469405819455,-0.1166956688534344
46,0.1954719385500463,-0.04555560514689538
48,0.12182929339656211,-0.048479180581197094
5,-0.04771586611747202,-0.20448512616780037
34,0.012336709980669039,-0.06802774104654088
43,0.09149529768379153,0.12028499251515126
12,-1.0,-0.008099241568042828
23,-0.9993313698677854,-0.06127289097296439
14,-0.210795815049185,-0.21030780254194273
16,0.02387127538772452,0.01486732187670453
44,0.0675678616074936,0.015809708706308247
24,0.16998345344117208,0.15627740076962116
