input_data/geometric_graphs/graph_sample_12 0.11127495765686035
0,-0.05467287513912949,0.21394263826601595
1,-0.2412707453848287,0.35001860693089465
18,-0.2130951458899942,0.42134918746865124
19,0.16379762886249286,-0.17244741745429346
38,-0.14775772623195227,0.4795299789653569
5,-0.5285814982720922,0.061466160102954165
13,-0.12001354529435575,0.6053868260886538
41,-0.17618042673958403,0.554809705464436
2,-0.08857783267264391,0.10608532263916409
8,0.19806406451486805,-0.022836341301689485
12,0.026310769092851318,0.09336372546807065
23,-0.32232860496311677,0.18709638570433945
28,-0.26242866233478634,0.223712068570417
3,-0.3418151568423829,0.34852451914709404
7,-0.3770070277688048,0.37538588492873515
32,-0.3772276965396861,0.2706660961637924
36,-0.4258600510243857,0.30660780038685614
43,-0.42459431555216304,0.26895453191420254
4,0.39960756671204,-0.3949051066279907
15,0.2802409272497367,-0.37378132527917485
17,0.32246639487042106,-0.3355438085721619
20,0.28826376994583375,-0.3365847755910954
21,0.33238826202708927,-0.4610516377470957
26,0.4377686389390182,-0.2411671962487523
27,0.37175246623227964,-0.32487888487629807
29,0.2518124398224232,-0.4514853253140999
34,0.36999803420131594,-0.27672989151028826
39,0.5046009972771976,-0.3551167426811189
42,0.3131452093319825,-0.4289730151562663
44,0.48771343035598363,-0.29167222995629294
46,0.4145273590948803,-0.34275007711298966
49,0.40618749951536975,-0.26193210859832905
31,-0.6913367050373895,-0.055946737085691346
37,-0.7224030176926648,-0.16481045051388404
6,0.32558267506643224,-0.1561627335300451
9,0.3451771133167412,-0.11779129358433342
10,0.27032574549022015,-0.018818589692014755
11,0.37968223389524003,-0.17334628871081112
14,0.3601939012618618,-0.2401170093392254
16,0.31050142543066733,-0.2433991268596105
24,0.38232760577529395,-0.12033835059421046
45,-0.05150563717887515,0.8009890344180167
48,-0.10713008376522828,0.7312686621752661
22,0.24118378889039951,-0.34422138819667075
40,0.26108407820076807,-0.3010406239434295
30,-0.24029535563735327,0.5911234285713882
25,-0.43196803208315315,0.1987171628863276
47,-0.22206997272079268,0.6823427571120634
33,-1.0,-0.49814141723911104
35,-0.8765839106080461,-0.36535059005572257
