0,-0.17710847984563668,0.07549148194566933
1,0.029507152900217742,-0.14402134995927515
2,-0.2236390916792896,-0.05383284202868627
4,-0.28209895950650854,-0.13230849357328828
11,-0.3762789206299064,-0.00485580856824194
18,-0.12271692898306286,0.3874975565639441
19,-0.206625309774915,0.35606255923192576
20,-0.21489554773752886,0.2271900508811654
24,-0.32974080645826703,0.10609254076573608
25,-0.37240736040507083,-0.1603054331007245
29,-0.36600631862747574,-0.10129158906234645
38,0.03784126405891389,-0.05070853178195172
42,-0.2861225213936754,0.19246990404784023
45,0.07493736611901176,0.17404496477515788
8,0.39225361736046166,-0.16916078962964345
23,0.49656423487998597,-0.17445278861258945
30,-0.43532530107449147,-0.19758127682421903
46,0.4425453981758039,-0.25007019398799385
48,0.13919674578991262,-0.2673272463722789
5,-0.45459721663397284,-0.23353377384287285
7,-0.5548747274192939,-0.20259572601502368
3,0.9415011225641345,-0.17630108948143833
17,0.7145123750710871,-0.25217421330851153
27,0.9141378051222062,-0.25400537552316294
32,0.7238729766292816,-0.08700496160698426
43,0.8291604182063993,-0.010574613040013768
44,0.6972455184376692,-0.18655545117853745
34,-0.49730379149940074,-0.3070186357953999
36,-0.5162478155756155,-0.36980682425909195
13,-0.43631295187045166,-0.39792186475005104
22,-0.6791875668551205,-0.3102855013101261
33,-0.3719473614154591,-0.3756097593089319
37,-0.6743969914950584,-0.43926315720155107
6,0.11112148062075405,0.5533838339643021
15,0.16611689995006534,0.5020826952884659
16,-0.0406939243874279,0.6351571065262402
28,0.4170734304379009,0.5848043592724987
31,0.4702614220485862,0.37880576372474456
47,0.14415120504147547,0.7149959334398506
49,-0.10838870887857584,0.49934178877623386
40,-0.7917403684485499,-0.20965462239687982
9,-0.510448595124539,-0.5943395883654067
10,0.783922941173081,0.18652710100159053
12,0.7582849566523917,0.3411021983243602
39,1.0,0.1368935347408097
41,0.8428039654703529,0.21981925858214516
21,-0.3378329100709474,0.34378522590937355
14,-0.8568213910314482,-0.32137035105463047
26,-0.9032524298880055,-0.18161600582220438
