0,-0.2969092790052096,-0.1578573062008053
12,0.034027498620369835,0.14858971904535753
13,-0.13037928629478782,-0.1479245537718471
18,-0.3138118053404486,-0.10533360017194178
29,-0.4775398916430927,-0.27910400860113127
31,-0.5431004628440299,-0.2104086743805917
37,-0.438854417869389,-0.31115062039172553
41,-0.3693414846608873,-0.07943884495094337
47,-0.44635284816587445,-0.21587669652257452
1,-0.04682980407143284,0.5820195249822876
8,-0.26219234636439837,0.5204702386365765
16,0.11197608178175343,0.7093032327304883
23,0.11431379321520853,0.43737758170826946
24,0.1602841315170799,0.5234599297591275
30,0.03511196040135698,0.6188744041371803
34,0.10043800123662174,0.31253900617279456
48,-0.23171470162945235,0.6971288605600489
2,-0.9223400837064446,-0.6071884538233807
3,-0.9970201237439431,-0.5519412064727995
10,-0.8997640528300226,-0.7143916171618326
35,-0.7272132850539677,-0.4204016381232333
36,-1.0,-0.6441820630196444
4,0.22619215258193465,0.35564979454331563
6,0.35901916863425637,0.3890446364417335
14,0.39086730733912856,0.3268628551058275
21,0.24121842668653742,0.585298912211416
22,0.15524932789123644,0.2085055892571662
40,0.2280994992903654,0.2308983862996231
43,0.39362283507886536,0.502889849935098
46,0.22963523721442425,0.3988987783560339
49,0.3269463300319373,0.3230408089187738
5,0.42939423233650875,-0.5689524993645829
11,0.3549149211645529,-0.4698901140273248
15,0.2917515991480552,-0.5611825813646685
17,0.23859312472397048,-0.4809461939895819
20,0.47251186329678446,-0.6323911999209487
27,0.29408059058762703,-0.4173334216943094
38,0.3670085027724594,-0.4236960398190411
39,0.30381262469295084,-0.4833667964823511
44,0.36266112626598035,-0.6288868301768572
26,0.6022741425714188,0.4019639907724856
28,0.5941630472460926,0.5283118404212062
32,0.5530048955318281,0.4621868516926544
7,-0.3645319816437756,0.49200382276325527
19,-0.16367748213481853,0.18016293540893352
9,0.21382893019081065,-0.18492178239028412
42,0.1638086291018408,-0.28910787850905706
45,0.16516729152043927,-0.38914581507763674
25,-0.6640426099381892,-0.5130618724925078
33,0.781638674267768,0.5526007590419514
