0,-0.06003117761897898,0.6009381547944437
6,-0.04881323092383483,0.4930371725685531
10,-0.22249781024366264,0.6337388953397648
30,0.31820492185508326,0.6449621048771899
38,-0.3856703652642848,0.40994693119316616
42,0.1299122383482642,0.5127794862753479
43,-0.2436459709211223,0.5385416827983083
46,-0.1817467297983407,0.37557253458345
1,-0.6052754432587881,0.16865402727324383
21,-0.42921351793527185,0.1825353925191947
23,-0.6644605862646744,0.3185091289900144
25,-0.5298808267952964,0.004369939742749353
27,-0.3210703775768093,0.2641519710497375
28,-0.6389312708387763,0.05837743326855132
33,-0.5604463226515837,0.217420221556571
37,-0.7208496906428992,0.164561593169618
39,-0.6182283712994318,0.26509958179258925
44,-0.3167806129205699,0.1290129823227283
48,-0.8091448207169165,0.29535360046193976
49,-0.6928439641614915,-0.00407186666793367
2,0.2691803858246758,-0.3385741127559864
8,0.3180181579637919,-0.6671528391552899
9,-0.11599868923006879,-0.327210705991192
17,0.24686638124557922,-0.5935051159237248
19,-0.03384886649409705,-0.16274795307674883
29,0.7570141262033285,-0.0573356325873525
31,0.1043844416980229,-0.39971957261177626
36,0.13127731686440353,-0.507076842187584
41,0.024594595571215357,-0.2937675986845851
3,0.9999999999999999,-0.09155377838044353
11,0.9500108264771089,0.18981981393126646
12,0.8514759970434223,-0.3421694389748821
4,0.8552583624769565,0.3567133593320188
7,0.8200580369648254,0.6545992518111361
15,0.6818309426017335,0.6119785298408358
34,0.8239886242659954,0.531120028195238
5,0.12570129851792228,-0.7771803466239963
14,0.1570659863448871,-0.868984036057179
45,0.3256509172313798,-0.7658968870982552
47,-0.18937800355694442,-0.8493941433160327
24,-0.1292204783202443,0.20212256927588398
16,0.5398895048366115,0.6405054945696183
26,0.6570154024469996,0.7339347689352322
32,0.5611826634653447,-0.6199681473723708
18,-0.3502070949241737,-0.6168096986462974
20,-0.1668388168843548,0.015211584193615686
22,-0.4722664608864309,-0.2857136520898126
40,-0.2581339486140474,-0.061479206290364186
13,-0.4239949591428872,-0.8883756231484141
35,-0.45916272036157285,-0.6948810370217832
