0,-0.1244443765470465,0.23924883797284643
3,-0.001219271394126886,0.3080758736712568
7,-0.20175260338478634,0.22594168604895526
16,-0.06300752268529547,0.4159882567124926
26,0.060902236613676664,0.19736906646830726
39,-0.07562204603105543,0.05326810250024516
42,-0.19745536328480714,0.08163584711613518
43,-0.05231356731221376,0.16895874751227904
44,-0.12517325352185116,0.07079125528547726
46,-0.03554130504759911,0.32413724152067996
48,-0.2942758054378912,0.34312480815455115
1,0.2512322248848895,-0.12317942552415721
4,0.3180613445586361,-0.06386661173722406
8,0.08577359517048685,-0.06631352051873801
9,0.15727246553420027,-0.2068076733089165
13,0.298994355746802,0.024015343347909758
18,0.22017184381150634,-0.1727542751530679
24,0.16885608761681814,-0.053735489769257204
32,0.21597786322472753,-0.10963288055176086
41,0.26947130504623446,-0.020913615501503096
49,0.24278948497941108,0.019331900876191577
2,-0.4647928920424197,-0.44565087940743364
5,-0.541553819441976,-0.3744499180063715
10,-0.41998702511168284,-0.27572579910866085
17,-0.4338627373627045,-0.3653578109094695
19,-0.5367348233110038,-0.4367802049269674
20,-0.4750227989626215,-0.5809291706392664
36,-0.5028528115106136,-0.4614286766823113
6,0.18756071090107118,0.23698892947300523
30,0.1027416352978807,0.2506968664411583
34,-0.0017114561369823119,0.47175875261439115
35,0.13691254963431423,0.30639314074110874
38,0.08111000963381244,0.35410929090417625
21,0.38299170152920425,0.023278728491713575
27,0.43147192464806405,-0.07650565056161467
29,0.3401724659164578,0.08819509366303711
33,0.25517893735575725,0.09462490398212123
25,0.22619718656328808,0.191648600125697
28,0.16669141687830483,0.10871989222496456
31,0.2551507261926119,0.1621903800258101
45,0.31366864117148324,0.12385285132352526
47,0.33106228936616994,0.16316814679501837
14,-0.2530318030261828,-0.013627374217146085
22,-0.3828035489564032,0.3668800141604353
40,-0.08856882556898284,-0.020973751002838194
12,-0.2620582302961058,-0.10789871625388717
11,-0.42091445802244587,-0.8266485431984555
15,-0.35965171272365876,-0.9999999999999999
23,0.4404716698184356,0.18447721098951464
37,0.37346738502621524,0.20431021783604106
