0,0.11391133724561041,0.2906424554606528
16,-0.02324086083742411,0.4953638470944882
18,0.3271657730125796,0.14591960572313503
22,0.017331635754294396,0.5584803151182004
23,0.23257516962365582,0.5007857006617963
30,0.18292422259455235,0.10626839588856281
40,-0.05569370567668362,-0.003482566054161331
41,0.2199702284568118,0.3836246567875843
43,0.10810218198920081,-0.009867850175491438
44,0.28565002115390303,0.26529565799221133
47,0.14712182075517832,0.528592468492081
1,0.47565481344552124,0.3355538903147499
3,0.5170162402769972,0.354109456390624
9,0.40041861445427046,0.44807019329486464
24,0.5764933865539906,0.4246790995775125
42,0.4478194261874105,0.2873696610628947
49,0.508972505827429,0.2428022302995316
2,-0.7200482986922818,0.28716256015398195
7,-0.9235635674468697,0.20204907186772128
11,-0.728073452580391,0.3560219029574966
13,-0.7369084611491419,0.11578471747703427
19,-0.36022255643667006,0.4820194052240252
25,-0.8445072198754725,0.0973814550167254
29,-0.8603980229705638,0.2031796750322825
34,-0.8919936886385376,0.2902809305073657
27,0.49515767518133585,0.467596940136432
28,0.42287135717498453,0.15131645924320414
4,-0.12635958422863744,0.6357756180163419
5,0.3216937875843118,-0.24354763863867845
12,0.29481251912582024,-0.3668811827747985
14,0.14635821099222818,-0.35399748425015104
15,0.16170841365495547,-0.5335469743093081
17,0.3701971789194286,-0.041773539359619354
31,0.28611516775220563,-0.14497397550359217
36,0.2656246664021941,-0.31852802667087265
37,0.22143915306830325,-0.07299582025558854
38,0.24875239213689868,-0.47558980368351694
6,0.04714693904354889,-0.9163664577244879
8,0.029230945346117636,-1.0
10,-0.04225820474183048,-0.8312553633982841
20,0.07191521628313031,-0.7050985968517136
21,0.1729026451167282,-0.6976448105288267
26,0.13257065185931086,-0.9355520478414955
35,0.11632396964147546,-0.8361704880213687
45,-0.8845305710148396,0.006883276038542176
48,-0.11298629269827917,-0.47903574232372137
46,-0.3940207710728777,-0.15078578946650975
32,0.20082348605800138,0.7283306671442343
39,-0.6218072691204152,-0.09941465570846432
33,-0.24015922549146757,-0.17483149943363077
