0,-0.06433030455282392,0.07344732890243909
9,-0.016240099189241235,0.04700044602269568
10,-0.000309527862652729,0.07779002752326322
14,-0.15631071941024915,0.0792238278505199
19,-0.06425206484263492,0.04657674013554701
23,0.0416799065177254,0.11653956303149814
25,-0.06986259877533994,0.09595836993494425
34,-0.10820045863304076,0.04425127753001728
36,-0.15800525015064046,0.04048528048107568
45,0.036998682442748586,0.05429999568964152
1,0.12294129129227173,0.03592440769628712
6,0.15040710248880976,0.031999369042096014
12,0.17594183487927456,-0.08913118137184953
17,0.11725333213621052,0.12308451134672042
20,0.05881468616358916,0.14306865990817041
33,0.08525151187685116,0.07012551892579753
35,0.11934166972518219,0.06978146083930753
38,0.11077891190781967,-0.04084738846924071
2,-0.10037680002030193,0.30197927819100445
3,0.024093126227288958,0.2897613857198682
4,-0.03430167984773653,0.31766965468141656
7,-0.14987224065102353,0.31392266918106704
13,-0.0029248389723044214,0.33387064631004726
29,-0.09420306506970787,0.3967843400320522
47,-0.18346946466504457,0.14311167069527714
49,-0.057597643151342096,0.39526744550800647
15,-0.01248362696163625,0.4006317131002359
18,0.04997544798182197,0.3925229875957636
28,0.05286304098678377,0.3330657033554957
30,0.007813746090866412,0.3897275272144389
5,-0.04456406350665558,-0.3010863673136788
24,-0.10245062360638847,-0.2611682821302184
26,0.005942399065870316,-0.24329557992904832
39,-0.0008759541453912525,-0.22072615314625874
43,-0.10355969385760116,-0.2334592329163782
44,0.046581849073121476,-0.2457499723765269
46,-0.057472257453283826,-0.22940836058595937
8,0.0694487990686628,-0.11439430380218818
21,0.04711744325639977,-0.18123347565302353
22,0.11587970584838773,-0.18289539389568538
48,0.08256699327909771,-0.1899351207737287
11,-0.13022516505091528,0.5021480716527128
31,0.24006200002784014,-0.19514956032256336
41,0.014083077745792049,0.4360918045085586
27,0.040211592321252626,0.45666931303431846
16,-0.06161084441551446,-0.8596364667920605
40,0.00045181181446115465,-0.9244597238910548
42,-0.15572586068100436,-0.11350083782449427
32,0.042945606348527295,-1.0
37,0.06977927690581663,-0.9267035944463261
