0 1
0 3
0 4
0 8
0 9
0 11
0 13
0 14
0 17
0 19
0 23
0 24
0 26
0 27
0 32
0 35
0 38
0 39
0 30
0 31
0 47
1 0
1 3
1 4
1 5
1 7
1 9
1 10
1 12
1 21
1 27
1 32
1 38
1 31
1 44
1 48
1 49
2 0
2 3
2 4
2 5
2 6
2 9
2 12
2 17
2 18
2 19
2 20
2 21
2 25
2 29
2 32
2 35
2 37
2 38
2 39
2 30
2 31
2 43
2 45
2 49
3 0
3 1
3 2
3 5
3 6
3 9
3 11
3 13
3 14
3 15
3 19
3 32
3 34
3 31
3 45
3 46
3 49
4 0
4 1
4 2
4 3
4 5
4 6
4 7
4 8
4 14
4 17
4 18
4 24
4 28
4 29
4 33
4 37
4 47
4 48
4 49
5 0
5 1
5 4
5 6
5 7
5 8
5 9
5 10
5 13
5 14
5 18
5 29
5 32
5 33
5 34
5 36
5 39
5 30
5 41
5 42
5 43
5 45
5 46
5 49
6 3
6 7
6 10
6 12
6 13
6 15
6 16
6 18
6 20
6 25
6 27
6 32
6 37
6 39
6 30
6 42
6 43
6 48
7 0
7 2
7 3
7 4
7 6
7 8
7 11
7 15
7 25
7 26
7 28
7 33
7 35
7 30
7 40
7 48
8 0
8 1
8 2
8 3
8 4
8 6
8 7
8 9
8 11
8 15
8 19
8 20
8 24
8 25
8 27
8 28
8 29
8 32
8 33
8 34
8 36
8 37
8 31
8 41
8 42
8 43
8 44
8 46
8 49
9 1
9 2
9 3
9 7
9 8
9 12
9 15
9 19
9 20
9 22
9 24
9 25
9 26
9 29
9 36
9 38
9 31
9 41
9 43
9 44
9 46
9 49
10 1
10 5
10 9
10 11
10 12
10 13
10 15
10 17
10 18
10 19
10 20
10 21
10 26
10 28
10 38
10 30
10 42
10 44
10 46
10 47
10 49
11 1
11 5
11 10
11 13
11 15
11 16
11 17
11 18
11 23
11 24
11 27
11 28
11 36
11 40
11 41
11 42
12 0
12 2
12 6
12 7
12 9
12 14
12 15
12 16
12 17
12 18
12 19
12 20
12 21
12 22
12 32
12 36
12 31
12 40
12 41
12 49
13 0
13 1
13 2
13 3
13 5
13 6
13 10
13 12
13 14
13 15
13 16
13 17
13 18
13 20
13 21
13 22
13 26
13 38
13 31
13 40
13 42
13 43
13 44
13 46
13 49
14 4
14 5
14 8
14 12
14 13
14 23
14 28
14 33
14 35
14 36
14 37
14 39
14 30
14 45
14 49
15 3
15 4
15 9
15 13
15 14
15 16
15 18
15 23
15 24
15 25
15 32
15 33
15 38
15 39
15 43
15 44
15 45
15 46
15 47
15 49
16 0
16 2
16 4
16 5
16 10
16 13
16 19
16 23
16 25
16 26
16 35
16 30
16 40
16 42
16 43
16 45
17 0
17 2
17 4
17 5
17 9
17 11
17 13
17 14
17 16
17 21
17 24
17 25
17 26
17 27
17 32
17 33
17 35
17 38
17 30
17 31
17 42
17 47
18 0
18 3
18 7
18 10
18 11
18 12
18 13
18 14
18 16
18 21
18 22
18 24
18 25
18 26
18 28
18 34
18 35
18 37
18 38
18 30
18 41
18 42
18 43
18 46
18 47
19 0
19 2
19 4
19 5
19 10
19 11
19 12
19 14
19 15
19 16
19 18
19 20
19 24
19 36
19 38
19 39
19 30
19 31
19 43
19 44
19 46
19 47
19 48
19 49
20 6
20 8
20 9
20 10
20 12
20 13
20 17
20 21
20 22
20 23
20 24
20 26
20 29
20 32
20 34
20 35
20 38
20 30
20 40
20 41
20 42
20 43
20 48
21 7
21 10
21 13
21 18
21 19
21 22
21 25
21 28
21 33
21 41
21 42
21 45
21 46
21 48
22 12
22 13
22 18
22 19
22 20
22 21
22 23
22 24
22 25
22 26
22 27
22 28
22 35
22 36
22 30
22 43
22 46
23 0
23 4
23 5
23 6
23 8
23 9
23 11
23 13
23 15
23 17
23 21
23 24
23 26
23 28
23 29
23 36
23 31
23 41
23 42
23 44
23 45
23 47
24 0
24 1
24 3
24 5
24 7
24 8
24 9
24 10
24 12
24 15
24 16
24 17
24 19
24 21
24 22
24 25
24 29
24 32
24 33
24 36
24 31
24 41
24 44
24 46
24 47
24 48
25 3
25 4
25 8
25 10
25 14
25 17
25 18
25 21
25 22
25 23
25 27
25 28
25 34
25 35
25 31
25 40
25 47
25 48
26 2
26 4
26 6
26 8
26 11
26 14
26 16
26 18
26 20
26 21
26 22
26 23
26 24
26 27
26 29
26 36
26 39
26 30
26 31
26 40
26 45
26 47
26 48
27 2
27 5
27 9
27 10
27 18
27 19
27 20
27 21
27 22
27 23
27 24
27 25
27 26
27 28
27 29
27 34
27 30
27 42
27 43
27 46
27 49
28 3
28 4
28 6
28 8
28 10
28 11
28 14
28 18
28 19
28 20
28 25
28 27
28 29
28 32
28 33
28 36
28 37
28 38
28 30
28 31
28 42
28 43
28 48
29 0
29 2
29 3
29 7
29 16
29 18
29 19
29 20
29 22
29 25
29 26
29 32
29 35
29 37
29 38
29 39
29 46
32 2
32 4
32 7
32 9
32 10
32 14
32 16
32 19
32 23
32 24
32 25
32 29
32 33
32 34
32 35
32 36
32 37
32 38
32 46
33 0
33 1
33 2
33 4
33 11
33 14
33 16
33 17
33 18
33 23
33 24
33 25
33 26
33 28
33 29
33 32
33 34
33 35
33 36
33 37
33 38
33 39
33 30
33 43
33 44
34 0
34 3
34 4
34 5
34 8
34 9
34 13
34 14
34 15
34 16
34 17
34 19
34 22
34 26
34 28
34 29
34 33
34 37
34 39
34 31
34 40
34 46
34 49
35 0
35 1
35 7
35 12
35 15
35 24
35 25
35 33
35 34
35 36
35 38
35 31
35 43
35 47
35 48
36 0
36 4
36 10
36 11
36 19
36 20
36 21
36 22
36 23
36 28
36 32
36 33
36 38
36 39
36 30
36 31
36 40
36 43
36 44
36 45
36 46
36 47
37 0
37 2
37 4
37 5
37 6
37 7
37 8
37 9
37 11
37 12
37 13
37 17
37 21
37 23
37 24
37 26
37 32
37 33
37 34
37 38
37 30
37 41
37 43
37 48
37 49
38 0
38 1
38 2
38 4
38 7
38 8
38 9
38 17
38 18
38 20
38 25
38 39
38 30
38 40
38 45
38 46
38 48
38 49
39 3
39 4
39 9
39 10
39 12
39 13
39 15
39 18
39 21
39 22
39 24
39 26
39 27
39 29
39 32
39 34
39 36
39 38
39 40
39 41
39 43
39 45
39 46
39 47
39 48
39 49
30 0
30 1
30 2
30 6
30 8
30 10
30 11
30 17
30 20
30 21
30 26
30 28
30 34
30 35
30 36
30 38
30 41
30 42
30 45
30 48
30 49
31 2
31 3
31 5
31 6
31 8
31 10
31 11
31 17
31 18
31 24
31 33
31 34
31 35
31 38
31 39
31 46
31 48
31 49
40 0
40 2
40 6
40 8
40 10
40 12
40 13
40 15
40 18
40 23
40 24
40 26
40 33
40 37
40 30
40 41
40 43
40 45
41 0
41 2
41 6
41 7
41 16
41 17
41 20
41 25
41 26
41 27
41 32
41 34
41 31
41 40
41 42
41 43
41 44
41 48
41 49
42 2
42 3
42 6
42 8
42 11
42 12
42 13
42 14
42 16
42 17
42 18
42 19
42 20
42 22
42 24
42 25
42 27
42 28
42 29
42 33
42 37
42 38
42 31
42 40
42 41
42 43
42 45
42 46
42 48
42 49
43 3
43 5
43 8
43 10
43 13
43 15
43 16
43 18
43 21
43 22
43 34
43 36
43 39
43 30
43 31
43 42
43 47
43 48
43 49
44 1
44 3
44 5
44 6
44 7
44 8
44 9
44 13
44 25
44 27
44 28
44 34
44 35
44 37
44 31
44 40
44 41
44 43
44 49
45 2
45 4
45 8
45 9
45 10
45 11
45 13
45 14
45 16
45 17
45 21
45 32
45 38
45 39
45 30
45 31
45 40
45 41
45 42
45 44
45 49
46 6
46 10
46 13
46 14
46 15
46 16
46 20
46 21
46 24
46 26
46 27
46 28
46 29
46 33
46 34
46 38
46 31
46 40
46 42
46 45
46 47
46 48
46 49
47 0
47 4
47 6
47 8
47 9
47 14
47 17
47 18
47 19
47 26
47 27
47 29
47 35
47 37
47 40
47 42
47 45
47 48
48 0
48 2
48 3
48 4
48 5
48 6
48 8
48 13
48 14
48 17
48 19
48 25
48 26
48 28
48 29
48 33
48 38
48 30
48 40
48 41
48 44
48 45
48 47
49 2
49 7
49 8
49 12
49 17
49 20
49 23
49 25
49 27
49 29
49 32
49 33
49 36
49 37
49 38
49 31
49 40
49 44
49 47
49 48
