0 3
0 6
0 7
0 8
0 9
0 10
0 11
0 12
0 13
0 14
0 17
0 19
0 20
0 21
0 22
0 24
0 25
0 32
0 34
0 35
0 30
0 40
0 41
0 42
0 44
0 45
1 2
1 4
1 5
1 6
1 7
1 10
1 11
1 12
1 13
1 14
1 15
1 16
1 19
1 21
1 22
1 29
1 32
1 36
1 39
1 30
1 40
1 44
1 45
1 46
1 47
1 48
2 0
2 4
2 7
2 8
2 9
2 11
2 14
2 17
2 18
2 22
2 24
2 25
2 26
2 33
2 31
2 42
2 43
3 0
3 2
3 5
3 6
3 8
3 10
3 12
3 15
3 19
3 23
3 25
3 26
3 33
3 37
3 39
3 41
3 44
3 46
4 1
4 3
4 6
4 8
4 9
4 11
4 12
4 13
4 17
4 26
4 34
4 40
4 44
4 45
4 46
5 2
5 3
5 7
5 8
5 11
5 12
5 17
5 18
5 23
5 26
5 28
5 32
5 37
5 38
5 40
5 42
5 43
5 45
5 49
6 1
6 2
6 4
6 5
6 8
6 13
6 14
6 15
6 17
6 18
6 23
6 24
6 26
6 27
6 32
6 33
6 37
6 42
6 43
6 44
6 46
6 47
7 0
7 1
7 2
7 4
7 5
7 6
7 8
7 10
7 12
7 13
7 24
7 27
7 29
7 37
7 38
7 30
7 41
7 47
8 2
8 7
8 16
8 17
8 21
8 22
8 25
8 29
8 35
8 37
8 30
8 31
8 41
8 42
8 43
8 45
8 49
9 0
9 1
9 3
9 4
9 5
9 6
9 14
9 15
9 19
9 22
9 24
9 25
9 27
9 29
9 34
9 30
9 31
9 43
9 44
9 46
9 47
10 1
10 8
10 12
10 15
10 21
10 22
10 27
10 29
10 34
10 31
10 43
10 46
10 48
11 1
11 2
11 5
11 6
11 12
11 13
11 14
11 15
11 16
11 17
11 19
11 20
11 21
11 22
11 23
11 24
11 32
11 33
11 34
11 38
11 44
11 46
12 0
12 10
12 13
12 15
12 17
12 27
12 29
12 32
12 44
12 45
12 46
12 47
12 48
13 2
13 3
13 8
13 14
13 17
13 18
13 27
13 28
13 33
13 35
13 36
13 38
13 30
13 31
13 44
13 45
14 1
14 2
14 3
14 4
14 5
14 6
14 7
14 10
14 11
14 12
14 15
14 16
14 18
14 19
14 20
14 29
14 32
14 34
14 36
14 38
14 30
14 31
14 41
14 46
14 47
14 48
15 0
15 2
15 7
15 8
15 9
15 10
15 13
15 17
15 21
15 22
15 23
15 25
15 28
15 29
15 32
15 35
15 36
15 37
15 30
15 31
15 46
15 49
16 2
16 3
16 4
16 5
16 7
16 9
16 11
16 12
16 13
16 14
16 15
16 18
16 19
16 21
16 22
16 23
16 25
16 27
16 28
16 32
16 34
16 36
16 31
16 40
16 46
16 48
16 49
17 0
17 2
17 3
17 6
17 7
17 8
17 10
17 12
17 13
17 14
17 16
17 18
17 26
17 29
17 43
17 44
17 45
17 46
17 48
18 0
18 3
18 4
18 8
18 10
18 11
18 12
18 13
18 15
18 16
18 19
18 25
18 26
18 27
18 28
18 36
18 37
18 38
18 30
18 40
18 41
18 42
18 43
18 46
19 2
19 4
19 6
19 11
19 12
19 15
19 17
19 21
19 23
19 24
19 26
19 29
19 32
19 34
19 36
19 37
19 38
19 41
19 42
19 44
19 47
20 2
20 3
20 4
20 5
20 6
20 7
20 10
20 14
20 15
20 18
20 23
20 24
20 33
20 36
20 38
20 41
20 42
20 44
20 45
20 47
20 48
21 2
21 6
21 7
21 9
21 16
21 18
21 20
21 22
21 25
21 29
21 30
21 31
21 41
21 42
21 43
21 47
21 49
22 2
22 3
22 6
22 9
22 11
22 12
22 13
22 19
22 21
22 23
22 24
22 25
22 27
22 29
22 33
22 34
22 37
22 38
22 39
22 42
22 44
22 45
22 47
22 48
23 0
23 2
23 4
23 6
23 7
23 9
23 11
23 12
23 14
23 17
23 20
23 29
23 32
23 33
23 34
23 35
23 37
23 31
23 44
23 46
23 48
24 0
24 1
24 3
24 4
24 6
24 12
24 15
24 17
24 21
24 22
24 23
24 26
24 28
24 32
24 35
24 36
24 38
24 39
24 40
24 42
24 46
25 0
25 3
25 8
25 9
25 10
25 11
25 14
25 15
25 18
25 23
25 24
25 26
25 27
25 28
25 29
25 32
25 34
25 37
25 30
25 31
25 41
25 43
25 47
25 49
26 1
26 6
26 13
26 18
26 19
26 21
26 22
26 23
26 25
26 27
26 29
26 33
26 39
26 30
26 40
26 42
26 43
26 44
26 45
26 48
26 49
27 7
27 11
27 14
27 16
27 17
27 20
27 21
27 22
27 24
27 25
27 26
27 29
27 35
27 38
27 30
27 31
27 40
27 42
27 45
27 48
27 49
28 1
28 2
28 3
28 6
28 12
28 14
28 19
28 21
28 25
28 26
28 27
28 33
28 35
28 37
28 38
28 39
28 41
28 43
28 46
28 49
29 4
29 5
29 6
29 11
29 15
29 16
29 17
29 24
29 27
29 28
29 33
29 34
29 38
29 30
29 40
29 41
29 44
29 46
29 48
32 1
32 5
32 11
32 12
32 18
32 19
32 21
32 22
32 25
32 28
32 33
32 34
32 35
32 39
32 30
32 31
32 41
32 43
32 48
32 49
33 1
33 2
33 9
33 10
33 14
33 16
33 18
33 19
33 23
33 24
33 27
33 29
33 32
33 37
33 38
33 39
33 30
33 31
33 41
33 43
33 45
33 47
33 48
33 49
34 0
34 1
34 2
34 3
34 6
34 12
34 19
34 21
34 23
34 26
34 28
34 32
34 36
34 37
34 38
34 39
34 31
34 41
34 42
34 45
34 46
34 49
35 2
35 5
35 10
35 14
35 19
35 24
35 25
35 28
35 34
35 36
35 31
35 46
35 48
36 1
36 4
36 5
36 8
36 14
36 17
36 18
36 21
36 24
36 26
36 28
36 29
36 33
36 34
36 35
36 37
36 38
36 30
36 40
36 41
36 42
36 49
37 0
37 4
37 6
37 10
37 11
37 13
37 22
37 23
37 25
37 26
37 29
37 36
37 30
37 31
37 42
37 43
37 44
37 46
37 47
38 2
38 6
38 10
38 12
38 15
38 18
38 28
38 34
38 35
38 37
38 31
38 40
38 43
38 44
38 45
38 49
39 1
39 2
39 3
39 8
39 9
39 16
39 17
39 18
39 21
39 24
39 32
39 34
39 36
39 37
39 38
39 30
39 31
39 42
39 44
39 46
30 3
30 4
30 7
30 8
30 12
30 14
30 15
30 17
30 19
30 21
30 25
30 28
30 32
30 34
30 39
30 44
30 45
30 47
30 49
31 0
31 3
31 5
31 8
31 16
31 18
31 22
31 24
31 28
31 32
31 34
31 36
31 37
31 38
31 39
31 30
31 41
31 42
31 46
31 47
31 49
40 4
40 5
40 7
40 9
40 10
40 11
40 12
40 15
40 16
40 18
40 29
40 32
40 35
40 39
40 30
40 31
40 41
40 42
40 47
40 49
41 1
41 9
41 14
41 21
41 22
41 25
41 26
41 27
41 29
41 32
41 35
41 38
41 39
41 30
41 40
41 42
41 43
41 45
42 1
42 2
42 6
42 7
42 8
42 9
42 16
42 18
42 19
42 21
42 22
42 25
42 26
42 27
42 33
42 39
42 30
42 40
42 41
42 43
42 44
42 45
42 46
42 47
42 48
42 49
43 2
43 3
43 4
43 5
43 10
43 13
43 14
43 16
43 17
43 29
43 32
43 34
43 37
43 30
43 40
43 42
43 44
43 45
43 46
43 47
43 48
44 3
44 7
44 10
44 18
44 19
44 21
44 22
44 28
44 32
44 33
44 34
44 35
44 39
44 40
44 41
44 42
44 43
44 45
44 49
45 1
45 2
45 4
45 5
45 6
45 16
45 18
45 20
45 21
45 22
45 29
45 32
45 33
45 34
45 36
45 41
45 42
45 43
45 46
45 49
46 0
46 1
46 2
46 3
46 16
46 19
46 21
46 22
46 24
46 25
46 26
46 33
46 35
46 40
46 41
46 42
46 43
46 44
46 45
46 47
47 1
47 3
47 9
47 12
47 18
47 21
47 22
47 28
47 29
47 36
47 37
47 38
47 39
47 30
47 40
47 41
47 43
47 44
47 45
47 46
48 2
48 5
48 12
48 17
48 18
48 19
48 20
48 23
48 25
48 27
48 29
48 32
48 33
48 34
48 39
48 30
48 31
48 42
48 43
48 45
48 46
48 47
49 1
49 5
49 10
49 15
49 16
49 17
49 18
49 20
49 26
49 29
49 34
49 39
49 30
49 42
49 43
49 45
49 46
49 47
49 48
