0 2
0 3
0 4
0 6
0 7
0 9
0 11
0 13
0 16
0 17
0 18
0 22
0 25
0 28
0 29
0 35
0 37
0 30
0 41
0 42
0 43
0 44
0 49
1 0
1 3
1 4
1 5
1 6
1 7
1 8
1 9
1 12
1 14
1 15
1 17
1 20
1 21
1 25
1 26
1 33
1 34
1 35
1 39
1 30
1 31
1 44
1 46
1 48
1 49
2 3
2 11
2 18
2 19
2 21
2 24
2 26
2 35
2 36
2 38
2 30
2 31
2 44
2 45
2 46
3 0
3 1
3 2
3 4
3 6
3 7
3 8
3 9
3 11
3 20
3 25
3 29
3 36
3 37
3 38
3 31
3 40
3 42
3 43
3 45
3 46
3 47
3 48
3 49
4 0
4 1
4 2
4 6
4 7
4 8
4 11
4 14
4 17
4 18
4 20
4 21
4 22
4 23
4 24
4 26
4 27
4 29
4 33
4 36
4 37
4 38
4 31
4 40
4 41
4 42
4 47
4 49
5 0
5 3
5 7
5 8
5 9
5 10
5 12
5 13
5 18
5 19
5 20
5 23
5 24
5 26
5 27
5 28
5 34
5 38
5 31
5 40
5 42
5 43
5 44
5 45
5 48
6 0
6 1
6 2
6 3
6 4
6 5
6 7
6 10
6 20
6 22
6 23
6 26
6 27
6 28
6 29
6 33
6 35
6 36
6 38
6 39
6 40
6 45
6 46
6 47
7 1
7 4
7 6
7 9
7 10
7 11
7 14
7 15
7 16
7 17
7 19
7 20
7 23
7 26
7 27
7 28
7 36
7 37
7 38
7 40
7 43
7 46
8 3
8 4
8 5
8 6
8 7
8 9
8 10
8 12
8 14
8 15
8 18
8 21
8 23
8 24
8 28
8 29
8 36
8 37
8 39
8 40
8 42
8 43
8 44
8 45
8 46
9 3
9 5
9 6
9 7
9 8
9 10
9 11
9 13
9 15
9 16
9 21
9 23
9 29
9 35
9 37
9 38
9 30
9 41
9 45
9 47
10 2
10 8
10 9
10 12
10 19
10 22
10 24
10 25
10 34
10 35
10 36
10 37
10 38
10 30
10 31
10 40
10 41
10 42
10 43
10 44
10 46
10 47
10 49
11 1
11 2
11 4
11 5
11 14
11 15
11 16
11 17
11 18
11 20
11 21
11 23
11 28
11 29
11 34
11 36
11 30
11 42
11 43
12 1
12 4
12 5
12 9
12 10
12 11
12 13
12 14
12 15
12 16
12 17
12 18
12 20
12 21
12 22
12 24
12 28
12 32
12 36
12 37
12 30
12 31
12 40
12 43
12 44
12 46
12 47
12 48
12 49
13 0
13 1
13 2
13 4
13 7
13 9
13 12
13 14
13 15
13 19
13 23
13 27
13 28
13 34
13 38
13 30
13 31
13 40
13 42
13 45
13 46
13 48
14 2
14 4
14 7
14 11
14 12
14 13
14 15
14 20
14 21
14 22
14 24
14 25
14 27
14 28
14 29
14 32
14 33
14 35
14 37
14 39
14 30
14 40
14 41
14 47
15 2
15 7
15 8
15 9
15 11
15 12
15 14
15 19
15 20
15 21
15 27
15 28
15 32
15 33
15 34
15 35
15 38
15 39
15 31
15 43
15 46
15 47
16 3
16 4
16 6
16 10
16 11
16 12
16 14
16 15
16 17
16 18
16 19
16 21
16 22
16 24
16 26
16 27
16 28
16 32
16 35
16 38
16 30
16 40
16 41
16 42
16 43
16 44
17 2
17 3
17 8
17 10
17 11
17 12
17 13
17 14
17 19
17 20
17 23
17 28
17 33
17 37
17 38
17 39
17 30
17 31
17 41
17 42
17 47
17 49
18 1
18 2
18 4
18 5
18 6
18 8
18 9
18 10
18 11
18 12
18 13
18 14
18 19
18 22
18 23
18 24
18 26
18 27
18 29
18 33
18 34
18 39
18 42
18 43
18 46
18 49
19 4
19 11
19 12
19 13
19 15
19 16
19 18
19 20
19 21
19 22
19 26
19 27
19 28
19 29
19 33
19 37
19 39
19 30
19 31
19 42
19 43
19 44
19 46
19 47
19 49
20 0
20 1
20 2
20 3
20 5
20 6
20 11
20 14
20 15
20 18
20 19
20 21
20 22
20 23
20 24
20 25
20 26
20 29
20 32
20 34
20 35
20 39
20 44
20 45
20 48
20 49
21 0
21 3
21 4
21 6
21 7
21 9
21 12
21 16
21 19
21 20
21 23
21 27
21 29
21 33
21 36
21 37
21 39
21 30
21 42
21 43
21 44
21 46
21 47
22 5
22 10
22 11
22 12
22 13
22 15
22 16
22 17
22 18
22 19
22 20
22 23
22 24
22 25
22 26
22 27
22 28
22 32
22 31
22 41
22 43
22 44
22 46
23 1
23 2
23 5
23 6
23 7
23 9
23 12
23 13
23 14
23 15
23 19
23 20
23 24
23 27
23 32
23 37
23 38
23 30
23 42
23 45
23 46
23 49
24 5
24 9
24 11
24 12
24 20
24 23
24 28
24 29
24 32
24 40
24 42
24 43
24 46
24 48
24 49
25 2
25 3
25 4
25 5
25 7
25 8
25 9
25 10
25 17
25 18
25 19
25 20
25 22
25 23
25 24
25 26
25 27
25 33
25 35
25 36
25 38
25 46
25 48
26 0
26 1
26 3
26 5
26 7
26 8
26 10
26 12
26 13
26 14
26 15
26 18
26 20
26 21
26 22
26 23
26 24
26 25
26 27
26 29
26 33
26 34
26 35
26 36
26 31
26 41
26 43
26 44
26 45
26 47
27 0
27 1
27 2
27 3
27 7
27 11
27 12
27 13
27 17
27 20
27 21
27 22
27 24
27 25
27 26
27 28
27 29
27 35
27 37
27 38
27 39
27 41
27 44
27 45
27 47
28 0
28 3
28 4
28 6
28 7
28 12
28 14
28 18
28 19
28 20
28 22
28 23
28 25
28 26
28 27
28 29
28 33
28 36
28 38
28 39
28 43
28 49
29 0
29 4
29 6
29 9
29 11
29 12
29 13
29 16
29 20
29 21
29 22
29 24
29 25
29 26
29 28
29 34
29 39
29 40
29 43
29 46
29 47
29 48
29 49
32 0
32 1
32 4
32 5
32 8
32 10
32 12
32 13
32 14
32 15
32 16
32 18
32 20
32 22
32 25
32 29
32 33
32 34
32 35
32 37
32 38
32 30
32 31
32 40
32 45
32 46
33 6
33 7
33 11
33 13
33 14
33 18
33 19
33 26
33 27
33 29
33 32
33 34
33 37
33 38
33 39
33 31
33 42
33 45
33 46
33 47
33 48
34 1
34 5
34 12
34 14
34 15
34 16
34 20
34 25
34 27
34 28
34 29
34 35
34 36
34 38
34 45
34 46
35 1
35 2
35 3
35 5
35 7
35 10
35 12
35 14
35 17
35 20
35 21
35 26
35 27
35 29
35 32
35 33
35 34
35 36
35 37
35 38
35 39
35 40
35 41
35 42
35 47
35 48
35 49
36 3
36 8
36 14
36 15
36 19
36 21
36 23
36 28
36 32
36 35
36 37
36 30
36 45
37 2
37 3
37 5
37 9
37 12
37 15
37 17
37 18
37 24
37 26
37 27
37 28
37 29
37 32
37 33
37 35
37 38
37 39
37 30
37 31
37 42
37 44
37 45
37 46
38 7
38 8
38 10
38 12
38 13
38 14
38 15
38 19
38 22
38 23
38 24
38 25
38 26
38 29
38 32
38 34
38 36
38 37
38 31
38 40
38 45
38 46
39 3
39 11
39 12
39 16
39 18
39 22
39 23
39 25
39 27
39 32
39 35
39 36
39 37
39 38
39 30
39 42
39 44
39 45
39 46
39 47
39 48
30 0
30 5
30 11
30 13
30 15
30 16
30 23
30 24
30 25
30 26
30 28
30 29
30 37
30 38
30 39
30 40
30 43
30 44
31 1
31 2
31 7
31 10
31 15
31 20
31 21
31 22
31 24
31 25
31 26
31 27
31 34
31 36
31 30
31 48
40 0
40 4
40 10
40 12
40 21
40 23
40 24
40 33
40 35
40 36
40 37
40 38
40 31
40 41
40 42
40 44
40 45
40 47
41 4
41 5
41 9
41 11
41 14
41 16
41 19
41 23
41 25
41 26
41 34
41 38
41 40
41 42
41 43
41 44
41 45
41 46
41 47
41 48
42 0
42 1
42 3
42 4
42 6
42 10
42 12
42 13
42 15
42 17
42 22
42 24
42 29
42 32
42 33
42 34
42 35
42 37
42 39
42 30
42 31
42 40
42 41
42 43
42 44
42 46
42 47
42 48
42 49
43 1
43 2
43 4
43 6
43 9
43 14
43 16
43 17
43 20
43 25
43 26
43 35
43 36
43 39
43 30
43 31
43 40
43 41
43 42
43 44
43 46
43 47
43 48
43 49
44 0
44 1
44 2
44 5
44 6
44 9
44 11
44 12
44 14
44 17
44 22
44 23
44 25
44 27
44 29
44 37
44 38
44 30
44 31
44 41
44 42
44 45
44 48
44 49
45 1
45 3
45 4
45 6
45 7
45 8
45 9
45 13
45 14
45 15
45 18
45 21
45 23
45 28
45 32
45 36
45 31
45 41
45 43
45 44
45 46
45 48
45 49
46 3
46 4
46 5
46 6
46 7
46 10
46 11
46 17
46 19
46 20
46 21
46 23
46 25
46 32
46 36
46 39
46 30
46 31
46 41
46 45
46 47
46 48
46 49
47 5
47 9
47 10
47 11
47 12
47 13
47 16
47 22
47 23
47 25
47 28
47 32
47 33
47 37
47 42
47 43
47 45
47 48
47 49
48 1
48 2
48 3
48 7
48 10
48 11
48 13
48 14
48 16
48 17
48 21
48 24
48 25
48 26
48 27
48 28
48 33
48 35
48 36
48 38
48 30
48 31
48 40
48 41
48 42
48 43
48 44
48 45
48 46
48 47
49 0
49 1
49 4
49 8
49 13
49 15
49 17
49 21
49 23
49 24
49 25
49 26
49 27
49 28
49 33
49 36
49 38
49 31
49 41
49 44
49 47
49 48
