0 1
0 2
0 3
0 4
0 5
0 6
0 7
0 8
0 9
0 14
0 17
0 20
0 22
0 23
0 24
0 36
0 37
0 31
0 41
0 45
0 49
1 0
1 2
1 5
1 6
1 7
1 15
1 18
1 22
1 23
1 25
1 26
1 33
1 34
1 37
1 39
2 1
2 5
2 6
2 8
2 9
2 10
2 11
2 14
2 17
2 19
2 20
2 21
2 25
2 26
2 33
2 34
2 35
2 36
2 38
2 39
2 41
2 44
2 45
2 48
3 2
3 4
3 6
3 10
3 12
3 13
3 16
3 19
3 20
3 25
3 27
3 35
3 38
3 39
3 41
3 42
3 44
3 46
3 48
3 49
4 0
4 2
4 3
4 6
4 7
4 9
4 12
4 17
4 19
4 21
4 25
4 26
4 32
4 35
4 37
4 30
4 31
4 40
4 44
5 1
5 2
5 4
5 7
5 9
5 10
5 11
5 13
5 17
5 18
5 22
5 23
5 28
5 29
5 32
5 33
5 34
5 36
5 38
5 39
5 30
5 31
5 46
5 47
5 49
6 1
6 2
6 3
6 4
6 5
6 11
6 12
6 14
6 18
6 19
6 20
6 21
6 22
6 24
6 26
6 27
6 28
6 32
6 34
6 37
6 31
6 41
6 42
6 47
6 48
7 0
7 1
7 2
7 4
7 5
7 6
7 11
7 12
7 13
7 14
7 19
7 20
7 22
7 27
7 29
7 35
7 41
7 42
7 44
8 2
8 3
8 4
8 6
8 11
8 16
8 17
8 20
8 21
8 22
8 26
8 27
8 29
8 32
8 34
8 35
8 38
8 39
8 42
8 45
8 49
9 2
9 5
9 6
9 8
9 12
9 15
9 16
9 18
9 20
9 27
9 29
9 33
9 34
9 35
9 36
9 30
9 31
9 41
9 44
9 45
10 0
10 2
10 3
10 5
10 6
10 7
10 9
10 11
10 12
10 13
10 14
10 15
10 16
10 17
10 19
10 20
10 21
10 24
10 28
10 34
10 35
10 36
10 38
10 41
10 46
10 47
10 49
11 1
11 2
11 8
11 10
11 12
11 13
11 14
11 15
11 16
11 17
11 24
11 25
11 32
11 34
11 35
11 39
11 30
11 41
11 44
11 46
11 47
11 48
11 49
12 3
12 8
12 9
12 10
12 11
12 13
12 15
12 19
12 22
12 23
12 25
12 27
12 28
12 29
12 35
12 31
12 40
12 42
12 44
12 46
12 48
12 49
13 2
13 5
13 6
13 7
13 8
13 10
13 11
13 12
13 16
13 17
13 19
13 20
13 22
13 23
13 24
13 26
13 29
13 35
13 37
13 30
13 40
13 42
13 43
13 44
13 47
13 48
14 2
14 8
14 9
14 10
14 11
14 13
14 16
14 19
14 22
14 25
14 26
14 32
14 37
14 39
14 31
14 40
14 41
14 43
14 45
14 49
15 0
15 8
15 11
15 12
15 13
15 14
15 17
15 21
15 22
15 23
15 25
15 26
15 27
15 33
15 34
15 36
15 41
15 42
15 45
15 47
15 48
16 1
16 3
16 5
16 10
16 11
16 12
16 13
16 17
16 18
16 23
16 25
16 27
16 32
16 34
16 36
16 39
16 40
16 48
17 1
17 2
17 6
17 10
17 11
17 12
17 13
17 15
17 19
17 20
17 21
17 23
17 25
17 27
17 28
17 29
17 36
17 37
17 38
17 41
17 43
17 44
17 46
18 1
18 2
18 6
18 7
18 9
18 10
18 13
18 14
18 15
18 17
18 19
18 21
18 22
18 23
18 25
18 26
18 28
18 32
18 34
18 35
18 39
18 48
18 49
19 2
19 3
19 4
19 6
19 10
19 11
19 13
19 17
19 22
19 23
19 24
19 25
19 29
19 34
19 39
19 30
19 31
19 44
19 45
20 0
20 4
20 5
20 8
20 11
20 13
20 15
20 21
20 22
20 24
20 26
20 27
20 28
20 32
20 34
20 36
20 41
20 46
20 48
20 49
21 1
21 2
21 3
21 5
21 15
21 20
21 22
21 24
21 26
21 28
21 29
21 33
21 35
21 36
21 39
21 31
21 42
21 46
21 49
22 0
22 1
22 3
22 8
22 12
22 13
22 16
22 17
22 19
22 21
22 23
22 27
22 28
22 29
22 33
22 35
22 30
22 31
22 40
22 45
22 47
22 48
23 1
23 6
23 11
23 12
23 14
23 15
23 20
23 22
23 25
23 27
23 28
23 42
23 44
23 46
23 49
24 1
24 3
24 4
24 6
24 7
24 10
24 11
24 12
24 13
24 20
24 21
24 23
24 25
24 26
24 33
24 34
24 35
24 36
24 37
24 30
24 31
24 44
24 45
24 46
24 47
25 0
25 1
25 5
25 10
25 16
25 20
25 21
25 24
25 26
25 27
25 28
25 33
25 34
25 38
25 30
25 31
25 40
25 41
25 43
25 45
25 46
25 49
26 0
26 2
26 8
26 11
26 14
26 15
26 20
26 21
26 22
26 25
26 27
26 28
26 33
26 34
26 36
26 39
26 30
26 40
26 43
26 45
26 48
27 0
27 2
27 5
27 6
27 8
27 12
27 19
27 20
27 21
27 22
27 23
27 24
27 25
27 26
27 32
27 35
27 37
27 40
27 41
27 43
27 46
27 47
27 48
27 49
28 0
28 8
28 10
28 13
28 15
28 16
28 17
28 19
28 20
28 22
28 23
28 24
28 25
28 26
28 27
28 36
28 39
28 30
28 31
28 40
28 46
28 48
29 3
29 4
29 7
29 8
29 10
29 12
29 19
29 20
29 23
29 24
29 25
29 27
29 28
29 32
29 33
29 35
29 37
29 39
29 40
29 41
29 42
29 43
29 47
29 49
32 1
32 3
32 5
32 9
32 12
32 13
32 14
32 18
32 20
32 23
32 24
32 29
32 35
32 36
32 37
32 39
32 30
32 31
32 40
32 42
32 44
32 46
32 47
33 0
33 2
33 3
33 4
33 6
33 8
33 9
33 10
33 11
33 12
33 14
33 19
33 20
33 21
33 24
33 29
33 32
33 35
33 37
33 39
33 30
33 40
33 42
33 46
33 48
33 49
34 0
34 3
34 4
34 7
34 9
34 13
34 16
34 17
34 19
34 21
34 23
34 25
34 27
34 32
34 35
34 36
34 37
34 39
34 30
34 31
34 43
34 45
34 48
35 2
35 4
35 8
35 9
35 10
35 14
35 16
35 17
35 18
35 19
35 21
35 23
35 27
35 29
35 32
35 33
35 37
35 39
35 31
35 40
35 42
35 47
35 49
36 0
36 1
36 3
36 8
36 9
36 11
36 14
36 17
36 19
36 21
36 23
36 25
36 26
36 32
36 34
36 37
36 38
36 30
36 40
36 43
36 45
36 46
36 48
36 49
37 0
37 1
37 9
37 12
37 14
37 16
37 18
37 25
37 26
37 27
37 29
37 33
37 34
37 35
37 36
37 38
37 39
37 31
37 41
37 44
37 45
37 48
37 49
38 0
38 1
38 8
38 12
38 18
38 24
38 25
38 26
38 28
38 29
38 36
38 39
38 31
38 40
38 41
38 44
38 46
38 49
39 1
39 3
39 4
39 8
39 10
39 11
39 17
39 20
39 23
39 26
39 27
39 32
39 33
39 37
39 30
39 31
39 41
39 43
39 44
39 45
39 46
39 49
30 1
30 5
30 6
30 7
30 8
30 12
30 15
30 20
30 25
30 29
30 33
30 34
30 35
30 36
30 38
30 39
30 31
30 40
30 43
30 45
30 46
30 48
30 49
31 0
31 2
31 5
31 6
31 9
31 10
31 11
31 13
31 14
31 15
31 19
31 20
31 24
31 25
31 29
31 32
31 38
31 39
31 30
31 43
31 46
31 48
31 49
40 1
40 2
40 7
40 9
40 14
40 18
40 20
40 21
40 33
40 36
40 37
40 30
40 31
40 41
40 43
40 45
40 47
41 2
41 4
41 7
41 13
41 14
41 15
41 16
41 18
41 22
41 24
41 26
41 28
41 29
41 35
41 36
41 37
41 38
41 39
41 30
41 40
41 42
41 43
41 47
41 49
42 2
42 3
42 5
42 6
42 10
42 11
42 12
42 19
42 22
42 23
42 33
42 37
42 41
42 43
42 44
42 45
42 47
42 48
42 49
43 0
43 1
43 2
43 3
43 4
43 11
43 14
43 15
43 16
43 17
43 19
43 22
43 23
43 29
43 32
43 34
43 38
43 44
43 46
43 47
43 48
43 49
44 0
44 3
44 5
44 10
44 14
44 17
44 18
44 21
44 22
44 24
44 29
44 32
44 34
44 35
44 37
44 31
44 41
44 43
44 45
44 46
44 48
45 0
45 4
45 5
45 6
45 9
45 15
45 18
45 19
45 23
45 37
45 42
45 43
45 44
45 48
46 0
46 1
46 7
46 11
46 14
46 15
46 16
46 19
46 20
46 25
46 26
46 28
46 32
46 35
46 36
46 37
46 31
46 41
46 42
46 44
46 48
47 12
47 14
47 17
47 18
47 19
47 23
47 27
47 29
47 33
47 34
47 37
47 38
47 40
47 42
47 43
47 49
48 1
48 4
48 5
48 7
48 10
48 11
48 15
48 17
48 18
48 19
48 20
48 21
48 23
48 25
48 32
48 38
48 30
48 31
48 40
48 41
48 44
48 45
48 46
48 49
49 0
49 1
49 3
49 4
49 5
49 8
49 9
49 11
49 12
49 15
49 19
49 21
49 23
49 24
49 26
49 32
49 37
49 38
49 39
49 31
49 41
49 42
49 43
49 44
49 47
