input_data/5_10_graphs_0.5g_0.5ng/graph_sample_29 0.5400781631469727
0,0.14556668416027338,0.354233418307563
2,0.049455794642697656,1.0
3,-0.30606829714064715,0.580906991599125
4,0.7075654091948285,0.36927730425225186
8,-0.20065601490928525,-0.17056718506003796
9,0.5524149735579587,-0.28958298257864024
11,-0.36218514064123297,0.12217660264254844
12,0.34906852976834785,0.5572917321268245
15,0.4503768449598312,-0.7711483119149518
19,-0.5169672387519092,0.17756272848712457
21,-0.45229217023784807,-0.06637675180655235
22,0.4389776585287736,0.7792108921125827
24,-0.10078019988836902,0.12507220712923667
25,0.5994927202700369,0.5281307065343808
27,-0.2744175671804727,-0.6662290048394662
32,0.022116701698339875,0.62275571440754
35,0.15581976225001823,0.13995339278476385
37,-0.5492166111382062,0.5042185743386157
38,0.4723872696136502,0.3340678919568124
39,-0.23590767417645042,0.8721908571030055
41,-0.04144449249826987,-0.8320631971867952
44,-0.847984335888244,-0.2701091740649819
47,-0.06772239535482141,0.5967508150571109
1,-0.7293498551237176,0.49792428350816137
5,0.04067652449075235,-0.5278462130048183
6,-0.8587934476833603,0.06809131962605497
14,0.1819565930535186,0.704519523996853
17,-0.4029309607414445,0.614366994381873
20,-0.2849422012371251,-0.7571210792093795
26,0.18492393964129394,-0.016121852861536633
34,0.7739023259216198,0.17243554744963946
36,-0.5512932143310043,-0.5110102135763039
30,-0.7487077929290706,-0.12014399605961053
31,0.0811767657841634,-0.3573294369032302
43,-0.18904482457791102,0.2886301355225981
46,-0.6896581796394748,0.17487856535792243
13,0.9291352261426449,0.05557044916211713
16,-0.7036885385671716,-0.5035127599128243
29,-0.5858699592534794,-0.264645092766654
48,0.20239288736542854,-0.14572476723956507
7,0.41625751671517824,-0.28844430810555544
23,-0.3321414951837622,-0.5092821037185145
33,0.6945289746487946,-0.09423107778864354
40,0.5265496801780434,0.08565003160923147
28,0.2420916376305346,-0.722521259953172
42,0.40640512552596403,-0.5571715201299908
45,0.7871213930010935,-0.2584106990580839
49,-0.07700622746682421,-0.24137888362536608
10,0.5543916856636826,-0.45528529472771007
18,0.14431621013263313,-0.929609513361552
