0,-0.16110241839508857,0.9540138993910536
2,-0.22418088365557626,-0.8678295565643658
5,0.9122930980392987,0.2900816127866056
6,0.4560153398952003,0.2485399548565663
9,0.18506004845122553,0.9265654045851853
10,0.5292914406610572,0.9230621099938143
11,0.6404382218693033,0.4470694926181293
12,-0.6138566299246997,0.31657940882451036
15,0.5279649264528405,0.37965660642172516
18,0.7435878034976234,0.0280148602518031
19,-0.0023260343855750925,-0.21064827741438946
20,-0.36878839045557393,5.359670055502574e-05
21,0.11630983452235774,0.5978130414053373
27,0.3706060653429841,0.6854339782244553
28,0.13835531218938454,0.4044656639767112
32,0.3159629326499144,-0.4136942637864629
33,-0.4005345396729794,0.4972728532248481
34,-0.09270857805137289,-0.3075441577902813
36,-0.13873846681023774,0.6055213490572323
38,-0.24750072409519927,0.3844447536099728
40,-0.3120567816892199,0.8137546313310431
43,-0.838380827380785,-0.9045493716332714
46,0.28290404091236604,-0.19505691034906483
47,-0.9122963963326608,0.1901015421646706
49,0.16694258719586128,0.11793847505434911
1,-0.5232384786082193,0.8863215577285003
3,-0.7020798352397463,0.630122701074735
16,-0.02779466938464697,-0.6450119330249804
22,-0.13773704346609653,0.12870966270364723
24,-0.7766693692497079,0.41686841358699533
29,-0.8376563545391871,-0.04252119454605002
39,-0.6395784186805075,-0.06721032108725486
31,-0.23367482532555142,-0.5743480643402249
44,0.4590225356302771,-0.8366252144447253
7,-0.5996109761157399,-0.5538347557665518
8,0.8141726079015819,-0.22885811679490403
14,-0.7499574035436604,-0.4027725014832018
25,0.645622775732936,-0.5959372334649544
30,0.08698059911504677,-0.9494349578464855
41,0.631644341565493,0.6650050762563056
42,-0.991308676822462,-0.24752126153630374
45,1.0,-0.4151897540022464
13,0.5636556582486423,-0.03275869483903627
23,-0.44860218099327387,-0.3494202776807131
26,-0.31389025070487236,-0.711978685223479
35,0.6041701634763644,-0.31938288914898877
37,-0.4447874865777877,-0.12775760419355853
48,0.3619197139403248,-0.5739735207062795
4,0.9543116966281344,-0.07373967144045017
17,0.23182489618220878,-0.8898114567205282
