input_data/5_10_graphs_0.5g_0.5ng/graph_sample_6 0.5529799461364746
0,0.29705576873581124,0.6948807586276399
3,0.08594169981778395,-0.8054082970364934
5,0.06311206539384616,-0.1833030683127743
6,0.2751728038174189,-0.7055542103317216
7,0.863331095202076,-0.18066521438901792
9,0.1971092910074566,-0.5581545853184016
12,0.30197560940164103,0.06029022060888921
13,0.798691836653859,0.2393804188498139
15,-0.2871099116020584,0.7984110028794519
17,0.5882825515927776,0.7162294110901398
22,-0.3452495893303212,-0.09419666781000748
23,0.4407628376741494,0.479469252120603
24,-0.04347587900764338,0.4806197112198536
33,-0.538389106374787,0.7844500800727479
34,0.01766140549015867,0.3482469521502988
39,0.17745306727515558,0.31189557699602666
30,-0.6973555822464585,0.19754349666355858
41,-0.9064263578403416,0.33211824623301
43,0.7739507302244462,0.5106828731002558
45,-0.529850674542421,-0.23254979808039353
46,-0.6738021525652222,0.42734877310326475
47,-0.5631436949168176,0.5701435810982745
48,0.5227224691444272,-0.26774268067691875
1,-0.434823982362216,-0.6857745653672961
2,-0.6598703018727671,-0.36549205301275306
4,0.37103946573994695,0.20299154496557592
8,-0.31515287405313863,0.4993374659107508
11,-1.0,-0.19750231905898158
14,0.5589063038394194,-0.8666501184511737
18,-0.751360727821677,0.10104222361250834
19,-0.11622612233537394,-0.9496732827900518
20,-0.3444368492974891,-0.9253635123146726
26,-0.35198051623883975,0.14483362523964263
29,-0.15210192748929602,-0.6162184062697619
37,-0.44390175998835774,-0.4948834807540673
40,-0.8563386353851211,-0.5820474517731329
42,0.763843856794719,-0.4080170776075843
49,-0.06413050526415152,-0.4798690376911009
10,0.09338538171537951,0.988224021489632
16,0.42485250733585717,-0.4083326488150141
21,-0.7089847470403078,-0.16514895050123213
27,0.9960648150378765,-0.011099279452581103
32,-0.15713607972373494,-0.22357523475688318
35,-0.15439387168153867,0.19646048736828856
36,0.2565685415145288,-0.12168868559850292
44,0.6073488604288282,-0.602084684886555
25,0.8433838277538248,0.41509184574137414
28,-0.08945769322446794,0.7913666835868913
38,0.2577804719258004,0.8728065518207562
31,0.6087022786873612,-0.032869493492174544
