input_data/5_10_graphs_0.5g_0.5ng/graph_sample_21 0.6416878700256348
0,0.5959311340353222,0.6475064421885596
2,0.5597853887680503,-0.6096824001750264
3,0.9435048190551777,0.037921380972794114
5,0.04304502586925297,0.8516993831832851
6,-0.6633002290401687,0.8544941738731004
7,0.5347403249092757,0.28274943503723665
11,0.9964996600907532,-0.6218835815332043
12,0.21936630623327366,0.6132552186690502
14,0.21429183006792543,0.883795457559264
16,0.08000757135834387,-0.584018108863773
18,0.6740710423968435,-0.46299838506959423
19,0.7871360449895215,0.8343996437461618
21,0.7261760458141241,0.18329151150367
24,-0.2980784754258469,0.6603986697034039
26,-0.21313656258468003,0.9743659286637979
29,-0.17907995281166234,0.08669033953042368
31,-0.3229581905589158,0.8922434729113252
41,-0.9123007275199725,0.325167893344056
42,-0.833281314053057,0.5378497946107667
44,-0.4621006769361546,0.15745266187522192
45,-0.6341756883249619,0.353351904417096
48,-0.6473653665201775,-0.13010649034494418
49,-0.34187398199843516,-0.19114793406658262
1,-0.8691770839094497,-0.10387812220314359
4,0.23572835173557194,-0.4089884983705039
8,-0.4364235617537185,0.4768512588731548
9,-0.0010028723349777048,0.2872227658595329
13,-0.0558597537536732,-0.41516480140119427
17,0.48100064211686344,0.7980954403672305
20,-0.909979741903059,0.13073792217887598
22,-0.3493579370778374,-0.4678798541817148
23,0.0991097556130834,-0.8456980616082703
32,0.21297067864470787,0.39906974456588973
34,-0.7607848520113686,-0.5144067276518114
36,-0.679053000998651,-0.3518791942654462
38,-0.6857985966287544,-0.7966906899577955
39,0.2854799816855863,0.08386741064425816
30,0.3676207608643919,-0.8652710753274587
43,0.06751813337503781,-0.18946682012764476
46,0.5194839262130535,-0.3016550377972286
47,-0.9470275054678308,-0.40173298906049315
28,0.5082708455060521,-1.0
33,-0.06162554935508711,-0.955032532187198
35,-0.27235898227824623,-0.7812646876870153
40,0.8260159072052866,0.45860229096592897
10,0.4030546808842713,-0.09976575905481667
25,0.8825120745160077,-0.07081364415784204
27,0.8245247722594149,-0.20270932417923762
37,-0.14971714652553508,0.39156044044742266
15,-0.40202795443497225,-0.8305058664195675
