0,-0.0735721621110071,0.07916072725713603
2,0.6097047641148479,-0.04657124138548081
3,0.7782702042829829,-0.14906293304013768
4,0.4792835334182864,0.476769874847897
5,0.3880623484618752,-0.22890646410809143
6,0.6818193069495435,0.2826715219513408
7,0.6283326590829406,0.5618145762048353
9,-0.5115847165313941,0.10838888451007056
13,0.78417131193645,0.08293750912806973
15,0.06196072601694252,0.5215696228481406
18,0.30817741993939,0.2883067161748744
26,-0.21065731604398127,0.8912751472560436
27,-0.7674162647407862,0.1678105643985285
28,0.6493556281366027,-0.3441258492882053
32,-0.20860040591794682,0.5502954251356358
33,-0.6429821025635003,0.3293608662845428
36,-0.25358499340314455,0.7364111806636763
37,-0.5236602867808497,0.46318120204007746
38,-0.017845718573223132,0.4049905100688554
30,-0.5407168494172544,-0.022189171934339533
41,-0.2709862169090339,-0.4568734007686984
43,-0.35940723455469376,-0.2014365159638131
44,-0.42320796173590935,0.6970768050916901
46,-0.3419948074394646,0.23850019379658566
48,-0.9228856394650709,-0.24842210868006068
49,0.47849673291393724,-0.7701101153906142
1,-0.7485371390220857,-0.04834658204995248
8,0.3636108306372607,0.7214494744827638
10,0.006816834020978672,-0.6427179715978011
17,-0.3729800886951328,-0.6019489853589471
19,0.08928235115060112,-0.24210043314004687
20,-0.18550338821818124,-0.6770678323716226
21,-0.07982508622498868,-0.15831023146545498
24,-0.018251878598803135,-1.0
29,0.12456456139081044,-0.5508630050324776
35,0.1539767576187311,0.0009202029674098239
39,-0.6843734160404724,-0.2881590494826659
42,0.255548071120684,0.7820491239746057
45,-0.6832765538135203,0.6340482474037007
47,-0.4310615392901764,-0.3117011122144589
11,-0.27714442043068743,-0.8898581693079488
12,0.8150683036530533,0.4070483285117395
14,0.22246861609901408,-0.31520308163725325
22,0.0896972662404021,0.7642285589421424
23,0.4791729404799776,0.11878052451814725
25,0.5284056241932609,-0.5888162632934231
40,0.11931305031698321,0.20867270949586822
16,-0.6466219611505344,-0.6009253890817581
34,0.7691908578027374,-0.4735735671209223
31,0.33192744769354815,-0.6604290242402037
