0,-0.21854131076822803,0.8637260711024523
1,0.9802632459391271,-0.3923909315697075
2,0.816885315718749,0.6741978589936716
3,0.6048325655997145,0.3135896304925858
5,0.38050209394503604,0.6645436544784498
8,-0.7315125859389126,0.08724836449890629
9,0.5388026692464507,-0.49911214626805156
10,-0.48990941772481716,0.15186526605564699
12,0.9087043345515918,-0.1648041277585169
13,-0.39805608256682606,0.838653595568688
14,-0.08337221362795347,0.5497050799849916
16,0.5153002544169488,0.7445259573377188
17,-0.5377228710487615,0.43844732376861667
18,-0.594003444799187,-0.19331004695127038
19,0.29536626921938586,0.9800882068913165
22,0.7405979487878263,0.06853780780557725
23,-0.9852620890847245,-0.38874753211326274
24,0.19973529991218578,0.17364002256071956
25,0.2824757634800974,0.012550077903106017
26,-0.346016252813387,-0.29984239335737484
27,0.006701303392972098,0.989455294413697
34,-0.8110746273693259,0.2954166860369638
35,0.01982742170466172,0.047491711576394174
36,-0.4749265823526395,-0.9196313509993814
38,-0.7094435790283833,0.7929981419008575
39,0.9232999642960147,0.20809241669686576
31,0.12807502413473687,0.7294037659270539
40,-0.3233159208084044,0.06441083886256568
41,-0.9334995136738137,-0.265545491059017
42,-0.8610840710599499,0.6259384966874953
44,-0.679915119270989,-0.6627519453225206
46,-0.32048042692187156,-0.6898029327752756
47,-0.5968370822510362,-0.4739648973911024
49,0.3842880838537638,0.4749896518417971
15,-0.22554769642507325,-0.9465934323275885
20,0.4182806978973111,-0.6180262509890498
21,0.35154858817437856,-0.9338156415123421
32,0.38120355784658244,-0.18658293081419003
33,-0.1718288501949338,-0.69002411280818
43,0.0523414553904798,-0.297771491216717
48,-0.01158920680281706,-0.47405987238126324
6,0.1584239016519757,-0.7166957576382728
7,0.5308818326597473,-0.7333121410428656
29,-0.09440557925293633,0.3097655104687468
45,0.7562649078676944,-0.5334610777483397
4,0.6375552621061028,-0.13051592661060943
11,-0.37087426092002995,0.5340375489698153
37,-0.9742782399278299,0.05847473675962112
30,0.10316336389074049,-1.0
28,0.828175898948557,0.5189687130705777
