0,-0.32920015049038853,0.5619850988791575
1,0.0990375331178146,0.16703492246463766
2,0.5127213677967886,0.19120553286924294
3,0.17005825969596064,0.7683331933895116
4,-0.6478113158089529,0.09704183457242256
6,0.8298706292804057,0.052689703206897545
10,0.21874079329634233,-0.4743334835719566
11,0.7652440368362151,0.4064435265799232
12,0.2550721834064209,-0.02780863466076262
13,-0.7336790331019385,-0.07110704359098155
14,0.8194858208909036,-0.028087504589741647
17,0.5840419838157047,0.512429622069655
18,-0.7985390214864057,0.3557395280503617
20,0.15564169230710453,0.2948563598390636
22,-0.35250397336686806,0.7526314647677069
23,-0.9221618431691826,0.21019623494950448
28,0.1740494013368098,0.5491261018607672
29,0.7556517515521807,-0.3962358472675805
32,0.6944344816902948,0.8602003183442402
34,-0.39479375058639715,0.03229017169287439
35,-0.1413204313152154,0.7559483818308941
36,-0.002238459546371971,0.9137791415996358
37,-0.4744796923216952,-0.1437328944463767
38,-0.4503665859830675,-0.8801520917058889
42,-0.6705584659065502,-0.5614024706305929
43,-0.19950127253935906,-0.2779221574367969
44,-0.7074469140090327,-0.33283461430070727
45,0.36577511970812676,0.3450312827062679
46,-1.0,-0.32565977968274723
48,-0.3179287231818875,-0.7816322532085513
49,0.6798101586793339,-0.5392059674141572
7,-0.726967376199254,0.6700555966338655
8,-0.10285871503358761,-0.8633796888291203
24,-0.4796246705826741,-0.4567677936985343
26,-0.11671028844393184,-0.07924140843635623
27,0.19956481130968237,-0.9460177428752271
39,0.5312465730218938,-0.15871748122343776
30,0.7165032352586037,-0.24895187821839368
40,0.4235934825164005,0.7742784146522849
41,0.2829607271760808,-0.3161631932159167
5,-0.548116977122348,0.45278260090830524
9,-0.11484227040248164,0.3158879024908455
15,-0.0942897051388771,-0.3549466342723863
16,-0.057202276575801785,0.5353422134676319
19,-0.38018573249124216,0.20134156176482218
21,0.06135905813032976,-0.6490920334113175
25,0.4508120367519831,-0.7897257209314911
31,0.4742933696994019,-0.6126633874511225
33,0.7551210220175826,0.18207865035193083
47,-0.21176188448885308,-0.6429476548723045
