input_data/5_10_graphs_0.5g_0.5ng/graph_sample_49 0.5715653896331787
0,0.17484320035572282,0.9812844644301595
2,-0.20373116004021488,0.2875774936481327
3,0.5155601218010193,0.40700345974294433
5,0.7852106085307239,0.14742265018713502
6,0.5665452700980619,-0.32030373476996077
12,-0.2419071989446805,0.5539034691747223
13,0.6196177088444195,0.30944225234913275
14,-0.6108699109281888,-0.02542073422265711
16,0.8059433014254487,0.4841615833839736
18,0.30199951832107835,0.6105187512759945
20,-0.2529940912147828,1.0
21,0.15155458922246542,-0.31005909883332944
22,-0.11095458893780376,0.730262871369322
23,0.10636522267212621,0.5355752757391519
24,0.07598504618530769,0.16770785016824447
25,-0.009175291229268936,0.62721244832565
26,-0.5221419996635805,0.5814993766519686
27,-0.2954718894859191,0.08547797138419483
28,-0.6413079348314938,0.363512607141285
29,-0.2597399742065274,-0.2024106411398254
33,-0.17871884211843295,-0.5636189252450434
37,-0.2567886123381909,-0.4000503846659657
30,0.8789322574866183,-0.3627607541003073
42,-0.8883292274753494,0.21493113320727542
47,0.37849815220082067,-0.6650423758688858
48,0.2835933038804103,0.3688017944753828
49,0.5281735881975783,0.8008992382114709
1,-0.7868725722777488,0.5152651584329312
4,0.23852465226864666,-0.5942830698267573
7,-0.5175123414586206,-0.6877313771549175
8,-0.8880618760602749,0.01616117132820645
9,0.01746936833610602,-0.7821820993919051
17,-0.8890987807620478,-0.1339452170363594
32,-0.43816112712451544,0.1475009564272705
35,-0.7138518436139374,-0.3540288776942821
38,0.3496868197381558,0.15074340230081937
40,0.19233755016587617,-0.8655538971575455
41,-0.6365845068592927,-0.5418792921969622
43,-0.27943826864325083,-0.737815845647812
46,-0.07782295519483945,-0.12227750324862847
10,-0.5243105977949383,-0.3714412426818076
11,0.7551831887215013,-0.1016042666184752
34,0.47006696320512253,-0.044315664723674694
36,-0.3713186150646868,0.5829732067023153
39,0.8384696701014844,0.01611362694034589
44,-0.12809407399866013,-0.8334246643165694
31,0.7009386176374299,-0.7765560684933945
45,0.1273692972326375,-0.16317538367740558
19,0.527091124558197,-0.5515397737919825
15,0.33329913908028913,-0.17453132049357553
