input_data/5_10_graphs_0.5g_0.5ng/graph_sample_31 0.5567018985748291
0,-0.6942085878171049,0.7705294491108821
1,0.22037259472032233,-0.5849443500168949
2,0.8145789821796445,0.3135425973758701
5,0.6010477925444709,0.663067714673865
7,-0.11440765741328372,0.6612225203288242
8,-0.4139684350290817,0.6147056195938967
12,0.3948747597158987,0.1335310818132076
14,0.15375534817409894,0.304610107361028
15,-0.025683612693978373,0.18249067212235637
16,0.4766192269912516,0.3766870183569528
17,0.08437641057140936,-0.2296361930940599
18,0.21338712280980845,0.8407192945648942
20,-0.014106450797670107,-0.5894009686306232
21,0.12068630714987959,0.7685047946221697
28,-0.31095500981965635,0.1906551529190258
29,-0.2040364869288491,-0.5709787463308468
32,-0.7488612419524737,-0.08715563922967118
33,-0.40416618787479663,0.7561598468065557
34,-0.1635981969631059,0.47375609010995834
36,0.47801630146633567,0.9042033380409483
39,-0.4463356122772487,0.24220601359183258
31,-0.6263809250771398,0.25645674012797515
43,0.20846441997120035,-0.8998347644646415
46,-0.7070989071975086,-0.4859916853028133
47,-0.36830930023280894,-0.009416332769634318
48,0.6880244653550156,0.5567395211027187
49,0.23732181530349647,0.5371440673471705
3,0.9002356284901261,-0.49225887292412024
4,0.6734659315193449,-0.27061537995708745
9,-1.0,-0.0435586532928488
10,-0.3021069277166743,-0.25472556944306884
11,-0.47497504187555534,-0.5044218222045393
19,-0.9180834609449151,-0.3047194651432983
22,-0.08024317353938157,0.9693206865438049
24,0.8075594456421177,-0.02242268849235549
25,-0.04938363412764675,-0.8751244411885009
27,0.23335243546215842,-0.3385335316051179
35,0.47080960993209703,-0.6369397946915536
38,-0.4638648758235228,-0.3322240480397643
40,-0.39907807932978495,-0.8948659585303177
41,0.1938862872081055,-0.024643284824210018
42,-0.6109791349158126,-0.9259532832528766
44,-0.6820575306412641,0.44459525098412017
13,-0.09500405349393744,-0.3042502662312021
37,0.6510797947665514,-0.45963759326922354
30,0.7951180312710929,0.10292641475700805
45,0.9250320938491104,-0.0882679322082286
26,0.4021105801729586,-0.17824654057729009
6,0.4485346631782632,-0.8534617277459806
23,-0.8748175239615573,0.1984555412057052
