0,0.024553363518324614,0.8707762619408256
2,0.3088740464972579,0.6350569093591019
4,-0.7807725034654132,0.02488647234096825
5,0.5443997092855033,-0.10504093087964192
7,-0.06688806669682586,-0.6408569598254802
9,0.26695322947799033,0.14656168435690706
11,-0.17987419705552246,-0.07743688069915475
13,0.27753569151195867,0.45307813354983356
14,0.2797152288304971,-0.3611384865821736
17,0.7268561041923074,0.04185504736295535
20,-0.49395209545972185,-0.3026653043248492
21,0.6319119328891531,0.6852030986807731
22,-0.46232715234214705,-0.15627668318939053
23,-0.6589815942574178,0.09946641213847152
25,0.14347206368623053,0.35366988185254955
27,-0.5536075108567202,0.2849173586356955
37,-0.7141087707099787,0.526671001161081
38,-0.35455743975725595,0.14923547323682895
30,-0.39780821112455217,0.48944900921565015
31,0.9087024518755996,0.34831358402332274
40,0.8332035936264538,0.1065184952135595
41,-0.006537265505555771,0.5881435012782416
43,-0.8804598371872662,-0.21010438711240947
45,-0.02740056736631562,-0.37641773467834516
46,0.5749906502190718,0.3403465425081897
49,0.22944341688122535,-0.7594366991326673
1,-0.5899791339089151,0.688784315867268
3,-1.0,0.28155468038472253
10,-0.36320923442144726,0.8435910119373289
15,-0.1076672267362596,0.7299839684196807
18,0.5880362059730319,-0.6944879908616114
26,-0.09333274500989763,0.2122621439826224
36,-0.8317181101812647,-0.3864155167947876
39,-0.5043543689961549,-0.4796077788974419
6,-0.28891295476701045,-0.6920868021905642
8,-0.25551682429145833,0.5043828568060957
29,-0.11180830748120477,-0.24508372919504934
32,0.9116300690958208,-0.21099683008627773
34,-0.6285531274983225,-0.749588413384591
12,-0.45817789067098896,-0.715483370789376
42,0.13191452344124324,-0.6355934553820453
16,0.6392457632075608,-0.4510090797380804
19,0.32028235480568434,-0.14421698233651492
24,0.6939986431264742,0.4632146800150788
28,0.6659085018344467,-0.22980163761612593
35,-0.087960447806496,-0.9688443813549213
47,0.31186039665373116,0.9217766729894435
44,0.05783112600671508,0.06296457262398993
48,0.34663933870948566,-0.7607130078687011
33,0.4805071782083445,-0.49936072696098527
