0,-0.06719408709767406,0.6301529865834548
1,-0.42153230235059874,-0.22087506443805938
3,0.7105652470785307,-0.45747091761353126
11,0.48946586503164224,-0.03355155399261048
14,-0.21323320037969393,0.008986581812282384
17,0.028408564922516193,0.18820423375308842
18,0.6172449094723965,-0.2480291043696423
19,0.6361169036569424,0.4116739536442817
21,0.23996173633002685,-0.6764759140256148
25,0.11922509801767989,0.7965407275606007
26,0.7532166989123317,0.23861670401708912
27,0.5877331868970702,0.605339827992375
29,-0.7128671057701088,-0.24143932760672976
33,0.42751736615665237,0.24931762838754645
34,-0.4986410489211488,0.17659201140505087
37,0.23132770665678795,0.7391101501296247
38,0.510300016907454,0.7491062334415123
30,-0.4344558663978856,0.7182152535720862
40,-0.6464016190040276,-0.49585091704798895
43,-0.854962276526797,0.2742507882369645
45,-0.4966509137895362,0.4560171808080883
46,0.0386341594123095,0.3559781163099391
48,-0.7942895894903661,0.062345853596901084
4,0.19149364525677354,0.4019683662461483
5,-0.8410320428918484,-0.23356144276505075
6,-0.817448577729443,0.4558043679862698
8,-0.3946960504636168,-0.7021053881376575
12,-0.2964541871522119,0.4742586261386368
13,-0.1879064160384739,-0.5366214372453654
20,0.7439149264997486,-0.1804946673844964
22,-0.00987350527834247,-0.36404027805951006
23,0.08998191077640594,-0.685913568351932
32,0.6759705463097385,0.02219058905154658
35,-0.3441877552437436,-0.8486246711941361
36,-0.6496531390610651,0.0877657962163794
39,0.14616866279898322,-0.02285600586336051
31,-0.030807214984718195,-0.7014478236471453
47,-0.5587443861116483,-0.5107736966461406
49,-0.2878317599739447,0.24850002086144435
2,-0.12366329172793264,-0.17449834030284772
7,0.3230280924682516,-0.37205962334837067
9,1.0,0.04729768609952061
15,0.534239830084021,-0.7263280052974606
24,0.5173326907468779,-0.4701365036714378
42,-0.3068729589602736,0.8268207847323534
44,-0.1686234071032896,0.7328131235530939
16,0.4364698985478712,0.4356125501943078
28,-0.30508724303392937,-0.3730144787599621
10,0.2768788650993912,-0.16285029103243742
41,0.13791341744191699,-0.9544611215290979
