0,0.8826458061170572,-0.4619614559786525
5,-0.678489403063522,-0.7363209936100362
6,0.38331470673374823,0.5095043473263662
7,0.8232582556472863,0.4840518418064383
11,0.32858987344200974,0.8894845491362688
12,0.3488452428547944,0.6761093408325426
14,0.05202915642355891,0.7474262533412306
17,-0.49074099119062037,0.062324528370275765
22,-0.107639735163406,0.49524896486152475
24,-0.08453808359513128,-0.9507133407231859
27,-0.03578357592975219,0.2874148022542577
32,0.20163032004578982,-0.06061022914208741
36,-0.6224395099400452,0.26719532038947424
30,-0.3509496815085169,0.5687968040388394
40,0.4296692144210899,0.11717096635203765
44,-0.6208798744716958,-0.4939437369007782
1,-0.75601650262264,0.4259486577250415
10,0.7190957145061884,-0.12734929002477643
15,-0.150936731222856,-0.14489720321736776
18,-0.19394375766419156,0.7655746720460582
20,-0.9807351766142338,-0.06822930077969033
21,-0.361655499380992,0.9999999999999999
23,-0.625857202683505,-0.06462203796346652
25,0.30316475521646735,-0.4017088356847827
26,-0.8992989925802567,-0.39518255530011576
29,0.5391516151593676,-0.45311627001534244
33,-0.0027296809919063734,0.11474944848168538
34,-0.4942455430879905,-0.305128274346301
38,-0.849998514254623,0.06865548150831025
39,-0.31008419490905265,-0.14748733981330478
31,0.328869182960473,-0.01158269359694262
41,-0.5967984554864588,0.8043384660914392
45,-0.38932230584775995,-0.49379390769100495
47,-0.3217472046934284,-0.7736292354998717
2,-0.465574584877108,0.46571183204241556
4,-0.1997509843186864,-0.5639788250589303
8,-0.08728874176725122,-0.7074602514863295
13,0.07769840714319687,-0.7741923141038073
19,0.5909357493624047,-0.32230947394406323
37,0.13029842751589574,0.48852188345811337
46,0.09403881434380736,-0.3747389873378967
49,0.30073861010218456,-0.798950294204175
3,0.2792517527647397,-0.6501308660440266
28,0.587107488696638,0.35254747885760535
42,-0.26558171736146813,0.24585970089611195
48,0.8877703406850471,-0.0898719917636168
16,0.8253438869485538,0.31425812007552617
35,0.5618476939574554,0.7275410662707966
43,0.5385866231133254,-0.6449684810368665
9,0.7291450070660195,0.13844365910505854
