input_data/5_10_graphs_0.5g_0.5ng/graph_sample_14 0.5353014469146729
0,0.8956191297635002,0.478160607256011
4,0.31583407606687247,0.2771187561532213
6,0.76605670735037,-0.14246379118225416
9,-0.19244325836861353,1.0
11,0.11381431259246082,-0.34707053154777084
14,0.5151904704403439,0.4493142031039081
15,0.44026237293083614,-0.7393168578607436
16,-0.682444244285662,0.46007295713500596
19,0.7215279597461758,0.06158675844429617
21,-0.5231858546708094,0.5381421504875824
26,0.43619257407579576,-0.08441434267618537
29,0.5628059081584239,-0.6353864501926149
32,0.02121375102480409,0.304013193531298
35,-0.02611759142841965,0.5347656857568399
38,0.14413156645320352,0.8909005554347683
30,-0.18784106728859934,0.6471808185412943
31,0.1265677292939034,0.6707035793922345
41,0.6021147064537551,0.25497265062377567
42,-0.3930169438739345,0.17905448289332979
43,-0.3593201018893533,0.7994395251543915
47,0.20331400713191283,0.5813893098145577
1,-0.9630122398056888,0.1871256819606682
13,-0.34382208090091176,0.052586184717064784
17,-0.20944875855944572,-0.3609664036641036
18,-0.385937582954464,0.5226946081312611
24,-0.8999545930803963,-0.12620242648851462
25,-0.6173710096862315,-0.8019105434475947
28,-0.07763281813840003,-0.6069506976255905
33,0.22909212688687625,-0.860811219043436
34,0.2424972272049391,-0.0399706624748681
37,-0.7853762594040815,-0.18809260554061216
45,-0.5695879342435095,-0.5751304132495049
49,0.0817567417041461,-0.05401632408255856
2,-0.030540935291576074,-0.8022228135378195
3,-0.6985718456446002,0.32435748877779536
5,-0.3129570250157924,-0.8769155329912337
10,-0.3514406053046394,-0.5809539888306225
12,-0.7706912780807961,-0.406326245544145
36,-0.6515388809304514,0.08652167014820228
39,-0.06609849655817006,0.022226392707467787
44,0.3679183138889967,-0.44863782481919484
48,0.49826253181516467,-0.33544781658186074
20,-0.5053211294036057,-0.28645044929454083
23,0.08277993251387972,-0.6396620811411808
27,0.8380962480786024,-0.25401055791546195
46,0.4713382906025738,0.6720072962666873
7,0.7988807882420139,-0.4604456857708915
22,0.9167116155958464,0.12236361960191491
40,-0.4221395572793027,-0.1569386399643424
8,0.6338330040720587,0.6940167294340689
