input_data/5_10_graphs_0.5g_0.5ng/graph_sample_35 0.4854137897491455
0,-0.11650043304261036,-0.00016294725072382837
1,0.7473952601193081,0.5244633733037891
5,0.1380780647685947,-0.4196242625792216
6,0.20643513461844443,0.17714970782638872
7,0.7977845585653508,-0.39070083021363744
9,0.0073642882182363666,0.6345538346559499
11,0.8613568919511061,0.3562866128057666
13,0.21364161972806056,0.7059296225824356
14,-0.24589661078589753,0.8489114338825913
16,0.8508879729759746,0.01636027136446907
21,0.355845813161946,0.7696957430245044
23,-0.10687084660101713,0.6961245435277678
24,0.6042181052920897,0.6669767107577103
25,0.33755594875196515,-0.48687751212649377
26,0.49176378978932334,0.24381093752270647
28,-0.6598074708803541,0.7388101213183549
29,-0.6282670024807673,0.34375741720710545
34,-0.4117986935913291,0.39908211328320137
35,-0.8386292152019738,-0.203852911867687
38,0.08973119661899073,1.0
39,-0.8945522328947902,-0.06971072199616728
41,-0.7558415456871294,-0.3822579786448564
42,-0.3347560534204902,0.24917452636603374
43,-0.9710818253148752,0.19947170407877238
44,-0.6155599422252537,0.0689820549886709
47,-0.36935752333810373,0.6927711643881395
49,-0.7643327572968123,0.43714057132318923
2,-0.3872137551318079,-0.098513476343565
10,0.1508371459385654,-0.07425394883980974
12,0.1540832888567425,0.3206847089908649
18,-0.17372071659158142,0.34548580684268015
33,0.8157827556557992,-0.6027409485529108
36,-0.5446937013062131,-0.5180763907143788
30,0.5008755163530986,-0.7699212566357966
31,0.2586344877003006,-0.798523249828776
40,0.41189404400126123,0.46457286013198845
46,0.5916030841437296,-0.1307772021457127
3,-0.3459685521926674,-0.8626840059795536
4,-0.08604766049111578,-0.9448348327203735
15,-0.6740092287343451,-0.645028616129672
17,-0.07321367902660186,-0.19169908320567214
19,0.4880692564090388,-0.46554866646017345
22,-0.06469859516948652,-0.5733604061663482
27,0.06612976357465834,-0.8031701156140362
37,-0.20125468741834837,-0.4823802614434054
45,-0.34130555602293217,-0.6341539650362745
48,0.3616622010088801,-0.0924083453781951
8,-0.5093089152767457,-0.22131218768052383
20,0.6982778477424882,0.12117854229178952
32,0.914779164179296,-0.15880025891090563
