0,-0.26918410020141825,0.8348932598611642
1,0.4561730385803499,-0.21651502946047702
3,0.5335960206258281,-0.6578970433334037
5,0.4117192647582176,-0.5704979142521082
8,0.26389031152135395,0.43516935317913913
9,-0.3434226256269345,0.3814692876069396
10,0.24733251780056917,1.0
12,0.5558287774432974,0.1762759142835183
14,-0.38936313706320624,-0.7897318655418223
15,-0.7850635815854962,0.007903395478333042
17,0.08153992228897408,0.17654517712072698
20,0.2995899388004414,0.8240615381830405
23,0.4185200189173378,0.5068752742527064
24,-0.4213384940781799,0.02599714868998002
25,-0.6537284934585971,0.00878921451592891
26,-0.7849538679222422,0.35861067912187716
27,-0.05609809685244561,0.7564882775700762
28,0.16599088377374574,0.5304264038640089
29,0.5318984586913075,0.35372584225770215
32,-0.5101713151923362,0.6652439551785511
33,-0.12120825693951058,0.3028678626208236
34,0.7627629525566056,0.33572561494157205
35,-0.15911214589766845,0.5993079565502291
38,-0.5869341145379303,0.22354287103177556
30,-0.5052914602831435,0.4405296210879367
31,-0.4509033798278437,0.822895416603816
41,-0.7393111004567527,-0.42984962845287555
44,-0.14173083559217597,-0.8526669823477175
45,-0.22813845670241437,0.033000962824522424
49,-0.573589266513466,-0.4333142457829758
4,-0.6168938975032068,-0.2603092139087546
11,0.3793678831956733,-0.8676607715165978
16,0.01259195743969665,-0.20179527788307855
19,-0.0037869793587598064,-0.8041008628449812
21,0.1068619375077526,-0.036983547593976186
37,-0.9117596733537142,-0.16440168383933718
39,0.01681515173259228,-0.5961032687208444
40,-0.23247116101140186,-0.21327017318944153
42,-0.1935398439410766,-0.44765891562043003
46,0.5891419124345229,0.6915548565632167
48,-0.3156156680790146,-0.5737299406947336
2,-0.5551381881530707,-0.7056817742946773
6,0.2571138311165637,-0.6650735327102062
22,0.9021897935680407,-0.20903873118672775
36,0.6246465002367682,-0.42381512179460934
7,0.6075555669861018,-0.10062293045156104
43,0.26939016811786537,-0.00929763922944167
47,0.9460898616740571,0.1927482152239475
18,0.3483780192055443,-0.42215279589346955
13,0.7597634511587987,-0.032479208067283424
