0,-0.3030336306355675,0.6907978336865604
1,-0.8940213803663531,0.025433030791625604
3,0.12023434906346613,-0.023032940386630785
4,0.4634898074144122,-0.7241648585527594
5,0.3589711759401679,-0.12687704461313856
7,-0.20523665653867568,-0.21033674997484808
8,0.4379591202504255,0.36603627868575694
10,-0.12275140029832339,0.8947949791498321
13,-0.68479239763194,0.4883950316397152
14,0.3764499262140282,0.7644120278085604
15,0.08244116695095939,-0.46334883491789297
16,-0.2254284559006985,0.4024805338130798
18,0.2531653755702143,0.47611745372085773
20,0.6878542989327453,0.6445488081646179
25,0.022555139750083296,0.42845222529553695
28,-0.009638265067262865,0.2203396274292213
32,-0.5358983957525287,0.5214911061292746
33,-0.7732030329528392,0.3878591866175566
35,-0.021458794811782957,0.7473733886965586
38,-0.6684407174370032,-0.07798326983705187
42,0.15286942083883634,-0.8810573812477839
43,0.19246647961822147,0.1353445514093533
44,0.22727559501467268,0.8811723618368484
46,-0.5827460916152277,0.8342266422112855
48,0.6554693276658159,0.35789201902569634
49,0.8169465349973624,0.11489241093841375
2,-0.3379799922094465,0.20395008016320484
6,-0.06488068739770526,-0.8597926977576359
17,-0.67590216803742,0.18505986204504757
23,-0.47720744829640027,-0.7612308142698553
26,-0.5295380615834564,-0.12381532796714895
29,-0.2564366040790829,-0.620379143637646
34,-0.5150664216856964,-0.35511239969747593
36,-0.5847332871724877,-0.5803776656258889
37,-0.14074302335047936,-0.552288375422159
39,-0.23569298712553077,-0.8869504766886396
31,-0.9622402744669356,-0.13879409387788094
45,0.28417826100042165,-0.6999955078537062
9,0.6692761494836684,-0.6011159551297706
19,0.7774782478076948,-0.47098874651646605
21,0.4882174187065735,-0.31551987209221255
22,0.6343809924540444,-0.03990959692076874
24,-0.816288408476623,-0.487561787840931
30,0.32334476350863334,-0.4592886057020907
40,0.455443702179335,0.09422772131331153
11,1.0,0.25651206773013413
12,0.502892608693688,0.789749452051353
47,0.8863241922183119,-0.2576646133448487
27,-0.24536673809044868,0.04936047909470206
41,-0.0009587332938659941,-0.24333239957287386
