0,0.04864884350070311,0.9402235072815218
4,-0.22297643672330988,-0.3157225350052679
6,0.30802530244278103,0.9804772855219339
8,0.3834291417336214,0.263034126005524
9,-0.28746503095191916,0.7527055472526528
10,-0.6647275933395689,-0.4793173984612937
12,0.36925160496259757,0.49756663331768075
14,0.4508811547261056,0.6411038962808414
17,0.8545419492658733,0.3563038287179523
20,0.6016512504215497,0.16526262169461042
22,0.5790461726375802,0.007546084761929189
25,0.19746763080921986,0.1288149867238927
26,0.653657580575726,0.4863019385174276
27,0.09629469537100252,0.39219956347045426
29,-0.2856949024271855,-0.13190135129128006
33,-0.059477152115462555,0.6274487266505493
34,-0.17307853834668271,0.16178235531153745
36,-0.4229924445402288,0.873831991206437
30,-0.867056130629522,0.3137105859753331
31,-0.7992977255765722,0.5394478696561046
40,-0.6181496495930322,-0.6676346148093969
44,-0.3819771820220724,0.20967381632331783
48,0.1671129083229946,0.7300792116177158
1,-0.7510563371085105,0.1211435456639076
7,0.8673247774799231,-0.07537476783112768
11,-0.038662986468936344,-0.6015877380053223
13,-0.4833069749452676,-0.47503932883615185
18,-0.0757671543202705,0.004339698196996507
24,-0.11958910962079777,0.5229119960435259
32,0.05618166730913842,-0.30815093036994007
37,0.20356881923956754,-0.3606159599083999
38,-0.32669233940604736,0.39363442758123024
41,0.11815908520985621,-0.7017916260265967
43,-0.8785335585286128,-0.27975507745768846
2,-0.5759011224320341,0.5201176661620026
16,-0.610973420657039,0.05061470286887624
28,-0.8457930909773879,-0.06641957626489053
35,0.4504363467096585,-0.4105477632786237
45,-0.30841447229447705,-0.8397660166799235
47,0.2501334736043984,-0.07911671879901719
49,0.3834125204452041,-0.7492498615853137
3,-0.10850082164554316,-0.8752967844179658
15,-0.5378417700129668,-0.1745000512451016
21,0.7364273228633782,-0.37927142818816245
23,-0.33470936206670715,-0.6831825125694688
39,0.1416048773842469,-0.874733157134575
19,0.7048033354711866,-0.49877899193290987
42,0.596712688020376,-0.19251009664156934
46,1.0,0.19180587885888534
5,0.5598621582434655,-0.6518182049228531
