0,0.10945623571633321,0.8437379554023908
1,-0.7499659579613109,0.4647445935815182
2,0.7516592575965364,-0.6916052547612356
5,0.3472878020304045,-0.5035995256387723
6,0.8759020514873693,-0.18568579386624404
12,0.2960312155767554,0.39673009097146233
13,0.39626170896132806,0.04770130473533772
14,0.5294030329738116,0.7378856281702344
15,-0.32092272262172566,-0.7295878160917498
16,-0.5486236774058406,0.33815576550212273
17,0.4064143123543435,-0.6906474599380042
19,-0.9003340133602198,-0.10373715025796755
21,0.7898850508571149,0.5360463742034813
22,0.8500844518179751,-0.40444360251750583
26,-0.2866611902946434,0.7360017282748464
27,-0.8969943768684469,0.18161730417954297
28,0.05136275976656144,0.02836978956130394
32,-0.7015239942417747,0.5670469092185103
33,-0.10482906186387654,0.46040097324644824
36,-0.456914306078541,0.11441684772863299
37,0.740473101846086,0.008446584634351585
38,-0.35258138584481946,0.4919451976127008
39,-0.6164786699179906,-0.436013994010104
30,-0.1262817238750363,0.8579457428691504
31,-0.4741362872856353,0.8247365356726459
40,-0.7193531374458773,-0.2643147995204101
42,0.5151808574613976,0.4807905791377313
43,-0.6564728290692372,0.028778466997483935
44,-0.6044499887218489,-0.11122462412376496
45,-0.8853463765099305,-0.5313617810310526
47,0.07848122053471521,0.24562586633601483
49,1.0,0.2694483854088529
8,0.5600662680347562,-0.3644655397044496
10,-0.6227832385545703,-0.7023056903481184
18,0.5341384864064218,-0.18570214481481492
20,0.002651710541586853,-0.22708629201264052
23,-0.35767169020114464,-0.45007807185672266
24,0.7090654164367949,0.2672620457954071
34,-0.21574259050533928,0.34938880920235466
35,0.1404394454652666,0.582789210441877
3,-0.11252309117122873,-0.7234774283645664
4,0.30908855937551616,0.8116717107054876
25,-0.1274551068732185,-0.8551339658627446
46,0.32065406223221915,-0.8545083562183489
48,0.11532335144434891,-0.7593286908216846
11,0.189660460232548,-0.26535785106447163
29,0.6312141960191724,0.114760874344028
41,-0.15398214064674534,-0.007502977977592013
9,0.04759674878322187,-0.44821889720824437
7,-0.30575420663358444,-0.2910575659227082
