input_data/5_10_graphs_0.5g_0.5ng/graph_sample_40 0.5453352928161621
0,0.5912870006918901,0.5979237511058063
1,0.36275220390076846,0.3708478448903954
2,0.05561909581393645,-0.41535105885596146
4,0.7097065792681533,-0.7436613998943948
5,0.46661510960979674,-0.06585867712565693
8,0.11347797502064678,0.820098319071196
11,0.9743205600236874,0.10292969612956972
13,0.6918889964171371,-0.3602037491363265
23,0.1825654141640001,0.13148705227053864
24,0.47344348737086733,0.7614243485984792
25,-0.5377528945582709,0.16374718941930244
32,0.1881554676783138,0.9050549142877073
34,0.06585996636845816,0.5572688162970001
37,0.1390949948626156,-0.07024077169348965
38,0.8452809957787616,0.36457077192570264
39,-0.8638630901480843,0.2151927655326602
41,-0.13170854453704334,0.9390337191574744
43,-0.692339870777948,0.580527861774265
45,-1.0,-0.2904916592438471
48,-0.2942619126675289,0.8311675661757624
49,-0.24804063824284256,0.6137698575794382
3,-0.5122203160096742,0.30724130789380405
6,-0.7486076710639225,0.4195042671022479
7,-0.05075634775816115,0.4707940052263126
9,-0.6202769409291692,-0.26652047520486444
10,-0.48612780134328304,-0.20682808118645168
12,0.38406317248067007,-0.6757800819522203
15,-0.21760955815079583,0.30058227145397154
16,-0.5364823502071141,-0.5108114004720529
17,-0.3498687658993101,-0.5594442417586313
21,-0.16338609382437472,-0.23612821989440008
22,-0.23178987892268463,0.018787974152626664
26,-0.02221437063229674,-0.6319761944002464
33,0.18745924938562947,-0.3249323319441573
36,-0.4860824581029487,0.016326655557012584
31,0.5830348511209498,-0.5402407501890758
40,0.06587245720311947,-0.8227282817137281
14,0.6553391533132903,0.09376039845190509
27,0.67593793203242,0.40915593023728813
35,-0.8832283499731035,-0.03823650735297651
30,0.3455117537881811,-0.8489566801574137
44,-0.45509807890047926,-0.7632326181985698
47,-0.14018731076747265,-0.9560501641513791
20,0.2946250427328264,0.2828372561433961
28,0.8440722040567055,-0.20974751110128295
29,-0.18546866331438594,-0.5237047622874721
42,-0.8102523859391112,-0.525895263421301
18,0.44400566557446486,-0.30279284727364764
46,0.7314811956595904,-0.03477895638759872
19,-0.40384623164687483,0.6505581445632831
