0,-0.09967454338281002,1.0
3,0.38027111463553853,0.8161753463253085
5,0.7490733009724913,0.029764048890988718
6,-0.5323289554275192,0.6653103128251958
11,-0.047526934386182905,0.00482474454925556
12,0.6511470946572931,0.3737214444782007
13,0.13029478050492763,0.4655954226035554
15,0.7240773049756556,0.11063962945039887
16,0.5229259499859347,-0.2827359251504659
17,0.261140687004509,-0.3192239796343709
20,-0.18084828486677285,0.24968392289088903
22,0.519256310397087,0.5275230922320272
29,0.30388551934161784,0.45739436622917395
33,0.3911384076030919,0.09204438905030132
34,0.477295155696941,0.25612014571449493
36,-0.4209462770611499,-0.5910820259992962
37,-0.2935601816431422,0.8244772335406082
30,-0.2218526290764991,-0.5960055572800963
40,-0.6048778217454032,-0.39053419979873344
43,0.12838184571657602,0.8644287439899703
46,-0.18209171557845272,0.6693922568384533
1,-0.6846938011950972,0.4545605135480365
2,-0.035014515858473844,-0.3448500352872294
7,-0.428285129163473,0.3582516761461594
19,-0.755650110137148,0.09488559246759486
21,-0.6900542280351324,0.268695502467162
23,-0.006413446509810086,0.5021769286988352
25,-0.7457288235967188,-0.57866637548241
28,-0.2939075632630615,0.4627155825821473
35,0.4270274472183405,-0.5632307440856269
41,0.24201237988209545,-0.054776577478219575
42,-0.5603697048182947,-0.0938813594903577
47,-0.8968584292325203,-0.0328839222380103
48,0.7420887731583666,-0.6691087969423749
49,-0.3955257502532245,-0.11960847504059062
4,0.05176897110710442,-0.8607741655017248
9,-0.39729783538556973,0.08221170349204938
10,-0.29368936765956005,-0.2721364178014098
14,0.7511893589418823,-0.18848579844445623
18,-0.0498603452169755,-0.9234165604570274
24,0.716897509188418,-0.4278042103325124
32,0.42456024668037334,0.7018470700500529
44,-0.8205730927419987,-0.284588571451889
45,-0.4924890391562685,-0.9053784861553487
38,0.24802049120024885,-0.5391178384746824
39,0.15845780366826276,0.06874925889111387
31,0.8936088179493357,0.20375383756937976
8,0.08332444790848242,-0.5247566146323986
27,0.24917950838888622,-0.8685019583817192
26,-0.09690470139220013,-0.17339416998040114
