0,0.4005169753186253,0.22094471052184209
1,-0.5580613570429801,-0.6775631347314872
4,-0.029880622885766005,0.12394248724662255
6,0.19802742089267372,0.6513242735535283
10,0.4826440216939922,-0.22395288794774865
11,0.590601163270227,-0.3580667533289251
12,-0.6366496769888926,-0.41954507006497616
14,-0.32202788836810137,-0.018730862621095537
15,-0.6222250854557663,0.4965772798633067
17,0.27989757025488216,0.5419329639506876
18,-0.07629815943606233,0.4453302645637017
19,-0.08675756519870259,0.6202685625073443
20,-0.7891698640199284,-0.46130339658170544
21,0.24311225082684534,-0.02300028092532338
22,0.21573882687948415,0.9056460424404019
23,0.6099682742320672,0.738253547691811
27,-0.29522373206774066,0.750357408596741
29,0.45370538450257997,0.46603707784399195
36,-0.36551501019483396,0.5089823277163746
37,0.039878737138536124,-0.146955069557156
38,-0.41121898594751377,0.6824261496277177
30,-0.6320679236028347,-0.09792076030140942
42,0.15943401569358973,-0.6797831186674623
47,-0.018340488231096987,0.8615543670141642
48,-0.3783924036604456,0.34412944072355606
2,-0.4860783065858007,-0.24708804214852503
3,0.0517230043137343,-0.8823608161086677
5,-0.8180051334276002,0.3523768335552563
7,-0.8271452769059916,0.2280850332327865
8,0.650709144132051,0.28358311118070645
13,-1.0,-0.1470788958476821
16,0.3269914649199746,-0.8296265880271616
24,-0.22448659825839015,-0.7399796258526582
26,0.04962929648540038,0.25353224817678566
32,0.0643768531042292,-0.35708362771985414
33,-0.1761257311840159,-0.23353422391040304
31,-0.47580646423622797,0.16002251903599907
43,-0.7812286075415584,0.031200587064696524
45,-0.22682737183338894,-0.44462965495982626
25,0.7991142708960477,0.07169779786068274
39,0.6917554188179984,-0.5765279114260831
49,-0.4401260759860375,-0.790340863345649
34,0.730098245685923,-0.13034076444024148
41,0.8510282808971682,-0.41653949723194783
9,0.40568168291473883,-0.6586873213866281
28,-0.10932549938918062,-0.558196474200735
40,0.998984551242514,0.2529946659907906
46,0.4446501455256309,0.017970248826228906
35,0.29754426437432074,-0.4119676314997353
44,0.7511725644356227,0.5216333240473624
