11 3 10 16 3 16 2 7 2 7 2 9 7 6 2 7 6 12 6 9 7 13 2 7 2 9 2 6 2 7 12 2 12 7 6 7 9 2 13 6 7 2 6 7 2 6 13 7 6 9 2 16 7 8 2 14 1 10 3 10 7 5 6 12 7 13 2 6 7 2 9 2 6 7 9 2 13 7 12 7 
20 1 14 19 15 2 7 12 2 12 2 7 9 2 7 13 7 13 6 13 6 7 2 6 2 13 2 12 7 13 7 12 7 13 7 6 7 2 7 12 6 9 7 6 7 6 9 2 6 12 6 9 6 9 2 7 6 9 6 12 7 9 7 4 20 7 13 6 2 6 7 9 2 12 2 13 2 6 2 9 
12 3 16 20 2 10 20 1 3 8 10 3 10 11 16 18 10 3 10 16 10 20 1 7 13 2 10 3 8 16 1 10 3 10 15 2 7 6 2 9 7 20 16 2 16 15 19 15 19 15 2 6 9 7 2 12 7 2 13 7 2 12 2 12 7 2 6 7 2 13 2 6 12 6 2 7 2 13 2 12 
5 4 5 4 15 2 9 7 13 7 2 6 7 12 7 6 2 7 12 2 6 9 6 12 2 13 2 13 2 7 2 7 9 2 7 6 2 12 2 6 13 7 2 12 7 6 9 2 7 6 13 7 6 7 6 7 2 6 9 6 9 6 13 7 2 13 2 7 6 7 13 2 6 7 6 13 2 6 13 7 
1 11 2 9 2 13 6 7 2 13 2 6 9 6 7 6 2 12 2 7 6 13 2 6 9 5 11 3 20 3 10 5 1 2 18 16 20 6 3 7 13 7 12 7 2 7 2 13 7 2 7 9 6 7 2 6 7 6 2 6 2 6 12 6 12 6 7 2 12 6 2 7 2 7 6 7 12 2 13 2 
2 6 9 6 2 7 9 2 9 2 7 1 10 1 7 9 5 4 3 8 6 7 13 7 12 7 6 13 2 7 2 13 7 6 2 6 7 6 2 6 7 6 12 7 2 9 6 7 9 6 13 2 7 9 2 12 2 7 9 6 7 6 13 7 13 7 12 6 2 7 6 9 2 6 7 9 2 13 7 2 
19 14 5 4 5 14 5 14 5 14 5 14 5 4 5 14 5 14 5 14 5 14 5 14 5 14 5 14 19 15 19 15 2 13 2 6 12 6 2 6 13 2 13 2 7 6 7 12 6 9 7 2 13 6 2 9 7 2 7 2 12 6 2 7 6 12 7 12 2 7 6 7 12 6 12 6 18 3 1 20 
4 8 5 4 15 2 6 7 2 7 2 13 2 12 7 6 13 7 13 6 7 9 7 6 9 2 6 2 7 6 12 2 12 6 2 9 6 7 18 10 18 16 8 16 3 16 8 7 9 6 13 2 7 2 6 12 6 7 6 12 6 12 2 12 7 13 6 7 6 7 6 12 7 2 13 7 9 2 9 2 
13 5 4 7 13 2 9 7 6 13 2 6 7 6 13 7 6 2 6 2 13 7 9 7 6 2 9 7 6 2 7 9 7 2 12 7 2 7 2 7 2 9 2 7 9 7 6 13 2 12 6 9 2 9 6 2 13 2 7 13 6 2 13 6 9 7 13 7 13 7 6 12 7 6 7 6 2 12 2 6 
17 14 15 19 15 19 15 2 6 5 7 2 12 2 7 2 13 6 7 2 6 7 13 7 2 7 12 6 9 6 13 2 13 6 2 7 13 6 13 7 12 6 12 2 9 6 9 2 6 13 6 9 7 12 7 12 6 12 7 9 6 9 2 7 6 7 12 2 7 2 9 2 7 1 16 10 7 3 18 16 
9 2 7 9 6 2 7 13 6 12 6 9 2 7 6 7 2 12 6 2 13 2 9 7 6 7 6 7 13 6 7 6 7 9 6 2 12 7 2 6 2 13 2 6 9 7 2 9 7 6 9 7 12 2 6 2 6 9 7 9 2 6 9 2 13 2 6 9 6 10 18 10 2 18 1 8 3 10 1 20 
7 12 2 7 6 7 6 12 2 9 6 12 2 6 13 7 2 6 13 6 13 7 6 7 2 13 6 12 6 2 13 7 13 2 7 6 7 2 12 7 6 13 7 6 2 9 2 7 2 7 6 7 12 6 2 12 6 9 2 7 12 7 12 7 6 7 2 6 7 6 13 6 12 2 13 4 16 4 14 4 
8 3 4 12 7 2 12 2 14 10 11 1 3 11 7 20 3 18 10 5 20 16 4 5 20 7 2 9 2 7 2 7 6 2 9 7 2 9 7 2 9 6 10 1 16 3 8 3 16 10 14 5 4 5 4 5 4 5 4 15 2 13 2 6 9 2 7 2 12 6 12 6 7 2 13 7 2 12 6 13 
16 4 3 10 1 3 1 18 3 4 2 7 9 16 10 4 16 6 8 2 13 6 12 7 6 7 9 6 13 7 9 2 13 7 2 13 7 2 6 12 2 6 7 12 2 6 7 2 9 7 6 7 9 2 12 2 9 7 5 8 3 11 3 1 18 5 14 5 4 5 14 5 10 18 2 12 6 2 12 2 
18 4 13 1 8 1 3 18 3 2 6 12 7 12 6 7 12 2 12 7 9 2 6 7 2 9 6 2 9 6 12 2 9 6 2 7 12 1 3 10 3 1 3 10 6 12 6 2 13 6 13 2 7 6 7 6 2 13 2 7 6 13 6 12 7 9 2 8 10 8 5 14 5 14 5 14 5 4 5 4 
10 14 5 14 5 14 19 14 3 9 2 7 2 7 20 1 18 5 13 4 6 3 20 10 3 10 11 4 5 14 5 14 5 14 5 14 5 4 5 14 5 4 5 4 5 14 5 14 5 4 5 4 5 4 5 14 5 6 16 6 7 2 9 2 9 6 2 7 6 9 7 13 7 6 2 12 2 6 16 2 
6 1 9 4 3 10 16 5 18 3 10 8 16 3 5 11 5 18 6 7 2 7 2 7 13 6 7 12 2 13 6 7 2 12 6 7 9 7 2 9 7 6 13 2 6 7 9 6 13 16 1 3 18 16 10 3 12 6 12 2 7 2 12 7 13 7 2 12 2 13 6 13 2 13 7 12 2 7 12 2 
15 14 5 20 1 3 20 10 16 10 5 10 6 7 11 2 7 18 16 3 11 10 20 1 5 4 5 4 15 2 7 2 12 2 12 2 9 6 7 13 2 7 2 7 6 2 7 13 2 12 6 7 6 13 7 12 6 2 6 2 7 9 7 6 9 2 6 7 6 2 13 2 9 2 7 2 12 2 6 13 
14 15 3 16 5 3 8 16 8 2 6 2 13 7 13 2 12 7 6 9 6 9 6 2 13 2 7 6 7 2 16 20 1 4 20 10 8 1 16 20 3 16 1 16 10 5 6 9 6 2 7 2 6 12 2 7 6 13 6 13 2 7 2 9 2 8 3 10 3 4 20 3 1 10 11 4 5 4 5 12 
3 1 6 16 2 5 14 1 18 5 20 16 1 11 5 4 20 3 1 16 20 16 5 4 5 14 5 4 15 19 15 19 15 19 15 19 15 19 15 2 13 7 2 6 7 6 9 2 7 9 2 7 2 12 6 12 6 12 2 7 12 7 2 9 7 9 6 12 2 12 7 12 7 13 2 7 2 9 2 12 
11 3 6 2 4 5 14 5 14 5 14 5 14 5 4 5 4 15 2 9 7 12 6 2 6 12 2 7 2 7 12 2 12 7 6 7 9 2 13 6 7 2 6 7 2 6 13 7 6 12 2 9 2 6 2 12 6 2 13 7 6 2 13 7 12 7 2 6 7 12 3 18 10 20 4 20 3 1 3 1 
20 1 14 10 11 7 2 9 2 9 2 7 9 2 6 2 7 4 3 4 7 2 7 2 7 13 2 12 7 5 4 11 4 20 16 2 7 2 9 7 6 9 7 6 7 6 9 2 6 12 6 9 6 9 2 7 6 9 6 12 7 9 7 6 7 12 7 2 6 7 6 9 2 12 2 13 2 6 2 9 
12 3 16 20 2 10 20 10 4 5 3 20 3 18 16 8 10 3 10 16 10 20 1 5 7 4 10 3 8 16 1 10 3 10 16 4 1 16 2 12 7 2 6 2 9 7 12 2 13 6 2 7 9 7 2 12 7 2 12 7 2 12 2 9 7 2 6 7 2 13 2 6 7 6 2 7 2 13 2 12 
5 3 6 9 6 7 2 13 7 12 2 6 7 12 7 6 2 7 12 2 6 9 6 16 10 11 5 6 7 2 7 2 13 2 7 6 2 12 2 6 13 7 2 12 7 6 9 2 7 6 13 2 9 2 6 7 2 6 9 6 9 6 13 7 2 13 2 6 7 6 7 6 7 6 7 13 2 6 13 7 
1 11 2 4 10 11 1 5 16 20 10 4 15 2 13 6 2 12 4 2 7 12 2 7 13 6 13 7 13 7 6 7 2 7 9 6 7 12 7 2 12 7 12 7 2 9 6 13 7 2 6 9 6 7 2 6 7 6 2 6 2 6 12 6 12 6 7 2 12 6 2 7 2 6 2 6 12 2 13 2 
2 6 9 6 2 6 9 2 9 2 6 2 7 2 7 13 2 6 2 9 7 6 13 7 12 7 6 13 2 7 2 13 7 6 2 6 7 6 2 6 7 2 9 6 7 2 6 7 9 6 13 2 7 9 2 12 2 7 9 6 7 6 13 7 13 7 12 6 2 7 6 9 2 6 7 13 2 13 7 2 
19 14 5 4 5 4 16 9 16 20 3 1 15 14 5 14 5 14 5 14 5 14 5 14 5 4 5 14 5 4 1 7 2 13 1 16 5 10 3 2 13 1 19 14 4 3 20 3 1 8 3 10 16 10 3 7 13 4 2 1 18 4 1 10 8 3 16 3 10 2 7 3 20 4 2 7 9 7 2 6 
4 8 5 8 10 3 5 14 5 14 5 4 15 2 12 6 13 7 9 6 7 9 7 6 9 2 6 2 7 6 12 2 12 6 7 1 18 4 18 10 18 16 9 7 6 7 6 13 7 6 13 2 13 6 2 9 6 7 2 13 6 12 2 12 7 13 6 7 6 7 6 12 7 2 13 7 9 2 9 2 
13 5 4 5 14 5 4 5 14 19 14 5 10 1 18 3 16 10 5 14 5 14 5 14 5 14 5 14 5 4 5 4 9 2 12 7 2 7 2 7 2 7 9 2 7 12 2 13 2 12 6 9 2 9 6 2 13 2 7 13 6 2 12 2 18 7 5 20 1 19 15 19 4 5 4 5 1 8 16 2 
17 19 15 2 7 12 2 6 7 13 7 6 13 2 7 2 13 6 7 2 6 7 13 7 2 7 12 6 9 6 13 2 13 2 6 2 13 6 13 7 12 6 12 2 9 6 9 6 2 9 6 9 7 12 7 12 6 12 7 9 6 9 2 7 6 7 12 2 6 12 7 2 7 2 6 7 2 6 9 6 
9 2 7 9 6 16 5 7 5 4 15 2 12 2 7 6 2 13 6 2 13 2 7 2 6 7 6 7 13 6 7 6 7 9 6 2 12 7 2 7 6 12 2 6 9 7 2 9 7 6 9 7 12 2 6 2 7 9 3 8 5 7 9 2 13 2 6 9 6 2 13 2 7 9 6 9 6 12 2 7 
7 13 10 3 5 7 6 12 2 9 6 12 2 6 13 3 6 7 12 6 13 7 6 12 2 13 6 12 16 7 12 7 13 2 6 5 9 5 11 3 16 3 16 8 1 8 10 8 5 20 16 6 9 6 2 12 6 9 2 7 12 7 12 7 6 7 2 6 7 6 13 2 12 2 13 2 9 6 2 9 
8 3 4 12 7 2 11 10 14 5 14 5 14 15 19 15 19 15 2 7 9 2 6 2 9 7 6 18 10 4 6 2 5 2 11 3 6 9 7 20 5 4 1 20 3 20 4 3 4 1 14 19 15 14 5 1 8 4 6 7 2 13 2 6 9 2 6 1 14 16 3 1 20 1 11 16 3 11 5 14 
16 4 10 16 10 20 3 18 3 4 2 6 13 6 7 12 2 6 7 6 13 6 12 7 6 7 9 6 13 7 9 2 13 7 2 13 7 2 6 12 2 7 6 13 2 6 7 2 9 7 6 7 9 2 13 1 20 10 3 8 3 18 7 5 12 6 7 2 13 7 2 13 2 12 6 13 6 2 13 2 
18 1 11 10 8 1 3 11 7 5 14 19 3 4 8 4 5 14 5 14 5 4 5 14 5 4 5 4 5 4 15 2 9 6 2 7 13 2 7 6 13 7 6 2 7 12 6 2 13 6 13 2 7 6 7 6 2 13 2 6 7 12 6 12 7 9 6 9 2 9 2 7 12 2 12 2 13 7 2 12 
10 14 19 15 19 15 14 5 14 5 3 16 1 3 20 1 18 5 11 4 6 7 9 7 6 2 13 2 6 2 6 13 2 6 2 7 6 13 2 7 13 6 9 6 7 2 6 2 12 2 6 9 2 12 6 13 6 20 16 3 16 3 1 3 8 1 4 15 2 9 7 13 7 6 2 7 6 12 7 6 
6 1 16 3 2 6 7 6 9 7 2 9 6 13 7 12 7 9 6 7 2 7 2 6 13 6 7 12 2 13 6 12 6 9 6 7 9 7 2 9 7 6 13 2 6 7 9 6 13 7 2 7 9 7 2 12 7 6 12 2 9 6 13 7 13 7 2 12 2 13 6 13 6 13 7 12 2 7 12 2 
15 19 15 19 14 5 8 10 16 10 5 10 3 4 5 14 5 4 7 12 7 2 7 6 7 9 7 2 13 2 7 2 12 2 12 2 9 6 7 9 2 7 2 7 6 2 6 13 2 12 6 7 6 9 7 12 6 2 6 2 6 9 7 6 9 2 6 7 6 2 13 2 9 2 6 2 12 2 6 13 
14 15 3 16 5 14 5 14 5 4 15 2 13 7 13 2 12 7 6 9 6 9 6 2 13 2 6 2 13 2 6 7 13 2 7 2 7 2 13 7 6 7 6 2 6 7 2 9 7 2 7 2 7 6 7 6 2 12 6 13 2 7 2 7 6 9 7 2 12 6 9 6 2 7 12 6 7 9 6 11 
3 1 6 16 2 5 3 6 13 2 7 20 16 11 5 4 7 12 6 2 9 7 2 13 7 2 9 2 7 9 2 7 12 7 6 7 6 9 2 7 13 7 2 6 7 6 9 2 7 9 2 7 2 12 6 12 6 12 2 7 12 7 2 12 7 9 2 7 10 11 3 5 11 4 5 14 5 14 5 14 
11 3 6 16 3 16 1 3 10 1 16 1 19 15 19 15 14 15 19 15 19 15 2 6 2 9 2 7 2 7 12 2 12 7 6 20 5 14 5 4 7 2 7 6 2 6 13 7 6 9 2 9 2 6 2 12 6 2 13 7 6 2 13 7 12 7 2 6 7 2 9 7 2 7 9 2 13 7 12 7 
20 1 14 10 11 7 10 18 4 6 20 4 8 10 1 3 1 4 3 4 7 4 2 5 6 12 2 12 7 5 4 11 4 15 19 15 19 15 19 15 2 9 7 6 7 6 9 2 6 12 6 9 6 9 2 7 6 9 6 12 7 9 7 6 7 12 7 2 6 7 6 9 2 12 2 13 2 6 2 9 
12 7 2 9 2 7 9 2 6 7 6 13 6 9 6 9 2 12 7 6 2 7 2 7 13 6 2 3 8 16 1 10 3 10 15 2 6 2 7 12 7 2 6 2 9 7 12 2 13 6 2 6 9 7 2 12 7 6 4 12 2 12 2 12 7 2 16 10 20 3 16 10 3 16 10 20 16 12 10 12 
5 3 6 9 6 20 5 19 15 19 15 19 15 19 15 19 15 19 4 16 1 20 5 3 10 11 5 14 5 4 5 4 5 4 5 4 5 14 5 14 5 14 1 4 5 14 5 4 5 4 5 4 15 2 6 7 2 6 11 4 15 2 9 7 2 13 2 7 6 7 13 2 6 7 6 13 7 6 9 6 
1 13 6 7 2 12 6 7 2 13 2 6 9 6 7 6 2 12 2 7 6 13 2 7 13 6 13 7 13 7 6 7 2 6 9 6 7 12 7 2 12 7 12 7 2 7 2 13 7 2 7 9 6 7 2 6 7 6 2 6 2 6 12 6 12 6 7 2 12 6 2 7 2 6 2 6 12 2 13 2 
2 6 3 4 10 20 4 7 2 10 5 14 5 14 5 14 5 14 5 14 5 14 5 14 5 14 5 14 17 15 19 15 19 15 19 15 14 5 14 5 14 5 14 5 4 5 4 5 4 7 12 2 7 9 2 12 2 9 7 9 6 2 12 7 13 7 12 6 2 7 6 9 2 6 7 13 2 13 7 2 
19 15 19 15 19 3 4 12 7 6 7 6 7 6 2 7 9 2 6 2 6 9 6 2 13 2 6 13 7 2 7 6 12 7 6 2 9 6 2 6 13 6 13 6 12 6 7 12 6 9 7 2 13 6 2 9 7 6 2 1 18 4 1 10 8 3 16 3 10 2 7 6 9 2 7 6 9 7 2 6 
4 8 5 4 15 19 15 2 7 13 2 12 2 12 7 6 13 7 9 6 7 9 7 6 8 10 3 10 20 3 5 20 16 4 5 4 5 14 5 14 5 4 5 4 2 6 7 13 7 6 13 2 7 2 6 12 6 7 2 12 6 12 2 12 7 13 6 7 6 7 6 12 7 2 13 7 9 2 9 2 
13 2 7 9 2 7 2 9 2 12 2 6 7 6 13 7 6 2 6 1 11 3 9 2 7 2 4 5 4 3 4 18 16 3 20 10 20 4 10 16 3 4 20 3 9 3 20 10 5 14 5 14 5 14 5 4 5 14 5 14 5 14 5 14 5 4 5 4 5 14 5 4 12 2 7 6 2 9 7 6 
17 19 15 2 7 12 2 7 2 13 7 2 12 7 10 20 16 8 5 1 10 20 1 8 1 20 5 14 5 14 5 14 5 14 5 1 4 1 5 14 1 20 3 9 7 9 7 9 2 9 6 9 7 12 7 12 6 12 7 9 6 11 10 8 5 14 5 4 7 2 9 2 7 2 6 7 2 6 9 6 
9 6 9 2 7 6 12 7 6 12 6 13 5 16 5 4 5 4 2 6 7 6 7 2 6 7 6 7 13 6 7 6 7 9 2 12 7 13 10 20 16 11 10 7 9 3 20 4 15 2 9 7 12 2 6 2 6 9 3 8 5 7 13 2 13 2 6 9 6 2 13 2 6 9 6 9 6 12 2 7 
7 13 2 7 20 16 2 7 6 12 6 12 2 7 13 7 2 6 4 5 4 5 14 5 14 5 4 5 14 5 4 15 2 6 7 6 7 2 12 7 6 13 7 6 10 8 10 8 5 14 5 14 5 14 5 14 5 4 5 14 1 20 10 18 10 4 20 1 20 1 14 15 5 8 3 4 5 14 5 14 
8 3 4 20 16 5 11 10 14 10 19 14 16 18 3 6 13 6 2 7 9 2 7 13 6 12 7 12 2 12 2 7 6 2 9 7 2 12 7 2 9 6 10 1 16 6 9 3 16 10 14 19 15 14 19 15 19 15 19 15 2 13 2 7 9 2 9 2 12 6 12 6 7 2 13 7 2 12 6 13 
16 4 14 5 10 2 3 11 7 6 2 20 10 20 3 4 15 2 7 6 13 6 12 7 6 7 9 6 13 7 9 2 13 7 2 13 7 2 6 12 1 10 3 1 5 3 20 10 18 16 10 6 7 2 12 2 9 7 6 9 7 9 7 6 9 6 7 2 12 7 2 13 2 9 2 3 2 5 4 15 
18 4 13 1 8 1 3 18 3 2 6 9 2 9 6 7 12 2 12 7 9 2 6 7 2 9 6 2 9 6 12 2 16 8 10 3 11 1 3 10 3 1 3 10 3 11 16 5 4 5 4 15 2 6 7 6 2 13 2 7 6 13 6 12 7 9 6 9 2 7 6 7 12 2 12 2 13 7 2 9 
10 14 5 14 5 14 5 4 5 14 5 14 5 14 5 14 5 14 5 4 5 4 7 12 2 6 13 2 6 2 6 13 2 7 2 7 6 13 2 7 13 6 9 6 7 2 7 6 13 2 6 9 2 13 2 11 10 6 12 7 6 12 7 6 9 6 2 6 7 9 7 13 7 6 2 7 6 12 7 6 
6 1 16 3 1 10 16 5 18 7 1 18 16 3 1 18 5 4 5 14 5 14 5 4 13 5 14 5 4 13 6 7 2 12 6 7 9 7 2 9 7 6 13 2 6 7 9 6 13 7 2 7 9 7 2 12 7 6 12 2 7 2 12 7 13 7 2 12 2 13 6 13 6 13 7 12 2 7 12 2 
15 19 15 19 14 1 8 10 16 10 5 14 5 14 5 14 5 14 5 14 5 14 5 14 5 4 5 14 5 4 15 19 15 2 12 2 9 6 7 9 2 6 12 6 7 6 2 12 2 12 16 15 2 12 7 12 6 2 6 2 6 9 7 6 9 2 6 7 6 2 13 5 2 6 2 7 12 2 6 13 
14 15 3 16 4 5 18 16 8 1 10 5 4 5 14 5 14 5 4 12 6 9 6 2 13 2 7 6 7 2 6 7 13 2 7 2 7 2 13 7 6 7 6 2 6 7 2 9 7 2 7 2 6 12 2 6 2 12 6 13 2 6 2 7 6 9 7 2 12 6 9 6 2 7 12 6 7 12 6 13 
3 1 3 2 7 12 7 6 9 2 7 2 6 9 2 6 9 7 6 2 9 7 2 13 7 2 9 2 7 9 2 6 13 7 6 7 6 9 2 7 13 7 2 7 6 7 9 2 7 9 2 9 2 12 6 12 6 12 2 7 12 7 2 12 7 9 6 12 2 12 7 12 7 13 2 6 2 9 2 12 
11 3 6 2 7 4 3 5 4 10 7 1 19 15 19 15 19 15 19 15 19 15 2 6 2 9 2 7 2 7 12 2 12 7 6 7 9 2 13 5 7 1 10 20 10 16 3 5 2 6 2 9 2 7 6 13 6 2 13 7 6 2 13 7 12 7 2 6 7 2 9 7 2 7 9 2 13 7 12 7 
20 16 14 10 11 3 10 18 4 6 12 2 12 2 6 2 9 7 6 13 6 7 2 7 2 13 2 12 7 13 7 12 7 13 7 6 7 2 7 12 6 9 7 6 7 6 9 2 6 12 6 9 6 9 2 7 6 9 6 12 7 9 7 6 7 12 7 2 6 7 6 9 2 12 2 13 2 6 2 9 
12 3 16 20 2 10 20 1 3 8 10 3 10 11 6 18 10 3 10 16 10 8 4 1 16 10 1 3 8 16 1 5 16 6 9 3 16 1 16 3 16 3 10 6 7 4 13 2 12 6 2 7 9 7 2 12 7 2 12 7 2 12 2 12 7 6 3 1 7 12 1 5 3 16 7 10 6 9 2 12 
5 3 20 4 5 14 5 14 5 14 5 14 5 14 2 6 2 7 12 2 6 9 6 12 2 13 7 13 2 7 2 7 13 2 7 6 2 12 2 6 13 7 2 13 7 6 9 2 6 2 13 2 9 2 6 7 2 6 9 4 5 20 3 8 16 11 1 5 14 16 20 1 3 16 5 4 7 6 13 7 
1 11 1 4 10 18 2 6 12 7 13 2 12 6 7 6 2 12 2 7 6 13 2 7 13 6 13 7 13 7 6 7 2 7 9 6 7 12 7 2 13 7 12 7 2 7 2 13 7 2 7 9 6 7 2 6 7 6 2 6 2 6 12 6 12 6 7 2 12 6 2 7 2 6 2 6 12 2 13 2 
2 6 9 6 2 7 9 5 3 1 5 10 16 10 20 10 20 3 1 8 16 3 11 3 4 9 2 12 2 9 2 13 7 6 2 6 7 6 2 7 2 6 12 7 2 9 6 7 9 6 13 2 7 9 2 12 2 9 7 9 4 5 4 19 1 14 5 14 5 14 5 14 5 14 5 14 5 14 5 4 
19 14 3 18 3 8 16 8 16 20 3 1 16 1 10 2 9 2 6 2 7 9 6 2 13 2 7 13 7 2 6 2 9 7 6 2 9 6 2 6 13 2 13 2 7 6 7 12 6 9 7 2 13 6 2 7 12 2 7 2 12 6 2 6 7 12 7 12 2 7 6 7 12 6 12 6 9 7 2 6 
4 8 5 4 16 3 5 14 5 14 5 4 5 18 3 20 10 11 16 4 5 14 5 14 5 4 5 4 5 14 5 14 5 14 5 4 15 2 12 2 12 6 9 7 6 7 6 13 7 6 13 2 7 2 7 2 9 2 9 6 2 13 2 12 7 13 6 7 6 7 6 12 7 2 13 7 9 2 9 2 
13 2 7 9 2 7 2 9 2 9 6 13 7 6 13 7 6 2 6 2 13 7 9 7 6 2 9 7 6 2 7 9 7 2 12 7 2 7 2 7 2 7 9 2 7 12 2 12 2 12 6 9 2 9 6 2 13 2 7 13 6 2 12 6 9 7 13 2 13 7 6 12 7 6 7 6 2 9 7 6 
17 14 4 3 4 7 1 6 20 10 9 6 13 2 7 2 13 6 7 2 6 7 13 7 2 6 12 6 9 6 13 2 13 6 2 6 7 2 12 7 9 6 12 2 9 6 9 6 2 9 6 9 7 12 7 12 6 12 7 9 6 9 2 7 6 7 12 2 6 12 7 2 7 2 6 7 2 6 9 6 
9 6 9 2 7 6 12 7 6 12 6 9 2 6 2 6 2 12 6 2 13 2 7 2 7 6 2 13 7 6 7 6 7 9 6 2 12 7 2 6 2 13 2 7 9 7 2 9 7 6 9 7 12 2 6 2 6 9 7 9 2 6 9 2 13 2 6 9 6 2 13 2 7 9 6 9 7 2 7 9 
7 13 10 3 5 14 5 2 7 2 6 12 2 7 12 7 2 5 14 5 4 5 14 5 14 5 14 5 4 2 13 7 9 2 6 7 6 7 9 7 6 13 7 6 2 9 2 7 2 7 6 7 12 6 2 12 6 9 2 7 12 7 12 7 6 7 2 6 20 1 14 5 14 5 14 5 14 5 4 15 
8 3 4 5 14 5 14 10 14 10 11 1 3 18 3 6 13 2 6 20 3 10 20 10 18 3 10 18 10 4 5 14 5 14 5 14 16 8 3 20 5 4 15 2 9 2 9 7 2 6 13 2 7 6 12 6 9 7 6 7 2 13 2 6 9 2 9 2 12 6 12 6 7 2 13 7 2 12 6 13 
16 4 3 10 1 2 3 11 7 6 2 7 12 6 7 12 2 7 6 7 13 6 12 7 6 7 9 6 13 7 9 5 7 12 16 11 3 5 3 5 14 5 14 1 5 4 5 14 4 5 14 5 14 5 4 15 2 12 6 9 7 9 7 6 9 6 7 2 12 7 2 13 2 12 6 13 6 2 12 2 
18 1 11 10 8 1 3 11 7 6 7 12 7 12 6 7 12 2 12 7 9 2 6 7 2 9 6 2 9 6 12 2 9 6 2 7 13 2 7 6 13 7 6 2 6 12 6 10 11 6 4 2 6 2 7 6 2 13 2 6 7 12 6 12 7 9 6 9 2 9 2 7 12 2 12 2 13 7 2 12 
10 14 4 10 20 1 4 1 5 18 1 6 1 16 20 1 8 5 13 4 5 14 5 14 5 10 11 4 6 2 7 12 2 6 2 7 6 13 2 7 13 4 20 16 1 2 6 2 12 2 6 9 2 9 6 9 2 6 12 7 6 12 7 6 9 6 2 7 6 9 7 13 7 6 2 7 6 12 7 6 
6 2 13 7 6 2 13 6 9 7 2 9 6 13 7 12 2 9 2 12 2 7 2 6 13 6 7 12 10 11 1 6 12 7 6 7 9 7 2 7 6 7 13 2 7 2 12 6 13 7 2 6 9 7 2 12 6 7 1 16 18 16 20 6 13 7 2 12 2 13 6 13 6 13 7 12 2 7 12 2 
15 19 15 2 6 12 2 7 2 7 6 2 7 13 6 2 6 9 7 12 7 6 9 2 5 8 16 3 4 5 14 5 4 15 19 15 19 15 19 15 19 15 19 15 2 7 2 12 2 12 6 7 6 13 7 12 6 2 6 2 7 9 7 6 13 2 6 7 6 2 13 2 9 2 7 2 13 2 6 13 
14 15 19 15 19 15 19 15 19 15 19 15 2 9 7 2 12 7 6 9 6 9 6 2 13 2 7 6 9 2 16 20 10 5 3 10 8 1 16 15 19 1 4 10 5 14 5 4 5 14 5 4 20 3 20 3 4 6 2 12 2 6 2 7 6 9 7 2 12 6 9 6 2 7 12 6 7 12 6 13 
3 1 3 1 16 5 3 6 11 5 20 16 10 11 5 4 20 7 6 2 9 7 2 13 7 2 9 7 1 8 10 20 10 16 4 6 2 9 2 7 13 7 2 6 7 6 9 2 7 9 2 7 2 12 6 12 6 12 2 7 12 3 2 9 7 9 6 12 2 12 7 12 7 13 2 6 2 9 2 12 
11 3 6 16 3 16 1 2 9 2 7 2 13 6 2 9 2 13 6 9 7 13 2 6 2 9 2 10 16 5 16 10 18 7 6 7 9 2 13 6 7 2 6 7 2 6 13 7 6 9 2 9 2 6 2 12 6 2 13 7 6 2 13 7 12 7 2 6 7 2 9 7 2 7 9 2 13 7 12 7 
20 16 14 10 13 7 2 9 7 6 12 2 12 10 1 3 7 4 5 14 5 14 5 1 6 13 2 12 7 13 7 12 7 13 7 6 7 2 7 12 6 9 7 6 7 6 9 2 6 12 6 9 6 9 2 7 6 9 6 12 7 9 7 6 7 12 7 2 6 7 6 9 2 12 2 13 2 6 2 9 
12 3 16 5 3 10 5 1 3 8 10 3 10 18 16 18 10 3 10 16 7 8 4 1 16 10 1 3 8 16 1 10 3 10 16 4 14 5 14 5 14 5 4 5 14 4 11 10 16 8 1 10 18 4 7 12 7 2 12 7 2 12 2 12 7 2 6 7 2 13 2 6 7 6 2 7 2 13 2 12 
5 3 20 4 5 3 5 4 5 4 7 6 7 12 7 6 2 7 12 2 6 9 6 12 2 13 2 13 2 7 2 7 13 2 7 2 5 4 5 4 5 14 5 6 12 2 9 2 7 6 13 2 9 2 6 7 2 6 9 6 9 6 13 2 7 12 1 20 16 10 16 10 3 2 7 13 5 1 3 13 
1 13 6 7 2 12 6 7 2 13 2 6 13 2 6 7 2 12 2 7 6 13 2 6 7 9 7 3 20 7 2 5 1 2 18 16 20 16 3 1 18 3 14 15 2 7 2 13 7 2 7 9 6 7 2 6 7 6 2 6 2 6 12 6 12 6 7 2 12 6 2 7 2 7 6 7 12 2 13 2 
2 6 3 4 1 2 9 2 9 2 6 2 6 2 7 9 7 2 7 9 7 6 13 7 12 7 6 13 2 7 2 13 7 6 2 6 7 6 2 7 2 6 12 7 2 9 6 7 9 6 13 2 7 9 2 12 2 7 9 6 7 6 13 6 7 12 6 7 2 7 6 9 2 6 7 13 2 13 7 2 
19 15 19 15 1 8 16 8 16 20 3 1 16 1 2 6 9 2 7 6 2 7 2 6 13 2 6 13 7 2 6 2 9 7 6 2 7 2 6 2 19 15 2 6 7 6 7 12 6 9 7 2 13 6 2 9 7 2 7 2 12 6 2 7 6 12 7 12 2 7 6 7 12 6 12 6 9 7 2 7 
4 8 5 8 1 3 5 14 5 4 5 14 5 4 5 4 5 14 5 14 5 14 5 14 5 14 5 14 5 14 5 20 16 4 1 20 5 20 5 14 5 14 5 4 5 14 5 8 3 1 11 10 4 1 10 16 8 5 4 5 4 5 14 5 4 5 4 5 4 5 14 5 20 1 16 11 16 10 9 1 
13 2 6 9 2 7 2 9 2 12 2 9 7 6 13 7 6 2 6 2 13 7 9 7 6 2 9 7 6 2 7 9 7 2 12 7 2 7 2 7 2 9 2 6 9 7 6 13 2 12 6 9 2 9 6 2 13 2 7 13 6 2 12 6 9 7 13 2 13 7 6 12 7 6 7 6 2 12 7 6 
17 14 4 14 5 14 5 14 5 14 5 14 5 4 6 12 7 9 2 7 6 7 13 7 2 6 12 6 9 6 13 2 13 6 2 6 7 2 12 7 12 6 12 2 9 6 9 6 2 12 6 9 7 12 7 12 6 12 7 9 6 9 2 7 6 7 12 2 7 2 13 5 8 10 3 1 20 16 18 16 
9 6 7 9 6 2 7 13 6 12 6 9 2 6 2 7 2 13 6 2 12 6 7 2 7 6 2 13 7 6 7 6 7 9 6 2 12 2 7 6 2 13 1 7 9 3 6 9 7 6 9 7 16 1 5 14 5 14 5 14 5 4 5 4 5 14 5 4 15 2 13 2 7 9 6 9 6 12 2 7 
7 12 2 6 7 2 6 12 2 9 6 12 2 6 13 7 2 6 13 6 13 7 6 7 2 13 6 12 6 2 13 7 13 2 7 6 7 2 12 7 6 13 7 6 2 9 6 8 5 4 6 7 12 6 2 12 6 9 2 7 12 7 12 7 6 7 2 6 7 6 13 6 12 2 13 2 9 6 7 2 
8 3 4 5 14 5 14 5 4 5 14 5 14 5 4 5 4 5 14 5 14 5 14 5 4 5 4 9 2 7 2 7 6 2 9 7 2 12 7 2 13 6 2 9 7 2 7 12 6 2 12 2 6 2 12 6 9 7 6 7 2 13 2 6 9 2 9 2 12 6 12 6 7 2 13 7 2 13 5 3 
16 4 14 5 4 5 4 15 2 7 6 2 12 6 7 12 2 7 6 7 13 6 12 7 6 7 9 6 13 7 9 2 13 6 12 6 13 6 2 9 2 6 7 12 2 6 7 2 12 7 6 7 9 2 12 2 9 7 6 9 7 9 7 6 9 6 7 2 13 7 2 13 2 12 6 13 6 2 12 2 
18 1 11 10 8 1 3 11 7 6 7 12 7 12 6 7 12 2 12 7 9 7 2 6 2 12 6 2 7 12 7 2 9 6 2 6 13 2 7 6 13 7 6 2 7 12 6 2 13 6 13 2 7 6 7 6 2 13 2 7 6 13 6 12 7 9 6 9 2 7 6 7 12 2 12 2 13 7 2 12 
10 14 5 14 5 3 10 20 1 8 10 20 1 3 6 7 9 2 13 7 6 7 9 7 6 2 13 2 6 2 7 12 2 7 1 20 16 20 10 4 13 4 20 16 1 3 20 2 12 2 6 9 2 12 6 9 2 6 12 7 6 12 7 6 9 6 2 6 7 9 7 13 7 6 2 7 4 16 20 1 
6 7 4 6 16 10 15 10 18 3 10 18 6 13 7 12 2 9 6 7 2 7 2 6 13 6 7 12 2 13 6 7 2 12 6 7 9 7 2 9 7 6 13 2 4 15 19 14 15 10 2 6 13 7 2 12 7 2 20 1 8 16 20 16 12 16 1 3 10 11 16 11 1 19 15 19 15 19 15 19 
15 14 5 14 5 4 5 14 5 14 5 14 16 4 11 2 7 18 16 3 11 1 20 1 5 4 5 4 20 3 10 1 18 5 3 20 16 18 2 11 4 16 20 5 4 2 7 13 2 9 6 7 6 13 7 12 6 2 7 6 7 9 7 6 9 2 6 7 6 2 13 2 9 2 7 2 12 2 6 13 
14 5 4 2 7 6 9 7 9 6 2 7 12 7 13 2 12 7 2 13 6 9 6 2 13 2 7 6 7 2 6 7 13 2 7 2 7 2 13 7 6 7 6 2 6 7 2 9 7 2 7 2 12 3 20 3 4 15 19 15 14 10 1 8 10 8 3 10 3 16 11 2 7 2 13 6 7 12 6 13 
3 1 3 1 16 3 20 10 18 5 4 5 14 5 14 5 14 5 14 5 4 5 14 5 14 5 14 5 4 5 14 10 14 3 16 4 3 8 10 16 11 1 10 5 4 2 12 2 7 9 2 7 2 12 6 12 6 12 2 6 13 7 2 9 7 9 6 12 2 12 7 12 7 13 2 7 2 9 2 12 
11 3 10 16 3 16 1 3 10 1 16 1 11 16 1 8 1 13 6 13 7 13 6 2 6 12 2 7 2 7 12 2 12 7 6 7 9 2 13 6 7 2 6 7 2 6 9 7 6 9 2 9 2 7 6 13 6 2 13 6 7 2 13 6 13 7 2 6 7 2 9 7 2 6 9 2 13 7 6 7 
20 1 14 5 14 5 14 5 4 5 4 14 5 10 1 3 1 4 5 4 5 4 5 4 5 4 15 2 9 7 12 7 13 7 2 6 7 2 7 12 6 9 7 6 7 6 9 2 6 12 6 9 6 9 2 7 6 9 6 12 2 9 7 6 7 12 7 2 6 7 6 9 2 9 7 12 7 6 2 9 
12 3 16 20 1 10 20 10 4 5 3 20 3 18 6 9 2 12 7 2 6 9 2 7 13 6 2 12 6 2 6 7 6 12 7 13 2 6 2 12 7 2 6 2 9 7 12 2 13 6 2 6 9 7 2 12 7 2 12 7 2 12 2 12 7 2 6 7 2 13 2 6 7 6 2 7 2 13 2 12 
5 3 20 4 8 4 2 19 15 19 15 19 15 19 15 2 6 2 9 2 6 9 6 12 2 13 2 13 2 7 2 7 13 2 7 6 2 12 2 6 13 7 2 4 16 1 18 1 3 4 5 20 16 8 10 6 1 4 15 4 15 2 9 2 9 7 6 9 6 7 5 3 20 3 5 4 5 14 4 18 
1 11 1 4 10 18 2 6 12 7 13 2 12 6 7 6 2 12 2 7 6 13 2 7 13 6 13 7 13 7 6 7 2 7 9 6 7 12 7 2 12 7 9 7 2 8 16 19 15 19 15 19 15 19 15 2 6 7 2 6 2 6 12 6 12 6 7 2 12 6 2 7 2 7 6 7 12 2 13 2 
2 6 13 6 2 6 9 2 7 16 7 1 2 10 20 10 7 5 16 8 16 3 11 3 4 9 1 13 10 1 3 11 3 8 2 3 10 4 1 10 3 1 16 3 5 16 2 7 9 6 13 2 7 9 2 12 2 9 7 9 6 2 12 7 13 7 12 6 2 7 6 9 2 6 7 13 2 13 7 2 
19 15 19 15 19 15 19 15 19 15 14 16 20 1 2 6 9 2 7 6 2 9 6 2 13 2 6 13 7 2 7 6 12 7 6 2 7 2 6 2 13 2 13 2 7 6 7 12 2 8 3 10 16 10 3 1 18 4 5 14 5 14 5 14 5 14 5 4 15 2 6 7 12 6 12 6 9 7 2 6 
4 8 5 8 1 3 5 14 10 5 1 3 7 9 7 6 13 7 9 6 7 9 7 6 9 2 7 2 7 6 12 2 12 6 2 9 6 7 9 2 9 6 9 7 6 7 6 13 7 6 13 2 13 6 2 9 5 14 5 12 2 13 2 9 7 13 6 7 6 7 6 12 7 20 1 11 16 7 9 1 
13 7 6 9 2 7 2 9 2 12 2 6 7 6 13 7 6 2 6 2 13 7 9 7 6 2 9 7 6 2 7 9 7 2 12 7 2 7 2 7 2 9 2 6 9 7 6 13 2 12 6 9 2 9 6 2 13 2 7 13 6 2 13 6 9 7 13 2 13 7 13 7 13 2 6 7 6 12 7 6 
17 15 19 15 19 15 19 15 2 13 7 6 13 2 7 2 13 6 7 2 6 7 5 18 4 5 4 5 4 5 14 5 14 5 3 10 4 14 5 14 5 14 5 14 5 14 5 18 10 11 5 18 16 14 4 6 7 12 7 9 6 13 2 7 6 7 12 2 7 2 9 2 7 2 6 7 2 6 13 6 
9 6 7 9 6 2 7 13 6 12 6 9 2 7 6 7 2 12 6 2 13 2 7 2 6 7 6 7 13 6 7 6 7 6 2 13 7 9 2 6 2 13 2 6 9 7 2 9 7 6 9 7 12 6 5 16 3 8 3 8 5 20 5 3 13 1 7 13 6 10 18 10 1 18 1 8 3 10 1 20 
7 13 2 6 7 2 6 12 2 9 6 12 2 7 13 7 2 6 13 6 13 7 6 7 2 13 6 12 6 2 13 7 13 2 6 7 6 7 9 7 6 13 7 6 2 9 2 9 2 7 6 7 12 6 2 12 6 9 2 7 12 7 12 7 6 7 2 6 7 6 13 6 12 2 13 4 3 4 5 14 
8 3 4 12 5 1 11 10 14 10 11 10 4 11 7 12 7 13 10 20 3 10 20 10 12 7 6 18 10 4 6 12 6 2 12 7 2 12 7 2 9 6 2 9 7 2 9 7 2 6 13 2 7 16 18 16 18 4 5 4 5 4 5 4 5 4 7 2 12 6 12 6 7 2 13 7 2 13 5 3 
16 4 14 5 14 1 10 18 7 6 2 7 12 6 7 12 2 6 7 6 13 6 12 7 6 7 9 6 13 7 9 2 13 7 2 13 7 2 6 12 2 6 7 12 2 6 7 2 12 7 6 7 9 2 12 2 9 7 6 9 7 9 7 6 9 6 7 2 4 6 16 13 2 12 6 13 6 2 13 2 
18 4 13 6 7 2 6 9 7 6 7 12 7 12 6 7 12 2 12 7 9 2 6 7 2 9 6 2 9 6 12 2 9 6 2 7 13 2 7 6 13 7 6 2 6 12 6 2 13 6 13 2 7 6 7 6 2 13 2 6 7 12 6 12 7 9 6 9 2 7 6 7 12 2 9 2 13 7 2 12 
10 14 5 14 5 4 15 19 15 2 6 2 7 6 7 2 12 2 13 7 6 7 9 7 6 2 13 2 6 2 6 13 2 6 2 7 6 13 2 7 13 6 9 6 7 2 7 6 13 2 6 9 2 12 6 9 2 6 12 7 6 12 7 6 9 6 2 6 7 9 7 13 7 6 2 6 7 2 9 2 
6 1 9 4 2 10 15 19 15 2 7 9 6 13 7 12 2 9 2 12 2 7 1 6 13 6 7 12 2 13 6 7 2 12 6 7 9 7 2 9 7 6 13 2 6 20 5 10 1 20 10 20 5 14 5 4 5 14 5 14 5 14 5 4 13 7 2 12 2 13 6 13 6 13 7 12 2 7 12 2 
15 14 19 15 14 1 8 10 16 10 5 10 6 2 9 6 7 9 7 9 7 6 9 2 7 9 7 2 13 2 6 12 7 2 12 2 9 6 7 9 7 2 9 6 7 2 7 13 2 9 6 7 6 13 7 12 6 2 6 2 6 9 7 6 9 2 6 7 6 2 13 2 9 2 6 2 13 2 6 13 
14 5 14 5 14 5 4 9 2 6 2 6 12 7 13 2 12 7 6 9 6 9 6 2 13 2 6 2 13 2 6 7 13 2 7 2 9 2 13 7 6 7 6 2 6 7 2 9 7 2 7 2 12 3 20 3 4 6 7 9 2 6 2 7 6 9 7 2 9 16 18 1 16 10 11 4 5 4 15 2 
3 1 3 1 16 3 20 10 18 5 20 16 1 11 5 4 20 3 16 2 9 7 2 13 7 2 9 2 9 6 2 6 13 7 6 7 6 9 2 7 13 7 2 7 6 7 9 2 7 9 2 9 2 12 6 12 6 12 2 6 9 7 2 9 7 20 4 5 10 11 3 1 18 4 2 7 2 9 2 12 
11 3 6 16 3 16 1 3 10 1 16 6 13 6 2 9 2 13 6 9 7 13 2 6 2 9 2 7 2 7 12 2 12 7 6 7 9 2 13 6 7 6 2 7 2 6 13 7 6 9 2 9 2 6 2 12 6 2 13 7 6 2 13 7 12 7 2 6 7 2 9 7 2 7 9 2 13 7 12 7 
20 1 14 10 13 7 10 11 4 5 4 15 19 15 19 15 2 13 6 13 6 7 2 7 2 13 2 12 7 13 7 12 7 13 7 6 7 2 7 12 6 9 7 6 7 6 9 2 6 12 6 9 6 9 2 7 6 9 6 12 7 9 7 6 7 12 7 2 6 7 6 9 2 12 2 13 2 6 2 9 
12 3 4 3 20 10 5 1 3 8 10 3 10 18 16 8 10 3 5 16 10 20 1 5 14 5 14 5 14 5 4 5 4 5 4 5 14 5 14 5 14 5 4 3 7 4 13 10 16 8 1 10 18 4 3 20 10 5 14 5 14 5 4 5 4 15 2 6 2 13 2 6 7 6 2 7 2 13 2 12 
5 4 5 4 15 2 9 7 5 4 7 2 6 13 7 6 2 7 12 2 6 9 6 12 2 13 2 13 2 7 2 7 13 2 7 6 2 12 2 6 13 7 2 12 7 6 9 2 7 6 13 2 9 2 6 7 2 6 9 6 9 6 13 7 2 13 2 7 6 7 13 2 6 7 12 7 9 6 13 7 
1 11 1 4 5 4 5 4 5 14 5 14 5 14 5 14 5 14 5 14 5 14 5 14 5 14 5 14 5 14 5 14 5 14 5 14 5 4 15 2 12 7 12 7 2 9 6 13 7 12 2 8 6 7 1 6 7 6 2 6 2 6 12 6 12 6 7 2 12 6 2 7 2 7 6 7 12 2 13 2 
2 7 12 6 2 7 9 2 9 2 6 2 7 2 7 13 2 6 2 9 7 6 13 7 12 7 6 13 2 7 2 13 7 6 2 6 7 6 2 6 7 6 12 7 2 9 6 7 9 6 13 2 7 9 2 12 2 7 9 6 7 6 9 6 5 4 13 2 6 2 6 9 2 6 7 13 2 13 7 2 
19 14 3 18 3 8 16 8 16 20 3 1 16 1 10 1 9 5 2 7 2 9 6 2 13 6 2 13 6 12 2 7 2 13 2 6 12 6 2 6 13 2 13 2 7 6 7 12 2 9 7 2 13 6 2 9 7 2 7 2 9 4 5 14 5 4 15 19 15 19 14 5 14 5 14 5 14 5 14 5 
4 5 14 5 14 5 14 5 14 5 14 15 19 15 19 16 5 8 16 3 16 8 4 1 20 10 3 10 20 3 10 16 18 1 5 2 18 4 18 10 18 16 8 16 3 16 8 3 14 5 4 5 14 5 2 16 8 5 16 11 1 11 10 18 4 19 2 9 2 12 6 12 6 7 13 7 13 2 12 2 
13 7 5 8 4 8 16 20 1 18 10 20 10 1 18 3 16 10 4 16 13 7 18 16 1 10 2 9 2 7 2 9 7 2 12 7 2 7 2 7 2 9 2 7 9 7 6 13 2 12 6 9 2 9 16 4 5 4 5 14 5 14 5 14 5 14 5 14 5 14 5 14 5 14 5 4 15 19 15 19 
17 19 4 2 7 12 2 6 7 13 7 6 13 2 7 2 13 6 7 2 6 7 13 7 2 7 12 6 9 6 13 2 13 6 2 6 7 2 12 7 12 6 12 2 9 6 13 6 2 9 6 9 7 12 7 12 6 12 7 9 6 9 2 7 6 7 12 2 7 2 18 5 8 10 3 1 20 16 11 16 
9 6 9 2 9 2 7 13 6 12 6 9 2 6 2 6 2 12 6 2 13 2 7 2 6 7 6 2 13 2 7 6 7 9 6 2 12 7 2 6 2 13 2 7 9 7 2 9 7 6 9 7 12 2 6 2 7 9 7 9 2 6 9 2 13 2 6 9 6 2 12 2 6 9 6 9 6 12 2 7 
7 12 2 6 7 2 6 12 2 9 6 12 2 20 7 9 7 6 13 6 11 16 10 20 4 5 14 5 14 5 14 5 14 5 14 5 4 5 4 5 4 6 7 6 2 9 2 7 2 6 7 2 12 6 2 12 6 9 2 7 12 7 12 7 6 7 2 6 7 6 13 6 12 2 13 2 9 6 2 9 
8 3 4 12 2 7 12 2 12 6 13 6 2 12 6 7 13 6 2 6 9 2 6 2 9 6 12 7 6 2 7 6 2 6 12 7 2 9 7 2 9 6 2 9 7 2 7 12 6 2 12 2 6 2 12 6 9 7 6 7 2 13 2 7 9 2 7 2 12 6 12 6 7 2 13 7 2 12 6 13 
16 4 3 10 1 3 16 18 3 4 15 19 15 19 15 19 15 19 15 19 15 19 15 19 15 19 15 19 15 19 15 19 15 2 9 6 13 6 2 9 2 6 7 12 2 6 7 2 9 7 6 7 9 2 12 2 9 7 6 9 7 9 7 6 9 6 7 2 13 7 2 13 2 12 6 13 6 2 12 2 
18 1 11 10 8 1 3 18 3 16 1 12 2 12 6 7 13 2 12 7 9 7 6 7 2 9 6 2 9 6 12 2 9 6 2 7 12 2 7 6 13 7 6 10 6 13 6 2 13 6 13 2 7 6 7 6 2 13 2 7 6 13 6 12 7 9 6 9 2 7 6 7 12 2 12 2 13 7 2 12 
10 14 5 14 5 4 2 7 13 7 6 2 7 6 7 2 12 2 13 7 6 7 9 7 6 2 13 2 6 2 7 12 2 7 2 7 6 13 2 7 13 4 20 16 1 2 7 2 14 5 10 11 5 18 1 11 10 6 12 7 6 12 7 6 8 2 7 2 7 9 7 13 7 6 2 6 7 2 9 2 
6 7 13 2 7 2 13 6 9 7 2 9 6 13 7 12 2 9 6 7 2 7 2 6 13 6 7 12 2 13 6 7 2 12 6 7 9 7 2 9 7 6 13 7 2 7 9 6 13 7 2 7 9 7 2 12 7 6 12 2 7 2 12 7 13 7 2 12 2 13 6 13 2 13 7 12 5 1 3 20 
15 19 15 19 15 2 9 2 9 2 6 2 7 13 6 2 6 9 7 12 7 6 9 2 7 9 7 2 13 2 6 12 6 7 6 8 3 18 1 11 4 5 16 4 14 1 6 11 6 13 6 7 6 13 7 12 6 2 6 2 6 9 7 6 9 2 6 7 6 2 13 2 9 2 7 2 13 2 6 9 
14 15 19 15 2 6 9 7 9 6 2 7 12 7 13 2 12 7 6 9 6 9 5 15 19 15 2 6 7 2 6 7 13 2 7 2 7 2 13 7 6 7 6 2 6 7 2 9 7 2 7 2 7 6 7 6 2 12 6 13 2 7 2 7 6 9 7 6 13 6 9 6 2 10 11 4 6 13 6 13 
3 1 3 1 16 3 20 10 18 5 4 15 2 12 2 6 9 7 6 2 9 7 2 13 7 2 9 2 9 6 2 6 13 7 6 7 6 9 2 7 13 7 2 6 7 6 9 2 7 9 2 9 2 12 6 12 6 12 2 6 13 7 2 12 7 9 6 12 2 12 7 12 7 13 2 6 2 9 2 12 
11 3 10 16 3 15 19 15 19 15 19 15 19 15 14 19 15 19 15 19 15 19 15 19 15 19 15 19 15 19 15 19 15 19 14 5 14 5 14 5 14 5 14 5 4 5 14 16 10 5 14 5 14 5 14 5 14 5 14 5 14 5 14 5 14 5 14 16 10 20 7 9 2 7 9 2 13 3 20 3 
20 16 14 19 15 2 6 13 7 12 2 7 9 2 10 3 1 4 3 4 7 6 12 6 2 13 2 12 7 13 7 12 7 13 6 2 7 2 9 7 6 9 7 2 6 2 9 2 6 12 6 9 6 9 2 7 6 9 6 12 7 9 7 6 7 12 7 2 6 7 6 9 2 12 2 13 2 6 2 9 
12 3 16 20 1 10 20 1 3 8 10 3 10 11 16 8 10 3 10 16 10 8 1 5 7 4 10 3 8 16 1 5 16 3 16 4 1 16 1 3 9 5 14 10 16 15 19 15 2 9 6 2 12 7 2 9 3 2 13 7 2 12 2 12 7 2 6 7 2 13 2 6 7 6 2 7 2 13 2 12 
5 4 5 4 15 2 9 7 13 7 12 6 7 12 7 6 2 7 12 2 6 9 6 12 2 13 2 13 2 7 2 7 13 2 7 6 2 12 2 6 13 7 2 12 7 6 9 2 6 2 13 2 9 2 6 7 2 6 13 4 15 19 15 19 15 19 15 19 15 2 13 2 6 7 6 13 2 6 13 7 
1 13 2 4 10 18 1 5 14 5 14 5 14 5 14 5 14 5 4 6 2 12 2 6 7 9 7 12 7 13 2 7 2 7 9 6 7 12 7 2 12 7 12 7 2 7 2 13 7 2 6 9 6 7 2 6 7 6 2 6 2 6 12 6 12 6 7 2 12 6 2 7 2 7 6 7 12 2 13 2 
2 6 9 6 2 7 9 2 9 2 6 2 7 2 7 13 2 6 2 9 7 6 13 7 12 7 6 13 2 9 2 13 7 6 2 6 7 6 2 6 7 6 12 7 2 9 6 7 9 6 13 2 7 9 2 12 2 7 9 6 7 6 13 7 13 7 12 6 2 7 6 9 2 6 7 13 2 13 7 2 
19 15 19 15 19 15 19 15 19 15 2 6 7 6 2 7 9 7 2 4 5 14 10 5 14 5 14 5 4 7 2 7 2 13 2 6 12 6 2 6 13 2 13 2 7 6 7 12 6 9 7 2 13 6 2 9 7 2 7 2 12 6 2 6 7 12 7 12 2 7 6 7 12 6 12 6 9 7 2 6 
4 8 5 4 15 19 2 16 3 5 1 3 5 11 3 20 10 11 16 4 16 8 4 2 8 10 3 6 20 3 5 20 6 1 7 1 18 4 15 19 15 19 15 19 14 15 19 15 19 15 19 15 2 7 6 12 6 7 2 12 6 12 2 12 7 13 6 7 6 7 6 12 7 2 13 7 9 2 12 2 
13 5 14 5 14 5 4 5 14 5 14 5 4 5 14 5 14 17 15 19 15 19 15 19 15 2 9 7 6 2 7 9 7 2 12 7 2 7 2 7 2 7 9 2 7 12 2 13 2 12 6 9 2 9 6 2 13 2 7 13 6 2 12 6 9 7 13 2 13 7 6 13 7 6 7 6 2 9 7 6 
17 15 19 15 19 15 14 19 15 19 15 2 13 2 7 2 12 6 7 2 6 7 13 7 2 6 12 6 9 6 13 2 13 6 2 7 4 15 2 9 7 2 13 2 9 6 9 6 2 9 6 9 7 12 7 12 6 12 7 9 6 9 2 7 6 7 12 2 6 12 7 2 7 2 6 7 2 6 9 6 
9 2 8 6 2 7 2 13 6 12 6 9 7 2 6 7 2 13 6 2 13 2 7 2 6 7 6 7 13 6 7 6 7 9 6 7 18 16 10 7 3 11 10 20 4 15 19 15 19 15 19 15 19 15 2 6 2 7 12 6 7 2 12 2 13 2 6 9 6 2 12 2 7 9 6 9 6 12 2 7 
7 13 2 7 12 2 6 12 2 9 6 12 2 6 13 7 2 6 13 6 13 7 6 7 2 13 2 13 6 2 13 7 13 2 7 6 7 2 12 7 6 13 7 6 2 9 2 7 2 6 7 2 12 6 2 12 6 9 2 7 12 7 12 7 6 7 2 6 7 6 13 6 13 2 13 4 16 5 4 3 
8 3 4 20 16 5 4 5 14 5 14 5 14 15 19 15 19 15 19 15 19 15 19 15 2 13 7 12 2 7 2 7 6 2 9 7 2 12 7 2 9 6 2 9 7 2 7 12 6 2 12 2 7 6 12 6 9 7 6 7 2 13 2 6 9 2 9 2 12 6 12 6 7 2 13 7 2 12 6 13 
16 4 3 10 1 2 6 12 7 6 2 6 13 6 7 12 2 6 7 6 13 6 12 7 6 7 9 6 13 7 9 2 13 7 2 13 7 2 6 12 2 6 7 12 2 6 7 2 9 7 6 7 9 2 12 2 9 7 6 9 7 9 7 6 9 6 7 2 12 7 2 13 2 12 6 13 6 2 13 2 
18 4 13 2 7 2 6 9 7 6 7 12 7 12 6 7 12 2 12 7 9 2 6 7 2 9 6 2 9 6 12 2 9 6 2 7 13 2 7 6 13 7 6 2 7 12 6 2 13 6 13 2 7 6 7 6 2 13 2 7 6 13 6 12 7 9 6 9 2 9 2 7 12 2 12 2 13 7 2 12 
10 14 4 10 20 1 4 1 5 4 1 6 1 3 20 1 18 5 13 4 6 3 20 10 3 10 11 4 6 2 6 13 2 6 2 7 6 13 2 7 13 6 9 5 1 2 6 2 12 2 6 9 2 13 6 9 1 6 16 6 1 20 3 16 8 1 4 20 1 8 6 7 12 6 2 20 3 5 16 10 
6 2 13 2 6 2 13 6 9 7 2 12 6 13 7 12 2 9 6 7 2 7 2 6 13 6 7 12 2 13 6 7 2 12 6 7 9 7 2 9 7 6 13 2 6 7 9 6 13 7 2 7 9 7 2 12 7 6 12 2 7 2 12 7 13 7 2 12 2 13 6 13 6 13 7 12 2 7 12 2 
15 14 19 15 19 15 19 15 2 7 6 2 7 13 6 2 6 9 7 12 7 6 9 2 6 9 7 2 13 2 6 12 7 2 12 2 9 6 7 9 2 7 2 7 6 2 6 13 2 12 6 7 6 13 7 12 6 2 6 2 6 9 7 6 9 2 6 7 6 2 13 2 9 2 6 2 13 2 6 13 
14 5 14 5 4 5 4 5 14 5 14 5 14 5 14 5 14 5 14 5 4 5 4 15 19 15 19 15 2 6 7 6 7 6 7 2 7 2 13 7 6 7 6 2 6 7 2 9 7 2 7 2 6 12 2 7 6 13 6 13 2 6 2 7 6 9 7 2 12 6 9 6 2 6 12 6 7 12 6 13 
3 1 6 2 7 12 7 6 9 2 7 2 6 9 2 6 9 7 6 2 9 7 2 13 7 2 9 7 6 9 2 7 12 7 6 7 6 9 2 7 13 7 2 7 6 7 9 2 7 9 2 9 2 12 6 12 6 12 2 6 13 7 6 9 7 9 6 12 2 12 7 12 7 13 2 7 2 9 2 12 
11 1 3 8 16 20 4 2 7 4 1 16 10 8 1 16 1 11 4 16 18 10 3 14 3 16 20 10 20 3 20 1 16 1 16 5 14 5 14 5 1 20 1 20 10 3 18 5 4 5 14 5 14 5 14 5 4 5 14 5 14 5 14 5 14 5 4 7 6 7 2 9 6 7 6 9 6 2 7 9 
20 4 18 16 8 16 1 4 5 1 10 1 11 4 20 16 8 4 3 6 3 10 4 5 4 5 4 15 2 12 7 12 6 2 6 9 7 2 7 13 6 7 6 7 6 12 2 6 7 13 7 2 6 13 6 7 13 2 13 2 9 6 2 19 15 19 14 5 14 5 14 5 14 5 14 5 14 5 4 2 
12 6 2 12 6 2 9 7 2 6 7 2 6 13 6 7 9 2 12 7 2 9 6 9 2 13 7 6 12 6 7 6 2 13 2 9 7 6 7 9 6 13 6 12 6 7 2 13 7 6 7 6 9 6 2 9 6 13 6 7 9 7 2 13 2 7 2 6 13 7 13 6 9 6 12 2 9 6 13 6 
5 3 16 6 16 1 2 7 6 7 2 12 2 12 6 12 2 9 7 2 13 2 9 7 13 2 6 2 6 7 9 7 2 13 6 13 2 6 13 6 2 12 6 12 6 7 2 13 6 2 13 7 6 2 6 7 6 2 9 6 2 7 2 7 6 12 2 6 9 2 12 7 9 2 7 2 12 6 12 7 
1 2 12 7 2 12 7 2 6 2 6 7 2 7 2 9 7 12 6 7 4 5 4 13 6 12 2 7 9 7 6 2 13 6 13 6 7 6 7 2 6 12 6 13 2 9 2 13 7 6 7 9 7 12 6 12 7 6 7 12 2 13 7 9 2 6 2 6 2 12 7 13 7 13 6 2 7 2 6 2 
2 4 10 11 16 11 3 16 14 5 14 5 14 5 4 5 14 5 14 5 4 5 14 5 14 5 14 5 4 5 14 5 14 5 14 5 20 1 3 20 1 2 6 16 3 4 1 20 16 20 7 5 3 19 2 7 12 6 12 6 2 9 7 9 2 6 7 2 7 6 9 7 6 13 2 6 2 7 13 6 
19 14 4 5 14 5 14 5 4 13 7 2 7 6 12 6 9 2 9 6 9 6 7 6 7 6 2 13 2 12 2 13 6 9 2 6 12 6 12 7 2 9 2 9 2 6 9 2 6 7 9 7 2 6 7 2 6 12 6 7 12 7 6 9 2 7 6 9 2 13 2 7 9 2 13 6 10 8 1 16 
4 7 2 9 7 2 7 6 2 12 6 2 6 9 2 6 2 6 13 2 13 4 7 13 6 2 7 13 7 2 13 7 2 12 6 12 2 6 13 7 9 2 9 2 6 2 6 9 16 12 1 20 10 19 15 1 4 16 4 1 16 11 10 14 4 16 11 4 5 14 5 4 5 4 6 13 2 6 2 7 
13 2 5 4 20 7 9 7 2 12 6 2 7 9 2 9 7 2 13 6 7 2 12 2 6 2 7 9 6 12 6 9 6 7 9 7 2 6 13 6 2 13 7 13 7 2 7 2 9 6 12 6 2 6 2 7 9 2 13 7 6 13 7 2 12 6 7 6 9 2 12 2 7 6 2 9 6 13 7 6 
17 15 19 15 2 6 7 6 13 2 6 13 7 6 7 9 7 13 2 9 3 1 11 16 13 6 12 7 6 7 2 6 7 9 7 12 7 12 7 13 6 2 6 9 7 6 7 9 7 2 6 9 6 2 6 7 9 2 7 2 12 2 6 9 7 2 9 7 6 2 6 2 6 9 6 2 12 6 13 7 
9 10 16 1 20 2 4 20 7 10 6 13 2 13 2 9 6 13 7 12 7 2 12 2 7 13 6 12 2 7 12 7 12 2 13 6 7 2 13 6 9 6 9 7 6 7 2 6 9 7 13 6 7 2 7 13 7 2 7 6 2 6 2 7 6 7 2 13 7 13 6 2 6 9 2 6 2 6 2 6 
7 3 10 3 18 3 20 10 11 1 10 8 3 10 8 1 10 3 14 16 10 5 20 6 1 5 14 5 14 5 14 5 14 10 18 1 7 3 6 4 12 2 4 15 2 7 2 7 6 1 16 1 20 10 1 18 10 16 5 4 5 4 5 4 15 2 12 6 13 6 12 7 2 7 2 7 6 9 6 2 
8 2 16 1 8 2 6 9 6 7 12 2 6 2 7 6 12 2 7 13 2 7 13 2 6 2 6 2 12 6 7 13 7 13 6 2 13 2 9 6 2 6 7 6 2 20 3 10 12 6 9 7 2 13 6 7 13 2 13 7 6 12 7 9 7 9 7 2 7 6 7 2 9 2 9 2 6 2 7 2 
16 1 18 4 2 7 2 6 13 6 12 6 13 6 7 9 6 2 7 13 2 7 12 7 2 6 12 2 10 11 10 8 2 8 7 18 10 3 5 4 5 14 5 14 5 4 5 14 5 4 12 6 13 2 7 9 2 13 6 2 12 2 12 2 6 12 2 7 9 2 7 12 2 6 9 2 7 9 7 2 
18 4 10 14 19 14 15 19 14 4 5 14 1 10 3 5 14 3 16 11 1 16 7 2 7 6 10 8 3 7 9 2 13 2 13 7 6 7 13 2 6 2 9 7 9 6 7 6 7 6 2 6 2 7 6 12 7 13 2 6 2 6 9 6 13 2 7 2 12 7 6 12 6 2 9 7 12 6 9 7 
10 3 18 1 8 2 11 3 6 7 13 7 6 12 6 13 7 2 6 9 2 6 13 2 7 13 6 9 2 9 2 6 2 7 9 6 2 6 2 13 6 13 6 12 2 12 6 12 7 2 7 12 7 12 6 7 2 7 9 7 2 7 6 12 2 7 13 2 9 2 6 7 2 6 13 6 2 7 6 12 
6 7 6 7 2 6 13 6 2 7 2 7 9 7 2 6 2 9 2 7 20 4 2 6 2 6 9 7 6 2 12 7 6 7 12 2 7 13 7 6 13 2 7 2 12 7 12 7 2 9 2 9 7 2 6 2 12 6 2 6 13 6 2 7 6 7 2 6 2 9 6 12 2 7 13 7 2 7 12 6 
15 5 8 16 11 4 5 14 5 14 5 14 5 14 5 14 5 14 5 14 5 14 5 14 5 14 4 5 4 5 14 5 4 15 19 15 19 14 5 14 15 19 15 19 15 19 15 14 15 19 14 5 4 15 2 9 7 2 6 2 6 13 2 6 7 2 6 13 6 2 13 7 2 6 2 6 12 6 2 6 
14 3 10 1 9 2 9 7 10 16 20 6 13 6 7 12 6 9 7 2 13 7 2 6 7 9 2 13 2 9 2 6 9 7 2 7 13 6 2 7 6 2 7 2 7 12 7 12 2 6 7 13 6 2 9 7 6 7 2 9 6 12 6 7 2 6 7 9 7 13 2 9 7 2 6 9 2 7 12 7 
3 11 10 8 3 5 13 6 9 2 7 6 7 6 13 5 14 16 10 16 3 8 3 7 2 7 5 2 12 2 3 11 10 4 5 16 3 6 2 13 2 7 2 12 2 6 7 2 6 2 7 12 7 9 2 6 9 7 6 2 6 2 6 7 2 13 6 2 9 6 7 12 7 12 7 13 6 12 6 7 
11 1 3 8 16 20 4 5 14 5 14 5 14 5 14 5 14 5 14 5 14 5 14 4 5 14 5 14 5 4 15 19 15 19 15 2 9 7 2 13 7 2 13 7 12 6 9 2 7 2 12 2 7 12 7 13 2 7 6 12 2 7 6 2 6 9 2 9 6 7 2 9 6 7 6 9 6 10 20 6 
20 4 8 16 8 16 2 16 18 10 16 3 13 6 9 7 9 7 6 7 12 7 6 7 6 7 6 9 2 12 7 12 6 2 6 13 6 2 7 13 6 7 6 7 6 12 2 6 7 13 7 2 6 13 7 6 9 6 13 4 5 14 10 11 3 5 10 12 7 6 13 2 9 7 9 7 9 2 13 6 
12 2 6 12 6 2 7 12 6 7 2 7 6 12 2 6 9 2 9 7 2 9 6 9 2 13 7 6 12 6 7 6 2 13 2 12 7 9 6 9 6 13 6 12 6 7 2 13 7 6 7 6 9 6 2 9 6 13 6 7 18 3 10 13 1 3 10 1 9 6 7 2 9 6 12 2 9 6 13 6 
5 14 5 4 5 14 5 14 5 9 16 12 2 12 6 12 2 9 7 2 13 2 9 7 13 2 6 2 6 7 9 7 2 13 2 12 2 6 13 6 2 12 6 12 6 7 2 13 6 2 12 7 6 2 6 7 6 2 9 6 2 7 2 6 7 2 6 7 9 2 12 7 9 2 7 2 9 6 12 7 
1 10 1 8 16 18 16 6 16 4 5 20 10 1 3 8 16 12 6 7 6 7 2 13 6 12 2 7 9 7 6 2 13 6 13 6 7 6 7 2 7 6 9 7 13 6 2 13 6 2 6 9 7 12 6 12 7 6 7 12 2 13 7 9 6 2 5 20 10 18 3 4 3 12 16 1 8 10 3 16 
2 4 10 11 16 11 3 16 14 15 19 14 3 11 5 4 15 2 6 7 6 7 13 6 13 6 9 2 7 9 6 7 2 13 6 12 7 6 2 7 2 7 2 9 6 2 7 9 2 13 7 2 12 7 13 2 9 6 12 6 2 9 7 8 10 20 1 10 3 10 18 16 1 16 1 4 2 6 2 6 
19 14 16 5 14 5 4 5 14 5 14 5 14 5 14 5 9 4 16 3 11 5 6 7 6 7 2 13 2 12 2 12 6 9 2 6 12 6 12 7 2 9 2 9 2 7 9 2 6 7 9 7 2 7 2 7 6 12 6 7 12 7 16 18 10 1 20 4 2 13 2 6 9 2 7 6 10 8 1 6 
4 7 2 9 7 2 7 6 2 12 6 2 6 9 2 6 2 6 13 2 13 6 20 10 8 10 9 4 20 6 9 7 2 12 6 12 2 6 13 7 12 2 9 5 2 10 6 18 16 12 1 20 10 11 5 4 5 4 5 4 15 2 6 13 6 12 7 13 7 6 7 2 6 2 7 12 2 6 2 7 
13 2 7 6 7 12 7 13 2 12 2 6 7 9 2 9 7 2 13 6 7 2 12 2 6 2 6 9 6 12 6 9 6 7 9 7 2 6 13 6 2 13 7 13 7 2 7 2 9 6 12 6 2 6 2 7 9 2 12 7 6 13 7 6 7 6 7 6 9 2 9 2 7 6 2 9 6 13 7 6 
17 15 19 15 19 15 19 15 2 10 5 13 2 6 7 9 7 13 2 7 2 6 12 7 13 6 12 7 6 7 2 6 7 9 7 12 7 12 7 13 6 2 6 9 7 6 7 9 7 2 6 13 6 2 6 7 9 2 7 2 12 2 6 9 7 2 9 7 6 2 6 2 12 7 6 2 12 6 13 7 
9 2 6 7 6 2 7 13 7 2 6 13 2 13 2 9 6 13 7 12 7 2 13 2 6 9 6 12 2 7 12 7 13 2 19 2 6 7 13 6 9 6 12 7 6 7 2 6 9 7 13 6 7 2 7 13 7 2 6 7 2 6 2 7 6 7 2 13 7 13 6 2 6 9 2 6 2 6 2 6 
7 6 3 16 18 3 20 10 11 1 10 8 3 10 20 16 10 6 13 7 6 7 13 6 2 6 7 2 13 2 6 9 2 7 9 2 7 6 7 6 13 2 6 2 6 2 7 2 6 12 2 7 6 13 7 9 2 13 2 6 9 6 13 2 6 2 12 6 13 6 12 7 2 7 2 7 6 9 6 2 
8 1 16 1 20 3 16 9 2 6 13 2 6 3 16 10 16 10 1 4 12 6 7 9 2 7 2 6 13 6 7 13 7 13 6 2 12 2 13 6 10 3 10 5 4 20 7 2 13 6 9 7 2 13 6 7 13 2 13 7 6 12 7 9 7 9 7 2 7 6 7 2 9 2 9 2 6 2 7 2 
16 1 18 4 16 10 5 14 5 4 12 6 13 6 7 9 6 2 6 7 2 7 12 7 2 6 13 2 6 9 2 12 6 9 7 9 2 6 9 6 12 7 2 9 6 12 2 7 2 13 7 9 7 2 7 9 2 13 6 2 12 2 12 2 7 2 6 12 7 6 2 12 2 6 9 2 7 9 6 2 
18 4 10 14 19 15 2 13 6 13 6 7 12 2 6 2 1 20 4 19 15 2 6 12 5 6 2 7 12 7 9 2 13 2 6 13 6 12 6 2 6 2 9 7 9 6 7 6 7 6 2 6 2 7 6 12 7 13 2 6 2 6 9 6 13 2 7 2 12 7 6 12 6 2 9 6 13 6 9 7 
10 3 18 1 8 1 11 3 20 5 11 4 3 4 13 3 4 5 14 15 19 15 2 6 2 13 6 9 2 7 2 7 6 2 13 6 10 5 14 5 14 5 14 5 14 5 14 5 4 5 14 5 14 5 14 5 14 5 14 5 4 5 4 5 14 5 14 5 14 5 14 5 4 5 4 14 1 3 1 20 
6 1 5 14 5 14 5 4 5 14 5 4 12 7 2 6 2 9 7 2 7 6 4 5 1 10 8 4 20 1 3 18 10 6 9 7 8 1 3 1 3 20 1 10 3 18 16 3 7 18 4 5 14 5 14 5 14 5 14 5 11 16 7 2 6 7 2 6 2 9 6 12 2 7 13 7 2 7 6 7 
15 5 8 16 11 4 10 20 10 16 18 4 5 14 17 14 15 2 7 13 6 2 9 2 7 6 7 13 6 2 13 6 7 12 7 9 7 6 2 6 2 6 12 7 2 7 2 7 9 7 6 7 12 2 12 7 12 2 6 2 6 13 2 7 6 2 7 12 2 7 13 7 2 6 2 6 12 6 2 6 
14 3 10 1 9 6 13 6 2 9 7 13 7 12 6 7 2 12 7 2 13 7 2 7 6 9 2 13 2 9 2 6 9 7 2 7 13 6 2 6 2 6 2 9 2 12 7 12 2 6 7 13 6 2 9 7 6 7 2 9 6 12 6 7 2 6 7 9 7 13 2 9 7 2 7 9 2 7 12 3 
3 11 10 8 3 5 13 6 9 2 7 6 2 7 12 6 7 12 2 13 7 9 7 6 2 7 13 6 13 6 7 12 2 13 2 7 2 6 2 15 19 15 2 13 2 7 6 2 6 2 7 12 7 9 2 7 9 7 6 12 6 2 6 7 2 13 6 2 9 6 7 12 7 12 7 13 2 13 6 7 
