47,0.971748,0.341195,3.42057,-2.44451
38,0.800104,0.501857,2.88929,-2.64718
2,0.806689,0.419058,2.70488,-3.03638
49,1.03729,0.568622,3.057,-2.20014
35,0.694768,0.643276,2.81964,-2.81277
37,1.04367,0.209664,3.03841,-2.74115
31,1.00613,0.235688,2.67369,-2.80806
44,1.11743,0.308567,3.31943,-2.28679
25,0.466666,0.930482,3.03725,-2.67719
29,0.446472,0.701022,2.85166,-2.96118
48,0.624017,0.45538,3.12603,-2.38464
33,1.03484,0.313042,2.89709,-2.81364
34,0.889052,0.453561,2.75657,-2.90471
40,0.953986,0.600595,3.05287,-2.3614
46,1.05974,0.438087,2.93361,-2.45038
8,0.817697,0.415468,2.859,-2.83601
3,0.969669,0.587957,2.78575,-2.91112
10,0.799227,0.563892,2.99516,-2.9961
45,0.901472,0.824283,3.04469,-2.5887
42,0.849399,0.696571,3.33571,-2.32263
30,0.744568,0.244109,2.97891,-2.69777
41,0.921179,0.41968,3.06865,-2.49974
6,0.873513,0.17144,2.49432,-3.05134
4,0.903702,0.524117,2.57845,-2.83778
26,0.599066,0.557521,3.27732,-2.63308
19,0.668547,0.872852,2.89849,-2.94039
1,1.08649,0.0678582,2.81878,-3.01852
11,0.795979,0.721511,2.90463,-3.001
39,0.797911,0.639601,2.67886,-2.84239
12,0.785795,0.454816,2.81989,-3.01993
18,0.656615,0.989928,2.66877,-2.90482
43,0.706306,0.688382,3.05448,-2.38565
0,1.12052,0.484429,2.62583,-2.92445
36,0.653388,0.426458,2.53552,-2.9673
9,0.788741,0.526161,2.60363,-2.73283
16,0.713635,0.707148,2.6307,-2.98223
17,0.752277,0.813708,2.75732,-2.94052
14,0.671735,0.465592,2.76364,-3.05913
24,0.710169,0.628313,3.00839,-2.48425
21,0.535981,0.754484,2.90645,-2.67401
32,0.733164,0.67203,2.53196,-3.02504
23,0.795826,0.650768,3.33562,-2.58584
5,0.923866,0.224772,2.51301,-2.7571
7,0.876086,0.414147,2.6284,-2.76302
20,0.817992,0.984999,2.9418,-2.59709
27,0.868117,0.617881,3.10725,-2.4849
28,0.492956,1.23703,3.11684,-2.52264
22,0.396917,0.664286,2.83425,-2.66089
15,0.71763,0.504617,2.77699,-2.93129
13,0.674646,0.612537,2.46595,-3.01132

