49,0.220645,-0.0379302,4.18432,4.08813
39,0.141352,-0.179024,4.0651,4.44691
32,0.17412,-0.311385,4.07446,4.37741
43,0.281065,0.212277,4.05033,4.24492
20,-0.100881,-0.0644342,3.92535,4.1356
16,-0.0188741,0.1017,4.00367,4.65895
28,0.00346592,-0.126584,4.2462,4.34724
0,0.210716,0.00539898,3.86694,4.34577
33,0.0780324,0.12292,4.22359,4.40153
37,0.168697,0.0673227,3.9978,4.36364
27,-0.126825,-0.0114483,4.0556,4.22786
6,0.140714,-0.162035,3.8628,4.4786
12,0.0183058,-0.0680902,4.18721,4.31551
46,0.165109,0.28277,4.13498,4.30697
35,-0.0351576,-0.184404,4.26657,4.24615
14,-0.142735,-0.0842202,4.15066,4.1727
10,-0.167708,-0.0439091,4.17167,4.00565
40,0.288499,0.131188,3.84951,4.48012
36,0.111254,-0.0692851,3.94744,4.30213
34,-0.0410072,-0.223668,4.08802,4.43491
31,0.131035,-0.1913,3.92023,4.39591
29,-0.192147,0.00203725,3.97014,4.31009
21,-0.207288,-0.177208,3.93661,4.37053
18,0.0393443,-0.116088,4.17376,4.09803
17,-0.0819805,-0.265917,4.28637,4.33689
19,-0.0279003,-0.30121,4.04874,4.05152
15,-0.0267836,-0.138073,4.40171,4.16112
48,0.155522,0.286013,4.13432,4.13301
22,-0.146629,0.0316579,3.76081,4.58464
24,-0.0153847,-0.0784998,3.86199,4.39064
26,-0.24798,-0.248992,4.16866,4.18702
7,0.331156,-0.368192,3.8936,4.30612
3,0.123281,-0.402428,3.9054,4.2142
38,0.0652579,-0.174852,4.29957,4.48877
47,0.322879,0.28087,4.00296,4.22637
42,0.141885,-0.05392,4.23728,3.94942
41,-0.0287375,0.197399,4.25503,4.29345
13,0.211019,0.0583902,4.128,4.20696
5,0.134009,-0.353417,3.67536,4.04592
30,0.0176438,-0.116734,3.92425,4.3292
2,0.16756,-0.319118,4.20213,4.06593
9,0.200247,-0.254373,3.81214,4.26727
45,0.208944,0.207869,4.28704,4.31633
44,0.279614,0.281626,4.13175,3.97848
1,0.231971,-0.0404025,3.89305,4.39444
8,0.176596,-0.38891,3.78522,4.61653
25,-0.0997509,0.0477354,3.81622,4.39158
23,-0.247657,0.0732295,3.90827,4.49486
4,0.116892,-0.485492,3.80126,4.24548
11,-0.0289479,-0.212757,4.19376,4.18285

