15,0.036117,-0.459369,-6.69983,-0.494576
18,0.165488,-0.316895,-6.68502,-0.597395
12,0.0344182,-0.461162,-6.53403,-0.656211
19,-0.206975,-0.302426,-6.70174,-0.670066
5,0.128695,-0.565288,-6.4371,-0.731525
9,-0.147051,-0.539601,-6.59394,-0.90775
49,-0.162982,-0.247693,-6.86381,-0.692649
44,-0.454212,-0.227663,-6.46554,-0.870127
46,-0.465188,-0.422121,-6.60913,-0.774174
21,-0.123028,-0.318173,-6.47618,-1.09584
27,-0.0725156,-0.338641,-6.58167,-0.915096
20,-0.152384,-0.375131,-6.28561,-1.16009
29,-0.0587529,-0.416159,-6.44482,-0.977607
26,0.00150185,-0.411921,-6.24753,-1.08183
24,-0.0337965,-0.462154,-6.52075,-1.20208
23,-0.107946,-0.369001,-6.41513,-1.13567
4,0.0938405,-0.35451,-6.61136,-0.943064
7,-0.0155586,-0.518019,-6.73926,-0.849488
34,-0.288271,-0.598595,-6.67873,-0.844581
39,-0.0788866,-0.539691,-6.36773,-1.01301
6,-0.0590957,-0.624383,-6.79542,-0.567678
8,-0.27489,-0.529574,-6.43882,-0.919958
10,-0.0907434,-0.43757,-6.31156,-0.575292
42,-0.379452,-0.524635,-6.75948,-0.814542
47,-0.154772,-0.403757,-6.66624,-0.860664
45,-0.333716,-0.280758,-6.58347,-0.681175
13,-0.0911959,-0.546601,-6.83045,-0.74345
2,0.0449186,-0.258841,-6.53181,-0.786565
1,-0.0379057,-0.404791,-6.27801,-0.951963
41,-0.00437777,-0.237913,-6.72115,-0.69733
43,-0.470428,-0.52846,-6.42703,-0.64002
22,0.10698,-0.312221,-6.48293,-0.912154
37,-0.125409,-0.605499,-6.54707,-0.873765
11,-0.266018,-0.511242,-6.7656,-0.700894
16,-0.088016,-0.52416,-6.43442,-0.624318
17,0.0632088,-0.492995,-6.62196,-0.722151
35,0.0934175,-0.379479,-6.80329,-0.934706
30,-0.0676067,-0.829993,-6.56264,-0.836507
28,-0.0250379,-0.457191,-6.40953,-1.05321
25,0.0554402,-0.177508,-6.51204,-1.05395
48,-0.217116,-0.460701,-6.71965,-0.702469
36,-0.127278,-0.774627,-6.82015,-0.85931
33,-0.0806482,-0.621445,-6.74176,-1.0172
40,-0.122279,-0.554773,-6.60814,-0.874828
0,-0.107399,-0.452876,-6.55721,-0.737002
3,-0.180915,-0.729179,-6.63533,-0.809919
14,-0.0831084,-0.574704,-6.57199,-0.540762
38,-0.213099,-0.704173,-6.70896,-0.952104
32,0.068336,-0.7222,-6.70459,-1.0426
31,-0.0687263,-0.788628,-6.52088,-0.754052

