36,-0.934526,0.244001,3.2555,5.65113
28,-0.938943,0.668445,3.3881,5.30215
27,-1.01804,0.019406,3.54029,5.10343
25,-0.743492,0.297933,3.66289,5.11129
21,-1.16297,0.376228,3.40992,5.35552
37,-1.09166,0.303348,3.16387,5.57372
38,-0.991454,0.627224,3.14882,5.58309
12,-0.896833,0.157526,3.1448,5.52738
13,-0.877627,0.25813,3.02523,5.41365
0,-1.03341,0.220748,3.17725,5.63816
30,-0.943988,0.284063,3.34078,5.70068
6,-0.841562,0.171401,3.14172,5.5639
8,-0.882232,0.284516,3.3079,5.69144
46,-0.886385,0.452389,3.44525,5.66061
41,-0.763669,0.632244,3.23696,5.78691
48,-0.898486,0.253546,3.01896,5.34212
49,-0.847928,0.305274,3.17423,5.72467
43,-0.861125,0.23055,3.07967,5.73215
35,-1.07762,0.175922,3.34482,5.44466
32,-0.969552,0.246906,3.36942,5.6797
7,-1.01902,0.290472,3.35782,5.4357
19,-0.841611,0.264639,3.18737,5.45888
16,-0.933776,0.204401,2.92216,5.49138
10,-0.780528,0.0855285,3.1642,5.26604
24,-0.814743,0.474668,3.30765,5.16166
45,-0.850008,0.297263,3.34068,5.67762
40,-1.03904,0.437722,3.10827,5.66938
47,-0.955074,0.405866,3.22237,5.71923
42,-0.940066,0.44319,3.11013,5.69486
44,-1.04281,0.346912,3.07177,5.54964
18,-0.626021,0.0588208,3.19706,5.50862
29,-0.781625,0.670953,3.35275,5.15555
26,-0.911111,0.647945,3.43473,5.13531
11,-0.956211,-0.0804165,3.17187,5.37706
4,-0.705925,0.394997,3.20756,5.60571
2,-0.905368,0.317692,3.3317,5.59546
3,-0.909582,0.353955,3.25921,5.60171
5,-1.07329,0.252263,3.17986,5.57175
20,-0.974599,0.475825,3.27453,5.34962
14,-0.715621,0.328843,3.06662,5.45015
22,-0.793621,0.602398,3.39684,5.24016
17,-0.91945,-0.0865573,3.10492,5.56865
33,-0.994581,0.277203,3.20902,5.50898
39,-1.02957,0.320701,3.33858,5.70149
31,-0.960035,0.226366,3.22758,5.29952
15,-0.722757,0.406417,3.10962,5.20089
23,-0.697723,0.267365,3.60284,5.14969
9,-0.788744,0.717846,3.24186,5.592
1,-0.801539,0.294814,3.2594,5.7284
34,-1.02087,0.140912,3.24402,5.51516

