44,0.846254,0.582259,-4.41016,-1.57871
3,0.549707,0.79517,-4.17546,-1.69622
40,1.03811,0.236483,-4.59593,-1.34838
46,0.712585,0.721227,-4.54371,-1.68704
25,0.673631,0.664757,-4.43033,-1.62554
21,0.636974,1.05808,-4.15816,-1.68415
26,0.548433,0.789766,-4.33401,-1.68077
47,0.969687,0.469077,-4.58103,-1.32628
6,0.4391,0.348178,-4.40921,-1.6113
43,0.895555,0.26386,-4.47046,-1.63086
20,0.573955,0.683226,-4.39327,-1.62358
42,0.682322,0.594565,-4.62047,-1.34631
7,0.397446,0.543916,-4.33338,-1.60064
36,0.357825,0.530362,-4.33481,-1.91129
13,0.594777,0.765517,-4.45144,-2.01112
9,0.206131,0.675068,-4.18045,-1.63815
16,0.44173,0.734406,-4.43835,-2.11906
48,0.810324,0.394313,-4.29206,-1.87793
49,0.911409,0.48824,-4.39407,-1.62612
15,0.903208,0.463214,-4.26434,-2.14656
12,0.707497,0.341832,-4.19524,-2.40329
27,0.359472,0.86103,-4.44887,-1.65741
29,0.572508,0.82728,-4.13886,-1.63248
28,0.54281,0.900488,-4.16548,-1.77632
22,0.485044,1.09247,-4.34004,-1.56501
23,0.472081,0.704788,-4.04266,-1.74595
41,0.812274,0.261498,-4.59422,-1.56358
17,0.653928,0.607825,-4.22111,-2.08802
14,0.822307,0.429809,-4.40979,-2.09763
10,0.401356,0.637363,-4.29897,-1.95223
24,0.418769,1.12994,-4.24258,-1.66186
35,0.380392,0.638391,-4.63202,-1.89291
30,0.391464,0.371312,-4.55808,-1.83337
2,0.229118,0.535984,-4.30223,-1.54051
8,0.353248,0.359781,-4.27835,-1.72542
32,0.50757,0.324294,-4.39521,-1.73875
0,0.427925,0.633113,-4.12602,-1.67624
38,0.51844,0.245851,-4.44527,-1.49407
45,0.807942,0.326949,-4.56724,-1.76613
31,0.299997,0.256233,-4.54977,-1.59537
39,0.558194,0.579239,-4.22405,-1.85437
5,0.40094,0.570997,-4.23433,-1.73298
34,0.226448,0.413766,-4.57035,-1.8543
4,0.351332,0.663961,-4.23644,-1.79067
1,0.382994,0.706973,-4.30512,-1.51148
11,0.822004,0.377755,-4.30451,-2.34999
19,0.769774,0.498422,-4.31342,-2.27976
37,0.39049,0.51912,-4.33515,-1.74474
33,0.357637,0.395911,-4.50481,-1.45189
18,0.685554,0.59136,-4.1939,-2.05349

