35,0.0786039,-0.340161,-4.64235,-0.843476
42,0.0533131,-0.0209968,-4.53102,-0.673242
9,-0.221354,-0.14789,-4.7091,-0.451558
38,0.117237,-0.430274,-4.6,-0.595112
33,0.134034,-0.323094,-4.56461,-0.805158
36,0.183615,-0.340736,-4.4058,-0.935994
32,0.132301,-0.408774,-4.54018,-0.885358
2,-0.177668,-0.177877,-4.50605,-0.43613
39,0.0841657,0.00797299,-4.40531,-0.530868
47,0.101979,-0.200703,-4.52317,-0.616141
6,-0.264426,-0.096765,-4.5916,-0.235882
5,-0.274786,-0.0827131,-4.54013,-0.456603
19,-0.052633,0.390144,-4.57119,-1.07368
14,-0.11598,0.0444525,-4.83698,-1.13582
12,-0.117569,-0.0256635,-4.55465,-1.0289
7,-0.016034,-0.169794,-4.62512,-0.471083
0,-0.404042,0.173536,-4.58408,-0.451921
41,-0.197831,0.192214,-4.45224,-0.468266
44,-0.067667,0.0720047,-4.7974,-0.820464
27,-0.164114,-0.176711,-4.51525,-0.939891
4,-0.157892,-0.0891901,-4.58141,-0.427073
1,-0.480814,0.168935,-4.5432,-0.345278
3,-0.35219,-0.146903,-4.59725,-0.524345
43,0.19892,-0.117394,-4.57485,-0.313782
28,-0.181176,-0.274506,-4.49601,-1.03804
46,-0.0495689,-0.00746516,-4.47318,-0.105858
40,-0.132514,0.1826,-4.58739,-0.441797
21,-0.501451,-0.102466,-4.65698,-0.97828
10,0.0499957,0.198491,-4.55306,-0.625769
13,0.0143055,0.146422,-4.58427,-0.677388
48,0.0266317,-0.0960131,-4.73879,-0.55823
18,-0.0893597,0.296202,-4.56725,-0.973425
11,-0.117121,0.0926147,-4.6152,-0.867751
17,0.0720136,0.222086,-4.53892,-0.82863
8,-0.223848,0.0815206,-4.72237,-0.388911
31,0.545348,-0.228248,-4.51364,-0.808207
37,0.221298,-0.439376,-4.50257,-0.739227
20,-0.223502,-0.0704293,-4.60959,-0.889173
49,0.205741,-0.132911,-4.49113,-0.228784
30,0.26918,-0.388879,-4.43513,-0.598597
24,-0.239907,-0.00676751,-4.38551,-1.00004
23,-0.405444,0.0798501,-4.608,-1.03599
34,-0.0150666,-0.165371,-4.43588,-0.707314
15,-0.178031,0.221882,-4.46494,-0.779442
16,0.0678945,0.130537,-4.57416,-0.912987
25,-0.290261,-0.183706,-4.51295,-0.716618
29,-0.0686053,-0.129485,-4.58024,-0.842946
22,-0.159833,0.0233388,-4.50304,-0.951986
26,-0.248831,-0.156821,-4.5572,-1.03289
45,0.232966,0.0861245,-4.44442,-0.548756

