2,0.140249,-0.943843,6.31082,-0.250426
46,0.320427,-0.765205,6.31149,-0.755802
48,0.390465,-0.636509,6.30559,-0.639544
25,0.345635,-0.484785,6.50511,-0.25344
41,0.16627,-0.555657,6.43293,-0.491929
40,0.187627,-0.70644,6.43045,-0.722273
37,0.354985,-0.735567,6.43587,-0.527658
1,0.208615,-0.87608,6.22,-0.215018
45,0.238903,-0.616943,6.40231,-0.774188
19,0.445966,-0.401662,6.47288,-0.256846
42,0.400444,-0.599125,6.78341,-0.576169
44,0.134474,-0.725716,6.2721,-0.80696
24,0.428291,-0.783671,6.09403,-0.282553
47,0.293295,-0.353774,6.5367,-0.400699
21,0.368411,-0.681973,6.44438,-0.33188
26,0.324404,-0.536107,6.7319,-0.430632
29,0.430577,-0.773403,6.51831,-0.363976
20,0.230879,-0.87548,6.26294,-0.365926
43,0.36497,-0.698487,6.36121,-0.614461
3,0.291252,-0.905609,6.62278,-0.101326
27,0.282722,-0.487199,6.38473,-0.426921
23,0.498768,-0.67879,6.39351,-0.457298
49,0.252938,-0.468639,6.54273,-0.504217
30,0.44225,-0.900054,6.43073,-0.35045
36,0.344189,-0.611187,6.31641,-0.0898032
4,0.151867,-0.989528,6.60532,-0.224145
6,0.499876,-1.02953,6.24199,-0.394008
34,0.321078,-0.705582,6.40201,-0.377446
31,0.296829,-0.709212,6.61568,-0.411176
39,0.387053,-0.587692,6.42105,-0.132821
11,0.509395,-0.49714,6.38524,-0.334362
10,0.423421,-0.674562,6.57483,-0.335823
14,0.693433,-0.578057,6.2619,-0.327604
15,0.459598,-0.491782,6.53206,-0.291923
16,0.448255,-0.532506,6.59533,-0.327447
18,0.810581,-0.426557,6.39737,-0.391396
17,0.604421,-0.50993,6.21448,-0.330599
22,0.548389,-0.79177,6.34435,-0.376741
5,0.269148,-0.88813,6.25289,-0.151769
8,0.256156,-1.08334,6.27389,-0.206398
7,0.303418,-1.04753,6.35486,-0.248494
9,0.389128,-0.968725,6.45311,-0.259739
12,0.509098,-0.503366,6.21935,-0.442168
38,0.416191,-0.784796,6.40538,-0.242405
28,0.430252,-0.789082,6.37901,-0.393963
13,0.380656,-0.522953,6.36727,-0.290182
0,0.219485,-1.01644,6.41927,-0.0922489
33,0.32159,-0.861728,6.36612,-0.245347
32,0.357359,-0.852883,6.07339,-0.325747
35,0.405778,-0.792322,6.38038,-0.325264

