2,-0.34806,0.397374,5.76936,-1.54887
7,-0.513128,0.342667,6.09759,-1.53324
5,-0.272972,0.31668,5.86678,-1.61319
41,-0.0191604,0.38675,6.24685,-1.42068
39,0.0723607,0.192061,5.91313,-1.56247
28,0.00977858,0.646508,6.10805,-1.34293
34,-0.039921,0.0842297,5.81789,-1.19547
16,-0.352695,0.331491,6.10506,-1.0911
33,-0.0133591,0.302345,5.89631,-1.42833
24,0.0502525,0.520779,6.19505,-1.10062
18,-0.333388,0.338017,6.21545,-1.31292
37,-0.0622426,0.234833,5.94333,-1.16303
35,0.156604,0.0937193,5.7989,-1.32086
15,-0.273419,0.409684,6.14216,-0.912939
14,-0.359179,0.502689,5.90899,-1.19039
31,0.027185,0.352059,5.9383,-1.34207
3,-0.236747,0.430072,5.94861,-1.72453
46,-0.145638,0.574093,6.05881,-1.41361
25,-0.350752,0.58393,6.19697,-1.50918
21,-0.170779,0.588329,5.86405,-1.35569
23,-0.178068,0.707336,6.16245,-1.15716
47,-0.0354153,0.616696,6.07785,-1.40754
42,-0.0962375,0.483657,5.99024,-1.43646
43,-0.0656788,0.510732,6.06957,-1.31943
11,-0.446657,0.298074,5.96491,-1.05238
4,-0.405686,0.453642,5.82093,-1.63978
8,-0.34614,0.15422,5.76379,-1.58221
0,-0.264602,0.363833,6.01854,-1.37106
13,-0.272533,0.472349,5.89425,-0.890893
17,-0.223954,0.0432132,6.16351,-1.35876
19,-0.304116,0.343768,6.08522,-1.09599
36,0.077906,0.257756,5.86267,-1.3108
48,-0.14408,0.417391,6.06669,-1.33255
12,-0.568317,0.103225,5.91696,-1.299
29,-0.155482,0.704316,5.9211,-1.01604
32,0.0145234,0.252618,5.76706,-1.36642
10,-0.162918,0.24092,6.01514,-1.11993
38,-0.221333,0.347355,6.00556,-1.45733
49,0.0147706,0.54361,5.88136,-1.42645
1,-0.316314,0.494447,6.23771,-1.47608
6,-0.424453,0.388483,5.90708,-1.58955
9,-0.46141,0.313065,5.74012,-1.42869
20,-0.115805,0.76287,5.9204,-0.993234
40,-0.151195,0.422104,5.95046,-1.39167
30,-0.114592,0.42753,5.86235,-1.25276
26,-0.135308,0.767388,6.23498,-1.30547
27,-0.118257,0.698043,6.05879,-1.16539
44,-0.238636,0.4585,5.90323,-1.29731
45,-0.202802,0.344009,5.76129,-1.44724
22,-0.0568025,0.74942,6.0507,-1.28768

