1,0.0043242,0.0675917,-6.30527,-0.722903
0,0.290097,0.0302206,-6.13503,-0.323233
38,0.0986424,0.102969,-6.19875,-0.793728
36,0.187225,-0.0743167,-6.18983,-0.754162
49,0.0408843,0.137631,-6.2681,-0.642832
43,0.0264815,0.0968851,-6.43083,-0.594419
31,0.351769,0.0616309,-6.18485,-0.799593
18,-0.304637,0.263547,-6.28432,-0.701208
12,-0.222963,0.347009,-6.38815,-0.783164
8,0.0958348,0.176333,-6.02076,-0.558511
10,-0.183457,0.268268,-6.15914,-0.983268
14,0.0151716,0.210991,-6.35859,-0.805213
3,0.219869,0.164851,-6.20204,-0.580173
30,-0.0354052,-0.0341045,-6.20747,-0.820442
22,0.0981745,0.0534622,-6.28088,-0.441076
28,-0.202664,0.122362,-6.1902,-0.401767
17,-0.263729,0.301092,-6.37036,-0.529105
4,-0.114027,0.157222,-6.2883,-0.46807
9,0.0315975,0.0419232,-6.16954,-0.601479
27,-0.188417,0.23498,-6.33346,-0.365985
23,-0.126737,0.122005,-6.1822,-0.275066
15,-0.298958,0.224376,-6.46419,-0.785754
16,-0.190909,0.275643,-6.09168,-0.722023
5,-0.0599041,0.104062,-6.30637,-0.482729
24,-0.337675,0.198065,-6.27908,-0.469846
40,0.30647,0.185027,-6.24268,-0.513391
41,0.108669,0.235694,-6.30027,-0.394466
26,0.0287174,0.0380659,-6.04983,-0.382406
29,-0.130168,0.231685,-6.1662,-0.392186
21,-0.0835223,0.141123,-6.24914,-0.425574
19,0.0863923,0.255015,-6.32558,-0.779659
11,-0.0417576,0.22958,-6.22594,-0.936966
34,0.265898,-0.088305,-5.97153,-0.56424
7,-0.0227532,0.162033,-6.09149,-0.516318
32,0.112117,0.0726614,-6.17199,-0.884476
13,-0.30763,0.211023,-6.24123,-0.681363
25,-0.11662,0.190573,-6.11856,-0.285266
42,-0.186511,0.315312,-6.30407,-0.460934
33,0.172907,0.0722518,-6.02607,-0.553514
20,-0.0970729,0.0754006,-6.03886,-0.54019
37,0.0890225,-0.0964815,-6.28941,-0.678501
46,0.189004,0.044578,-6.31022,-0.520445
47,0.265264,0.0332311,-6.2407,-0.571879
39,0.206622,0.0782962,-6.30819,-0.776046
6,0.142551,0.22751,-6.10428,-0.573483
2,0.449756,0.0780639,-6.18256,-0.509419
35,0.211715,-0.232704,-6.13634,-0.666416
45,0.22828,0.118003,-6.07538,-0.573817
48,0.0507976,0.202455,-6.17247,-0.607061
44,0.24138,0.0740072,-6.29807,-0.341668

