10,-0.449113,0.670823,2.64513,6.02137
24,-0.808533,0.693856,2.90919,5.63687
15,-0.373514,0.771806,2.74153,5.95018
8,-0.488985,0.75971,3.02929,5.96559
44,-0.621866,0.657138,2.51585,6.16026
13,-0.481049,0.575551,2.60662,5.54213
30,-0.571941,0.699414,2.53029,6.08247
36,-0.529181,0.617792,2.36284,6.03776
38,-0.519836,0.643995,2.47746,6.22998
12,-0.575574,0.533906,2.64089,5.88475
11,-0.401858,0.691449,2.60577,5.83471
28,-0.690157,0.730592,2.64778,6.12846
7,-0.379466,0.74044,2.91665,5.90184
0,-0.253287,0.70328,2.83024,5.70886
14,-0.357134,0.601958,2.7256,6.23403
43,-0.673919,0.799151,2.4356,6.15648
41,-0.61707,0.766384,2.60119,5.88071
47,-0.593684,0.753799,2.52541,6.11189
42,-0.63723,0.802003,2.67307,5.93823
27,-0.920612,0.777174,2.85116,5.98773
46,-0.544235,0.85393,2.52524,6.10512
17,-0.52718,0.664406,2.48923,6.08583
34,-0.620058,0.693863,2.55299,6.27371
23,-0.73244,0.699758,2.78589,6.06692
20,-0.979665,0.758761,2.82277,5.78624
31,-0.542416,0.675262,2.61765,6.10038
35,-0.567372,0.661062,2.61199,6.20689
33,-0.418634,0.68292,2.42965,6.08598
45,-0.581133,0.793315,2.54527,6.05771
16,-0.397129,0.757231,2.54642,6.02835
37,-0.601962,0.73792,2.62804,6.12718
4,-0.617153,0.688252,2.82844,5.91938
3,-0.389467,0.755211,2.75453,6.13829
2,-0.507895,0.733281,2.95455,5.96451
9,-0.408818,0.769735,2.96331,5.83526
19,-0.47566,0.577159,2.66192,5.77847
49,-0.512934,0.768693,2.49526,6.06996
32,-0.600606,0.676305,2.5303,6.22355
18,-0.694407,0.640577,2.74253,5.84052
21,-0.890024,0.700391,2.85278,5.94591
39,-0.566447,0.7185,2.32593,6.07293
5,-0.529209,0.741563,2.62698,6.10103
1,-0.398177,0.743487,2.92272,5.99365
25,-0.848374,0.792808,2.74139,5.96389
48,-0.616755,0.804772,2.67167,6.1942
26,-0.809315,0.883655,2.69409,5.95233
6,-0.496931,0.762527,2.84887,5.8342
40,-0.37018,0.67406,2.80174,6.09298
22,-0.730212,0.894456,2.5739,5.83058
29,-0.934435,0.86917,2.78391,6.13649

