10,0.366589,0.34119,5.61725,-2.09127
49,0.354875,0.153637,5.91764,-2.20544
29,0.439116,0.482962,5.91091,-2.57255
7,0.316618,0.308052,5.6006,-2.10503
18,0.242234,0.390843,5.79311,-2.24676
15,0.277136,0.546139,5.74815,-2.17309
32,0.270262,0.0709868,5.86156,-2.23044
27,0.719552,0.31072,5.83605,-2.13542
14,0.391304,0.394661,5.82312,-1.95879
3,0.221923,0.0474325,5.72937,-2.04266
17,0.0769611,0.62873,5.69421,-2.08581
20,0.652753,0.327774,5.73967,-2.16474
28,0.516619,0.486155,5.77348,-2.03659
37,0.57824,0.189413,5.82681,-2.1455
36,0.652871,0.220779,5.6477,-2.06808
34,0.39545,0.185129,5.67162,-2.14177
6,0.310006,0.150391,5.66152,-2.40114
31,0.556224,0.200061,5.96612,-2.12468
44,0.548949,0.241877,5.6004,-2.56059
9,0.174357,0.0978896,5.72058,-2.02254
4,0.0931993,0.127309,5.53679,-2.38099
8,0.313477,0.0483123,5.64541,-2.28548
22,0.656896,0.333397,5.81317,-1.87541
12,0.370508,0.46955,5.82967,-2.21632
21,0.430423,0.377265,5.72792,-2.00252
38,0.509735,-0.0973866,5.67223,-2.17787
33,0.558881,0.0371136,5.63218,-1.94954
43,0.435847,0.44181,5.46722,-2.49789
16,0.344978,0.559243,5.87306,-2.04653
0,0.249949,0.176399,5.66322,-2.05745
13,0.224766,0.375237,5.64667,-1.96854
30,0.48743,0.103159,5.70492,-2.22811
5,0.202183,0.0959529,5.39504,-2.11502
11,0.379203,0.471335,5.66882,-2.40399
48,0.428462,0.181531,5.5907,-2.54778
1,0.219342,0.0733792,5.53427,-2.19912
2,0.202193,0.186478,5.61688,-2.39541
40,0.370253,0.351074,5.58796,-2.74544
46,0.342425,0.22431,5.92044,-2.36469
41,0.414149,0.300975,5.69536,-2.30166
45,0.490237,0.23933,5.5742,-2.44707
24,0.52003,0.314423,5.64964,-2.08997
19,0.160621,0.453276,5.66475,-1.96658
25,0.525616,0.304489,5.97694,-2.03235
26,0.713771,0.101682,5.78271,-2.02836
35,0.598794,0.116947,5.70182,-2.03179
42,0.458667,0.407521,5.4979,-2.47216
47,0.516378,0.278407,5.47461,-2.48952
39,0.641351,-0.207219,5.67886,-2.11968
23,0.497655,0.302331,5.5561,-2.02661

