32,0.107489,-0.802619,-2.11314,4.42015
3,0.395178,-0.612282,-1.93348,4.37862
6,0.270003,-0.678912,-2.30929,4.17863
15,-0.186823,-1.02155,-2.25951,4.3258
13,-0.181676,-0.952942,-2.50026,4.10869
48,-0.358073,-0.963403,-2.45145,4.16687
47,-0.0661903,-0.57997,-2.53396,4.20418
33,0.0462995,-0.916182,-2.31263,4.30581
10,-0.29083,-1.03322,-1.9063,4.5251
27,-0.0594319,-0.846988,-2.25154,4.6489
23,0.0100496,-0.695298,-2.43165,4.40308
26,-0.115633,-0.706074,-2.28932,4.39091
19,0.177272,-0.910719,-2.04374,4.24056
46,-0.0191685,-0.982077,-2.68594,3.92897
40,-0.198351,-0.426341,-2.17455,4.19299
49,-0.0625722,-0.703805,-2.58554,3.95316
20,0.182349,-0.809963,-2.33202,4.39871
35,-0.363258,-1.00705,-2.19183,4.62627
39,-0.28905,-0.934792,-2.29646,4.25505
14,-0.185438,-1.00046,-2.26236,4.48135
16,-0.0827489,-0.922491,-1.96606,4.44994
12,-0.296721,-0.826642,-2.02785,4.41543
17,-0.0191566,-0.737292,-2.05404,4.47035
1,0.332589,-0.598651,-2.08899,4.31198
45,-0.189875,-0.831006,-2.72661,4.09223
11,-0.0688528,-0.710465,-2.12836,4.35281
8,0.291639,-0.82692,-2.36422,4.10598
0,0.100267,-0.496681,-2.24069,3.96697
9,0.414888,-0.830592,-2.36662,4.11068
22,-0.0107104,-0.866264,-2.5632,4.36593
36,-0.11471,-0.885204,-2.22696,4.24159
41,0.0350485,-0.888014,-2.55058,4.07094
42,-0.10924,-0.79113,-2.3779,4.26862
43,-0.247527,-0.517097,-2.38184,4.09425
44,0.0104902,-0.791284,-2.70838,3.98156
31,0.374355,-1.15222,-2.36257,4.3357
7,0.345269,-0.81245,-2.48507,4.02979
18,0.041461,-0.953005,-1.81395,4.41573
30,-0.191164,-0.752146,-2.05505,4.46291
25,-0.0258229,-0.935029,-2.29403,4.57644
37,-0.0342664,-0.99275,-2.09019,4.53753
2,0.393315,-0.903759,-2.22995,4.02795
5,0.425136,-0.722689,-2.33633,4.15516
29,-0.262792,-0.808241,-2.38118,4.26973
34,0.136293,-1.09186,-2.14519,4.42548
38,-0.285249,-0.563839,-2.30394,4.30497
4,0.375222,-0.667615,-2.16999,4.06587
24,-0.12467,-0.773608,-2.02089,4.44788
21,-0.011829,-0.848521,-2.50412,4.24661
28,0.140633,-0.723926,-2.34089,4.41739

