10,0.189953,-0.087689,5.73554,-2.41993
33,0.18182,-0.369308,5.55051,-2.6888
25,0.381681,-0.064188,5.74822,-2.65918
46,0.255621,-0.0217371,5.7221,-2.87404
47,0.219922,-0.158246,5.87399,-2.9316
0,-0.109117,0.0152737,5.47813,-2.98926
2,-0.0883298,-0.233762,5.38184,-2.75402
6,0.0232796,-0.107966,5.64295,-2.79917
36,0.073083,0.0994374,5.61842,-2.83342
38,0.0766747,-0.133372,5.78846,-2.83637
32,0.271771,-0.0255172,5.55401,-2.8671
34,0.099018,-0.184473,5.91248,-2.70987
15,0.0672441,-0.0153041,5.76364,-2.63032
9,0.0246938,0.158024,5.44687,-3.00776
3,-0.0432143,-0.201784,5.6731,-2.88662
1,0.0278197,-0.21507,5.64659,-2.67571
7,-0.00992885,0.0896883,5.6009,-2.99523
49,0.207587,0.0471609,5.6611,-3.1047
13,0.164732,0.19897,5.74756,-2.66151
35,0.0308011,-0.143569,5.77317,-2.71652
5,-0.182439,-0.104258,5.50502,-2.9538
14,0.0540661,-0.152024,5.89216,-2.69123
27,0.219321,-0.255831,5.8524,-2.65134
18,-0.0430157,0.01527,5.69123,-2.62083
19,-0.0783896,0.179499,5.53092,-2.72045
20,0.249508,-0.34341,5.82227,-2.67349
39,-0.132821,-0.29902,5.51478,-2.77611
42,0.111904,-0.363662,5.78319,-3.00552
11,0.00209527,0.194799,5.49496,-2.32367
17,0.122854,0.0224788,5.69881,-2.49284
40,0.141074,-0.0703809,5.64903,-3.08658
28,0.447749,0.00220678,5.85177,-2.79898
4,0.123538,-0.111147,5.52365,-2.80021
31,0.0384544,-0.183312,5.76651,-2.84671
37,0.144749,-0.178498,5.62635,-2.87736
30,0.0197378,-0.269278,5.57297,-2.79245
48,0.0686859,-0.024614,5.76338,-3.08658
44,0.186071,0.0383412,5.39187,-2.9239
43,0.335883,0.0370673,5.43004,-2.9831
23,0.486359,-0.141989,5.78326,-2.65572
8,0.0998169,-0.257899,5.5725,-2.80404
12,0.0403423,0.225463,5.7379,-2.64698
26,0.33942,0.107116,5.79746,-2.861
45,0.281037,-0.198442,5.69673,-2.74484
22,0.300453,-0.102044,5.4995,-2.71613
21,0.400817,-0.133566,5.7063,-2.38575
29,0.357335,-0.218402,5.63837,-2.6346
16,-0.173257,0.0561798,5.79446,-2.64304
24,0.530964,-0.0408781,5.78004,-2.63566
41,0.173164,-0.184929,5.72859,-2.76671

