46,0.125217,-0.422937,-1.92629,5.93434
35,0.0862337,0.158635,-1.80552,5.97075
20,-0.047671,-0.482381,-1.73445,6.17169
27,-0.0497476,-0.423254,-1.96913,6.20207
42,-0.0135909,-0.477247,-1.94684,6.0377
48,0.0919249,-0.36843,-2.04861,5.84605
40,0.171324,-0.416787,-2.00521,6.01592
31,0.00190647,-0.0316132,-1.77279,6.29808
32,0.220853,-0.0972802,-1.74992,6.20527
37,0.262652,0.0352606,-1.64351,5.84639
26,-0.247572,-0.267253,-1.71325,5.9229
9,-0.340524,-0.0579566,-1.83772,5.8895
8,-0.328802,-0.101076,-1.8467,5.95186
5,-0.397503,-0.173987,-1.83036,6.18176
24,0.0371345,-0.232323,-1.61652,6.10205
44,0.110997,-0.462202,-1.93048,6.1299
17,-0.138004,-0.377113,-1.67494,6.29343
36,0.324237,0.13782,-1.88545,5.97325
13,-0.00315135,-0.088898,-1.73349,6.07249
0,-0.375008,-0.0982904,-1.84446,6.20816
6,-0.159009,-0.103226,-1.90696,6.02954
33,0.374198,0.172032,-1.57476,6.0516
38,0.0631617,0.00331176,-1.91578,6.0168
4,-0.268158,-0.0562261,-1.66754,5.90314
7,-0.558071,0.202696,-1.93595,5.69539
1,-0.40921,0.0562324,-1.93399,5.84915
23,-0.00855394,-0.176421,-1.74491,5.92318
2,-0.150761,-0.364264,-1.89529,6.1666
3,-0.155964,-0.0596421,-1.80423,6.19816
25,-0.0204225,-0.449631,-1.61758,6.04204
45,0.175583,-0.497158,-1.99171,5.96184
21,-0.141545,-0.303106,-1.87789,6.12393
43,-0.0116117,-0.3043,-1.95624,5.98744
49,0.0198108,-0.309732,-1.97994,5.61315
47,-0.034907,-0.398116,-2.00371,5.86462
34,0.101949,-0.194174,-1.79804,6.23414
41,0.132194,-0.368321,-2.01964,5.97294
22,0.00882435,-0.194818,-1.68783,5.80191
16,0.0166022,0.0536994,-1.28971,5.8926
10,-0.168208,-0.441062,-1.65228,6.12727
14,-0.0339144,-0.113759,-1.55066,6.19943
30,0.332025,0.327901,-1.88196,5.95296
39,0.274127,0.240611,-1.6227,5.98462
12,-0.0679936,-0.348508,-1.43526,5.94691
19,-0.181552,-0.397542,-1.58007,6.05499
29,-0.0466492,-0.497847,-1.69857,6.13186
28,-0.184139,-0.341121,-1.79464,5.96938
11,-0.141438,0.0218747,-1.37268,6.08059
15,-0.226596,-0.120216,-1.46769,6.04683
18,-0.133324,-0.166672,-1.42065,5.72795

