47,0.0286615,0.0752546,-3.24896,5.0136
41,-0.0377695,0.077091,-3.27976,4.91428
48,-0.298258,0.0732853,-3.24357,5.08612
43,-0.154165,0.018728,-3.37208,4.98013
29,-0.499602,-0.220932,-3.3817,5.02147
16,-0.315231,0.124064,-3.775,5.32179
35,-0.340108,-0.00470048,-3.54404,4.9967
33,-0.495805,0.371763,-3.22019,4.5927
32,-0.32652,0.148438,-3.47405,5.24829
6,0.034939,0.0745151,-3.57509,4.78888
0,0.0582653,0.179558,-3.67224,4.99463
34,-0.210769,0.300333,-3.60853,5.00171
49,-0.143769,-0.0130166,-3.45721,5.03805
27,-0.501064,-0.364674,-3.59122,4.72506
7,0.0813677,-0.0157929,-3.53189,4.79126
1,0.0395747,-0.0526043,-3.92894,4.96231
4,0.111574,0.030212,-3.58849,4.93597
18,-0.432052,0.174202,-3.38433,4.91881
39,-0.311646,-0.0314165,-3.38232,4.94261
23,-0.535639,-0.15502,-3.58238,5.07574
19,-0.0275686,0.00268096,-3.40143,5.16511
15,-0.184365,0.0990292,-3.5723,5.17204
26,-0.436707,-0.441485,-3.41599,4.99955
30,-0.66214,0.347987,-3.44629,5.00197
44,-0.21767,-0.0330157,-3.32404,5.21255
38,-0.46856,0.221104,-3.4749,5.11724
10,0.0214241,-0.129029,-3.5725,5.08662
28,-0.549111,-0.394396,-3.39083,4.91505
45,-0.218589,0.0801596,-3.33888,5.0753
46,-0.259259,0.0404557,-3.30745,5.12911
17,-0.215017,-0.0813556,-3.45778,5.05878
14,-0.0989586,0.13215,-3.50032,5.07499
22,-0.418039,-0.31603,-3.33283,5.03388
2,0.0979778,-0.0788467,-3.69108,4.76662
12,-0.489142,-0.0593563,-3.56957,5.08331
25,-0.372277,-0.0512809,-3.77145,5.115
20,-0.35476,-0.569493,-3.59325,4.76366
40,-0.0399872,0.131014,-3.38695,4.88127
3,-0.0116161,0.0344389,-3.63925,4.77487
24,-0.352826,-0.442538,-3.56235,5.07237
11,-0.243752,0.0252574,-3.55962,4.85314
42,-0.142023,0.0187349,-3.25617,5.17166
9,0.0493629,0.117842,-3.5056,4.7097
36,-0.30777,0.268581,-3.45404,4.87899
21,-0.380352,-0.252698,-3.53358,4.94607
31,-0.719092,0.0777748,-3.31502,4.94804
37,-0.409621,0.361194,-3.49677,4.87751
8,0.0699192,0.117579,-3.60208,4.89551
5,0.0757595,0.0891702,-3.84509,4.7551
13,-0.254437,0.13829,-3.42888,5.20047

