42,-0.318594,1.52371,2.14188,5.82349
44,-0.412275,1.52944,2.2021,5.83572
18,-0.637522,1.62566,2.31877,5.83242
15,-0.733579,1.65942,2.19153,5.76895
14,-0.68028,1.51786,2.27818,5.7619
21,-0.683371,1.63719,2.10404,5.73289
26,-0.595822,1.4588,2.06669,5.67777
29,-0.562373,1.53305,2.24787,5.89981
20,-0.552234,1.48717,2.27021,5.71999
43,-0.287779,1.44358,2.19497,5.75462
45,-0.434879,1.37754,2.02209,5.74859
40,-0.205354,1.43829,2.21108,5.74107
30,-0.539575,1.3314,1.8746,5.94448
35,-0.477243,1.43562,1.95702,5.92611
16,-0.729665,1.52414,2.15693,5.73552
17,-0.675236,1.50141,2.22017,5.9701
3,-0.458896,1.32575,2.27444,5.78822
7,-0.479585,1.36549,2.29202,5.69842
5,-0.596357,1.40443,2.31489,5.64586
4,-0.632665,1.25988,2.31303,5.66489
1,-0.617254,1.4186,2.40528,5.73198
9,-0.400889,1.47608,2.26954,5.68294
46,-0.209853,1.4716,2.11423,5.76044
41,-0.142263,1.60308,2.11558,5.7769
49,-0.379349,1.20831,2.00773,5.72436
47,-0.168298,1.35039,2.10934,5.68637
38,-0.466352,1.41127,2.01447,5.90762
6,-0.400372,1.52978,2.49233,5.52718
39,-0.492944,1.1961,1.7859,5.85444
33,-0.626852,1.3624,1.959,5.83051
31,-0.594882,1.41487,2.03084,5.87969
48,-0.178567,1.50641,2.26257,5.83733
19,-0.482351,1.44643,2.48336,5.92702
25,-0.634302,1.48862,2.06383,5.96309
24,-0.497341,1.4814,2.17763,5.74877
12,-0.898388,1.50425,2.10593,5.73475
28,-0.77224,1.76547,1.95086,5.6938
34,-0.592259,1.34534,2.08266,5.75644
2,-0.487835,1.47744,2.15586,5.60092
0,-0.522195,1.43911,2.15832,5.76649
27,-0.529547,1.53236,2.20248,5.67665
13,-0.559766,1.68439,2.14282,6.00368
32,-0.539261,1.31206,1.79494,5.94633
36,-0.568316,1.30065,2.15887,5.88714
37,-0.557964,1.40847,1.94805,5.76065
23,-0.542168,1.48056,1.99222,5.56944
10,-0.699792,1.61626,2.29284,5.54773
11,-0.635494,1.4961,2.39516,5.87758
8,-0.352058,1.29162,2.43787,5.5033
22,-0.448404,1.54143,2.06814,5.49991

