14,0.128801,0.0459214,-4.04699,-5.35075
18,0.124835,0.336024,-3.51901,-5.24607
4,0.102306,0.0128222,-4.02663,-5.31536
8,-0.0965388,-0.0614207,-4.01011,-5.23693
1,-0.0762333,-0.20578,-4.17347,-5.37665
3,0.145367,-0.0370707,-4.04864,-5.24963
37,-0.123665,-0.00541091,-4.07281,-5.02924
17,0.0432543,0.235771,-3.69371,-5.29553
12,-0.0255285,0.1136,-3.7927,-5.33748
22,0.027864,0.344649,-3.99171,-4.85763
26,-0.0609013,0.489811,-4.38349,-4.96891
20,0.0756276,0.153295,-4.27719,-5.27489
23,-0.147997,0.293488,-4.25236,-5.09284
34,-0.0870952,0.218891,-4.18644,-5.21661
35,-0.209868,0.0633833,-4.26534,-5.11792
38,-0.0152982,0.161849,-4.33481,-4.80581
49,0.105891,0.0160319,-4.40551,-5.18182
43,0.291394,-0.0478123,-4.08513,-5.065
40,0.190749,-0.0182911,-4.09091,-5.11828
47,0.0644118,0.112749,-4.22986,-5.18134
31,0.150114,0.118012,-4.26762,-4.99314
41,0.0194797,0.173341,-4.27548,-5.21834
7,0.165205,-0.240181,-4.06637,-4.94216
33,0.0190933,0.193032,-4.13655,-5.20545
32,0.0423356,0.0740654,-4.146,-5.05856
39,-0.120582,-0.0412506,-3.91343,-4.88536
11,0.17375,0.169792,-4.13356,-5.28478
42,0.14636,0.16921,-4.15067,-5.28763
36,-0.0544495,0.173335,-4.19999,-5.16203
21,-0.0749737,0.544014,-4.22835,-4.95925
45,0.0333826,0.214215,-4.36159,-4.98686
44,0.190407,0.232557,-4.15623,-5.0419
0,0.0832927,-0.0433497,-4.10761,-5.34741
27,-0.229449,0.342032,-4.10306,-5.11571
30,0.0662874,0.117543,-4.06596,-5.03955
48,0.0719336,0.189442,-4.23245,-5.06495
24,-0.105274,0.479786,-4.07116,-4.9456
28,-0.0546862,0.197281,-4.2447,-5.1004
15,0.0601726,0.195221,-3.67851,-5.23671
2,0.137413,-0.210707,-3.944,-5.16405
10,-0.0297777,0.157624,-3.94547,-5.11815
16,-0.139246,0.157918,-3.82911,-5.21657
5,0.0733392,-0.141625,-3.93583,-5.12034
25,0.0101426,0.351602,-4.20196,-5.12855
9,0.0307046,0.111371,-3.84793,-4.8786
29,-0.176623,0.221603,-4.26007,-5.20208
6,-0.0135181,-0.200293,-4.23241,-5.21822
13,0.234371,0.0808837,-3.64326,-5.31405
19,-0.108068,0.00928328,-3.93978,-5.13294
46,-0.0119432,0.0835083,-4.3876,-5.15697

