8,0.115258,0.0469094,3.52094,5.16293
45,0.0352634,-0.166246,3.67738,5.1487
41,0.201338,-0.372583,3.74056,5.21667
9,0.0758739,-0.0987182,3.24213,5.1301
24,-0.165186,-0.0580948,3.62041,5.24932
26,-0.14433,-0.368009,3.7002,5.06428
35,0.452981,-0.0691405,4.02494,4.77642
39,0.271122,-0.122069,3.97007,5.02351
23,-0.0840354,-0.111445,3.59046,5.0312
18,0.144586,-0.571466,3.57964,4.89474
30,0.326629,-0.235623,3.74279,4.91248
38,0.318331,-0.047365,3.89275,5.22109
7,0.0668198,-0.127773,3.67203,5.20784
40,-0.0456891,-0.185466,3.79094,5.21019
21,0.14125,-0.251961,3.85168,5.06478
28,-0.117382,-0.211693,3.76537,5.03067
48,0.159873,-0.484157,3.56791,4.93589
47,-0.145358,-0.28298,3.67016,5.0031
3,0.140024,-0.00891177,3.45416,5.14909
1,0.25156,-0.00879937,3.44981,5.35021
10,0.154005,-0.354205,3.68942,5.13175
12,0.280269,-0.554777,3.7351,4.96635
13,0.20406,-0.490825,3.73878,5.02267
5,0.15265,-0.198026,3.53597,5.21965
29,-0.000706537,-0.161135,3.95164,5.0972
22,-0.185762,-0.241938,3.65619,5.23053
43,0.216053,-0.237574,3.8071,5.18951
19,0.19158,-0.607654,3.79247,4.79528
34,0.372577,-0.129344,3.80204,4.94858
31,0.352859,0.0928829,3.8252,4.82256
49,0.135186,-0.165037,3.69039,5.04972
33,0.298105,-0.161248,3.86366,5.03124
36,0.0960755,-0.137146,3.94657,4.84961
14,0.180312,-0.454785,3.73833,5.04891
25,0.0195043,-0.41026,3.60947,5.08359
27,-0.0432878,-0.240397,3.88547,5.30512
42,0.265905,-0.304154,3.99273,5.32236
6,0.40479,-0.0543616,3.55216,5.03781
44,0.0571871,-0.252599,3.92745,5.04922
46,-0.0462291,-0.438854,3.56338,5.15143
16,0.182682,-0.451543,3.6477,4.90372
15,0.128393,-0.235497,3.80617,5.18634
4,0.182879,-0.0189511,3.6238,5.0926
32,0.331664,0.223013,3.73754,4.92205
37,0.163492,0.0226828,3.88042,5.06662
20,-0.10043,-0.235741,3.69416,5.20482
11,-0.0585773,-0.167635,3.69362,5.14183
0,0.35468,0.0586718,3.49076,5.06097
2,0.251556,0.134034,3.34534,5.27561
17,0.332328,-0.580588,3.396,4.90057

