10,0.186924,-0.302573,4.75326,0.552582
16,0.637558,-0.106265,4.81381,0.373274
12,0.193742,-0.35345,4.63687,0.365449
28,0.312315,-0.109588,4.74058,-0.0869692
25,0.0867901,0.00910054,4.50582,0.130332
23,0.0652249,-0.123533,4.68035,0.11595
14,0.386724,-0.525805,4.73585,0.272622
17,0.571169,0.036064,4.81022,0.351493
32,0.0523285,-0.430219,4.77919,-0.0738264
36,0.101976,-0.235604,4.69009,-0.16205
38,0.354895,-0.106657,4.74401,-0.234877
43,0.12184,0.180136,4.62562,0.111809
44,0.151313,0.12543,4.66573,-0.0523407
33,0.375715,-0.0780214,4.74425,-0.0610848
24,0.215726,-0.0322546,4.7604,0.194435
40,-0.0127745,-0.00537386,4.78159,0.312816
37,0.242193,-0.0975255,4.44432,-0.500688
39,0.27841,-0.156058,4.54734,-0.24047
45,0.147,0.219166,4.56181,0.417452
1,-0.0621326,-0.267154,4.56641,0.136418
0,0.0357154,-0.442152,4.68881,0.139328
27,0.0589242,-0.267537,4.95592,-0.161239
46,-0.14054,-0.0310667,4.55871,0.53662
9,-0.164683,-0.351419,4.58305,0.428696
19,0.101447,-0.13781,4.76199,0.162491
15,0.402006,0.0319452,4.58009,0.390776
8,-0.140248,-0.55205,4.68602,0.0384418
5,-0.00512527,-0.388667,4.74837,0.0307237
34,-0.0294773,-0.278635,4.66058,0.0611707
13,0.136886,-0.15873,4.82288,0.458738
11,0.402804,-0.177686,4.66773,0.590763
18,0.160932,0.00585624,4.7585,0.60483
30,0.0606973,-0.365539,4.72052,-0.0419001
29,0.156232,-0.0394332,4.76404,0.0647435
20,0.176315,-0.0684977,4.74254,-0.235379
6,-0.178362,-0.684427,4.77006,0.178346
49,0.0458327,0.0974661,4.54823,0.184629
41,0.0559788,0.124461,4.60964,0.160822
22,0.0825682,-0.199886,4.85061,0.236684
31,0.126131,-0.141816,4.52653,-0.325193
21,0.230451,0.133415,4.7881,0.192859
7,-0.373946,-0.258956,4.72012,0.307488
3,0.115841,-0.556036,4.62334,0.26703
35,0.310199,-0.296665,4.67477,-0.262965
2,-0.134195,-0.417785,4.66938,0.332032
4,-0.245535,-0.593648,4.74977,0.0840887
48,0.182707,0.192474,4.48159,0.131666
26,0.365477,-0.183029,4.88681,0.029056
42,-0.0457997,-0.0299036,4.55339,-0.121571
47,0.147401,0.00722785,4.59133,0.0616341

