0,0.72097191446549,0.873766010068411
1,0.3930488889015113,0.6842828566696658
2,0.07995883747213932,0.32293362660396946
3,-0.09763807393758794,0.8543667795273714
4,0.4592328886879511,0.075876598759398
5,0.08698795393103226,0.8237530735722819
6,0.7366515115676623,0.11750204682401358
7,0.2843783267057068,0.9511407014241156
8,0.8944402415954995,0.138415640281039
9,0.25078205175142704,0.5413272156113912
18,0.5672278022655826,-0.13772888303818503
19,0.3268691278632505,-0.033605313922322376
21,-0.047635314585992454,0.5562797439505489
23,0.015249941112084341,-0.26166496139925605
35,0.9730911867336995,-0.35315782442541177
47,-0.7282615670929005,0.1736983200383717
10,-0.01184904916093073,-0.5222759605933257
12,-0.11389842919002698,-0.11115334493132717
14,-0.17851593932026683,0.1847688561744783
20,-0.043692125943637666,0.09041649168499645
34,-0.264648293380864,-0.2545226066357963
30,0.6400966128880091,-0.6715059341774305
40,-0.5521561028266149,0.18171307344289744
46,-0.35029435947448834,0.5298197714838961
15,-0.5149628617100811,-0.5532637541072134
24,-0.358159260668625,-0.9863818717439087
32,0.6959671113224348,-0.32163224502623283
37,0.3171963586626911,0.23712818585343773
31,-0.24635509124325833,-0.6063838009195001
43,-0.7157114324032988,-0.07070598402766277
11,-0.3149664140971301,0.8057925786832452
13,-0.35815131891060126,-0.39948612843804454
27,0.1120863452464595,0.06166125935068287
38,0.20121607632967364,-0.9366776547135037
39,0.5932228716192631,0.23664600485403092
42,-0.7288809070046378,-0.2997271325506969
17,-0.7440842738008777,-0.5015897225531436
26,0.4245610360856423,-0.676072324749857
36,0.2121825071051809,-0.708182276478346
48,-0.6996430022927971,0.5702279869665895
49,-0.576218816858943,0.7162197744463552
22,0.4517227673171465,-0.8814638516465833
25,0.21498297578021341,-0.27940455012865517
29,0.5910530708477602,0.464449243786715
16,-0.3721063347761063,-0.0715647623403255
44,-0.8934965788108092,0.3533997438546956
28,-0.11244129436496976,-0.7521936591703121
33,0.3601071321182354,-0.4984761504512323
45,-1.0,-0.03997823843554755
41,-0.5795186965203019,0.383213352691241
