0,-0.4259805564362318,0.007023897335090903
1,0.18974286424885492,-0.13320438061002363
2,0.21056152533040923,0.7536800914006552
4,-0.45871835228253566,0.6064102264609788
5,0.08986174513404648,0.2624639192966593
6,-0.21711009425823463,0.19283997304682923
7,-0.31237029835580993,0.7313429969908591
8,-0.8082976179645658,-0.04798901387113285
9,-0.8013158118143011,0.2849634353033338
17,0.5808122659464517,0.4418365154711158
19,-0.37299921053385526,0.37803770774020734
28,-0.024811320823341844,-0.04459480328895352
29,-0.4868921543194049,-0.34650497085761073
33,-0.06297547333260686,-0.5396648850960447
38,-0.31738146792266947,-1.0
31,0.3796608754091384,-0.406598920342048
44,-0.4034130275093835,0.15208459863542512
47,-0.7297659833873533,0.5272727664473347
48,0.2525603412962876,-0.3099216200601836
12,0.68445537844714,0.16138024610118526
15,0.6250172009955863,-0.07482940359433525
24,0.5276552397474857,0.13562535827515879
27,-0.4765745935164799,-0.1869343545774951
36,0.06313396364252448,-0.8207486431285462
45,0.3466650568156647,-0.010988141022394978
3,0.044867514877723544,0.7497976368335587
13,0.8217323791229397,0.2669658609425147
21,0.007343064927843711,0.37313505458994933
40,-0.5581626762743757,0.47956188541632194
42,0.16608376691147084,0.5063009065474426
10,0.45938406851972896,0.6661469242632356
46,-0.0002466261140400173,-0.21627054275902077
18,-0.1365901912746199,0.38219557017848726
26,0.5053341241272556,-0.24195371542427332
34,-0.23269029751791437,-0.23487985613695864
39,-0.20935248434388945,-0.7359854072312697
22,-0.6168912384425832,-0.015081593266980425
23,0.20256162280324097,-0.5934254866087382
32,0.7032695447265715,-0.31322953060328207
30,0.47623940702493317,-0.8474759700355647
49,-0.13272187835381535,0.0673277679511324
25,0.05660046840327123,-0.3652094656311151
43,-0.30296814558338087,-0.555882847330944
37,-0.43615220379062736,-0.5350417303254816
11,0.3504388805182385,0.43797979638570733
16,-0.19959286169132318,-0.36313037902913853
41,0.3650283438472451,0.23113899138949745
14,-0.04153148163786364,0.6241394063982286
20,0.12014267090098198,0.09352914740271748
35,0.5363537337561709,-0.5736350199720911
