0,-0.08018870914206835,-0.5592043242530342
1,0.046931101517743115,-0.12280688801308232
4,-0.5147210872036488,-0.44856500150560935
5,0.5298282395534113,0.04996688078287548
6,0.13697173747124375,0.12070824437555769
7,0.29085300417153603,-0.690972757850062
8,0.5191404496640627,0.3011942152386556
9,-0.2092525254059846,0.3309965490955475
11,0.23080628980479848,-0.2663213619766826
13,-0.06763305707065682,-1.0
16,0.06846065167019556,-0.4296136086116875
19,0.15062934942898845,-0.9175319924307351
23,-0.7595043817939031,0.13537334596230075
29,-0.46303149570846064,0.28752275402049055
33,-0.7035642828944559,0.6022231499309718
34,0.31448434658390145,0.8700824607110529
40,0.2787507609194321,-0.0665514610647792
43,0.3941616128044472,0.17722573664121843
45,0.9929377571260856,-0.29345279423392284
48,0.8284762479973385,-0.6290792361425245
2,-0.3387923476987502,-0.5131359957808815
3,0.14219977026291308,-0.6053822035265695
17,-0.1267063158392879,-0.36272463398716837
21,-0.5537302579828167,0.5131359026407062
31,0.2345453071702708,0.654759647497483
49,0.8522932047695262,0.25947889544868163
35,-0.012156377784461868,0.5089393675853672
36,0.2544109643650283,0.3715238448901532
30,-0.6130202238124794,0.8060911042356145
46,0.6834132678429345,-0.30971789504964153
25,-0.11143977233145104,0.14682905920880557
39,-0.16350060112308676,0.4951748347453223
44,0.5290203491211234,-0.18584559831773703
47,0.5254692052302607,-0.5924320176171096
14,-0.2191511892009932,-0.14294553503131796
18,0.31361052167883796,-0.48219258554726124
22,-0.6839117282753577,-0.027266233880700833
32,-0.1900192799858969,0.7622435285579778
38,0.007338146201061432,0.863787112220425
42,0.8817851058051023,-0.11080468119474782
10,-0.33289307092369813,-0.7100019132578202
15,-0.39267352326418964,-0.11943254318245491
24,-0.2723266353604511,0.03378779987289895
37,0.441920706017836,0.593924484128328
41,0.9545959350541003,0.06872165040410726
12,-0.583826096113219,-0.2782019242552306
27,-0.9557768964270177,-0.14491172573585584
28,-0.9786864470800992,0.11076281125104594
20,-0.8541266309405435,0.3264798718270741
26,-0.42240109886920174,0.6181616611739598
