0,-0.2876409091241861,-0.3474499571770213
2,-0.4796806671119563,0.07480627197034585
3,0.09331166220651076,0.150616758929534
4,-0.6953081213645081,0.3727214012341369
6,-0.05717379154065194,0.10334206900716177
7,-0.5744093773541366,-0.7503736601245453
9,0.04232597650847367,-0.6037369055841698
11,0.4867353292731243,-0.3663677197267109
12,-0.1002441351393369,-1.0
14,-0.03679363187149262,-0.31104397748343443
20,-0.04495526104198321,0.34059782833334856
22,-0.09405814276574163,0.6201985787557541
28,0.04014080821706444,0.49555770447763176
32,-0.2131826393542527,0.3248075917165778
36,-0.3436347259246898,0.6030963201462847
40,0.4652685046772506,0.4677616527317067
1,-0.9208831056897723,-0.01279748533423039
5,-0.3987824888209143,-0.09831688420832536
8,-0.4346747921341702,-0.2727210796622056
18,-0.6438095762471495,-0.38793600047667154
23,-0.6874482465409835,-0.08385743752777847
33,-0.27915479550585814,0.8073554242202285
34,0.05115660104699378,-0.15885010671687602
15,-0.16497563360918985,-0.7260854140499328
21,0.6027434834898379,-0.1517019031832206
26,-0.47445044756936955,0.3328215089021505
37,-0.7548424379357671,0.21523762376720537
38,0.1760717547065192,0.6505119332413386
43,0.581409813332531,0.7739564490701505
45,0.2740800921655142,0.3195696460192777
46,0.710687084553385,0.2845217541467487
31,-0.2574765773024156,0.04835439272406164
42,0.8985557162505072,0.4395471987572803
44,0.7095605486712394,-0.1136185023852563
47,0.6818206901677735,0.591648494317772
49,0.1947968595194564,-0.04149202654129857
10,-0.12186914820555855,-0.5160648375806283
19,-0.33618097599740376,-0.6529049346395337
48,0.9388516418315485,0.16231231451356087
24,0.47789830164451486,0.21786958895352088
25,-0.08297059656648466,-0.12611206131004565
13,0.12991462916056298,-0.9882788311095673
35,0.3181394816824831,-0.41315487067656514
16,-0.7285441836207823,-0.5735491382934788
29,0.25556845508863835,-0.27358859428421534
39,0.5254890471081115,0.015766131719873698
41,0.37159907295596517,-0.019126208265891082
17,0.304694161204502,-0.6492245057775491
30,-0.29438003879873237,0.4296871622253998
27,0.17670473167497763,0.7956872422381132
