0,-0.23269007920776158,-0.2236610430757116
1,-0.8761616274871894,-0.004717581622402507
2,-0.5412895185230365,0.6098947666044972
3,-0.7331013734031308,-0.12256106698159518
5,-0.3840254083797334,0.124335432989209
6,-0.3780467299840588,-0.2621143006414304
8,-0.6307094353356656,0.1060368175957147
9,-1.0,-0.26845288674667545
10,-0.8908083586914145,0.4832807305650575
15,0.2696235922260989,0.3563172817780194
22,-0.5056833990157354,-0.6152009038644851
26,0.49881686769215366,-0.898904159311043
32,-0.24473196987537713,0.47432220286657517
33,-0.5909711174758948,-0.18704313368797554
34,0.5733723891702435,0.34100226506461434
30,0.09684505972263004,0.3995562456847159
45,0.6896724187927796,-0.17582376490040894
7,-0.29472765640139387,-0.028283080724552555
28,-0.172585950062107,-0.891113327847721
4,-0.5372219320335566,-0.44110960739536637
16,-0.14888156263898095,0.14379602713504838
17,0.35767022409746074,0.882656639359279
21,-0.3375853985744183,-0.6403354858423007
35,-0.6848548986229781,0.751126243608884
12,0.5579172044583361,-0.00923712776702583
27,0.05052262932641723,-0.7786051187456831
37,-0.060262807047443565,-0.354547888030285
46,0.7639754291615168,0.5346271666380074
29,-0.12248820797999808,-0.6772985088827826
40,0.10059353173048964,-0.08667558794180504
41,0.25523448960793094,0.12311575201006192
44,0.9006103641783616,-0.263875552650165
48,0.4898314384081692,-0.3864244061341764
24,0.7306652194427775,-0.7577769031163242
42,0.8369751340438812,0.33512823304238193
11,0.3855753997438717,0.5512088943455913
14,0.4253916540155173,0.19235422312621575
19,0.08967391929550522,0.0796982513048715
20,0.2757577978282664,-0.4846506373018784
43,0.8447968027256463,0.008200281585406886
23,0.5872505406334487,-0.5461466562887086
25,0.2094932388164224,-0.6390123712305071
36,-0.6011287436773024,0.3950946373531304
38,-0.27729364361290115,0.8142820283084965
47,0.07655186483263408,-0.2607946451610789
18,0.10603021302915518,0.7590278789496048
39,0.28676459476971194,-0.1533963920025166
13,-0.0701867566968006,0.8320024029022022
49,-0.0035658969465002157,0.5403958032694302
31,-0.14060954607604426,0.32030193180759065
