0,0.43496666594291283,0.23694533087425868
1,0.10901170288380005,0.2804135796852514
2,0.8161680220933213,-0.40444129796664136
3,0.626832279348326,-0.18590455909105924
4,0.5902257523674936,0.47428105853099833
5,0.70314817470698,0.04967787145511428
6,0.5161887601799946,0.08047146044872719
7,0.7888790387607753,0.28813614396906456
8,0.7848207418279886,0.6209114418875501
9,0.9167727997938501,-0.12249845367960306
13,0.3475630603944535,0.3593253575204032
17,0.1791730942034497,0.15071971020058006
32,-0.9999999999999999,0.15142953571488887
36,-0.32255322315882723,0.12812916640526303
30,-0.8807278671612738,0.3807544549249025
45,0.06494520020158064,-0.8370109228965058
46,0.4043637767632564,-0.46552124637762266
14,0.2621253414694722,0.6457488618237621
24,0.14984592236152644,-0.15259084383178928
25,0.1868537093059736,0.4859849938123109
33,-0.6129671738677651,0.3222959996926287
39,-0.5913926985188157,-0.10468123535544509
44,-0.23900098072351653,-0.8366900609992289
48,-0.01605034999924235,-0.12993133691561606
42,-0.10014948069361258,-0.6410456065051436
12,-0.45753569715652614,0.1871909695229789
15,0.2966961818695732,-0.3033608875545901
18,-0.133955827098112,0.08874444358579903
27,0.018871333710341838,-0.4864247773350373
28,-0.3842906342350289,-0.5534437085866811
10,-0.14594243830364276,0.609632052711137
16,0.4904794006871352,-0.27374211360701695
35,-0.3411707447290533,0.31359386499764874
43,0.3683069597120875,-0.1282949416724707
47,-0.09300917614610729,-0.3329125267022194
21,-0.13219655201670225,0.33093797751921533
41,0.10005643635623185,-0.6757024991080655
49,-0.5506874246615203,-0.37492644169121175
11,-0.05297380985015726,0.469138363121587
20,0.16941251780209626,0.020592805302807292
22,-0.24046257399173726,-0.22161919190204346
23,-0.386472019604922,-0.36046928397439687
26,0.26473030473245424,-0.5491791763120908
37,-0.6376048820083782,0.04831281845967135
38,-0.34525526519973093,0.6525450245524202
19,0.05486472302691502,0.7657311874720754
34,-0.8325300482846912,-0.30482877361016864
40,-0.16368325183974805,-0.17172517931428155
29,-0.3174503329767332,-0.05454452692543373
31,-0.6672394482761492,0.5298451177233158
