0,-0.8304434450470479,-0.5118530210307526
1,-0.5249634841575841,-0.2459160985966479
2,-0.36332367620937045,-0.4229774706111554
3,-0.6530257133539041,0.005748892404401293
4,-0.7508149882370238,-0.23668996224710098
6,-0.4702448557542133,-0.06002241526799244
7,-0.8337618893269055,0.13097584658028819
8,-0.6386164303035443,-0.7302167441904316
9,-0.29338746028193435,-0.24047413935807418
13,0.6228245569405951,-0.32562219795782993
19,0.1512920238513128,0.2490051825883883
29,0.14755784421838503,-0.6744535518764218
35,-0.21529081098171735,-0.4092792025619822
39,-0.3591939311200023,0.21526699627158347
10,0.17681911988275692,-0.4163052431797036
22,-0.042654095487314074,-0.1314694726656087
30,-0.5173382684137025,0.2538585288087524
31,-0.9907884994577136,0.03204809122036044
40,0.45082210215529356,0.48557902646764256
42,0.4557632032931554,0.2369845665979391
45,-0.1387785905536623,0.5127778579879769
46,-0.004307557297298017,0.4118264373954844
47,0.046968582058281624,0.09068402045803221
5,-0.4100510446548702,-0.7886963774238164
12,-0.04163038454922379,-0.5920669164772563
15,0.7345245430249744,0.40831971293486
20,0.677125556310868,0.17470057399304653
21,0.02538327574577474,-0.35712944634820387
27,0.3582109084865322,-0.10975642606968804
34,-0.15251950595563135,0.31958353389687244
41,0.24812544817029283,0.5730826305472377
11,0.30688951083015414,0.07712806552353133
28,0.4452141204772917,-0.5964488806570074
36,-0.6619685896543257,0.428012598696313
49,-0.3106361815767557,0.513009364882791
14,0.7515359859873434,-0.4890168999875815
44,-0.42719415385771237,0.7084373423780274
48,0.24335207503011394,0.7933181483093532
16,0.27518545956417073,-0.7140260609097043
17,0.17104241262382605,-0.17201800769906078
33,-0.1770840846632448,0.1023909732521829
43,0.22640433541086374,0.4158443940438696
26,0.4204511255304763,-0.3839887582510044
38,-0.2537579368152127,-0.037206447532218946
32,-0.251998208000299,0.861508320996919
37,-0.006978290863790596,0.7675820181334071
24,0.8909287924896515,0.29198673695293187
18,0.9305656040538869,-0.3438121653615456
25,0.5637654904380073,-0.05910624200035685
23,1.0,-0.011107713061056576
