0,-0.48149959743424536,-0.49023770524804067
1,0.22537015529729382,-0.6393820795325242
2,-0.18046529187990876,-0.40857007542569096
3,-0.21178613906074337,-0.2711225423312913
4,0.47037128116114346,-0.7421426790793965
5,0.15657761525571953,-0.8867523228997665
6,-0.13277022854153586,-0.9610261596293098
7,-0.32392780975768454,-0.5813759137529638
9,0.11682450659727837,-0.2687007749585663
12,0.6129428192604484,-0.21646289448729206
14,0.5354570357247497,-0.5007259312503762
15,0.4894636079220621,0.022924063698442458
20,-0.36774641277149156,-0.12933816678559132
22,-0.6966478398532197,-0.34716408249078395
39,-0.7724830086595922,0.0902786640094521
8,-0.5173745572539956,-0.026142861576288874
11,0.8521486830116041,-0.5045461182051663
13,0.4798781908693272,0.46411451249766966
18,0.6842926957577472,0.29765775536596734
23,0.288520564751668,-0.4039659496515786
26,-0.11510052141433193,-0.7714385743044092
33,-0.7181276756149699,-0.12203609592773824
30,0.022236759773696105,0.21172582188489705
40,-0.0880020291029038,0.6473687681747858
45,0.24681761596723287,0.2771934443636059
49,0.004262901522523889,0.3798897385440415
21,-0.635308847380004,-0.6677238882543961
32,-0.4920120931630779,0.7288709012965222
35,-0.5964061378493196,0.31077423789096353
36,-0.8322406399534991,0.2950785950959265
37,-0.32383603711100356,0.11415718269282134
24,-0.1294082981898149,0.03681817563352356
28,0.49883155751206426,-0.31953622887557814
29,-0.04151827216421189,-0.6040314581583869
44,0.6304409670127704,0.6360716294595138
46,-0.2361408265237632,0.7341248986261372
48,0.11021620142660511,1.0
10,0.8958711351266547,0.3439084583722904
17,0.8093937712284042,-0.09632887462163087
34,-0.38441106607825565,0.44952922720666155
27,-0.049896237081692094,-0.21399760883773478
19,0.7247724678390774,0.15830483646148014
16,0.3343819323598846,-0.19527686148415735
42,0.26352005421018604,0.06768870366507139
25,-0.26032683268104195,0.3177341849751165
43,0.35549912262334366,0.6451803802823693
38,-0.8843573705023072,-0.07398302590167859
47,0.15802956657714723,0.482936088151744
41,0.23044166160785226,0.8183152602915381
31,-0.7247691003738581,0.911363345029798
