0,0.5161976098704323,-0.0819017792975261
1,0.3802187679674548,-0.21050946439380375
2,0.613804495591355,0.32558135247232334
3,0.1701895712430879,-0.10279370032826887
4,0.4187549535724787,0.4826219875000738
6,0.2697517804718186,0.850637568011355
7,0.43204069439307186,0.214776228216406
8,0.2854537278144322,0.6955623514753283
9,1.0,0.3810749563102126
16,0.002615234537961221,-0.872186226253038
18,0.3535528496531096,-0.6291375933424381
19,-0.1571932469976239,-0.6873224200082114
23,0.1345643158161453,0.26012324012467336
24,0.7400582253654692,0.6063113426545542
25,0.4887327059181923,-0.41095184873361645
36,-0.2707798361567992,-0.2888725327766936
31,-0.29512050944688006,-0.10471440284231016
42,-0.2599152170500172,0.21093171263078767
45,-0.4265286262389117,0.45021872850029915
5,0.2762739637937641,0.4421716482124857
15,-0.15137608198950672,-0.12922573972199144
22,0.21103976801654117,-0.3815749471372272
37,-0.4348360843381212,0.16664989387266899
39,-0.5234253049777421,0.7295803619775066
40,-0.4309827703033907,-0.04811510195363925
46,-0.7274469160241375,-0.4134955745667012
10,-0.5387097293039874,-0.47061898578243094
11,0.3182001905134011,-0.08520868799147885
20,0.8298098703813955,-0.271181441522568
30,-0.22031257035786225,0.5592502038016335
21,0.7734509740299194,-0.4952953713177231
33,-0.569763495067807,0.28694807250301546
38,-0.12461382691296975,0.314473143815406
26,0.2833845883000245,0.1376869720198373
28,0.7004690159501484,0.06776479595038093
49,0.007466363490741448,-0.35739984488792315
17,0.07394132046704731,-0.6228904862045851
34,-0.8017161213840441,0.6775407518549088
35,-0.10314084948653401,0.9234866160505609
44,-0.8301337927991971,0.31628453886491054
12,-0.1316271744887173,-0.4526416250215276
47,-0.39050550048737126,-0.42000775026094905
14,0.3786172347590951,-0.8668454196612909
13,-0.04707227992144686,-0.005905919958514716
41,-0.887565728594824,-0.278095220551252
48,-0.6153758111442358,-0.7710671796276455
29,0.023726324188579614,0.5012198550354854
32,-0.8828711121559194,0.04855165662670933
27,0.772212562675866,-0.1183180538076142
43,-0.6335145231534945,-0.07317066053056484
