0,0.27822771869690116,0.649368483369787
1,0.6028500125701169,0.12603370373317366
2,0.7768237115279819,-0.20169073103441465
3,0.20420529868759826,0.21017891523738966
5,0.6785483608663786,0.6684050710799005
7,1.0,-0.13899414521038553
9,0.480136985059075,0.5745591427941978
11,-0.04947135274718114,0.7486325580594877
18,-0.7137921458588559,0.3568569791796252
24,-0.32590090406674727,-0.36322531324243373
26,0.5039732868523021,-0.6878231569794443
33,-0.2775220380560306,-0.04933678654537611
35,-0.7547042314999437,-0.10022104855542287
39,0.289547867160652,-0.4531816788334531
40,0.002073759108817174,0.01131355328694831
43,0.6027429492662145,0.29217877193082065
47,0.06266359100110393,0.1891763288470185
48,0.7085783866479468,0.48935412745570483
6,0.9384311610330046,0.12447684523576084
8,0.15484769058403713,-0.03692281493625344
15,-0.15682889583876183,0.19577267986769498
21,-0.11231887381475335,-0.8850059731866552
22,0.038556060381213474,-0.22391492800621637
32,-0.494279921748916,-0.35341104884217317
30,0.2659956293165229,-0.24692008875091095
42,0.3415414654953906,0.4242144676150246
45,0.3233276893109202,0.049658236932709036
49,0.7582845112670198,0.15963186966217704
4,0.4592248691572019,-0.17681168661507987
29,-0.5571057442065099,-0.16081520740693664
38,-0.009652522887484565,-0.4157014026977427
10,-0.2991366820096358,0.5563134243905876
16,-0.9185169961717884,0.5892967180538137
20,-0.3070166686976794,-0.6371967425877598
23,-0.3336706180819626,0.30365027318533316
28,0.18421147491524278,-0.937232009689234
41,0.15275413306445026,-0.6070840286761926
34,-0.15850403459254003,-0.6085838474592913
37,-0.43090253920966637,0.04322417409093835
31,-0.6665071683116306,-0.3064535505270372
44,0.681500119904972,-0.4044827862997861
46,0.09759117252272595,0.48377118323388846
14,-0.6073327459464491,0.5687397330037112
25,-0.2063564496824776,-0.21587162380344543
17,-0.33086855928365233,0.7264941727067044
12,-0.17152540498596738,0.44417533729966935
13,-0.5455573540491243,0.21850764068202477
19,-0.8416391740973346,0.13510090281343265
36,-0.5250601620410511,-0.5946171818769741
27,-0.7924667165116304,-0.5335875119849289
