0,-0.9888253251760135,-0.042860656990233635
1,-0.7562725716959621,-0.03301407239356819
3,-0.2016013601788452,0.4565523871927726
4,-0.08390705047179672,-0.337374009533991
5,0.07206426575805126,-0.7368141630258488
7,0.2338936316833422,0.08514739658197508
8,-0.3079018009781559,0.006675874886441597
9,0.13518648652857876,0.2802678036540006
10,0.1999497319978451,-0.8972557454371058
14,-0.7260388360761888,-0.668452255067187
15,0.3315540120464423,-0.4638500573094657
23,0.48026813851905403,-0.13236394349004532
35,-0.37982368499702823,0.13199281880049063
40,-0.50740537204234,0.06097849692655712
2,0.5888825255948953,-0.4716191933714134
6,-0.4362405767475446,-0.3499481502852267
25,-0.006721718743894497,-0.019724840152968943
26,0.6895093774429842,-0.09347349177084359
34,-0.0926104345430391,0.6518991802907985
39,-0.42259255364856085,0.5821097404400215
30,0.26243247293303007,0.529245235194137
44,-0.36788937585816645,0.9401337850310646
46,0.07133494839757827,0.5771885985996233
47,-0.04894358277873576,0.1936844204924052
12,-0.4517533226221409,-0.7380500007483027
13,0.19528346813395023,-0.4403605294384388
43,0.5832579677439903,0.6764882544141901
45,0.21339080763000287,0.8684179504534489
16,-0.13501728686419698,-0.7158139220150586
17,-0.18787813254205568,-1.0
19,-0.5713668002486999,-0.38947238529813094
24,0.36311578280154794,-0.22941972618600517
33,0.37982036822205884,0.9232885240108635
37,0.4823270564176977,0.07035544429620207
49,0.4611097296369344,0.40643142680165883
11,-0.2948819791492552,-0.7764542045790723
36,-0.5854816863266682,0.24344333947531852
38,0.7004123421302735,0.3310796127461726
48,-0.5863944512434085,0.9089296555688771
27,-0.19919534118192805,-0.4374547064581483
42,-0.04310348388373687,0.9499940561692881
31,0.9592892456049913,0.4638071139167361
18,-0.8456935170605203,-0.41738112488008844
29,0.23713571586390575,-0.6603395161702028
20,0.7499176001942098,0.10894453436826056
21,0.16526376280650185,-0.16953227867644002
22,0.7464869366805574,-0.8232950941070716
28,0.9682690668702187,-0.37244155474151563
41,-0.35200081547863327,0.40545104718863384
32,-0.6906143811011405,0.5642589246264215
