0,0.22392932348185404,-0.5204204612001765
1,0.3563235110963318,-0.23179376281222006
2,0.46833109509509413,-0.6750779012417518
3,0.3891761294914681,0.16433281506280875
4,0.36583925537548756,0.45957539745055265
7,0.9319219188058532,-0.1873651752707703
8,-0.23982363755065908,-0.24056493433527099
9,-0.1426837265135414,-0.018422246948297086
10,-0.767043146835917,-0.6322776023395317
16,-0.8280519133175268,-0.2834147651453559
22,0.5511433573465147,-0.06808391108170019
26,0.3649817991019005,-0.4050247201551691
38,0.2035618765459929,0.5971443936209934
39,-0.286901427921168,0.2840458800186125
45,0.656844703131792,-0.3941400336279619
46,0.11137983339988299,-0.6816498089835298
5,-0.16757602234106256,-0.7241802859284384
6,0.7643334792556329,0.2494697997535212
27,-0.3383509515026643,0.06618530753727929
29,0.10805569642539736,0.42670420210212795
37,-0.15947537675529663,0.6549290100885137
42,-0.2794824509580782,-0.5474115933874976
43,-0.07055409478231242,-0.4652900355000815
48,0.12096425916023575,-0.32060400306403675
25,-0.6329829508504744,-0.49269708879256435
35,-0.08525332458221616,0.4072157608389753
49,0.3609371336338553,-0.015377111443466242
13,-0.6341542944175907,0.544042987540492
17,-0.7130241184469435,0.31107896124848455
21,-0.02881868449712875,-0.14967070620181996
33,-0.07758273575573915,0.9999999999999999
36,0.3190777558937355,0.8174108022511742
44,0.3580269276196705,-0.9010211638171183
12,-0.6919517384668017,-0.12262829231733603
14,-0.5123574893691372,0.26619030196632504
19,-0.460704428435811,0.75077580045556
20,-0.39319233788420843,-0.15912917534949278
30,0.027098264820879434,0.7669241474576498
18,-0.6803819000695762,0.06686869114441958
24,-0.4853649064296469,-0.41057562833045447
40,-0.039652107361705075,-0.8454117328621915
23,0.3818097078050289,0.301285283079175
34,0.5931448068181936,0.41500185996036565
31,0.05682285421193953,0.20471323375353162
41,0.7635825445820575,0.053710647684290784
11,-0.8969445374289553,0.24561890757483468
47,0.6780539672498065,-0.6645542747200774
15,-0.41301468416323367,0.4704492739372284
28,0.1530446351972606,-0.0155749227489005
32,0.7169381510915394,0.6486878730782751
