0,0.009694933058611107,1.0
1,-0.18614161180043806,0.4263996070385037
2,0.5043566997409088,0.43045849967717387
3,0.007568747998116381,0.49608905464588454
4,0.14686734886990008,0.2895710415749713
5,-0.41850290760942016,0.45067066711251624
6,0.6535415663504303,0.27479517886655164
7,-0.1439581508853725,0.07036075383917666
9,-0.2158396708717226,0.9058420069468398
16,0.8175026560843521,0.06885814249705152
18,0.8579078478376002,-0.30400116865227267
20,-0.8043221073510455,0.41936281611060283
23,-0.8561964278037782,-0.23495604435516262
25,-0.5494482942575304,-0.11443589290205691
27,-0.056285822368149586,-0.23729899161394372
37,0.2311919282415726,0.11603331112030059
44,-0.6303508618478119,0.19194868165804388
8,-0.3699046706778803,0.8006173937970238
11,0.32796567046089287,-0.46495044365248295
14,0.5760275028819374,0.005058863891416586
28,-0.018467519824546617,0.1817246190060491
39,0.037578053595318545,-0.07054510382393335
30,0.259835831884257,-0.07452043577750951
40,-0.4925640845486809,-0.4222457417131267
43,-0.30087456911643196,-0.5883629810421119
45,-0.9053842769499204,-0.4752884029970096
15,0.6815733415023261,-0.2868468712160061
19,0.7509734282709928,-0.6638107302337205
21,-0.3340737785871198,0.27082817221587446
22,0.02248970116769675,-0.43983596542546705
33,0.22597299758927375,0.7277571666114907
36,0.4124123583762463,0.9828628982174873
35,0.7361793177644139,0.5979138854816893
31,0.4701364653232798,-0.23357340162493434
49,-0.5883986219875044,-0.6353499413890727
10,0.20356972609896504,-0.674283398240946
12,0.19587117732668052,-0.9631852081825008
17,0.530889234431665,-0.7799140616753298
32,0.31599356571568576,0.479398538476842
47,-0.34416029941509174,0.028415616254360572
24,-0.2846639442418029,-0.36782314908459246
29,-0.32979464983639856,-0.15747431179513482
41,-0.9191875236437872,-0.07419332186336516
13,0.7477576993046707,-0.9402155287474673
46,-0.6358226614157199,0.5319764871728959
48,-0.4007921601220165,-0.7952693694627518
26,-0.8030173066014593,0.1014893598622101
42,-0.10767950202349398,-0.633343327078993
38,0.4350188962701386,0.08021795941795874
34,0.536954727641183,0.7030730710569808
