0,-0.6615923138229531,0.6597351588688793
2,-0.5100661939028902,0.08013813965141743
3,-0.1587962903245618,0.46313059538449
4,-0.5674932782126615,-0.3956071530580075
6,-0.04373761403516611,0.9281996424644485
7,-0.4005138744437587,0.7541790445750093
8,-0.8885554124948915,0.3450200260628184
9,-0.4697117532191396,-0.16549073697517833
32,0.14576286797126492,-0.40165305768837123
30,0.20770589888158306,0.07699782349005958
41,0.5004987563818312,0.6355678537101832
44,-0.21935466824155145,0.09527339863696803
45,0.3750383000927966,0.7835224519229484
46,0.07848823749418452,0.2542051088243691
48,0.09945926194716215,0.6631650611384311
1,-0.7213894082457109,0.4200324912515779
5,-0.7042110761618062,0.10467599088694568
11,-0.30383221506640584,-0.29446769529583533
13,-0.505499665296415,0.3153230808221728
17,-0.7748288410063631,-0.36385745609508596
18,-1.0,-0.036619258256941706
20,0.643238591272024,0.05330911656997498
29,0.32142738010939426,-0.2707108122409014
35,0.49968144253348085,-0.4548220077158627
31,-0.5493372849665002,-0.5706321092263531
43,0.11605629849044898,0.4189246221917271
28,0.47025466155763906,-0.7759731574498105
34,0.26445837307397024,-0.09598169469204909
36,-0.0881180813769275,-0.5402173782400752
37,0.02186838394865981,0.04520179471336649
38,0.000608530725484277,-0.9484512805881185
15,-0.053257388846148015,-0.34983344645721126
19,-0.15029638695691563,-0.13040923634703755
24,0.12099309033189624,-0.6548251438829585
33,0.47460810443535023,0.3907277900017831
40,0.14515520664009493,0.9065349178238972
42,-0.1746452559023414,0.7003473741364828
49,0.41249691385259857,0.22401643580908526
12,-0.7310526236363857,-0.09945115975779281
14,-0.27861723648447817,-0.6783717196733089
23,0.8096490107168158,-0.4075594621126838
26,0.7019033440709255,-0.221150372273906
21,0.3221887272871119,-0.7685081344980852
22,-0.02721392757694938,-0.7511977738145347
39,0.6432870249918513,0.21713567691816782
25,0.6400310950004179,-0.6175873338271028
10,-0.3148107454439184,0.2707885634419334
16,0.5012376747676697,-0.19710313169806792
27,0.9462044511916974,-0.027120286798471026
47,0.8346299078984986,0.411448839366614
