0,-0.02653029234578552,-0.27574397319008936
1,-0.25651880105749625,-0.25434252401170926
2,0.1398669759820439,-0.2760312627174404
3,-0.39156705896672667,-0.1606888907229918
5,-0.2864050000840244,-0.7499083222146099
6,-0.7181317214555568,-0.5582037774662474
8,-0.41905756653616144,-0.5079279461129104
9,0.12744364034295932,-0.4787024886227448
13,0.6836193377442652,0.2992261576194624
16,0.15262434414640405,0.019863705640330617
24,-0.5648258588542979,-0.31000349157347107
25,-0.38122622922362953,0.07123919002977536
32,0.20126311767923905,0.5640239812298858
38,0.48405901868404294,-0.5110211954023395
39,0.4080272820347393,0.04934356124319406
41,-0.5080020683207498,0.36618259575097806
42,-0.5415435553406786,0.14316391021877817
4,-0.08532900117848494,-0.52659868824454
7,-0.537350169385679,-0.11727182459553312
14,0.5659283072065292,-0.3806510835243929
19,0.6183868325158925,-0.05889454700712658
23,-0.028719800251019976,-0.6968993978856146
29,-1.0,0.21847902391291096
34,0.25775572615399284,-0.052838891953680224
35,0.670185176098288,-0.20982909787219597
44,-0.07196310556527137,0.6387716458423882
47,-0.10298062860635458,0.8602993484329434
11,0.4654841286584653,0.33061942612170764
15,0.35662628574932276,-0.18892625141988514
33,0.3263395226821961,-0.5007156771650298
36,0.45368558740632914,0.44659645836370704
45,-0.18317477543196034,0.016078783537307576
10,0.3895132402557611,-0.33019669485494346
17,0.7102668078602682,0.11560767937371759
20,-0.7615959734796008,-0.12350830117210351
26,-0.05019254130324227,0.18794882094419835
40,-0.19040521414036218,0.6098283111024664
46,-0.7262305096751316,0.10140742630295249
48,-0.5027796881798232,0.5615651948561569
49,-0.6843801324561526,0.6473098007221265
30,0.6401496476688362,0.44866359091624414
12,0.8717510089760653,0.01742261225548954
22,-0.25691272781368013,-0.45676484753596613
18,0.27438984951688467,0.19465079631278795
27,-0.25676730737619513,0.1902441375189499
31,0.7847691427284517,-0.4807837084802085
43,0.041674355375700745,0.35734455229290385
21,-0.27201449029643154,0.41383014389729783
28,-0.0486129530009767,-0.03717636409009545
37,0.22940783485878752,0.3739183933972014
