0,0.5267963177851529,-0.5803576796009453
1,0.36134416954485643,-0.2241328288742653
2,0.3226697933752306,0.08973297746527481
3,0.76421722177084,0.18544919994603912
4,0.14607546121666568,0.2095962048984478
5,1.0,0.21256822391257366
6,0.12409882636852354,0.035015298621052016
7,0.5197663862671047,-0.3581571084892476
9,0.8619933830255266,-0.23870819253744405
13,0.3050281327628988,-0.7693311272495319
14,-0.16495739482836128,-0.232826894814721
15,-0.4557260488211405,-0.02797305343397038
16,-0.5449384333611832,-0.21119845767416234
23,0.029794849380271902,0.3587667189290047
33,-0.4766967144012891,-0.804159833125669
35,-0.21379715506972605,-0.5579353615758417
37,-0.048441711352607233,-0.6816570861283194
8,0.31692754264494477,0.32660969039097415
10,-0.6045171299388942,-0.6777354724011517
12,0.18459314637184907,-0.28675014300134577
20,0.40007422850573815,0.5721779195880807
21,0.6748679789971033,0.5381727647186266
25,0.6608215867190301,-0.2745600908960011
28,0.5935405184506831,0.29596238881631576
48,-0.3159670309651248,0.15741657267569825
49,-0.19393793542091586,0.6081739291000282
19,-0.04090082670145685,-0.4132740335838195
27,0.21636782578441685,0.748450953668155
36,-0.4210822111583428,-0.28642818434080863
38,-0.5907553197070088,-0.4207806864187096
39,-0.5921363454141456,0.07745012266832235
31,0.2593291984838426,-0.5113469863785501
40,-0.9798068953130035,0.44526926694840147
43,-0.3785499784758577,0.3814086097223118
44,-0.6470661704133069,0.3249542681603735
17,0.11578239802934302,-0.8312837279681168
26,0.21078110621656854,0.514582040158401
32,-0.20661882017636543,0.3150801211737401
46,-0.0745314463372367,0.7377827162751838
18,0.054756696269986284,-0.18692995287508785
22,0.5437966034692465,0.9091587334583282
34,-0.9304574224398869,-0.016765469535811046
47,-0.3834373591055839,0.530757413651205
29,0.6764820004162067,0.06694703881473295
45,-0.0777091218209703,0.07927539529831082
11,-0.3339694841059285,-0.6990564530869129
24,0.4829343484602133,-0.04093231917021512
41,-0.711390291419941,-0.15013103262979716
30,-0.21177784281055104,-0.04965069548780128
42,-0.7536706307574169,0.8113043022186682
