0,0.29161494468211013,0.08898383814623136
1,0.7071726962980618,-0.14625286368291282
2,0.8866904365108196,0.3801418598534195
4,0.3939497758859907,-0.3437120688446214
6,0.5369713434052731,0.31374160484378805
7,0.09289562611766561,0.1373431131646551
9,1.0,0.047184981755661416
12,-0.36137640982233976,0.22785229339172167
14,-0.8588435192575321,0.28249486737480733
24,0.15967837258101586,-0.8280725235304949
27,0.7180307715672547,-0.4865473818848085
29,-0.31998982692479333,-0.5963587468597198
34,0.35125605225574014,0.30828604020560774
36,0.2519884583820057,-0.27187526674429835
38,0.05831200272469929,-0.7191187453371273
31,0.055543134605671916,-0.2981419949258492
41,-0.239871475561668,0.5647469906294184
47,-0.4427927293481293,0.6834748913263917
3,0.3428886327672403,0.5820064937950787
5,0.5674095073220483,0.13183216502778325
8,0.7962761774911692,0.017739670387743666
16,-0.7453755601710415,-0.1621760147453309
17,-0.03127220416111542,0.4286733605859413
46,-0.7673673269900705,0.08002019447927317
25,0.3895091095854625,-0.6806458409662239
28,0.5492503946684523,-0.4267166439635524
33,-0.2607727473929066,-0.42298028909241614
40,0.24558579884746728,0.7054089456164936
49,0.013191050525166888,0.2998130394738197
13,-0.6934994103505105,0.7003709562153352
20,-0.09336175519384114,-0.1558661465157275
35,-0.29804400813007564,-0.19520004809864103
42,-0.4876059833206306,0.10630870266423151
39,-0.5420464051112671,-0.12732383725615598
48,-0.4044259565510536,0.49413941145071416
21,-0.41207327952023487,-0.4770834332253047
22,-0.02533420291509817,-0.3927771648685259
23,-0.06809319044851272,-0.594146906504223
43,0.029878511907038833,0.792022625753639
15,-0.6434002789839384,0.31105038234572147
18,-0.2082846799804384,0.7198192050735408
30,0.2705449823304492,-0.49590928824190555
19,-0.22006584204477356,-0.04061412909743366
32,0.1245821101061757,-0.06295071727149554
37,-0.17968561468455035,-0.8554735566535072
44,0.13731565605527532,0.39875685091024266
10,-0.3202325692247431,0.3302585062538784
11,-0.633978211398928,-0.3231261581015027
26,0.40781828941363946,-0.16942020701835703
45,-0.1205606485477153,0.14001898270500115
