0,-0.11320724783364144,-0.5290113640599192
3,0.002359682354161566,0.11950297322775412
6,0.24553387332897333,-0.05769235967482307
7,0.5898552041097286,-0.5188089447543182
8,-0.11300454047044663,0.40107737995385867
9,-0.6732986004829997,-0.1409871654813822
10,-0.232181883815406,0.04557136577372556
21,0.11845517713876984,0.24009467796998438
23,0.4294639887567368,-0.0067988208904207655
28,0.6263237704021923,0.1301563646692121
35,0.20431328478530156,-0.6065603764568469
38,0.39630834679402444,-0.5409386966937556
42,-0.399779755975874,-0.3548759596109121
1,0.32173764852431513,0.5203471358160715
4,-0.037483378048141267,-0.04505804064678776
16,-0.3618841420601972,0.51179125744871
17,-0.7171974729800147,0.47600402432643707
22,1.0,0.14314420214900792
24,0.3545724567854422,0.7363732876362143
27,0.5557810746491055,0.8629011491281069
31,0.27244454445532834,-0.9722419365404553
47,0.1282268035759595,-0.1794667509699428
2,-0.01602945157051755,-0.839657832270639
5,0.2454555690054262,0.1264483858658963
34,-0.29991198436051353,-0.6657829021950742
39,0.07360848289544951,-0.3221389102179492
45,-0.6999259581191436,-0.36811391576445335
14,-0.2589372830150672,0.737628922619982
15,0.3926804891667313,0.4242759585591368
18,-0.2022623192867626,0.2703030484848493
20,0.8553689103153324,0.3578575342356921
25,0.09881248784971651,0.4948495854379931
26,0.18632225346115433,0.8101764548393439
41,-0.5052266100826678,-0.47850623679503196
48,-0.6028835781462212,0.30400322452010975
49,-0.831833485471834,0.10611503622574608
29,0.6509929144760614,0.405983743171279
37,0.4606130254656616,-0.3065997390547337
13,-0.10067063395422154,0.9405525959738821
33,0.6482572280535969,-0.20588859972722506
40,-0.527441176719231,-0.04662538151501328
44,-0.5810812450375885,-0.8281850418829408
12,-0.40082091262464614,0.29923024773609547
19,0.3357084255897977,0.2786991431663956
36,0.2567865118747758,-0.40496145692805324
43,-0.5842900568440066,0.13622099341920765
46,-0.1314671224634058,-0.18357948714229289
11,-0.409825849924896,-0.10334224131003111
32,-0.6427341849367934,-0.5571969515648443
30,-0.006603279589511794,-0.6162895802068381
