0,0.27961975421785484,0.8874125972243156
1,-0.6343905855784685,0.19835080064196864
2,-0.4808261182365577,0.5761860277207868
3,-0.1159280809812655,0.5483179973255298
4,0.8254488339403483,0.5278515808541214
5,0.520296050005829,0.253152566330891
6,0.1914777399501015,-0.155173843966145
8,-0.11337666392794483,0.1733957332346366
9,-0.6667572242232553,0.527495693612525
13,0.6145006570807461,0.6137980657522598
16,0.2668384073662035,-0.025001315227296587
27,0.19650066283066972,-0.4876321552103905
28,-0.6175423313447059,-0.30219493922826013
37,0.5004031256611382,0.0361884030757666
7,-0.1197855375542891,-0.4255129461335195
11,0.11553170718715469,0.7993757636269931
21,-0.3397473790586621,-0.7420450500802275
24,-0.23947229502225859,-0.9227487021586892
32,0.6277858640944025,0.39861613444194677
35,-0.30180161309274395,0.6288589413917431
41,-0.1483295963464262,-0.12642081023402096
46,-0.9473775749298137,-0.15014234675467997
10,0.5011765270793146,-0.2198235637236057
14,0.5084226126414934,-0.7282331710829097
22,-0.6940713488181055,-0.10303371134891758
26,-0.3526357538699912,-0.3894768592568711
12,0.7828604023697386,0.10222433691538789
17,0.7289195504924745,-0.29110508700386206
19,0.1298040240531012,0.12763411333191388
29,-0.4488457109653876,-0.12825411715650134
34,-0.2993840906675776,0.9999999999999999
39,-0.026102079417238144,0.4181048127592372
47,0.05534874477492183,-0.531022571807037
33,-0.10792742664548195,0.7096010128022134
36,0.49546355506625256,-0.4515509563688433
15,0.8794793056629049,-0.11510164078404948
18,0.7394607151827345,-0.5377207974898427
45,-0.4937571220184837,0.05735489147385274
48,-0.010994588687586494,-0.2619745113383418
49,-0.3677996765670167,0.29960222504704853
43,-0.25783124192568807,-0.5872198549292961
20,-0.6117076298270895,-0.6697346751474879
23,0.16859784522164703,-0.9485910826003072
38,0.16419772798720414,0.5113201829023856
40,-0.823689402974509,0.21461387092651266
44,-0.25350005803080444,0.04150255099568714
30,0.3922150426571994,0.6004252219841146
31,0.3296174451795823,0.3323806084292154
42,0.09276127405707423,-0.7660587350112579
25,-0.6331464440487444,-0.5179906887586966
