0,0.38159414450401097,0.4051001681598495
1,0.351808391382224,0.052527181180490705
2,0.7506646559736914,-0.022790640289835254
3,0.236007491497693,-0.08445671718036424
4,0.3072280812144936,0.21572293381586982
5,0.5579435091734494,0.3745156330705899
6,0.24661318460826406,-0.3583579381568946
7,0.12219786918712801,0.39709210129968764
8,0.2570479864612403,0.6829222082419782
9,0.7797482148923196,-0.23754078109146834
13,-0.2183601530355177,-0.47988161917890026
16,0.08095054333744091,-0.5154328062976855
17,0.373708358520735,-0.6168769077536075
20,-0.7739035122177473,0.5130096906070104
21,-0.2733662267145316,0.43412803472683137
25,-0.014247440737154055,0.8418522912018964
32,0.08814724920563419,0.14226860646370917
36,0.4037308589952481,-0.15077972004551413
38,0.011047579067485136,0.043623111284922286
40,-0.16682016845092584,0.10939473771945712
47,-0.42437953135760803,0.07231792531452509
15,-0.2239292664048487,-0.0655147896594593
33,0.4800658625957418,-0.26014138739479303
31,0.5884808459934774,0.2377831762268819
43,-0.696200983872922,0.005791684983746077
49,-0.40668383784910034,-0.32984648461068483
11,-0.004305531737685538,-0.17941173119035025
14,0.11157890309163673,-0.832423756022494
22,0.2952406322294084,0.5540802541576126
39,0.5920468801664293,-0.5416456032479652
48,-0.24613957787560287,-0.19803490789083295
19,-0.5539962284187683,-0.07854714125371481
27,-0.08110889376897393,0.4144162832913517
35,0.9820063367106217,-0.2581886110475414
45,-0.3323740404508524,-0.6782670686440228
24,-0.4741703056377645,0.41705106161566663
41,-0.5720824968693768,-0.5848761988536677
18,-0.04673383839648794,-0.39389002791162586
26,-0.2255539376865032,0.6620967539315599
10,-0.5379962152925127,-0.29991970650777444
44,-0.7290402114010021,-0.283164027666812
23,0.04244037870315237,0.6084522572436738
42,-0.7459627161729175,0.18767543546037488
46,-1.0,-0.12919107673882432
12,-0.036453424163847996,-0.6480730423606786
34,0.2887990028810631,-0.4953190321333942
30,0.6575152297331444,-0.29735905865192114
28,-0.5842490401324444,0.557560724704594
37,0.7744712559185045,0.34677077394341094
29,-0.39302586739912543,0.7437777531351378
