0,-0.7515592150398845,-0.31137691316904614
1,-0.5981508292624761,0.3554017649789692
2,0.2297002260473184,-0.49128680048977247
4,0.6855502936607627,-0.042934384853470425
5,-0.1097726410181789,-0.677116328209049
7,-0.22161800154928107,-0.02911721409813449
8,0.11672553935868867,-0.7295110429744914
9,-0.5287939947246985,0.5266809324420071
10,-0.28746677411086236,-0.578689165168632
27,0.3091526765078095,0.13154183878188092
39,0.4244026596032832,0.6833745657174504
31,0.6264641987088839,0.1386131332351514
40,-0.8241014322849793,-0.0426694533742122
3,-0.4720139796175892,-0.23057581450033865
6,0.6678239427526355,0.576751448720732
11,-0.21753078540361073,-0.2986621891389278
21,0.10677975685958256,0.8997601353092067
28,0.27749355349236576,0.8597519737140764
29,-0.0030220835605402705,0.5941530847455524
38,-0.0403207494685974,0.17941388291948177
43,-0.5596274185563755,-0.06451833180709862
48,0.35881620752359145,-0.7137136969120798
13,-0.47895121321617606,-0.7608191059393611
14,0.06613711918775142,-0.46887971048218724
15,0.11341143247858299,-0.10853512312716675
26,0.1875467108176716,0.4916080174346409
32,0.6066179797782795,-0.32006493586291856
41,-0.07845746173407481,-0.8955901748373271
33,0.8977764698663707,-0.17426248522143833
34,0.29251344612253677,0.3620947228461828
45,-0.6272984081839225,-0.47702124235527854
47,-0.4090747379756108,0.12511174709357675
22,0.4844236799951017,-0.06207385322315497
23,0.9365753327087455,0.1588287315644926
24,0.7890581535717826,-0.4367222074616093
37,-0.22409942508505992,0.4514430734031299
30,0.5010138451061968,0.4022235590605877
17,0.3562461033720857,-0.33699632086180975
35,0.11429582542175122,0.3293940210562664
46,-0.1689173341693439,0.296406064155837
20,0.7380956560020079,0.32949454746372175
36,-0.11731232665524309,0.9161129650375542
16,-0.26406980840401606,-0.8656109539359548
42,-0.6580197062433326,0.18859154971618505
44,-0.007400271431911657,-0.24838849541383778
12,-0.3119416965634356,-0.40446694151424445
18,-0.8971431092629906,0.18477125704981914
19,-1.0,-0.11282551121596375
49,0.2812716289701812,-0.14051728127390473
25,-0.311229034391776,0.8414226609749084
