15,-0.079381,0.00855021,0.08231,0.0044155
5,-0.0625295,0.0690629,0.182342,0.311293
0,-0.851253,3.13819,1.15071,2.73091
12,-0.159695,0.289699,0.236452,0.208618
19,0.035683,-0.087644,-0.226434,-0.351698
17,-0.110584,-0.0504562,0.0599302,-0.225803
7,-0.16968,0.376196,0.110542,0.417242
10,-0.0486076,-0.0277753,0.00954151,0.0748366
1,-0.025051,0.135438,0.190118,0.384958
3,-0.036845,0.113317,0.210588,0.294637
8,-0.053139,0.289482,0.0941148,0.473472
9,-0.159308,0.414263,0.255293,0.537161
18,-0.150666,0.0174512,-0.0973195,0.0540402
11,-0.10026,0.265919,0.19457,0.316287
20,-0.114732,0.110667,-0.0311571,0.067763
13,-0.0955294,0.351635,0.0755517,0.336649
4,0.00568969,0.340614,0.138283,0.146337
2,0.0324109,0.39942,0.213676,0.360458
16,-0.0373255,0.0061925,0.0975562,-0.0740222
6,-0.0520883,0.281989,0.196599,0.295069
14,-0.12588,0.18795,-0.18955,-0.137327

