13,-0.0827663,0.0184169,0.0614937,-0.052741
2,-0.000674681,-0.13598,0.149706,0.259112
0,-0.718089,2.51076,0.338049,0.857579
6,-0.109527,0.107785,0.232714,0.220642
8,0.0374584,-0.125126,-0.0831219,-0.00865114
4,-0.112722,-0.0771964,0.232163,0.168775
10,-0.0794053,0.0428099,0.0650596,0.323901
5,-0.0652556,0.0249217,-0.01134,0.013678
3,-0.0139597,0.0922456,0.151833,0.316344
9,0.00143713,-0.0176542,0.102581,0.0530829
11,0.0139335,0.0338815,-0.0924,0.0408277
12,-0.0252558,-0.073095,-0.09286,-0.312669
7,-0.125623,-0.084076,-0.0820014,0.0950566
1,-0.0420671,0.0479381,0.202475,0.357152

